Nodal attrs for bi_1997_v2.grd - 10/24/2013                                     
         302
           1
primitive_weighting_in_continuity_equation                                      
1                                                                               
           1
  0.300000000E-01
primitive_weighting_in_continuity_equation                                      
         302
       150    0.50000000E-02
       151    0.50000000E-02
       152    0.50000000E-02
       202    0.50000000E-02
       203    0.50000000E-02
       204    0.50000000E-02
       231    0.50000000E-02
       232    0.50000000E-02
       237    0.50000000E-02
       238    0.50000000E-02
       239    0.50000000E-02
       241    0.50000000E-02
       242    0.50000000E-02
       250    0.50000000E-02
       251    0.50000000E-02
       252    0.50000000E-02
       253    0.50000000E-02
       268    0.50000000E-02
       269    0.50000000E-02
       272    0.50000000E-02
       282    0.50000000E-02
       288    0.50000000E-02
       289    0.50000000E-02
       292    0.50000000E-02
       334    0.50000000E-02
       351    0.50000000E-02
       352    0.50000000E-02
       386    0.50000000E-02
       439    0.50000000E-02
       451    0.50000000E-02
       454    0.50000000E-02
       463    0.50000000E-02
       469    0.50000000E-02
       478    0.50000000E-02
       481    0.50000000E-02
       491    0.50000000E-02
       508    0.50000000E-02
       518    0.50000000E-02
       519    0.50000000E-02
       549    0.50000000E-02
       565    0.50000000E-02
       602    0.50000000E-02
       606    0.50000000E-02
       613    0.50000000E-02
       660    0.50000000E-02
       668    0.50000000E-02
       669    0.50000000E-02
       674    0.50000000E-02
       685    0.50000000E-02
       689    0.50000000E-02
       706    0.50000000E-02
       717    0.50000000E-02
       723    0.50000000E-02
       737    0.50000000E-02
       757    0.50000000E-02
       764    0.50000000E-02
       778    0.50000000E-02
       826    0.50000000E-02
       835    0.50000000E-02
       847    0.50000000E-02
       869    0.50000000E-02
       873    0.50000000E-02
       880    0.50000000E-02
       893    0.50000000E-02
       894    0.50000000E-02
       905    0.50000000E-02
       917    0.50000000E-02
       921    0.50000000E-02
       948    0.50000000E-02
       961    0.50000000E-02
       968    0.50000000E-02
       988    0.50000000E-02
      1006    0.50000000E-02
      1053    0.50000000E-02
      1066    0.50000000E-02
      1079    0.50000000E-02
      1093    0.50000000E-02
      1094    0.50000000E-02
      1105    0.50000000E-02
      1108    0.50000000E-02
      1125    0.50000000E-02
      1134    0.50000000E-02
      1145    0.50000000E-02
      1156    0.50000000E-02
      1180    0.50000000E-02
      1183    0.50000000E-02
      1195    0.50000000E-02
      1233    0.50000000E-02
      1240    0.50000000E-02
      1252    0.50000000E-02
      1293    0.50000000E-02
      1315    0.50000000E-02
      1325    0.50000000E-02
      1328    0.50000000E-02
      1333    0.50000000E-02
      1342    0.50000000E-02
      1347    0.50000000E-02
      1367    0.50000000E-02
      1371    0.50000000E-02
      1394    0.50000000E-02
      1404    0.50000000E-02
      1410    0.50000000E-02
      1421    0.50000000E-02
      1448    0.50000000E-02
      1464    0.50000000E-02
      1486    0.50000000E-02
      1496    0.50000000E-02
      1532    0.50000000E-02
      1535    0.50000000E-02
      1561    0.50000000E-02
      1574    0.50000000E-02
      1575    0.50000000E-02
      1580    0.50000000E-02
      1585    0.50000000E-02
      1597    0.50000000E-02
      1606    0.50000000E-02
      1615    0.50000000E-02
      1619    0.50000000E-02
      1641    0.50000000E-02
      1644    0.50000000E-02
      1653    0.50000000E-02
      1686    0.50000000E-02
      1695    0.50000000E-02
      1698    0.50000000E-02
      1700    0.50000000E-02
      1744    0.50000000E-02
      1758    0.50000000E-02
      1761    0.50000000E-02
      1765    0.50000000E-02
      1769    0.50000000E-02
      1805    0.50000000E-02
      1822    0.50000000E-02
      1826    0.50000000E-02
      1829    0.50000000E-02
      1833    0.50000000E-02
      1836    0.50000000E-02
      1845    0.50000000E-02
      1854    0.50000000E-02
      1856    0.50000000E-02
      1857    0.50000000E-02
      1874    0.50000000E-02
      1886    0.50000000E-02
      1887    0.50000000E-02
      1892    0.50000000E-02
      1896    0.50000000E-02
      1902    0.50000000E-02
      1906    0.50000000E-02
      1931    0.50000000E-02
      1938    0.50000000E-02
      1941    0.50000000E-02
      1954    0.50000000E-02
      1956    0.50000000E-02
      1964    0.50000000E-02
      1981    0.50000000E-02
      1994    0.50000000E-02
      2008    0.50000000E-02
      2017    0.50000000E-02
      2025    0.50000000E-02
      2026    0.50000000E-02
      2033    0.50000000E-02
      2061    0.50000000E-02
      2066    0.50000000E-02
      2068    0.50000000E-02
      2072    0.50000000E-02
      2074    0.50000000E-02
      2077    0.50000000E-02
      2080    0.50000000E-02
      2085    0.50000000E-02
      2095    0.50000000E-02
      2099    0.50000000E-02
      2111    0.50000000E-02
      2114    0.50000000E-02
      2117    0.50000000E-02
      2124    0.50000000E-02
      2126    0.50000000E-02
      2131    0.50000000E-02
      2135    0.50000000E-02
      2143    0.50000000E-02
      2149    0.50000000E-02
      2157    0.50000000E-02
      2160    0.50000000E-02
      2168    0.50000000E-02
      2174    0.50000000E-02
      2176    0.50000000E-02
      2179    0.50000000E-02
      2182    0.50000000E-02
      2188    0.50000000E-02
      2189    0.50000000E-02
      2198    0.50000000E-02
      2223    0.50000000E-02
      2226    0.50000000E-02
      2230    0.50000000E-02
      2238    0.50000000E-02
      2246    0.50000000E-02
      2249    0.50000000E-02
      2250    0.50000000E-02
      2260    0.50000000E-02
      2262    0.50000000E-02
      2265    0.50000000E-02
      2273    0.50000000E-02
      2276    0.50000000E-02
      2279    0.50000000E-02
      2280    0.50000000E-02
      2286    0.50000000E-02
      2288    0.50000000E-02
      2294    0.50000000E-02
      2296    0.50000000E-02
      2299    0.50000000E-02
      2302    0.50000000E-02
      2306    0.50000000E-02
      2308    0.50000000E-02
      2310    0.50000000E-02
      2312    0.50000000E-02
      2313    0.50000000E-02
      2316    0.50000000E-02
      2318    0.50000000E-02
      2329    0.50000000E-02
      2333    0.50000000E-02
      2347    0.50000000E-02
      2348    0.50000000E-02
      2350    0.50000000E-02
      2351    0.50000000E-02
      2362    0.50000000E-02
      2373    0.50000000E-02
      2375    0.50000000E-02
      2377    0.50000000E-02
      2378    0.50000000E-02
      2390    0.50000000E-02
      2391    0.50000000E-02
      2393    0.50000000E-02
      2394    0.50000000E-02
      2404    0.50000000E-02
      2428    0.50000000E-02
      2429    0.50000000E-02
      2430    0.50000000E-02
      2437    0.50000000E-02
      2440    0.50000000E-02
      2441    0.50000000E-02
      2442    0.50000000E-02
      2444    0.50000000E-02
      2448    0.50000000E-02
      2450    0.50000000E-02
      2453    0.50000000E-02
      2455    0.50000000E-02
      2457    0.50000000E-02
      2458    0.50000000E-02
      2470    0.50000000E-02
      2473    0.50000000E-02
      2474    0.50000000E-02
      2476    0.50000000E-02
      2478    0.50000000E-02
      2489    0.50000000E-02
      2510    0.50000000E-02
      2513    0.50000000E-02
      2514    0.50000000E-02
      2521    0.50000000E-02
      2524    0.50000000E-02
      2527    0.50000000E-02
      2531    0.50000000E-02
      2533    0.50000000E-02
      2540    0.50000000E-02
      2551    0.50000000E-02
      2555    0.50000000E-02
      2562    0.50000000E-02
      2579    0.50000000E-02
      2590    0.50000000E-02
      2596    0.50000000E-02
      2602    0.50000000E-02
      2604    0.50000000E-02
      2607    0.50000000E-02
      2609    0.50000000E-02
      2612    0.50000000E-02
      2616    0.50000000E-02
      2619    0.50000000E-02
      2626    0.50000000E-02
      2627    0.50000000E-02
      2634    0.50000000E-02
      2638    0.50000000E-02
      2658    0.50000000E-02
      2670    0.50000000E-02
      2672    0.50000000E-02
      2678    0.50000000E-02
      2682    0.50000000E-02
      2685    0.50000000E-02
      2700    0.50000000E-02
      2712    0.50000000E-02
      2714    0.50000000E-02
      2717    0.50000000E-02
      2753    0.50000000E-02
      2756    0.50000000E-02
      2784    0.50000000E-02
      2785    0.50000000E-02
      2786    0.50000000E-02
      2790    0.50000000E-02
      2795    0.50000000E-02
      2811    0.50000000E-02
      2949    0.50000000E-02
      2958    0.50000000E-02
      2963    0.50000000E-02
      2973    0.50000000E-02
      3121    0.50000000E-02
      3126    0.50000000E-02
