FileFmt      1050624           0           0
NELG           58641         560         536
         181
         262
         307
         315
         318
         332
         333
         334
         362
         368
         398
         403
         445
         480
         516
         518
         530
         535
         536
         545
         564
         588
         590
         591
         646
         693
         716
         721
         737
         738
         753
         767
         769
         774
         784
         791
         827
         844
         848
         891
         906
         924
         930
         952
         989
         995
        1004
        1014
        1022
        1033
        1036
        1050
        1094
        1104
        1132
        1144
        1145
        1156
        1174
        1175
        1181
        1215
        1217
        1238
        1251
        1257
        1273
        1318
        1334
        1340
        1343
        1355
        1360
        1361
        1367
        1399
        1412
        1448
        1460
        1476
        1482
        1498
        1513
        1538
        1546
        1548
        1552
        1560
        1584
        1588
        1608
        1632
        1640
        1667
        1691
        1705
        1715
        1728
        1752
        1761
        1769
        1771
        1786
        1798
        1806
        1814
        1838
        1866
        1912
        1914
        1931
        1943
        1951
        1978
        1979
        1989
        2000
        2004
        2016
        2041
        2061
        2077
        2098
        2144
        2146
        2152
        2171
        2179
        2189
        2195
        2206
        2230
        2245
        2251
        2283
        2290
        2299
        2307
        2362
        2387
        2393
        2415
        2436
        2440
        2449
        2464
        2469
        2478
        2481
        2504
        2520
        2526
        2570
        2586
        2596
        2620
        2639
        2647
        2659
        2660
        2673
        2687
        2692
        2706
        2731
        2732
        2748
        2773
        2797
        2806
        2807
        2846
        2878
        2896
        2898
        2926
        2929
        2936
        2944
        2965
        2983
        2988
        2989
        3007
        3016
        3026
        3057
        3061
        3064
        3080
        3125
        3141
        3142
        3148
        3157
        3159
        3165
        3172
        3184
        3201
        3228
        3262
        3263
        3285
        3289
        3294
        3295
        3297
        3307
        3335
        3352
        3374
        3375
        3382
        3418
        3427
        3430
        3436
        3440
        3448
        3468
        3474
        3477
        3479
        3480
        3516
        3533
        3536
        3544
        3551
        3554
        3561
        3568
        3575
        3578
        3614
        3625
        3631
        3638
        3640
        3644
        3645
        3650
        3671
        3674
        3676
        3677
        3685
        3692
        3701
        3722
        3731
        3735
        3750
        3775
        3782
        3793
        3797
        3811
        3813
        3814
        3815
        3817
        3829
        3845
        3890
        3897
        3903
        3904
        3907
        3908
        3911
        3913
        3917
        3921
        3922
        3928
        3936
        3941
        3956
        3962
        3987
        3994
        3999
        4010
        4017
        4018
        4025
        4026
        4033
        4035
        4037
        4049
        4060
        4075
        4080
        4094
        4095
        4096
        4104
        4113
        4116
        4118
        4125
        4126
        4130
        4133
        4134
        4144
        4145
        4150
        4161
        4162
        4163
        4170
        4172
        4183
        4197
        4210
        4213
        4215
        4218
        4223
        4228
        4235
        4238
        4250
        4264
        4266
        4271
        4272
        4282
        4292
        4295
        4297
        4301
        4302
        4309
        4317
        4323
        4325
        4329
        4331
        4332
        4342
        4347
        4359
        4360
        4363
        4369
        4372
        4376
        4382
        4383
        4385
        4388
        4390
        4391
        4394
        4396
        4399
        4419
        4423
        4425
        4439
        4442
        4444
        4446
        4452
        4456
        4462
        4465
        4467
        4468
        4469
        4474
        4476
        4477
        4483
        4484
        4495
        4498
        4499
        4514
        4519
        4524
        4525
        4532
       -4549
        4550
        4553
       -4554
        4555
        4557
        4559
        4565
        4577
        4579
        4583
        4585
        4589
        4593
       -4626
        4627
        4630
       -4632
        4633
        4638
        4646
        4650
        4654
        4655
        4657
        4663
        4665
        4667
        4669
        4672
        4675
        4677
        4699
        4703
        4704
        4708
        4709
       -4712
        4717
       -4719
        4720
        4738
        4741
        4744
        4747
        4766
        4780
        4783
        4784
        4787
        4790
       -4791
        4792
       -4796
        4802
        4803
        4806
        4810
        4815
        4816
        4819
        4820
        4827
        4830
        4842
        4861
        4865
        4868
        4872
        4874
       -4875
       -4876
        4888
        4890
        4894
        4903
        4926
        4937
       -4946
       -4949
        4958
        4969
        4971
        4975
        4977
        4979
        4985
        4991
        4997
        5010
        5011
       -5023
        5025
       -5027
        5029
        5035
        5038
        5043
        5054
        5077
        5102
       -5105
        5106
        5114
        5116
        5117
        5119
        5121
        5125
        5127
        5131
        5155
        5164
        5177
        5181
        5182
        5185
        5192
       -5193
        5197
        5201
        5245
        5264
       -5266
        5271
        5313
        5331
        5333
        5334
        5339
        5348
        5381
        5383
        5459
        5461
        5466
        5477
        5489
        5655
        5674
        5684
        5702
        5784
        5797
        5820
        5996
        6008
        6150
NNODG          32218         319         302
         150
        -151
        -152
         202
         203
         204
         231
         232
         237
         238
         239
         241
         242
         250
         251
         252
         253
        -268
         269
         272
        -282
         288
         289
         292
         334
         351
         352
        -386
         439
         451
         454
         463
         469
         478
         481
         491
         508
         518
         519
         549
        -565
         602
        -606
         613
         660
         668
         669
         674
         685
         689
         706
         717
         723
         737
         757
        -764
         778
        -826
         835
         847
         869
         873
         880
         893
         894
         905
         917
         921
         948
         961
        -968
         988
        1006
       -1053
        1066
        1079
        1093
        1094
        1105
        1108
        1125
        1134
        1145
        1156
        1180
        1183
        1195
        1233
       -1240
        1252
       -1293
        1315
        1325
        1328
        1333
        1342
        1347
        1367
        1371
        1394
        1404
        1410
        1421
        1448
        1464
        1486
        1496
       -1532
       -1535
        1561
        1574
        1575
        1580
        1585
        1597
        1606
        1615
        1619
        1641
        1644
        1653
       -1686
        1695
        1698
        1700
        1744
        1758
        1761
        1765
        1769
        1805
       -1822
        1826
        1829
        1833
        1836
       -1845
        1854
        1856
        1857
        1874
        1886
        1887
        1892
        1896
        1902
        1906
        1931
        1938
        1941
       -1954
        1956
        1964
        1981
        1994
        2008
        2017
        2025
        2026
        2033
        2061
       -2066
        2068
        2072
        2074
        2077
        2080
        2085
        2095
        2099
        2111
        2114
        2117
        2124
        2126
        2131
        2135
        2143
       -2149
        2157
        2160
        2168
       -2174
        2176
        2179
        2182
        2188
        2189
        2198
        2223
        2226
        2230
        2238
        2246
        2249
        2250
       -2260
        2262
        2265
        2273
        2276
        2279
        2280
        2286
        2288
        2294
        2296
        2299
        2302
        2306
        2308
        2310
        2312
        2313
        2316
        2318
        2329
        2333
       -2347
        2348
        2350
        2351
        2362
       -2373
        2375
        2377
        2378
       -2390
        2391
        2393
        2394
       -2404
       -2428
        2429
        2430
        2437
        2440
        2441
        2442
        2444
        2448
        2450
        2453
       -2455
        2457
        2458
        2470
        2473
        2474
        2476
       -2478
        2489
        2510
       -2513
        2514
        2521
       -2524
        2527
        2531
        2533
        2540
        2551
       -2555
       -2562
        2579
       -2590
        2596
        2602
        2604
        2607
        2609
        2612
        2616
        2619
        2626
        2627
       -2634
       -2638
       -2658
       -2670
        2672
       -2678
       -2682
       -2685
       -2700
       -2712
       -2714
       -2717
       -2753
       -2756
       -2784
        2785
       -2786
        2790
        2795
       -2811
       -2949
        2958
       -2963
       -2973
       -3121
       -3126
NFLUXF             0
NETA             128          29          12
          39
          40
          41
          42
          43
          44
          45
          46
          47
          48
          49
          50
NSTAE              0           0           0
NSTAV              0           0           0
NSTAM              0           0           0
NSTAC              0           0           0
RES NODE           6         246
                   1           4           5           6           7           8
                   9          10          11          12          13          14
                  15          16          17          19          20          22
                  23          24          25          26          27          29
                  30          31          32          33          34          35
                  36          37          38          39          40          42
                  44          45          46          47          48          49
                  50          51          52          53          54          55
                  57          59          60          61          62          63
                  64          65          66          67          68          69
                  70          72          73          75          76          77
                  78          79          80          81          82          83
                  84          85          86          87          88          90
                  92          93          94          95          96          97
                  98          99         100         101         102         103
                 104         105         106         107         110         111
                 112         113         114         115         116         117
                 118         119         120         121         123         124
                 125         126         127         128         129         130
                 131         133         134         135         136         138
                 139         140         141         142         143         144
                 145         146         147         148         149         150
                 152         153         154         155         156         157
                 158         159         160         161         163         164
                 165         166         167         168         169         170
                 171         172         173         174         175         176
                 177         178         180         181         182         184
                 185         186         187         188         189         190
                 191         192         193         194         195         196
                 198         199         200         201         202         203
                 204         205         206         207         208         209
                 210         211         212         213         214         215
                 216         217         218         220         221         222
                 223         225         226         227         229         230
                 231         234         235         236         237         238
                 239         240         241         242         243         245
                 246         247         248         249         250         252
                 253         255         256         258         259         260
                 261         262         265         267         268         269
                 270         271         272         273         274         275
                 276         281         292         294         295         298
COMM PE            5
RECV PE            5           8
                 228         233         251         254         263         266
                 277         287
RECV PE            7          15
                   2           3          28          43          58          74
                  91         108         122         132         151         162
                 183         197         219
RECV PE            8          12
                 232         244         257         264         278         279
                 283         288         296         299         300         302
RECV PE            9          11
                 280         282         284         285         286         289
                 290         291         293         297         301
RECV PE           25          10
                  18          21          41          56          71          89
                 109         137         179         224
SEND PE            5           9
                 209         220         229         234         250         253
                 262         265         281
SEND PE            7          14
                   1           8          35          53          69          86
                 103         117         128         144         156         174
                 190         209
SEND PE            8          12
                 189         195         211         223         242         247
                 252         256         275         294         295         298
SEND PE            9          10
                 267         268         269         271         272         274
                 276         281         292         298
SEND PE           25          10
                  16          19          37          52          67          85
                 105         129         161         211
