bi_1997_v2.grd                                                                  
     491     307
   12090 -0.766651200000E+02  0.346900500000E+02  0.774000000000E+00
   12151 -0.766661600000E+02  0.346904800000E+02  0.764500000000E+01
   12202 -0.766673900000E+02  0.346909400000E+02  0.124370000000E+02
   12234 -0.766650000000E+02  0.346910800000E+02  0.880000000000E+00
   12250 -0.766686900000E+02  0.346913600000E+02  0.124390000000E+02
   12299 -0.766661200000E+02  0.346917600000E+02  0.657800000000E+01
   12351 -0.766676300000E+02  0.346921900000E+02  0.104090000000E+02
   12366 -0.766647300000E+02  0.346918200000E+02  0.887000000000E+00
   12401 -0.766689800000E+02  0.346925900000E+02  0.124410000000E+02
   12421 -0.766653000000E+02  0.346927500000E+02  0.351500000000E+01
   12455 -0.766666400000E+02  0.346930500000E+02  0.635500000000E+01
   12465 -0.766640200000E+02  0.346925000000E+02  0.959000000000E+00
   12509 -0.766679900000E+02  0.346934300000E+02  0.770200000000E+01
   12516 -0.766645100000E+02  0.346935000000E+02  0.384400000000E+01
   12545 -0.766634000000E+02  0.346930400000E+02  0.950000000000E+00
   12558 -0.766693000000E+02  0.346938200000E+02  0.124220000000E+02
   12564 -0.766657600000E+02  0.346938900000E+02  0.723200000000E+01
   12594 -0.766705600000E+02  0.346942100000E+02  0.124340000000E+02
   12599 -0.766670500000E+02  0.346942700000E+02  0.355400000000E+01
   12634 -0.766718100000E+02  0.346945800000E+02  0.117580000000E+02
   12639 -0.766648900000E+02  0.346946600000E+02  0.581700000000E+01
   12640 -0.766683600000E+02  0.346946600000E+02  0.359800000000E+01
   12673 -0.766730300000E+02  0.346949400000E+02  0.841800000000E+01
   12684 -0.766696400000E+02  0.346950500000E+02  0.124420000000E+02
   12687 -0.766661500000E+02  0.346950900000E+02  0.439200000000E+01
   12706 -0.766742200000E+02  0.346952600000E+02  0.670000000000E+01
   12724 -0.766709100000E+02  0.346954200000E+02  0.124420000000E+02
   12732 -0.766674300000E+02  0.346954900000E+02  0.172800000000E+01
   12734 -0.766754200000E+02  0.346955300000E+02  0.242400000000E+01
   12750 -0.766767000000E+02  0.346957300000E+02  0.114500000000E+01
   12755 -0.766721600000E+02  0.346957900000E+02  0.118570000000E+02
   12764 -0.766687200000E+02  0.346958800000E+02  0.309300000000E+01
   12766 -0.766652500000E+02  0.346958900000E+02  0.235400000000E+01
   12792 -0.766734000000E+02  0.346961400000E+02  0.107990000000E+02
   12803 -0.766700000000E+02  0.346962700000E+02  0.124340000000E+02
   12807 -0.766665200000E+02  0.346963200000E+02  0.193000000000E+01
   12820 -0.766746400000E+02  0.346964600000E+02  0.718900000000E+01
   12835 -0.766712600000E+02  0.346966500000E+02  0.124360000000E+02
   12848 -0.766678000000E+02  0.346967300000E+02  0.202500000000E+01
   12851 -0.766759300000E+02  0.346967700000E+02  0.452200000000E+01
   12869 -0.766725400000E+02  0.346970100000E+02  0.124290000000E+02
   12879 -0.766690800000E+02  0.346971200000E+02  0.407800000000E+01
   12895 -0.766772700000E+02  0.346971500000E+02  0.367100000000E+01
   12896 -0.766738100000E+02  0.346973600000E+02  0.118580000000E+02
   12916 -0.766703600000E+02  0.346975100000E+02  0.770900000000E+01
   12934 -0.766750900000E+02  0.346976900000E+02  0.831600000000E+01
   12947 -0.766716500000E+02  0.346978800000E+02  0.124350000000E+02
   12952 -0.766681700000E+02  0.346979800000E+02  0.119300000000E+01
   12958 -0.766764300000E+02  0.346980200000E+02  0.673900000000E+01
   12975 -0.766729400000E+02  0.346982400000E+02  0.124420000000E+02
   12984 -0.766694600000E+02  0.346983700000E+02  0.265400000000E+01
   13005 -0.766742300000E+02  0.346986000000E+02  0.123660000000E+02
   13009 -0.766778200000E+02  0.346982500000E+02  0.441800000000E+01
   13019 -0.766707500000E+02  0.346987500000E+02  0.703700000000E+01
   13036 -0.766755500000E+02  0.346989500000E+02  0.123920000000E+02
   13049 -0.766720400000E+02  0.346991200000E+02  0.523100000000E+01
   13063 -0.766685300000E+02  0.346992300000E+02  0.905000000000E+00
   13069 -0.766769000000E+02  0.346993000000E+02  0.973000000000E+01
   13081 -0.766733400000E+02  0.346994900000E+02  0.772800000000E+01
   13088 -0.766698300000E+02  0.346996200000E+02  0.134100000000E+01
   13100 -0.766782500000E+02  0.346997200000E+02  0.779800000000E+01
   13101 -0.766792800000E+02  0.346989300000E+02  0.160000000000E+01
   13108 -0.766819700000E+02  0.346987800000E+02  0.311800000000E+01
   13109 -0.766827400000E+02  0.346998400000E+02  0.820200000000E+01
   13110 -0.766835600000E+02  0.346988300000E+02  0.139100000000E+01
   13113 -0.766746500000E+02  0.346998600000E+02  0.131020000000E+02
   13120 -0.766711300000E+02  0.347000000000E+02  0.349600000000E+01
   13124 -0.766840700000E+02  0.347000700000E+02  0.200200000000E+01
   13125 -0.766849100000E+02  0.346993300000E+02  0.555000000000E+00
   13129 -0.766676000000E+02  0.347001000000E+02  0.771000000000E+00
   13136 -0.766814500000E+02  0.346996200000E+02  0.815900000000E+01
   13141 -0.766795300000E+02  0.347002100000E+02  0.758000000000E+01
   13142 -0.766803000000E+02  0.346996500000E+02  0.416000000000E+01
   13144 -0.766759900000E+02  0.347002300000E+02  0.130320000000E+02
   13154 -0.766724300000E+02  0.347003700000E+02  0.284000000000E+01
   13167 -0.766852300000E+02  0.347003100000E+02  0.585000000000E+00
   13168 -0.766865600000E+02  0.346999800000E+02  0.527000000000E+00
   13170 -0.766689100000E+02  0.347004900000E+02  0.857000000000E+00
   13174 -0.766807600000E+02  0.347005600000E+02  0.825100000000E+01
   13176 -0.766773400000E+02  0.347006100000E+02  0.117560000000E+02
   13188 -0.766737400000E+02  0.347007400000E+02  0.564500000000E+01
   13191 -0.766820200000E+02  0.347007700000E+02  0.796000000000E+01
   13202 -0.766702200000E+02  0.347008700000E+02  0.331600000000E+01
   13207 -0.766833400000E+02  0.347009700000E+02  0.552100000000E+01
   13216 -0.766786700000E+02  0.347010200000E+02  0.121490000000E+02
   13221 -0.766859700000E+02  0.347010600000E+02  0.328000000000E+01
   13227 -0.766846500000E+02  0.347011100000E+02  0.395000000000E+01
   13228 -0.766750700000E+02  0.347011200000E+02  0.379200000000E+01
   13236 -0.766715200000E+02  0.347012500000E+02  0.401300000000E+01
   13243 -0.766872600000E+02  0.347008000000E+02  0.490000000000E+00
   13247 -0.766679800000E+02  0.347013800000E+02  0.560000000000E+00
   13248 -0.766799700000E+02  0.347014000000E+02  0.107260000000E+02
   13264 -0.766764200000E+02  0.347015200000E+02  0.816800000000E+01
   13278 -0.766728300000E+02  0.347016200000E+02  0.266900000000E+01
   13283 -0.766812700000E+02  0.347016900000E+02  0.855100000000E+01
   13293 -0.766693000000E+02  0.347017600000E+02  0.495000000000E+01
   13303 -0.766777700000E+02  0.347019100000E+02  0.696800000000E+01
   13305 -0.766825900000E+02  0.347019300000E+02  0.757800000000E+01
   13309 -0.766867400000E+02  0.347019800000E+02  0.251700000000E+01
   13316 -0.766741500000E+02  0.347020000000E+02  0.173700000000E+01
   13325 -0.766839600000E+02  0.347021100000E+02  0.649600000000E+01
   13329 -0.766706100000E+02  0.347021300000E+02  0.389100000000E+01
   13332 -0.766853700000E+02  0.347021700000E+02  0.529300000000E+01
   13338 -0.766880300000E+02  0.347016200000E+02  0.645000000000E+00
   13341 -0.766791200000E+02  0.347022900000E+02  0.124160000000E+02
   13355 -0.766754900000E+02  0.347024000000E+02  0.233800000000E+01
   13360 -0.766719100000E+02  0.347024900000E+02  0.218400000000E+01
   13373 -0.766804600000E+02  0.347026200000E+02  0.124390000000E+02
   13387 -0.766683700000E+02  0.347026700000E+02  0.618600000000E+01
   13402 -0.766874800000E+02  0.347028000000E+02  0.235300000000E+01
   13403 -0.766768600000E+02  0.347028100000E+02  0.271300000000E+01
   13407 -0.766732100000E+02  0.347028600000E+02  0.214600000000E+01
   13412 -0.766817900000E+02  0.347029000000E+02  0.112760000000E+02
   13430 -0.766697000000E+02  0.347030300000E+02  0.278900000000E+01
   13434 -0.766884600000E+02  0.347029900000E+02  0.726000000000E+00
   13444 -0.766831700000E+02  0.347031500000E+02  0.969400000000E+01
   13451 -0.766782500000E+02  0.347032100000E+02  0.362900000000E+01
   13457 -0.766745300000E+02  0.347032600000E+02  0.133300000000E+01
   13463 -0.766846200000E+02  0.347033300000E+02  0.812700000000E+01
   13467 -0.766710000000E+02  0.347033700000E+02  0.115900000000E+01
   13473 -0.766862900000E+02  0.347034300000E+02  0.656400000000E+01
   13485 -0.766796200000E+02  0.347035600000E+02  0.699900000000E+01
   13500 -0.766759000000E+02  0.347037000000E+02  0.625000000000E+00
   13504 -0.766722800000E+02  0.347037200000E+02  0.159500000000E+01
   13519 -0.766809600000E+02  0.347038600000E+02  0.107590000000E+02
   13529 -0.766688100000E+02  0.347039600000E+02  0.753000000000E+00
   13535 -0.766878800000E+02  0.347040100000E+02  0.508700000000E+01
   13540 -0.766735700000E+02  0.347040700000E+02  0.156800000000E+01
   13546 -0.766773200000E+02  0.347041300000E+02  0.394700000000E+01
   13551 -0.766823100000E+02  0.347041500000E+02  0.117030000000E+02
   13570 -0.766701300000E+02  0.347042700000E+02  0.591000000000E+00
   13595 -0.766837200000E+02  0.347044400000E+02  0.121890000000E+02
   13604 -0.766787700000E+02  0.347045600000E+02  0.440000000000E+01
   13606 -0.766748700000E+02  0.347045400000E+02  0.132200000000E+01
   13612 -0.766713600000E+02  0.347046000000E+02  0.884000000000E+00
   13631 -0.766852200000E+02  0.347047000000E+02  0.109850000000E+02
   13647 -0.766801500000E+02  0.347048300000E+02  0.619500000000E+01
   13665 -0.766726400000E+02  0.347049100000E+02  0.886000000000E+00
   13678 -0.766867400000E+02  0.347050200000E+02  0.898700000000E+01
   13681 -0.766763100000E+02  0.347050400000E+02  0.143700000000E+01
   13682 -0.766814400000E+02  0.347050900000E+02  0.542700000000E+01
   13698 -0.766738700000E+02  0.347051300000E+02  0.887000000000E+00
   13700 -0.766693700000E+02  0.347052100000E+02  0.595000000000E+00
   13745 -0.766778300000E+02  0.347054500000E+02  0.422200000000E+01
   13746 -0.766705300000E+02  0.347054600000E+02  0.654000000000E+00
   13751 -0.766827900000E+02  0.347054800000E+02  0.838200000000E+01
   13782 -0.766806800000E+02  0.347057200000E+02  0.637200000000E+01
   13796 -0.766842300000E+02  0.347058300000E+02  0.115730000000E+02
   13816 -0.766715800000E+02  0.347058700000E+02  0.565000000000E+00
   13835 -0.766731700000E+02  0.347060600000E+02  0.566000000000E+00
   13850 -0.766750800000E+02  0.347060700000E+02  0.128700000000E+01
   13853 -0.766857200000E+02  0.347061400000E+02  0.121880000000E+02
   13858 -0.766794600000E+02  0.347061900000E+02  0.584800000000E+01
   13878 -0.766768600000E+02  0.347063600000E+02  0.200500000000E+01
   13898 -0.766817600000E+02  0.347065200000E+02  0.177200000000E+01
   13900 -0.766782500000E+02  0.347064200000E+02  0.469900000000E+01
   13943 -0.766832400000E+02  0.347068600000E+02  0.375600000000E+01
   13945 -0.766789100000E+02  0.347068900000E+02  0.457100000000E+01
   13974 -0.766795600000E+02  0.347070500000E+02  0.375000000000E+01
   14010 -0.766781500000E+02  0.347071900000E+02  0.355900000000E+01
   14032 -0.766846900000E+02  0.347073800000E+02  0.541000000000E+01
   14074 -0.766791500000E+02  0.347076100000E+02  0.481200000000E+01
   14148 -0.766799700000E+02  0.347078200000E+02  0.181200000000E+01
   14201 -0.766787600000E+02  0.347083100000E+02  0.248000000000E+01
   14205 -0.766795200000E+02  0.347083900000E+02  0.482700000000E+01
   14246 -0.766803500000E+02  0.347084500000E+02  0.134400000000E+01
   14293 -0.766791300000E+02  0.347090100000E+02  0.288500000000E+01
   14312 -0.766797600000E+02  0.347091500000E+02  0.489700000000E+01
   14367 -0.766806800000E+02  0.347092100000E+02  0.137200000000E+01
   14436 -0.766799800000E+02  0.347099200000E+02  0.449100000000E+01
   14458 -0.766788600000E+02  0.347099000000E+02  0.989000000000E+00
   14495 -0.766811200000E+02  0.347100600000E+02  0.997000000000E+00
   14519 -0.766792500000E+02  0.347105500000E+02  0.181700000000E+01
   14549 -0.766801700000E+02  0.347106700000E+02  0.429500000000E+01
   14571 -0.766782000000E+02  0.347105800000E+02  0.877000000000E+00
   14594 -0.766809500000E+02  0.347110100000E+02  0.207500000000E+01
   14610 -0.766795400000E+02  0.347110800000E+02  0.334900000000E+01
   14617 -0.766787500000E+02  0.347111400000E+02  0.162500000000E+01
   14675 -0.766801500000E+02  0.347113900000E+02  0.407000000000E+01
   14715 -0.766776500000E+02  0.347111000000E+02  0.612000000000E+00
   14717 -0.766793500000E+02  0.347116600000E+02  0.298200000000E+01
   14760 -0.766809200000E+02  0.347118300000E+02  0.192300000000E+01
   14775 -0.766784700000E+02  0.347118900000E+02  0.181800000000E+01
   14822 -0.766799800000E+02  0.347121000000E+02  0.445700000000E+01
   14881 -0.766791800000E+02  0.347123500000E+02  0.435900000000E+01
   14896 -0.766774700000E+02  0.347123900000E+02  0.904000000000E+00
   14953 -0.766804700000E+02  0.347126900000E+02  0.220400000000E+01
   14958 -0.766797500000E+02  0.347126900000E+02  0.469800000000E+01
   14987 -0.766784100000E+02  0.347127200000E+02  0.319800000000E+01
   15057 -0.766791500000E+02  0.347130100000E+02  0.498100000000E+01
   15105 -0.766776500000E+02  0.347132600000E+02  0.337400000000E+01
   15115 -0.766799400000E+02  0.347133100000E+02  0.209300000000E+01
   15157 -0.766784900000E+02  0.347134400000E+02  0.461900000000E+01
   15164 -0.766765600000E+02  0.347130500000E+02  0.124800000000E+01
   15194 -0.766791200000E+02  0.347135600000E+02  0.406300000000E+01
   15252 -0.766756800000E+02  0.347132000000E+02  0.103100000000E+01
   15253 -0.766760600000E+02  0.347139100000E+02  0.357300000000E+01
   15257 -0.766770200000E+02  0.347139400000E+02  0.477400000000E+01
   15260 -0.766744700000E+02  0.347132100000E+02  0.560000000000E+00
   15261 -0.766750400000E+02  0.347139600000E+02  0.290200000000E+01
   15276 -0.766721900000E+02  0.347132100000E+02  0.555000000000E+00
   15277 -0.766710800000E+02  0.347133100000E+02  0.555000000000E+00
   15278 -0.766716800000E+02  0.347140200000E+02  0.135700000000E+01
   15280 -0.766732200000E+02  0.347132000000E+02  0.861000000000E+00
   15281 -0.766739300000E+02  0.347140200000E+02  0.225500000000E+01
   15283 -0.766793500000E+02  0.347139700000E+02  0.260300000000E+01
   15284 -0.766779300000E+02  0.347140200000E+02  0.430900000000E+01
   15299 -0.766786900000E+02  0.347140600000E+02  0.384800000000E+01
   15304 -0.766728300000E+02  0.347140800000E+02  0.299700000000E+01
   15390 -0.766704600000E+02  0.347137400000E+02  0.555000000000E+00
   15408 -0.766789600000E+02  0.347146400000E+02  0.186000000000E+01
   15414 -0.766765100000E+02  0.347146700000E+02  0.351200000000E+01
   15417 -0.766755500000E+02  0.347146800000E+02  0.385600000000E+01
   15433 -0.766710700000E+02  0.347146900000E+02  0.362000000000E+01
   15442 -0.766774200000E+02  0.347147100000E+02  0.315700000000E+01
   15449 -0.766745500000E+02  0.347147300000E+02  0.428600000000E+01
   15455 -0.766782600000E+02  0.347147400000E+02  0.306000000000E+01
   15488 -0.766701000000E+02  0.347145200000E+02  0.555000000000E+00
   15502 -0.766734800000E+02  0.347149600000E+02  0.313600000000E+01
   15535 -0.766724600000E+02  0.347151000000E+02  0.284300000000E+01
   15564 -0.766704900000E+02  0.347152900000E+02  0.560700000000E+01
   15583 -0.766751000000E+02  0.347153900000E+02  0.138700000000E+01
   15585 -0.766760300000E+02  0.347153900000E+02  0.169600000000E+01
   15591 -0.766741900000E+02  0.347153800000E+02  0.167900000000E+01
   15593 -0.766769600000E+02  0.347154100000E+02  0.155700000000E+01
   15603 -0.766697200000E+02  0.347152600000E+02  0.177700000000E+01
   15604 -0.766778600000E+02  0.347154700000E+02  0.215400000000E+01
   15613 -0.766682800000E+02  0.347150000000E+02  0.134700000000E+01
   15622 -0.766787100000E+02  0.347155400000E+02  0.703000000000E+00
   15638 -0.766712500000E+02  0.347154800000E+02  0.319800000000E+01
   15681 -0.766700000000E+02  0.347158400000E+02  0.542900000000E+01
   15696 -0.766707500000E+02  0.347159200000E+02  0.362800000000E+01
   15700 -0.766684200000E+02  0.347159500000E+02  0.257300000000E+01
   15701 -0.766690000000E+02  0.347154500000E+02  0.139200000000E+01
   15717 -0.766747100000E+02  0.347160600000E+02  0.582000000000E+00
   15726 -0.766755800000E+02  0.347160900000E+02  0.591000000000E+00
   15733 -0.766765000000E+02  0.347161200000E+02  0.663000000000E+00
   15737 -0.766774300000E+02  0.347161400000E+02  0.194100000000E+01
   15759 -0.766739500000E+02  0.347160000000E+02  0.126800000000E+01
   15768 -0.766784100000E+02  0.347162800000E+02  0.218000000000E+01
   15813 -0.766714900000E+02  0.347164100000E+02  0.275800000000E+01
   15829 -0.766694700000E+02  0.347165300000E+02  0.251800000000E+01
   15856 -0.766705600000E+02  0.347165900000E+02  0.352700000000E+01
   15864 -0.766742600000E+02  0.347167000000E+02  0.625000000000E+00
   15865 -0.766778600000E+02  0.347167100000E+02  0.193800000000E+01
   15879 -0.766751300000E+02  0.347167900000E+02  0.782000000000E+00
   15880 -0.766736300000E+02  0.347165500000E+02  0.978000000000E+00
   15888 -0.766760400000E+02  0.347168400000E+02  0.645000000000E+00
   15890 -0.766769600000E+02  0.347168400000E+02  0.154200000000E+01
   15912 -0.766685900000E+02  0.347169300000E+02  0.245300000000E+01
   15988 -0.766713200000E+02  0.347173600000E+02  0.276000000000E+01
   15997 -0.766735300000E+02  0.347173200000E+02  0.173000000000E+01
   16004 -0.766746400000E+02  0.347175000000E+02  0.871000000000E+00
   16013 -0.766694500000E+02  0.347174700000E+02  0.238400000000E+01
   16014 -0.766703100000E+02  0.347174800000E+02  0.360000000000E+01
   16022 -0.766755800000E+02  0.347175800000E+02  0.761000000000E+00
   16031 -0.766765000000E+02  0.347176300000E+02  0.130300000000E+01
   16035 -0.766774000000E+02  0.347176500000E+02  0.138400000000E+01
   16072 -0.766782500000E+02  0.347176400000E+02  0.516000000000E+00
   16154 -0.766741700000E+02  0.347182800000E+02  0.239900000000E+01
   16166 -0.766751300000E+02  0.347183300000E+02  0.888000000000E+00
   16173 -0.766709700000E+02  0.347183400000E+02  0.360200000000E+01
   16179 -0.766735200000E+02  0.347182500000E+02  0.355000000000E+01
   16191 -0.766760400000E+02  0.347184100000E+02  0.810000000000E+00
   16197 -0.766716300000E+02  0.347182900000E+02  0.360300000000E+01
   16208 -0.766769500000E+02  0.347185000000E+02  0.122000000000E+01
   16221 -0.766778600000E+02  0.347185800000E+02  0.975000000000E+00
   16222 -0.766700800000E+02  0.347185600000E+02  0.314500000000E+01
   16272 -0.766787300000E+02  0.347187000000E+02  0.404000000000E+00
   16325 -0.766746700000E+02  0.347191100000E+02  0.192200000000E+01
   16335 -0.766756200000E+02  0.347191500000E+02  0.431000000000E+00
   16345 -0.766716400000E+02  0.347191200000E+02  0.351100000000E+01
   16346 -0.766735600000E+02  0.347191700000E+02  0.178700000000E+01
   16355 -0.766708200000E+02  0.347192200000E+02  0.359300000000E+01
   16360 -0.766764800000E+02  0.347193000000E+02  0.334000000000E+00
   16378 -0.766702000000E+02  0.347193300000E+02  0.280700000000E+01
   16393 -0.766774000000E+02  0.347194600000E+02  0.113000000000E+01
   16413 -0.766784200000E+02  0.347195400000E+02  0.442000000000E+00
   16462 -0.766742200000E+02  0.347198600000E+02  0.338000000000E+01
   16464 -0.766761000000E+02  0.347198700000E+02  0.461000000000E+00
   16472 -0.766753200000E+02  0.347198700000E+02  0.483000000000E+00
   16480 -0.766713800000E+02  0.347199200000E+02  0.296600000000E+01
   16482 -0.766795900000E+02  0.347196300000E+02  0.305000000000E+00
   16505 -0.766706500000E+02  0.347200600000E+02  0.331500000000E+01
   16507 -0.766722100000E+02  0.347197600000E+02  0.337000000000E+01
   16529 -0.766732300000E+02  0.347201300000E+02  0.396800000000E+01
   16549 -0.766700600000E+02  0.347202400000E+02  0.280700000000E+01
   16553 -0.766748100000E+02  0.347203000000E+02  0.298300000000E+01
   16578 -0.766790300000E+02  0.347204200000E+02  0.342000000000E+00
   16582 -0.766767500000E+02  0.347204200000E+02  0.923000000000E+00
   16590 -0.766779200000E+02  0.347204500000E+02  0.649000000000E+00
   16607 -0.766725200000E+02  0.347205200000E+02  0.266300000000E+01
   16614 -0.766737500000E+02  0.347205700000E+02  0.288900000000E+01
   16616 -0.766718500000E+02  0.347205900000E+02  0.219900000000E+01
   16641 -0.766800900000E+02  0.347202200000E+02  0.305000000000E+00
   16642 -0.766711100000E+02  0.347207500000E+02  0.243300000000E+01
   16671 -0.766730900000E+02  0.347208800000E+02  0.273200000000E+01
   16674 -0.766703600000E+02  0.347209200000E+02  0.304300000000E+01
   16734 -0.766756400000E+02  0.347210000000E+02  0.133600000000E+01
   16743 -0.766722300000E+02  0.347212300000E+02  0.198100000000E+01
   16749 -0.766795900000E+02  0.347212700000E+02  0.605000000000E+00
   16778 -0.766716400000E+02  0.347213500000E+02  0.161900000000E+01
   16805 -0.766773500000E+02  0.347214300000E+02  0.660000000000E+00
   16808 -0.766785700000E+02  0.347214300000E+02  0.672000000000E+00
   16818 -0.766763800000E+02  0.347214700000E+02  0.673000000000E+00
   16829 -0.766807200000E+02  0.347210000000E+02  0.305000000000E+00
   16896 -0.766707800000E+02  0.347216600000E+02  0.145200000000E+01
       1 3    12090    12234    12151
       2 3    12151    12234    12299
       3 3    12151    12299    12202
       4 3    12202    12351    12250
       5 3    12234    12366    12299
       6 3    12202    12299    12351
       7 3    12366    12421    12299
       8 3    12250    12351    12401
       9 3    12299    12455    12351
      10 3    12366    12465    12421
      11 3    12299    12421    12455
      12 3    12351    12509    12401
      13 3    12465    12516    12421
      14 3    12351    12455    12509
      15 3    12465    12545    12516
      16 3    12421    12564    12455
      17 3    12401    12509    12558
      18 3    12421    12516    12564
      19 3    12455    12599    12509
      20 3    12455    12564    12599
      21 3    12516    12639    12564
      22 3    12509    12640    12558
      23 3    12509    12599    12640
      24 3    12558    12684    12594
      25 3    12564    12687    12599
      26 3    12558    12640    12684
      27 3    12564    12639    12687
      28 3    12594    12724    12634
      29 3    12599    12732    12640
      30 3    12594    12684    12724
      31 3    12599    12687    12732
      32 3    12634    12755    12673
      33 3    12640    12764    12684
      34 3    12639    12766    12687
      35 3    12634    12724    12755
      36 3    12640    12732    12764
      37 3    12673    12792    12706
      38 3    12684    12803    12724
      39 3    12687    12807    12732
      40 3    12673    12755    12792
      41 3    12706    12820    12734
      42 3    12684    12764    12803
      43 3    12687    12766    12807
      44 3    12724    12835    12755
      45 3    12706    12792    12820
      46 3    12732    12848    12764
      47 3    12734    12851    12750
      48 3    12724    12803    12835
      49 3    12732    12807    12848
      50 3    12734    12820    12851
      51 3    12755    12869    12792
      52 3    12764    12879    12803
      53 3    12755    12835    12869
      54 3    12764    12848    12879
      55 3    12750    12851    12895
      56 3    12792    12896    12820
      57 3    12803    12916    12835
      58 3    12792    12869    12896
      59 3    12820    12934    12851
      60 3    12803    12879    12916
      61 3    12835    12947    12869
      62 3    12820    12896    12934
      63 3    12848    12952    12879
      64 3    12851    12958    12895
      65 3    12835    12916    12947
      66 3    12869    12975    12896
      67 3    12851    12934    12958
      68 3    12879    12984    12916
      69 3    12869    12947    12975
      70 3    12879    12952    12984
      71 3    12896    13005    12934
      72 3    12895    12958    13009
      73 3    12916    13019    12947
      74 3    12896    12975    13005
      75 3    12934    13036    12958
      76 3    12916    12984    13019
      77 3    12947    13049    12975
      78 3    12934    13005    13036
      79 3    12952    13063    12984
      80 3    12958    13069    13009
      81 3    12947    13019    13049
      82 3    12975    13081    13005
      83 3    12958    13036    13069
      84 3    12984    13088    13019
      85 3    13009    13100    13101
      86 3    12975    13049    13081
      87 3    13108    13109    13110
      88 3    12984    13063    13088
      89 3    13005    13113    13036
      90 3    13009    13069    13100
      91 3    13019    13120    13049
      92 3    13110    13124    13125
      93 3    13005    13081    13113
      94 3    13108    13136    13109
      95 3    13101    13141    13142
      96 3    13036    13144    13069
      97 3    13019    13088    13120
      98 3    13110    13109    13124
      99 3    13049    13154    13081
     100 3    13101    13100    13141
     101 3    13036    13113    13144
     102 3    13125    13167    13168
     103 3    13063    13170    13088
     104 3    13142    13174    13136
     105 3    13125    13124    13167
     106 3    13049    13120    13154
     107 3    13069    13176    13100
     108 3    13063    13129    13170
     109 3    13081    13188    13113
     110 3    13136    13191    13109
     111 3    13069    13144    13176
     112 3    13088    13202    13120
     113 3    13142    13141    13174
     114 3    13109    13207    13124
     115 3    13081    13154    13188
     116 3    13100    13216    13141
     117 3    13168    13167    13221
     118 3    13136    13174    13191
     119 3    13167    13124    13227
     120 3    13088    13170    13202
     121 3    13113    13228    13144
     122 3    13100    13176    13216
     123 3    13120    13236    13154
     124 3    13109    13191    13207
     125 3    13113    13188    13228
     126 3    13168    13221    13243
     127 3    13129    13247    13170
     128 3    13141    13248    13174
     129 3    13124    13207    13227
     130 3    13120    13202    13236
     131 3    13144    13264    13176
     132 3    13167    13227    13221
     133 3    13154    13278    13188
     134 3    13141    13216    13248
     135 3    13174    13283    13191
     136 3    13144    13228    13264
     137 3    13170    13293    13202
     138 3    13154    13236    13278
     139 3    13176    13303    13216
     140 3    13191    13305    13207
     141 3    13243    13221    13309
     142 3    13174    13248    13283
     143 3    13170    13247    13293
     144 3    13188    13316    13228
     145 3    13207    13325    13227
     146 3    13202    13329    13236
     147 3    13176    13264    13303
     148 3    13221    13227    13332
     149 3    13191    13283    13305
     150 3    13188    13278    13316
     151 3    13243    13309    13338
     152 3    13216    13341    13248
     153 3    13202    13293    13329
     154 3    13228    13355    13264
     155 3    13207    13305    13325
     156 3    13236    13360    13278
     157 3    13221    13332    13309
     158 3    13216    13303    13341
     159 3    13248    13373    13283
     160 3    13227    13325    13332
     161 3    13228    13316    13355
     162 3    13247    13387    13293
     163 3    13236    13329    13360
     164 3    13338    13309    13402
     165 3    13264    13403    13303
     166 3    13278    13407    13316
     167 3    13248    13341    13373
     168 3    13283    13412    13305
     169 3    13293    13430    13329
     170 3    13264    13355    13403
     171 3    13338    13402    13434
     172 3    13278    13360    13407
     173 3    13305    13444    13325
     174 3    13283    13373    13412
     175 3    13303    13451    13341
     176 3    13316    13457    13355
     177 3    13293    13387    13430
     178 3    13325    13463    13332
     179 3    13329    13467    13360
     180 3    13309    13332    13473
     181 3    13305    13412    13444
     182 3    13303    13403    13451
     183 3    13316    13407    13457
     184 3    13309    13473    13402
     185 3    13341    13485    13373
     186 3    13329    13430    13467
     187 3    13355    13500    13403
     188 3    13325    13444    13463
     189 3    13360    13504    13407
     190 3    13341    13451    13485
     191 3    13373    13519    13412
     192 3    13355    13457    13500
     193 3    13332    13463    13473
     194 3    13360    13467    13504
     195 3    13387    13529    13430
     196 3    13402    13535    13434
     197 3    13407    13540    13457
     198 3    13403    13546    13451
     199 3    13373    13485    13519
     200 3    13412    13551    13444
     201 3    13430    13570    13467
     202 3    13407    13504    13540
     203 3    13403    13500    13546
     204 3    13412    13519    13551
     205 3    13402    13473    13535
     206 3    13444    13595    13463
     207 3    13430    13529    13570
     208 3    13451    13604    13485
     209 3    13457    13606    13500
     210 3    13467    13612    13504
     211 3    13463    13631    13473
     212 3    13444    13551    13595
     213 3    13457    13540    13606
     214 3    13467    13570    13612
     215 3    13485    13647    13519
     216 3    13451    13546    13604
     217 3    13504    13665    13540
     218 3    13463    13595    13631
     219 3    13473    13678    13535
     220 3    13500    13681    13546
     221 3    13519    13682    13551
     222 3    13485    13604    13647
     223 3    13504    13612    13665
     224 3    13540    13698    13606
     225 3    13529    13700    13570
     226 3    13473    13631    13678
     227 3    13500    13606    13681
     228 3    13519    13647    13682
     229 3    13540    13665    13698
     230 3    13546    13745    13604
     231 3    13570    13746    13612
     232 3    13551    13751    13595
     233 3    13570    13700    13746
     234 3    13551    13682    13751
     235 3    13647    13782    13682
     236 3    13546    13681    13745
     237 3    13595    13796    13631
     238 3    13612    13816    13665
     239 3    13612    13746    13816
     240 3    13665    13835    13698
     241 3    13595    13751    13796
     242 3    13606    13850    13681
     243 3    13631    13853    13678
     244 3    13606    13698    13850
     245 3    13647    13604    13858
     246 3    13647    13858    13782
     247 3    13681    13878    13745
     248 3    13631    13796    13853
     249 3    13604    13745    13858
     250 3    13682    13898    13751
     251 3    13665    13816    13835
     252 3    13745    13900    13858
     253 3    13682    13782    13898
     254 3    13745    13878    13900
     255 3    13751    13943    13796
     256 3    13681    13850    13878
     257 3    13858    13900    13945
     258 3    13698    13835    13850
     259 3    13858    13945    13974
     260 3    13751    13898    13943
     261 3    13900    14010    13945
     262 3    13796    14032    13853
     263 3    13900    13878    14010
     264 3    13796    13943    14032
     265 3    13945    14074    13974
     266 3    13945    14010    14074
     267 3    13974    14074    14148
     268 3    14074    14010    14201
     269 3    14148    14074    14205
     270 3    14074    14201    14205
     271 3    14148    14205    14246
     272 3    14205    14201    14293
     273 3    14205    14312    14246
     274 3    14205    14293    14312
     275 3    14246    14312    14367
     276 3    14312    14436    14367
     277 3    14293    14458    14312
     278 3    14312    14458    14436
     279 3    14367    14436    14495
     280 3    14458    14519    14436
     281 3    14436    14549    14495
     282 3    14436    14519    14549
     283 3    14458    14571    14519
     284 3    14495    14549    14594
     285 3    14519    14610    14549
     286 3    14519    14571    14617
     287 3    14519    14617    14610
     288 3    14549    14610    14675
     289 3    14549    14675    14594
     290 3    14571    14715    14617
     291 3    14610    14617    14717
     292 3    14610    14717    14675
     293 3    14594    14675    14760
     294 3    14617    14715    14775
     295 3    14617    14775    14717
     296 3    14675    14717    14822
     297 3    14675    14822    14760
     298 3    14717    14775    14881
     299 3    14715    14896    14775
     300 3    14717    14881    14822
     301 3    14822    14953    14760
     302 3    14822    14881    14958
     303 3    14775    14987    14881
     304 3    14775    14896    14987
     305 3    14822    14958    14953
     306 3    14881    15057    14958
     307 3    14881    14987    15057
     308 3    14896    15105    14987
     309 3    14958    15115    14953
     310 3    14987    15157    15057
     311 3    14958    15057    15115
     312 3    14896    15164    15105
     313 3    14987    15105    15157
     314 3    15057    15157    15194
     315 3    15057    15194    15115
     316 3    15252    15253    15164
     317 3    15164    15257    15105
     318 3    15260    15261    15252
     319 3    15276    15277    15278
     320 3    15260    15280    15281
     321 3    15194    15283    15115
     322 3    15105    15284    15157
     323 3    15157    15299    15194
     324 3    15280    15276    15304
     325 3    15164    15253    15257
     326 3    15194    15299    15283
     327 3    15105    15257    15284
     328 3    15157    15284    15299
     329 3    15252    15261    15253
     330 3    15260    15281    15261
     331 3    15280    15304    15281
     332 3    15276    15278    15304
     333 3    15277    15390    15278
     334 3    15299    15408    15283
     335 3    15253    15414    15257
     336 3    15261    15417    15253
     337 3    15278    15390    15433
     338 3    15257    15442    15284
     339 3    15261    15281    15449
     340 3    15284    15455    15299
     341 3    15390    15488    15433
     342 3    15299    15455    15408
     343 3    15281    15304    15502
     344 3    15257    15414    15442
     345 3    15284    15442    15455
     346 3    15253    15417    15414
     347 3    15261    15449    15417
     348 3    15304    15278    15535
     349 3    15281    15502    15449
     350 3    15488    15564    15433
     351 3    15304    15535    15502
     352 3    15417    15449    15583
     353 3    15414    15417    15585
     354 3    15449    15502    15591
     355 3    15442    15414    15593
     356 3    15488    15603    15564
     357 3    15455    15442    15604
     358 3    15278    15433    15535
     359 3    15408    15455    15622
     360 3    15433    15564    15638
     361 3    15433    15638    15535
     362 3    15417    15583    15585
     363 3    15414    15585    15593
     364 3    15449    15591    15583
     365 3    15442    15593    15604
     366 3    15455    15604    15622
     367 3    15603    15681    15564
     368 3    15564    15696    15638
     369 3    15613    15700    15701
     370 3    15583    15591    15717
     371 3    15585    15583    15726
     372 3    15593    15585    15733
     373 3    15564    15681    15696
     374 3    15604    15593    15737
     375 3    15591    15759    15717
     376 3    15603    15701    15681
     377 3    15622    15604    15768
     378 3    15583    15717    15726
     379 3    15585    15726    15733
     380 3    15593    15733    15737
     381 3    15638    15696    15813
     382 3    15681    15701    15829
     383 3    15604    15737    15768
     384 3    15638    15813    15535
     385 3    15696    15681    15856
     386 3    15759    15864    15717
     387 3    15701    15700    15829
     388 3    15737    15865    15768
     389 3    15717    15879    15726
     390 3    15759    15880    15864
     391 3    15733    15726    15888
     392 3    15733    15890    15737
     393 3    15696    15856    15813
     394 3    15681    15829    15856
     395 3    15700    15912    15829
     396 3    15717    15864    15879
     397 3    15726    15879    15888
     398 3    15737    15890    15865
     399 3    15733    15888    15890
     400 3    15813    15856    15988
     401 3    15880    15997    15864
     402 3    15864    16004    15879
     403 3    15829    15912    16013
     404 3    15856    15829    16014
     405 3    15888    15879    16022
     406 3    15888    16031    15890
     407 3    15829    16013    16014
     408 3    15890    16035    15865
     409 3    15856    16014    15988
     410 3    15864    15997    16004
     411 3    15865    16035    16072
     412 3    15879    16004    16022
     413 3    15888    16022    16031
     414 3    15890    16031    16035
     415 3    16004    15997    16154
     416 3    16022    16004    16166
     417 3    15988    16014    16173
     418 3    15997    16179    16154
     419 3    16031    16022    16191
     420 3    15988    16173    16197
     421 3    16035    16031    16208
     422 3    16072    16035    16221
     423 3    16004    16154    16166
     424 3    16014    16013    16222
     425 3    16022    16166    16191
     426 3    16014    16222    16173
     427 3    16031    16191    16208
     428 3    16035    16208    16221
     429 3    16072    16221    16272
     430 3    16166    16154    16325
     431 3    16191    16166    16335
     432 3    16197    16173    16345
     433 3    16179    16346    16154
     434 3    16173    16222    16355
     435 3    16208    16191    16360
     436 3    16173    16355    16345
     437 3    16222    16378    16355
     438 3    16166    16325    16335
     439 3    16191    16335    16360
     440 3    16221    16208    16393
     441 3    16154    16346    16325
     442 3    16272    16221    16413
     443 3    16208    16360    16393
     444 3    16221    16393    16413
     445 3    16325    16346    16462
     446 3    16360    16335    16464
     447 3    16335    16325    16472
     448 3    16345    16355    16480
     449 3    16272    16413    16482
     450 3    16355    16378    16505
     451 3    16335    16472    16464
     452 3    16345    16480    16507
     453 3    16355    16505    16480
     454 3    16346    16507    16529
     455 3    16325    16462    16472
     456 3    16378    16549    16505
     457 3    16472    16462    16553
     458 3    16346    16529    16462
     459 3    16482    16413    16578
     460 3    16360    16464    16582
     461 3    16360    16582    16393
     462 3    16413    16393    16590
     463 3    16507    16607    16529
     464 3    16462    16529    16614
     465 3    16507    16480    16616
     466 3    16507    16616    16607
     467 3    16482    16578    16641
     468 3    16480    16505    16642
     469 3    16413    16590    16578
     470 3    16393    16582    16590
     471 3    16480    16642    16616
     472 3    16529    16607    16671
     473 3    16549    16674    16505
     474 3    16462    16614    16553
     475 3    16529    16671    16614
     476 3    16505    16674    16642
     477 3    16464    16734    16582
     478 3    16607    16616    16743
     479 3    16578    16749    16641
     480 3    16616    16642    16778
     481 3    16616    16778    16743
     482 3    16590    16582    16805
     483 3    16578    16590    16808
     484 3    16607    16743    16671
     485 3    16582    16734    16818
     486 3    16641    16749    16829
     487 3    16578    16808    16749
     488 3    16674    16896    16642
     489 3    16582    16818    16805
     490 3    16642    16896    16778
     491 3    16590    16805    16808
 0                                                                              
 0                                                                              
 6                                                                              
 101                                                                            
       5       1                                                                
   12090
   12234
   12366
   12465
   12545
      13       1                                                                
   13434
   13338
   13243
   13168
   13125
   13110
   13108
   13136
   13142
   13101
   13009
   12895
   12750
      24       1                                                                
   13700
   13746
   13816
   13835
   13850
   13878
   14010
   14201
   14293
   14458
   14571
   14715
   14896
   15164
   15252
   15260
   15280
   15276
   15277
   15390
   15488
   15603
   15701
   15613
      38       1                                                                
   13782
   13898
   13943
   14032
   16896
   16778
   16743
   16671
   16614
   16553
   16472
   16464
   16734
   16818
   16805
   16808
   16749
   16829
   16641
   16482
   16272
   16072
   15865
   15768
   15622
   15408
   15283
   15115
   14953
   14760
   14594
   14495
   14367
   14246
   14148
   13974
   13858
   13782
       3       1                                                                
   16222
   16378
   16549
      14       1                                                                
   15502
   15591
   15759
   15880
   15997
   16179
   16346
   16507
   16345
   16197
   15988
   15813
   15535
   15502
