bi_1997_v2.grd                                                                  
     468     286
    9353 -0.770603300000E+02  0.346742900000E+02  0.361000000000E+01
    9354 -0.770606200000E+02  0.346746800000E+02  0.390300000000E+01
    9364 -0.770599200000E+02  0.346743500000E+02  0.369800000000E+01
    9365 -0.770601100000E+02  0.346747500000E+02  0.390500000000E+01
    9389 -0.770592600000E+02  0.346744600000E+02  0.387900000000E+01
    9390 -0.770595600000E+02  0.346748400000E+02  0.378000000000E+01
    9398 -0.770562700000E+02  0.346745500000E+02  0.342600000000E+01
    9399 -0.770557200000E+02  0.346745100000E+02  0.318000000000E+01
    9400 -0.770559900000E+02  0.346748800000E+02  0.390400000000E+01
    9404 -0.770564400000E+02  0.346748500000E+02  0.390600000000E+01
    9405 -0.770569500000E+02  0.346745400000E+02  0.357000000000E+01
    9407 -0.770552000000E+02  0.346745300000E+02  0.309200000000E+01
    9408 -0.770555000000E+02  0.346749000000E+02  0.390700000000E+01
    9410 -0.770587100000E+02  0.346745100000E+02  0.390700000000E+01
    9411 -0.770589700000E+02  0.346749100000E+02  0.370700000000E+01
    9415 -0.770547100000E+02  0.346745500000E+02  0.302500000000E+01
    9416 -0.770549900000E+02  0.346749300000E+02  0.390200000000E+01
    9420 -0.770581300000E+02  0.346745500000E+02  0.389800000000E+01
    9421 -0.770584000000E+02  0.346749400000E+02  0.375100000000E+01
    9422 -0.770542300000E+02  0.346745300000E+02  0.288100000000E+01
    9423 -0.770544900000E+02  0.346749500000E+02  0.389300000000E+01
    9424 -0.770537300000E+02  0.346745200000E+02  0.275600000000E+01
    9425 -0.770539900000E+02  0.346749500000E+02  0.390000000000E+01
    9427 -0.770531900000E+02  0.346745200000E+02  0.266100000000E+01
    9428 -0.770534700000E+02  0.346749500000E+02  0.390500000000E+01
    9429 -0.770575900000E+02  0.346745300000E+02  0.370400000000E+01
    9430 -0.770578400000E+02  0.346749600000E+02  0.390100000000E+01
    9431 -0.770526000000E+02  0.346745400000E+02  0.261700000000E+01
    9432 -0.770529400000E+02  0.346749600000E+02  0.390800000000E+01
    9438 -0.770521100000E+02  0.346745700000E+02  0.261900000000E+01
    9439 -0.770524300000E+02  0.346749800000E+02  0.388600000000E+01
    9442 -0.770572900000E+02  0.346750000000E+02  0.390500000000E+01
    9449 -0.770517000000E+02  0.346746200000E+02  0.269400000000E+01
    9450 -0.770519600000E+02  0.346750100000E+02  0.389500000000E+01
    9455 -0.770512500000E+02  0.346746800000E+02  0.273700000000E+01
    9456 -0.770515100000E+02  0.346750500000E+02  0.390800000000E+01
    9457 -0.770508200000E+02  0.346746900000E+02  0.255100000000E+01
    9458 -0.770510800000E+02  0.346750800000E+02  0.390800000000E+01
    9461 -0.770603600000E+02  0.346750900000E+02  0.248200000000E+01
    9462 -0.770567600000E+02  0.346751000000E+02  0.390700000000E+01
    9464 -0.770504100000E+02  0.346747100000E+02  0.240900000000E+01
    9465 -0.770506600000E+02  0.346751000000E+02  0.390600000000E+01
    9474 -0.770608700000E+02  0.346751300000E+02  0.219100000000E+01
    9477 -0.770500500000E+02  0.346747500000E+02  0.236100000000E+01
    9478 -0.770502600000E+02  0.346751300000E+02  0.389400000000E+01
    9482 -0.770496500000E+02  0.346748000000E+02  0.240200000000E+01
    9483 -0.770498700000E+02  0.346751700000E+02  0.390700000000E+01
    9489 -0.770562600000E+02  0.346752000000E+02  0.366200000000E+01
    9492 -0.770492700000E+02  0.346748400000E+02  0.244300000000E+01
    9493 -0.770494800000E+02  0.346752200000E+02  0.390300000000E+01
    9496 -0.770598600000E+02  0.346752400000E+02  0.201000000000E+01
    9497 -0.770557800000E+02  0.346752500000E+02  0.370300000000E+01
    9499 -0.770489000000E+02  0.346748700000E+02  0.244700000000E+01
    9500 -0.770490800000E+02  0.346752600000E+02  0.390000000000E+01
    9507 -0.770552800000E+02  0.346753000000E+02  0.380600000000E+01
    9508 -0.770483900000E+02  0.346749200000E+02  0.248700000000E+01
    9509 -0.770486500000E+02  0.346753000000E+02  0.389500000000E+01
    9513 -0.770592300000E+02  0.346753300000E+02  0.183600000000E+01
    9514 -0.770547700000E+02  0.346753400000E+02  0.390800000000E+01
    9516 -0.770478800000E+02  0.346749600000E+02  0.248800000000E+01
    9517 -0.770481600000E+02  0.346753400000E+02  0.389300000000E+01
    9522 -0.770542500000E+02  0.346753700000E+02  0.390800000000E+01
    9523 -0.770580700000E+02  0.346753600000E+02  0.200400000000E+01
    9525 -0.770537300000E+02  0.346753700000E+02  0.390800000000E+01
    9526 -0.770586200000E+02  0.346753700000E+02  0.191600000000E+01
    9527 -0.770532200000E+02  0.346753700000E+02  0.390800000000E+01
    9529 -0.770473800000E+02  0.346749800000E+02  0.234400000000E+01
    9530 -0.770476800000E+02  0.346753700000E+02  0.390600000000E+01
    9531 -0.770575600000E+02  0.346753900000E+02  0.185200000000E+01
    9534 -0.770527300000E+02  0.346753900000E+02  0.390800000000E+01
    9536 -0.770468800000E+02  0.346750000000E+02  0.217200000000E+01
    9537 -0.770472100000E+02  0.346754000000E+02  0.390600000000E+01
    9541 -0.770522400000E+02  0.346754200000E+02  0.390800000000E+01
    9547 -0.770517700000E+02  0.346754500000E+02  0.387100000000E+01
    9552 -0.770570400000E+02  0.346754600000E+02  0.147600000000E+01
    9554 -0.770513200000E+02  0.346754700000E+02  0.378400000000E+01
    9556 -0.770465100000E+02  0.346750400000E+02  0.215600000000E+01
    9557 -0.770467800000E+02  0.346754700000E+02  0.390600000000E+01
    9561 -0.770509000000E+02  0.346754900000E+02  0.376200000000E+01
    9567 -0.770504900000E+02  0.346755100000E+02  0.380400000000E+01
    9570 -0.770565300000E+02  0.346755300000E+02  0.141000000000E+01
    9575 -0.770501000000E+02  0.346755500000E+02  0.375300000000E+01
    9577 -0.770460500000E+02  0.346750900000E+02  0.213700000000E+01
    9578 -0.770463000000E+02  0.346755700000E+02  0.390200000000E+01
    9583 -0.770560500000E+02  0.346755900000E+02  0.131600000000E+01
    9584 -0.770497100000E+02  0.346755900000E+02  0.363100000000E+01
    9592 -0.770620500000E+02  0.346754300000E+02  0.103400000000E+01
    9595 -0.770612000000E+02  0.346756300000E+02  0.874000000000E+00
    9597 -0.770454800000E+02  0.346751500000E+02  0.209700000000E+01
    9598 -0.770457400000E+02  0.346756300000E+02  0.390000000000E+01
    9599 -0.770493100000E+02  0.346756400000E+02  0.356300000000E+01
    9603 -0.770555600000E+02  0.346756500000E+02  0.122900000000E+01
    9608 -0.770488800000E+02  0.346756900000E+02  0.343900000000E+01
    9610 -0.770448400000E+02  0.346752100000E+02  0.201900000000E+01
    9611 -0.770451300000E+02  0.346756900000E+02  0.390500000000E+01
    9612 -0.770603600000E+02  0.346756500000E+02  0.113200000000E+01
    9618 -0.770577900000E+02  0.346757100000E+02  0.117300000000E+01
    9619 -0.770550800000E+02  0.346757200000E+02  0.119800000000E+01
    9621 -0.770484300000E+02  0.346757400000E+02  0.338400000000E+01
    9624 -0.770441700000E+02  0.346752300000E+02  0.193000000000E+01
    9625 -0.770444600000E+02  0.346757500000E+02  0.390000000000E+01
    9628 -0.770479500000E+02  0.346757700000E+02  0.342900000000E+01
    9629 -0.770534700000E+02  0.346757800000E+02  0.144500000000E+01
    9630 -0.770530000000E+02  0.346757800000E+02  0.162800000000E+01
    9631 -0.770545400000E+02  0.346757900000E+02  0.120700000000E+01
    9632 -0.770474800000E+02  0.346757900000E+02  0.357400000000E+01
    9633 -0.770470700000E+02  0.346757800000E+02  0.377700000000E+01
    9634 -0.770432900000E+02  0.346752700000E+02  0.192800000000E+01
    9635 -0.770437400000E+02  0.346757900000E+02  0.389400000000E+01
    9637 -0.770595500000E+02  0.346758000000E+02  0.116500000000E+01
    9638 -0.770539900000E+02  0.346758000000E+02  0.119800000000E+01
    9640 -0.770582400000E+02  0.346758000000E+02  0.116500000000E+01
    9642 -0.770525200000E+02  0.346758300000E+02  0.140000000000E+01
    9643 -0.770573300000E+02  0.346758400000E+02  0.116800000000E+01
    9647 -0.770520300000E+02  0.346758500000E+02  0.156100000000E+01
    9648 -0.770588400000E+02  0.346758400000E+02  0.117200000000E+01
    9649 -0.770515700000E+02  0.346758700000E+02  0.176600000000E+01
    9654 -0.770507000000E+02  0.346758900000E+02  0.205900000000E+01
    9656 -0.770511200000E+02  0.346758900000E+02  0.184800000000E+01
    9660 -0.770563000000E+02  0.346759000000E+02  0.119500000000E+01
    9664 -0.770503200000E+02  0.346759100000E+02  0.208300000000E+01
    9666 -0.770567600000E+02  0.346759200000E+02  0.116600000000E+01
    9679 -0.770499300000E+02  0.346759700000E+02  0.185900000000E+01
    9692 -0.770558500000E+02  0.346760200000E+02  0.121700000000E+01
    9693 -0.770495400000E+02  0.346760300000E+02  0.163800000000E+01
    9694 -0.770553700000E+02  0.346760300000E+02  0.123200000000E+01
    9702 -0.770491300000E+02  0.346760700000E+02  0.147300000000E+01
    9703 -0.770466700000E+02  0.346760600000E+02  0.340300000000E+01
    9708 -0.770532300000E+02  0.346761100000E+02  0.118800000000E+01
    9710 -0.770460400000E+02  0.346761100000E+02  0.345400000000E+01
    9716 -0.770487100000E+02  0.346761400000E+02  0.123100000000E+01
    9723 -0.770454400000E+02  0.346761700000E+02  0.349000000000E+01
    9724 -0.770472300000E+02  0.346761800000E+02  0.271000000000E+01
    9726 -0.770577300000E+02  0.346761700000E+02  0.116500000000E+01
    9727 -0.770549000000E+02  0.346761900000E+02  0.122300000000E+01
    9728 -0.770482300000E+02  0.346762000000E+02  0.151700000000E+01
    9730 -0.770477300000E+02  0.346762100000E+02  0.208800000000E+01
    9732 -0.770528300000E+02  0.346762100000E+02  0.109000000000E+01
    9733 -0.770518000000E+02  0.346762100000E+02  0.102400000000E+01
    9734 -0.770616100000E+02  0.346762200000E+02  0.791000000000E+00
    9735 -0.770505100000E+02  0.346762200000E+02  0.110200000000E+01
    9741 -0.770536700000E+02  0.346762400000E+02  0.120400000000E+01
    9745 -0.770448000000E+02  0.346762500000E+02  0.340700000000E+01
    9752 -0.770607600000E+02  0.346762800000E+02  0.103900000000E+01
    9753 -0.770542800000E+02  0.346762800000E+02  0.120800000000E+01
    9757 -0.770441100000E+02  0.346763200000E+02  0.314600000000E+01
    9760 -0.770513600000E+02  0.346763200000E+02  0.996000000000E+00
    9761 -0.770508700000E+02  0.346763200000E+02  0.102500000000E+01
    9764 -0.770522800000E+02  0.346763300000E+02  0.970000000000E+00
    9765 -0.770501800000E+02  0.346763300000E+02  0.109500000000E+01
    9767 -0.770623200000E+02  0.346761700000E+02  0.593000000000E+00
    9768 -0.770599000000E+02  0.346763500000E+02  0.116500000000E+01
    9773 -0.770570800000E+02  0.346763800000E+02  0.116500000000E+01
    9782 -0.770583300000E+02  0.346763600000E+02  0.116500000000E+01
    9783 -0.770497800000E+02  0.346764100000E+02  0.108000000000E+01
    9785 -0.770590700000E+02  0.346764000000E+02  0.116500000000E+01
    9790 -0.770490000000E+02  0.346764700000E+02  0.106400000000E+01
    9791 -0.770563100000E+02  0.346764100000E+02  0.118700000000E+01
    9792 -0.770493700000E+02  0.346764700000E+02  0.106200000000E+01
    9808 -0.770554700000E+02  0.346765500000E+02  0.122300000000E+01
    9810 -0.770532000000E+02  0.346765500000E+02  0.106300000000E+01
    9814 -0.770457500000E+02  0.346765900000E+02  0.198800000000E+01
    9815 -0.770474900000E+02  0.346766000000E+02  0.174200000000E+01
    9826 -0.770485800000E+02  0.346766500000E+02  0.103000000000E+01
    9828 -0.770527100000E+02  0.346766400000E+02  0.962000000000E+00
    9829 -0.770504800000E+02  0.346766500000E+02  0.885000000000E+00
    9830 -0.770463100000E+02  0.346766600000E+02  0.208100000000E+01
    9833 -0.770469700000E+02  0.346766700000E+02  0.222300000000E+01
    9837 -0.770480000000E+02  0.346767000000E+02  0.115600000000E+01
    9843 -0.770517900000E+02  0.346767000000E+02  0.793000000000E+00
    9846 -0.770452000000E+02  0.346767600000E+02  0.150600000000E+01
    9855 -0.770546900000E+02  0.346767800000E+02  0.124100000000E+01
    9862 -0.770500300000E+02  0.346768300000E+02  0.898000000000E+00
    9865 -0.770496300000E+02  0.346768500000E+02  0.948000000000E+00
    9867 -0.770444800000E+02  0.346768600000E+02  0.106700000000E+01
    9870 -0.770612000000E+02  0.346768700000E+02  0.976000000000E+00
    9872 -0.770523300000E+02  0.346768800000E+02  0.835000000000E+00
    9879 -0.770621700000E+02  0.346769100000E+02  0.708000000000E+00
    9880 -0.770625800000E+02  0.346767500000E+02  0.574000000000E+00
    9881 -0.770538300000E+02  0.346769100000E+02  0.107200000000E+01
    9886 -0.770576100000E+02  0.346769100000E+02  0.116500000000E+01
    9889 -0.770510100000E+02  0.346769300000E+02  0.670000000000E+00
    9893 -0.770602900000E+02  0.346769500000E+02  0.116500000000E+01
    9900 -0.770491600000E+02  0.346770100000E+02  0.902000000000E+00
    9901 -0.770567400000E+02  0.346770200000E+02  0.116500000000E+01
    9904 -0.770593600000E+02  0.346770100000E+02  0.116500000000E+01
    9918 -0.770584900000E+02  0.346770300000E+02  0.116500000000E+01
    9920 -0.770559600000E+02  0.346771200000E+02  0.117900000000E+01
    9939 -0.770529300000E+02  0.346772000000E+02  0.846000000000E+00
    9946 -0.770503200000E+02  0.346772600000E+02  0.647000000000E+00
    9949 -0.770474900000E+02  0.346772300000E+02  0.113300000000E+01
    9950 -0.770552000000E+02  0.346772800000E+02  0.120700000000E+01
    9953 -0.770466500000E+02  0.346772900000E+02  0.119600000000E+01
    9954 -0.770457900000E+02  0.346772500000E+02  0.103400000000E+01
    9962 -0.770484300000E+02  0.346773600000E+02  0.873000000000E+00
    9967 -0.770614600000E+02  0.346773500000E+02  0.961000000000E+00
    9973 -0.770449400000E+02  0.346774300000E+02  0.872000000000E+00
    9991 -0.770498100000E+02  0.346775100000E+02  0.642000000000E+00
    9993 -0.770544400000E+02  0.346775000000E+02  0.102500000000E+01
    9994 -0.770519300000E+02  0.346775200000E+02  0.602000000000E+00
   10000 -0.770608700000E+02  0.346775400000E+02  0.115100000000E+01
   10024 -0.770570900000E+02  0.346776400000E+02  0.116500000000E+01
   10033 -0.770563800000E+02  0.346776700000E+02  0.116500000000E+01
   10035 -0.770596500000E+02  0.346776500000E+02  0.116500000000E+01
   10042 -0.770587400000E+02  0.346777000000E+02  0.116500000000E+01
   10051 -0.770556700000E+02  0.346777800000E+02  0.116700000000E+01
   10055 -0.770492600000E+02  0.346777900000E+02  0.633000000000E+00
   10057 -0.770536400000E+02  0.346777800000E+02  0.816000000000E+00
   10065 -0.770578000000E+02  0.346778000000E+02  0.116500000000E+01
   10082 -0.770470700000E+02  0.346779600000E+02  0.108700000000E+01
   10087 -0.770549700000E+02  0.346779600000E+02  0.101800000000E+01
   10095 -0.770462600000E+02  0.346779900000E+02  0.109800000000E+01
   10103 -0.770478700000E+02  0.346780200000E+02  0.952000000000E+00
   10109 -0.770454400000E+02  0.346780500000E+02  0.967000000000E+00
   10119 -0.770486700000E+02  0.346781000000E+02  0.626000000000E+00
   10130 -0.770567300000E+02  0.346782100000E+02  0.116500000000E+01
   10132 -0.770573000000E+02  0.346782000000E+02  0.116500000000E+01
   10136 -0.770528300000E+02  0.346781500000E+02  0.585000000000E+00
   10147 -0.770560800000E+02  0.346782600000E+02  0.116500000000E+01
   10151 -0.770542800000E+02  0.346782600000E+02  0.811000000000E+00
   10174 -0.770554300000E+02  0.346783900000E+02  0.102800000000E+01
   10207 -0.770474200000E+02  0.346785700000E+02  0.933000000000E+00
   10212 -0.770548100000E+02  0.346785500000E+02  0.852000000000E+00
   10221 -0.770577700000E+02  0.346786200000E+02  0.116500000000E+01
   10226 -0.770467300000E+02  0.346786700000E+02  0.925000000000E+00
   10236 -0.770535700000E+02  0.346786700000E+02  0.586000000000E+00
   10238 -0.770459200000E+02  0.346787200000E+02  0.929000000000E+00
   10241 -0.770558200000E+02  0.346787400000E+02  0.106900000000E+01
   10243 -0.770564200000E+02  0.346787500000E+02  0.116500000000E+01
   10247 -0.770571100000E+02  0.346787400000E+02  0.116500000000E+01
   10278 -0.770481300000E+02  0.346789000000E+02  0.835000000000E+00
   10308 -0.770552000000E+02  0.346790700000E+02  0.861000000000E+00
   10318 -0.770542000000E+02  0.346790900000E+02  0.614000000000E+00
   10349 -0.770560000000E+02  0.346792300000E+02  0.102600000000E+01
   10356 -0.770567700000E+02  0.346792900000E+02  0.116500000000E+01
   10370 -0.770473300000E+02  0.346793000000E+02  0.757000000000E+00
   10390 -0.770577100000E+02  0.346793900000E+02  0.116500000000E+01
   10411 -0.770492200000E+02  0.346794500000E+02  0.601000000000E+00
   10513 -0.770482600000E+02  0.346799700000E+02  0.577000000000E+00
   10701 -0.770497200000E+02  0.346807400000E+02  0.774000000000E+00
   10839 -0.770550200000E+02  0.346818100000E+02  0.555000000000E+00
   10908 -0.770501400000E+02  0.346816900000E+02  0.766000000000E+00
   10916 -0.770546900000E+02  0.346822300000E+02  0.555000000000E+00
   10926 -0.770540800000E+02  0.346822600000E+02  0.555000000000E+00
   10989 -0.770554800000E+02  0.346824500000E+02  0.555000000000E+00
   11036 -0.770496000000E+02  0.346828900000E+02  0.227500000000E+01
   11043 -0.770544700000E+02  0.346829300000E+02  0.555000000000E+00
   11068 -0.770506100000E+02  0.346828600000E+02  0.833000000000E+00
   11117 -0.770552100000E+02  0.346833600000E+02  0.555000000000E+00
   11149 -0.770561000000E+02  0.346834800000E+02  0.555000000000E+00
   11177 -0.770501100000E+02  0.346838000000E+02  0.144600000000E+01
   11183 -0.770492300000E+02  0.346838200000E+02  0.134900000000E+01
   11187 -0.770545300000E+02  0.346838000000E+02  0.555000000000E+00
   11198 -0.770536900000E+02  0.346833200000E+02  0.555000000000E+00
   11220 -0.770510300000E+02  0.346838200000E+02  0.832000000000E+00
   11238 -0.770554800000E+02  0.346841400000E+02  0.555000000000E+00
   11267 -0.770536900000E+02  0.346842700000E+02  0.555000000000E+00
   11272 -0.770482900000E+02  0.346843300000E+02  0.555000000000E+00
   11274 -0.770527700000E+02  0.346838200000E+02  0.555000000000E+00
   11299 -0.770505800000E+02  0.346845300000E+02  0.764000000000E+00
   11334 -0.770513200000E+02  0.346846400000E+02  0.555000000000E+00
   11340 -0.770567200000E+02  0.346844600000E+02  0.555000000000E+00
   11342 -0.770519600000E+02  0.346842800000E+02  0.555000000000E+00
   11343 -0.770528000000E+02  0.346847100000E+02  0.555000000000E+00
   11349 -0.770546600000E+02  0.346848000000E+02  0.555000000000E+00
   11359 -0.770496300000E+02  0.346848900000E+02  0.567000000000E+00
   11393 -0.770556800000E+02  0.346849400000E+02  0.555000000000E+00
   11407 -0.770519200000E+02  0.346851300000E+02  0.555000000000E+00
   11423 -0.770536700000E+02  0.346851700000E+02  0.555000000000E+00
   11458 -0.770508000000E+02  0.346854900000E+02  0.555000000000E+00
   11482 -0.770563000000E+02  0.346856300000E+02  0.555000000000E+00
   11483 -0.770543600000E+02  0.346856100000E+02  0.555000000000E+00
   11494 -0.770552100000E+02  0.346856700000E+02  0.555000000000E+00
   11501 -0.770528000000E+02  0.346856000000E+02  0.555000000000E+00
   11522 -0.770574200000E+02  0.346856000000E+02  0.555000000000E+00
   11549 -0.770536800000E+02  0.346860400000E+02  0.555000000000E+00
   11567 -0.770518500000E+02  0.346860400000E+02  0.555000000000E+00
   11602 -0.770545800000E+02  0.346863700000E+02  0.555000000000E+00
   11616 -0.770570600000E+02  0.346864700000E+02  0.555000000000E+00
   11629 -0.770528600000E+02  0.346865400000E+02  0.555000000000E+00
   11638 -0.770557300000E+02  0.346866500000E+02  0.555000000000E+00
   11679 -0.770538300000E+02  0.346869300000E+02  0.555000000000E+00
   11733 -0.770566700000E+02  0.346873400000E+02  0.555000000000E+00
   11738 -0.770546500000E+02  0.346873200000E+02  0.555000000000E+00
   11794 -0.770556000000E+02  0.346877800000E+02  0.555000000000E+00
   11853 -0.770563800000E+02  0.346882100000E+02  0.555000000000E+00
       1 3     9364     9365     9353
       2 3     9389     9390     9364
       3 3     9353     9365     9354
       4 3     9398     9399     9400
       5 3     9398     9404     9405
       6 3     9399     9407     9408
       7 3     9410     9411     9389
       8 3     9407     9415     9416
       9 3     9420     9421     9410
      10 3     9415     9422     9423
      11 3     9422     9424     9425
      12 3     9424     9427     9428
      13 3     9429     9430     9420
      14 3     9427     9431     9432
      15 3     9364     9390     9365
      16 3     9431     9438     9439
      17 3     9429     9405     9442
      18 3     9438     9449     9450
      19 3     9398     9400     9404
      20 3     9449     9455     9456
      21 3     9399     9408     9400
      22 3     9407     9416     9408
      23 3     9455     9457     9458
      24 3     9365     9461     9354
      25 3     9389     9411     9390
      26 3     9405     9404     9462
      27 3     9415     9423     9416
      28 3     9422     9425     9423
      29 3     9424     9428     9425
      30 3     9457     9464     9465
      31 3     9427     9432     9428
      32 3     9431     9439     9432
      33 3     9410     9421     9411
      34 3     9438     9450     9439
      35 3     9464     9477     9478
      36 3     9420     9430     9421
      37 3     9429     9442     9430
      38 3     9449     9456     9450
      39 3     9477     9482     9483
      40 3     9455     9458     9456
      41 3     9405     9462     9442
      42 3     9457     9465     9458
      43 3     9404     9400     9489
      44 3     9464     9478     9465
      45 3     9482     9492     9493
      46 3     9365     9390     9496
      47 3     9477     9483     9478
      48 3     9400     9408     9497
      49 3     9354     9461     9474
      50 3     9499     9500     9492
      51 3     9482     9493     9483
      52 3     9408     9416     9507
      53 3     9508     9509     9499
      54 3     9365     9496     9461
      55 3     9411     9513     9390
      56 3     9416     9423     9514
      57 3     9492     9500     9493
      58 3     9508     9516     9517
      59 3     9404     9489     9462
      60 3     9423     9425     9522
      61 3     9430     9523     9421
      62 3     9425     9428     9525
      63 3     9421     9526     9411
      64 3     9428     9432     9527
      65 3     9516     9529     9530
      66 3     9442     9531     9430
      67 3     9432     9439     9534
      68 3     9400     9497     9489
      69 3     9499     9509     9500
      70 3     9529     9536     9537
      71 3     9439     9450     9541
      72 3     9408     9507     9497
      73 3     9450     9456     9547
      74 3     9462     9552     9442
      75 3     9508     9517     9509
      76 3     9456     9458     9554
      77 3     9536     9556     9557
      78 3     9416     9514     9507
      79 3     9458     9465     9561
      80 3     9516     9530     9517
      81 3     9465     9478     9567
      82 3     9390     9513     9496
      83 3     9423     9522     9514
      84 3     9529     9537     9530
      85 3     9428     9527     9525
      86 3     9425     9525     9522
      87 3     9432     9534     9527
      88 3     9462     9489     9570
      89 3     9430     9531     9523
      90 3     9421     9523     9526
      91 3     9439     9541     9534
      92 3     9536     9557     9537
      93 3     9478     9483     9575
      94 3     9411     9526     9513
      95 3     9450     9547     9541
      96 3     9577     9578     9556
      97 3     9456     9554     9547
      98 3     9442     9552     9531
      99 3     9489     9497     9583
     100 3     9483     9493     9584
     101 3     9458     9561     9554
     102 3     9465     9567     9561
     103 3     9478     9575     9567
     104 3     9597     9598     9577
     105 3     9493     9500     9599
     106 3     9556     9578     9557
     107 3     9497     9507     9603
     108 3     9462     9570     9552
     109 3     9483     9584     9575
     110 3     9500     9509     9608
     111 3     9610     9611     9597
     112 3     9461     9496     9612
     113 3     9531     9618     9523
     114 3     9507     9514     9619
     115 3     9493     9599     9584
     116 3     9489     9583     9570
     117 3     9461     9612     9474
     118 3     9509     9517     9621
     119 3     9624     9625     9610
     120 3     9577     9598     9578
     121 3     9517     9530     9628
     122 3     9500     9608     9599
     123 3     9527     9629     9525
     124 3     9497     9603     9583
     125 3     9527     9534     9630
     126 3     9514     9522     9631
     127 3     9530     9537     9632
     128 3     9537     9557     9633
     129 3     9624     9634     9635
     130 3     9513     9637     9496
     131 3     9525     9638     9522
     132 3     9523     9640     9526
     133 3     9534     9541     9642
     134 3     9531     9552     9643
     135 3     9509     9621     9608
     136 3     9507     9619     9603
     137 3     9597     9611     9598
     138 3     9541     9547     9647
     139 3     9526     9648     9513
     140 3     9547     9554     9649
     141 3     9537     9633     9632
     142 3     9523     9618     9640
     143 3     9567     9654     9561
     144 3     9554     9561     9656
     145 3     9517     9628     9621
     146 3     9570     9583     9660
     147 3     9567     9575     9664
     148 3     9530     9632     9628
     149 3     9527     9630     9629
     150 3     9570     9666     9552
     151 3     9531     9643     9618
     152 3     9514     9631     9619
     153 3     9610     9625     9611
     154 3     9534     9642     9630
     155 3     9525     9629     9638
     156 3     9575     9584     9679
     157 3     9474     9612     9595
     158 3     9522     9638     9631
     159 3     9541     9647     9642
     160 3     9547     9649     9647
     161 3     9567     9664     9654
     162 3     9561     9654     9656
     163 3     9554     9656     9649
     164 3     9624     9635     9625
     165 3     9526     9640     9648
     166 3     9583     9603     9692
     167 3     9584     9599     9693
     168 3     9603     9619     9694
     169 3     9575     9679     9664
     170 3     9570     9660     9666
     171 3     9599     9608     9702
     172 3     9552     9666     9643
     173 3     9496     9637     9612
     174 3     9557     9578     9703
     175 3     9513     9648     9637
     176 3     9557     9703     9633
     177 3     9584     9693     9679
     178 3     9630     9708     9629
     179 3     9598     9710     9578
     180 3     9583     9692     9660
     181 3     9608     9621     9716
     182 3     9599     9702     9693
     183 3     9611     9723     9598
     184 3     9603     9694     9692
     185 3     9633     9724     9632
     186 3     9618     9643     9726
     187 3     9619     9631     9727
     188 3     9621     9628     9728
     189 3     9628     9632     9730
     190 3     9630     9642     9732
     191 3     9647     9649     9733
     192 3     9608     9716     9702
     193 3     9595     9734     9592
     194 3     9664     9735     9654
     195 3     9629     9741     9638
     196 3     9625     9745     9611
     197 3     9619     9727     9694
     198 3     9612     9752     9595
     199 3     9618     9726     9640
     200 3     9630     9732     9708
     201 3     9578     9710     9703
     202 3     9638     9753     9631
     203 3     9621     9728     9716
     204 3     9629     9708     9741
     205 3     9635     9757     9625
     206 3     9598     9723     9710
     207 3     9649     9656     9760
     208 3     9654     9761     9656
     209 3     9642     9647     9764
     210 3     9664     9679     9765
     211 3     9632     9724     9730
     212 3     9628     9730     9728
     213 3     9633     9703     9724
     214 3     9592     9734     9767
     215 3     9637     9768     9612
     216 3     9654     9735     9761
     217 3     9664     9765     9735
     218 3     9643     9666     9773
     219 3     9649     9760     9733
     220 3     9640     9782     9648
     221 3     9679     9693     9783
     222 3     9611     9745     9723
     223 3     9647     9733     9764
     224 3     9648     9785     9637
     225 3     9642     9764     9732
     226 3     9656     9761     9760
     227 3     9631     9753     9727
     228 3     9638     9741     9753
     229 3     9640     9726     9782
     230 3     9702     9716     9790
     231 3     9660     9692     9791
     232 3     9693     9702     9792
     233 3     9679     9783     9765
     234 3     9660     9791     9666
     235 3     9625     9757     9745
     236 3     9643     9773     9726
     237 3     9595     9752     9734
     238 3     9693     9792     9783
     239 3     9702     9790     9792
     240 3     9694     9808     9692
     241 3     9708     9732     9810
     242 3     9710     9723     9814
     243 3     9612     9768     9752
     244 3     9730     9724     9815
     245 3     9648     9782     9785
     246 3     9708     9810     9741
     247 3     9716     9728     9826
     248 3     9694     9727     9808
     249 3     9732     9764     9828
     250 3     9735     9765     9829
     251 3     9710     9830     9703
     252 3     9637     9785     9768
     253 3     9724     9703     9833
     254 3     9716     9826     9790
     255 3     9735     9829     9761
     256 3     9728     9730     9837
     257 3     9666     9791     9773
     258 3     9732     9828     9810
     259 3     9733     9760     9843
     260 3     9723     9745     9846
     261 3     9733     9843     9764
     262 3     9710     9814     9830
     263 3     9724     9833     9815
     264 3     9727     9753     9855
     265 3     9730     9815     9837
     266 3     9765     9783     9862
     267 3     9723     9846     9814
     268 3     9703     9830     9833
     269 3     9783     9792     9865
     270 3     9745     9757     9867
     271 3     9728     9837     9826
     272 3     9752     9870     9734
     273 3     9692     9808     9791
     274 3     9764     9872     9828
     275 3     9765     9862     9829
     276 3     9767     9879     9880
     277 3     9741     9881     9753
     278 3     9726     9773     9886
     279 3     9783     9865     9862
     280 3     9761     9889     9760
     281 3     9767     9734     9879
     282 3     9768     9893     9752
     283 3     9764     9843     9872
     284 3     9761     9829     9889
     285 3     9741     9810     9881
     286 3     9727     9855     9808
     287 3     9790     9900     9792
     288 3     9773     9791     9901
     289 3     9785     9904     9768
     290 3     9726     9886     9782
     291 3     9745     9867     9846
     292 3     9792     9900     9865
     293 3     9782     9918     9785
     294 3     9791     9808     9920
     295 3     9790     9826     9900
     296 3     9760     9889     9843
     297 3     9753     9881     9855
     298 3     9828     9939     9810
     299 3     9752     9893     9870
     300 3     9734     9870     9879
     301 3     9782     9886     9918
     302 3     9862     9946     9829
     303 3     9815     9949     9837
     304 3     9808     9855     9950
     305 3     9773     9901     9886
     306 3     9833     9830     9953
     307 3     9815     9833     9949
     308 3     9791     9920     9901
     309 3     9814     9954     9830
     310 3     9785     9918     9904
     311 3     9768     9904     9893
     312 3     9828     9872     9939
     313 3     9814     9846     9954
     314 3     9826     9837     9962
     315 3     9870     9967     9879
     316 3     9829     9946     9889
     317 3     9846     9867     9973
     318 3     9808     9950     9920
     319 3     9826     9962     9900
     320 3     9810     9939     9881
     321 3     9865     9991     9862
     322 3     9855     9881     9993
     323 3     9843     9994     9872
     324 3     9862     9991     9946
     325 3     9870     9893    10000
     326 3     9833     9953     9949
     327 3     9830     9954     9953
     328 3     9870    10000     9967
     329 3     9901    10024     9886
     330 3     9855     9993     9950
     331 3     9865     9900     9991
     332 3     9846     9973     9954
     333 3     9901     9920    10033
     334 3     9837     9949     9962
     335 3     9904    10035     9893
     336 3     9843     9889     9994
     337 3     9918    10042     9904
     338 3     9920     9950    10051
     339 3     9900    10055     9991
     340 3     9881     9939    10057
     341 3     9886    10065     9918
     342 3     9901    10033    10024
     343 3     9881    10057     9993
     344 3     9886    10024    10065
     345 3     9872     9994     9939
     346 3     9900     9962    10055
     347 3     9920    10051    10033
     348 3     9953    10082     9949
     349 3     9904    10042    10035
     350 3     9950     9993    10087
     351 3     9953     9954    10095
     352 3     9949    10103     9962
     353 3     9918    10065    10042
     354 3     9954     9973    10109
     355 3     9950    10087    10051
     356 3     9962    10119    10055
     357 3     9893    10035    10000
     358 3     9949    10082    10103
     359 3    10033    10130    10024
     360 3     9953    10095    10082
     361 3    10024    10132    10065
     362 3     9939    10136    10057
     363 3     9939     9994    10136
     364 3     9954    10109    10095
     365 3    10033    10051    10147
     366 3     9962    10103    10119
     367 3     9993    10057    10151
     368 3    10024    10130    10132
     369 3     9993    10151    10087
     370 3    10051    10087    10174
     371 3    10033    10147    10130
     372 3    10051    10174    10147
     373 3    10082    10207    10103
     374 3    10087    10151    10212
     375 3    10065    10132    10221
     376 3    10087    10212    10174
     377 3    10082    10095    10226
     378 3    10057    10136    10236
     379 3    10057    10236    10151
     380 3    10095    10109    10238
     381 3    10147    10174    10241
     382 3    10130    10147    10243
     383 3    10132    10130    10247
     384 3    10082    10226    10207
     385 3    10132    10247    10221
     386 3    10103    10278    10119
     387 3    10147    10241    10243
     388 3    10095    10238    10226
     389 3    10103    10207    10278
     390 3    10130    10243    10247
     391 3    10174    10212    10308
     392 3    10151    10236    10318
     393 3    10151    10318    10212
     394 3    10174    10308    10241
     395 3    10241    10349    10243
     396 3    10243    10356    10247
     397 3    10207    10226    10370
     398 3    10221    10247    10390
     399 3    10207    10370    10278
     400 3    10241    10308    10349
     401 3    10119    10278    10411
     402 3    10243    10349    10356
     403 3    10247    10356    10390
     404 3    10278    10513    10411
     405 3    10278    10370    10513
     406 3    10411    10513    10701
     407 3    10839    10916    10989
     408 3    10916    10926    11043
     409 3    10908    11036    11068
     410 3    10916    11043    10989
     411 3    10989    11043    11117
     412 3    10989    11117    11149
     413 3    11068    11036    11177
     414 3    11043    11187    11117
     415 3    11043    11198    11187
     416 3    11036    11183    11177
     417 3    11068    11177    11220
     418 3    11117    11238    11149
     419 3    11198    11267    11187
     420 3    11117    11187    11238
     421 3    11198    11274    11267
     422 3    11220    11177    11299
     423 3    11220    11299    11334
     424 3    11149    11238    11340
     425 3    11274    11342    11343
     426 3    11274    11343    11267
     427 3    11187    11349    11238
     428 3    11183    11359    11177
     429 3    11187    11267    11349
     430 3    11177    11359    11299
     431 3    11238    11393    11340
     432 3    11342    11334    11407
     433 3    11238    11349    11393
     434 3    11183    11272    11359
     435 3    11342    11407    11343
     436 3    11267    11343    11423
     437 3    11267    11423    11349
     438 3    11299    11458    11334
     439 3    11393    11482    11340
     440 3    11349    11423    11483
     441 3    11393    11349    11494
     442 3    11343    11501    11423
     443 3    11343    11407    11501
     444 3    11299    11359    11458
     445 3    11334    11458    11407
     446 3    11349    11483    11494
     447 3    11340    11482    11522
     448 3    11393    11494    11482
     449 3    11423    11549    11483
     450 3    11423    11501    11549
     451 3    11407    11567    11501
     452 3    11407    11458    11567
     453 3    11483    11602    11494
     454 3    11522    11482    11616
     455 3    11483    11549    11602
     456 3    11501    11629    11549
     457 3    11494    11638    11482
     458 3    11501    11567    11629
     459 3    11494    11602    11638
     460 3    11549    11679    11602
     461 3    11482    11638    11616
     462 3    11549    11629    11679
     463 3    11616    11638    11733
     464 3    11602    11679    11738
     465 3    11602    11738    11638
     466 3    11638    11738    11794
     467 3    11638    11794    11733
     468 3    11733    11794    11853
 0                                                                              
 0                                                                              
 4                                                                              
 84                                                                             
      16       0                                                                
   11272
   11359
   11458
   11567
   11629
   11679
   11738
   11794
   11853
   11733
   11616
   11522
   11340
   11149
   10989
   10839
      34       1                                                                
    9353
    9364
    9389
    9410
    9420
    9429
    9405
    9398
    9399
    9407
    9415
    9422
    9424
    9427
    9431
    9438
    9449
    9455
    9457
    9464
    9477
    9482
    9492
    9499
    9508
    9516
    9529
    9536
    9556
    9577
    9597
    9610
    9624
    9634
      11       1                                                                
   10390
   10221
   10065
   10042
   10035
   10000
    9967
    9879
    9880
    9767
    9592
      21       1                                                                
    9889
    9994
   10136
   10236
   10318
   10926
   11043
   11198
   11274
   11342
   11334
   11220
   11068
   10908
   10701
   10411
   10119
   10055
    9991
    9946
    9889
