FileFmt      1050624           0           0
NELG           58641         560         468
       17562
       17599
       17611
       17612
       17619
       17622
       17624
       17629
       17635
       17636
       17637
       17640
       17645
       17646
       17647
       17655
       17660
       17673
       17677
       17687
       17688
       17694
       17695
       17699
       17700
       17701
       17702
       17704
       17706
       17707
       17711
       17712
       17715
       17716
       17727
       17730
       17733
       17736
       17745
       17752
       17755
       17756
       17758
       17763
       17764
       17770
       17771
       17774
       17776
       17777
       17785
       17786
       17787
       17797
       17799
       17800
       17802
       17804
       17808
       17811
       17812
       17815
       17816
       17817
       17820
       17823
       17826
       17828
       17829
       17832
       17836
       17843
       17846
       17853
       17855
       17859
       17862
       17865
       17868
       17875
       17876
       17879
       17880
       17881
       17883
       17885
       17886
       17887
       17890
       17892
       17895
       17897
       17898
       17901
       17902
       17903
       17906
       17909
       17911
       17912
       17913
       17915
       17925
       17929
       17931
       17933
       17937
       17939
       17942
       17948
       17950
       17951
       17959
       17960
       17961
       17962
       17965
       17966
       17973
       17975
       17981
       17982
       17983
       17984
       17987
       17988
       17990
       17991
      -17992
       17997
       17999
       18004
       18007
       18008
       18011
       18012
       18013
       18014
       18015
       18016
       18024
       18026
       18027
       18029
       18033
       18034
       18038
       18040
       18043
       18045
       18046
       18047
       18051
       18057
       18060
       18069
       18070
       18071
       18073
       18078
       18083
       18087
       18089
      -18092
       18097
       18099
       18100
       18101
       18104
       18108
       18116
       18117
       18118
       18119
       18120
       18121
       18125
       18129
       18131
       18133
       18139
       18144
       18150
       18151
       18155
       18159
       18160
       18161
       18164
       18167
       18168
       18169
       18170
       18172
       18178
       18182
       18191
       18194
       18195
       18196
       18197
       18198
       18204
       18205
      -18208
       18210
       18211
       18212
       18216
       18217
       18220
       18221
       18222
       18224
       18225
       18226
       18229
       18233
       18239
       18245
       18246
       18248
       18252
       18253
       18259
       18262
       18263
       18264
       18265
       18268
       18269
       18271
       18272
       18276
      -18284
       18293
       18295
       18296
       18301
       18306
       18308
       18315
       18316
       18318
       18331
       18332
       18341
       18345
       18346
       18347
       18348
       18349
       18352
       18355
       18357
       18360
       18361
       18372
       18374
       18378
       18386
       18388
       18390
       18393
       18397
       18405
       18409
       18410
       18411
      -18414
       18415
       18420
       18421
       18424
       18425
       18433
       18434
       18440
       18442
       18448
       18450
       18455
       18456
       18467
       18468
       18469
       18472
       18474
       18478
       18483
      -18487
       18500
       18504
       18510
       18513
       18518
       18537
       18550
       18557
       18560
       18566
       18567
       18572
       18574
       18576
       18578
       18580
       18581
       18582
       18585
       18586
       18587
       18588
       18604
       18612
       18615
      -18624
       18625
       18634
       18635
       18645
       18649
       18650
       18656
       18661
       18664
       18667
       18683
       18696
       18697
       18700
      -18702
       18709
       18711
       18714
       18723
       18728
       18743
       18750
       18752
       18761
       18768
       18777
       18780
       18790
       18793
       18797
       18801
       18808
       18809
       18820
       18828
       18835
      -18841
       18847
       18855
       18869
       18877
       18880
       18882
       18885
       18892
       18894
      -18898
       18911
       18917
       18918
       18937
       18938
       18958
       18965
       19002
       19022
       19032
       19048
       19062
      -19064
       19075
       19077
      -19078
       19085
       19088
       19092
      -19101
       19140
       19143
       19146
      -19148
       19158
       19163
       19200
       19216
       19219
       19227
       19269
       19281
      -19304
       19334
      -19335
       19357
       19377
       19379
       19425
      -19555
      -19565
      -19910
       20438
       20535
      -20583
       20643
       20681
       20741
      -20799
       20815
       20833
      -20861
       20865
       20901
       20954
       20963
       20968
       21017
       21077
       21088
       21093
       21094
       21106
      -21119
       21130
       21160
       21182
       21205
       21220
      -21231
       21232
       21237
       21249
       21304
       21340
       21342
       21362
       21373
       21374
       21382
       21400
       21414
       21421
       21461
       21464
       21490
       21496
       21500
       21563
       21581
       21600
       21612
       21628
       21634
       21686
       21704
       21726
       21736
       21804
       21809
       21821
       21913
       21935
       22012
NNODG          32218         319         286
       -9353
       -9354
        9364
        9365
        9389
        9390
        9398
        9399
        9400
        9404
        9405
        9407
        9408
        9410
        9411
        9415
        9416
        9420
        9421
        9422
        9423
        9424
        9425
        9427
        9428
        9429
        9430
        9431
        9432
        9438
        9439
        9442
        9449
        9450
        9455
        9456
        9457
        9458
        9461
        9462
        9464
        9465
       -9474
        9477
        9478
        9482
        9483
        9489
        9492
        9493
        9496
        9497
        9499
        9500
        9507
        9508
        9509
        9513
        9514
        9516
        9517
        9522
        9523
        9525
        9526
        9527
        9529
        9530
        9531
        9534
        9536
        9537
        9541
        9547
        9552
        9554
        9556
        9557
        9561
        9567
        9570
        9575
        9577
        9578
        9583
        9584
       -9592
       -9595
        9597
        9598
        9599
        9603
        9608
        9610
        9611
        9612
        9618
        9619
        9621
        9624
        9625
        9628
        9629
        9630
        9631
        9632
        9633
       -9634
       -9635
        9637
        9638
        9640
        9642
        9643
        9647
        9648
        9649
        9654
        9656
        9660
        9664
        9666
        9679
        9692
        9693
        9694
        9702
        9703
        9708
        9710
        9716
        9723
        9724
        9726
        9727
        9728
        9730
        9732
        9733
        9734
        9735
        9741
        9745
        9752
        9753
       -9757
        9760
        9761
        9764
        9765
       -9767
        9768
        9773
        9782
        9783
        9785
        9790
        9791
        9792
        9808
        9810
        9814
        9815
        9826
        9828
        9829
        9830
        9833
        9837
        9843
        9846
        9855
        9862
        9865
       -9867
        9870
        9872
        9879
        9880
        9881
        9886
        9889
        9893
        9900
        9901
        9904
        9918
        9920
        9939
        9946
        9949
        9950
        9953
        9954
        9962
        9967
       -9973
        9991
        9993
        9994
       10000
       10024
       10033
       10035
       10042
       10051
       10055
       10057
       10065
       10082
       10087
       10095
       10103
      -10109
       10119
       10130
       10132
       10136
       10147
       10151
       10174
       10207
      -10212
       10221
      -10226
      -10236
      -10238
       10241
       10243
       10247
       10278
      -10308
      -10318
      -10349
      -10356
      -10370
      -10390
       10411
      -10513
      -10701
      -10839
      -10908
      -10916
      -10926
       10989
      -11036
       11043
       11068
       11117
       11149
       11177
      -11183
       11187
       11198
       11220
       11238
       11267
      -11272
       11274
       11299
       11334
       11340
       11342
       11343
       11349
       11359
       11393
       11407
       11423
       11458
       11482
       11483
       11494
       11501
       11522
       11549
       11567
       11602
       11616
       11629
       11638
       11679
       11733
       11738
       11794
       11853
NFLUXF             0
NETA             128          29           0
NSTAE              0           0           0
NSTAV              0           0           0
NSTAM              0           0           0
NSTAC              0           0           0
RES NODE         118         255
                   3           4           5           6           7           8
                   9          10          11          12          13          14
                  15          16          17          18          19          20
                  21          22          23          24          25          26
                  27          28          29          30          31          32
                  33          34          35          36          37          38
                  39          40          41          42          44          45
                  46          47          48          49          50          51
                  52          53          54          55          56          57
                  58          59          60          61          62          63
                  64          65          66          67          68          69
                  70          71          72          73          74          75
                  76          77          78          79          80          81
                  82          83          84          85          86          89
                  90          91          92          93          94          95
                  96          97          98          99         100         101
                 102         103         104         105         106         107
                 110         111         112         113         114         115
                 116         117         118         119         120         121
                 122         123         124         125         126         127
                 128         129         130         131         132         133
                 134         135         136         137         138         139
                 140         141         142         143         144         145
                 147         148         149         150         152         153
                 154         155         156         157         158         159
                 160         161         162         163         164         165
                 166         167         168         169         170         171
                 172         173         174         176         177         178
                 179         180         181         182         183         184
                 185         186         187         188         189         190
                 191         192         193         194         195         196
                 198         199         200         201         202         203
                 204         205         206         207         208         209
                 210         211         212         213         215         216
                 217         218         219         220         221         222
                 224         228         229         230         231         238
                 245         247         248         249         250         251
                 253         254         255         256         257         259
                 260         261         262         263         264         265
                 266         267         268         269         270         271
                 272         273         274         275         276         277
                 278         279         280         281         282         283
                 284         285         286
COMM PE            2
RECV PE          116          15
                 108         109         146         175         197         214
                 225         227         236         239         240         242
                 246         252         258
RECV PE          119          16
                   1           2          43          87          88         151
                 223         226         232         233         234         235
                 237         241         243         244
SEND PE          116          13
                 100         101         143         171         194         210
                 212         222         231         238         248         251
                 266
SEND PE          119          19
                   3           4          39          96         140         144
                 178         179         208         211         218         220
                 221         224         228         229         230         245
                 247
