FileFmt      1050624           0           0
NELG           58641         560         431
       16572
       16634
       16677
       16700
       16738
       16759
       16769
       16780
       16823
       16829
       16839
       16856
       16889
       16909
       16915
       16940
       16943
       16947
       16969
       17011
       17020
       17032
       17036
       17049
       17050
       17076
       17094
       17097
       17107
       17117
       17127
       17129
       17130
       17141
       17153
       17181
       17184
       17201
       17203
       17204
       17214
       17226
       17251
       17263
       17270
       17272
       17274
       17286
       17304
       17309
       17310
       17312
       17326
       17329
       17330
       17331
       17365
       17367
       17376
       17378
       17381
       17388
       17400
       17418
       17422
       17423
       17440
       17444
       17445
       17451
       17454
       17467
       17476
       17481
       17482
       17498
       17514
       17516
       17517
       17520
       17528
       17531
       17536
       17550
       17555
       17563
       17581
       17582
       17586
       17605
       17614
       17615
       17620
       17623
       17641
       17643
       17651
       17653
       17657
       17683
       17689
       17697
       17720
       17725
       17734
       17737
       17743
       17744
       17746
       17772
       17773
       17779
       17805
       17813
       17819
       17821
       17824
       17830
       17849
       17851
       17852
       17854
       17888
       17894
       17919
       17926
       17938
       17940
       17941
       17945
       17958
       17967
       17970
       17985
       18009
       18018
       18023
       18028
       18039
       18041
       18058
       18062
       18091
       18115
       18124
       18128
       18137
       18143
       18146
       18152
       18183
       18189
       18193
       18213
       18214
       18218
       18238
       18247
       18258
       18261
       18273
       18278
       18283
       18286
       18311
       18320
       18321
       18350
       18353
       18364
       18370
       18377
       18387
       18394
       18401
       18418
       18429
       18435
       18436
       18447
       18457
       18470
       18496
       18505
       18519
       18522
       18525
       18528
       18531
       18539
       18554
       18599
       18614
       18617
       18619
       18623
       18628
       18633
       18679
       18687
       18704
       18712
       18713
       18727
       18736
       18775
       18786
       18787
       18802
       18814
       18818
       18834
       18842
       18845
       18866
       18873
       18875
       18915
       18921
       18932
       18950
       18954
       18960
       18978
       18988
       18995
       19024
       19029
       19044
       19059
       19070
       19073
       19079
       19107
       19116
       19136
       19147
       19169
       19175
       19177
       19184
       19185
       19191
       19220
       19229
       19231
       19249
       19258
       19271
       19277
       19280
       19309
       19318
       19337
       19344
       19358
       19360
       19361
       19366
       19381
       19382
       19400
       19416
       19424
       19432
       19437
       19441
       19445
       19448
       19457
       19459
       19535
       19537
       19543
       19549
       19550
       19553
       19557
       19559
       19561
       19569
       19573
       19602
       19624
       19636
       19640
       19641
       19644
       19645
       19647
       19657
       19663
       19664
       19715
       19729
       19733
       19734
       19736
       19737
       19743
       19745
       19747
       19748
       19753
       19755
       19768
       19797
       19798
       19815
       19818
       19830
       19833
       19840
       19841
       19848
       19860
       19862
       19868
       19881
       19885
       19886
       19890
       19893
       19913
       19914
       19917
       19920
       19926
       19929
       19933
       19941
       19981
       19982
       19983
       19994
       20003
       20017
       20019
       20023
       20028
       20031
       20034
       20035
       20041
       20046
       20050
      -20060
      -20074
       20078
       20088
       20092
       20097
       20098
       20104
       20107
       20110
       20114
       20115
       20118
       20121
      -20167
       20177
       20189
       20191
       20197
       20198
       20199
       20208
       20221
       20225
       20228
       20249
       20278
      -20285
       20294
       20295
       20297
       20309
       20312
       20314
       20315
       20318
       20329
       20330
       20333
       20341
      -20365
       20366
       20377
       20381
       20385
       20396
      -20404
       20407
       20409
       20436
       20454
      -20475
       20484
       20487
       20489
       20518
       20520
       20528
       20545
       20548
       20550
       20594
       20607
       20617
      -20619
       20682
       20688
       20737
       20766
       20810
       20824
       20855
       20903
       21210
       21233
      -21357
      -21404
      -21475
      -21504
      -21575
      -21589
      -21772
      -21780
      -21875
      -21911
NNODG          32218         319         264
       -8761
       -8790
        8791
        8827
        8828
        8868
        8869
        8893
        8894
       -8903
        8937
        8938
        8942
        8973
        8988
        8989
       -9006
        9008
        9043
        9050
        9051
        9059
        9083
        9094
        9095
        9102
       -9111
        9117
        9121
        9122
        9146
        9148
        9161
        9162
        9172
        9196
        9202
        9203
        9204
        9221
       -9224
        9233
        9234
        9235
        9236
        9266
        9268
        9276
        9284
        9288
        9289
        9300
        9301
        9309
        9318
        9339
        9340
        9341
        9342
        9351
        9360
        9375
        9378
        9395
        9396
        9406
        9409
        9436
        9440
        9459
        9470
        9475
        9476
        9481
        9484
        9502
        9524
        9528
        9532
        9550
        9551
        9553
        9573
        9589
        9594
        9604
        9617
        9622
        9644
        9651
        9655
        9665
        9673
        9701
        9706
        9714
        9720
        9748
        9751
        9762
        9763
        9776
        9787
        9793
        9794
        9799
        9811
        9831
        9834
        9839
        9841
        9845
        9859
        9877
        9882
        9883
        9899
        9914
        9924
        9925
        9929
        9930
        9958
        9968
        9971
        9972
        9979
       10018
       10034
       10040
       10041
       10069
       10074
       10083
       10106
       10107
       10110
       10127
       10149
       10160
       10161
       10168
       10181
       10190
       10209
       10224
       10225
       10234
       10253
       10273
       10290
       10291
       10296
       10300
       10321
       10329
       10338
       10351
       10355
       10373
       10391
       10403
       10405
       10407
       10412
       10422
       10436
       10443
       10448
       10450
       10455
       10502
       10503
       10510
       10511
       10515
       10516
       10521
       10547
       10556
       10560
       10563
       10564
       10571
       10595
       10604
       10606
       10608
       10609
       10612
       10614
       10615
       10639
       10640
       10654
       10659
       10661
       10666
       10676
       10683
       10685
       10686
       10687
       10703
       10705
       10708
       10712
       10737
       10738
       10739
       10756
       10758
       10760
       10762
       10766
       10775
      -10780
      -10781
       10793
       10807
       10808
       10813
       10815
       10846
       10854
       10859
       10862
       10863
       10864
       10891
      -10894
       10905
       10911
       10912
       10919
       10922
       10931
      -10950
       10951
       10956
       10962
       10968
       11001
       11010
       11014
       11017
       11039
       11047
      -11059
       11080
       11118
       11146
       11184
       11192
       11411
      -11491
       11512
      -11513
       11556
      -11557
      -11612
      -11715
      -11720
      -11774
NFLUXF             0
NETA             128          29           0
NSTAE              0           0           0
NSTAV              0           0           0
NSTAM              0           0           0
NSTAC              0           0           0
RES NODE          30         246
                   3           4           5           6           7           8
                   9          11          12          13          14          15
                  16          18          19          20          21          22
                  23          24          25          26          28          29
                  30          31          32          33          34          35
                  36          37          38          39          40          42
                  43          44          45          46          47          48
                  49          50          51          52          53          54
                  55          56          57          58          59          60
                  61          62          63          64          65          66
                  67          68          69          70          71          72
                  73          74          75          76          77          78
                  79          80          81          82          83          84
                  85          86          87          88          89          90
                  91          92          93          94          95          96
                  97          98          99         100         101         102
                 103         104         105         106         107         108
                 109         110         111         112         113         114
                 115         116         117         118         119         120
                 121         122         123         124         125         126
                 127         128         129         130         131         132
                 133         134         135         136         137         138
                 139         140         141         142         143         144
                 145         146         147         148         149         150
                 151         152         153         154         155         156
                 157         158         159         160         161         162
                 163         164         165         166         167         168
                 169         170         171         172         173         174
                 175         176         177         178         179         180
                 181         182         183         184         185         186
                 187         188         189         190         191         192
                 193         194         195         196         197         198
                 199         200         201         202         203         204
                 205         206         207         208         209         210
                 211         212         213         214         215         216
                 219         220         221         222         223         224
                 225         226         227         228         229         230
                 232         233         234         235         236         237
                 239         240         241         242         243         244
                 245         246         247         248         250         251
                 252         253         254         255         257         259
COMM PE            2
RECV PE           28          12
                 217         218         231         238         249         256
                 258         260         261         262         263         264
RECV PE           49           6
                   1           2          10          17          27          41
SEND PE           28          10
                 208         209         224         232         244         253
                 254         255         257         259
SEND PE           49           6
                   3           4          13          19          31          47
