bi_1997_v2.grd                                                                  
     497     296
    7970 -0.765698850000E+02  0.346641860000E+02  0.555000000000E+00
    8132 -0.765694700000E+02  0.346671550000E+02  0.589000000000E+00
    8254 -0.765769600000E+02  0.346651300000E+02  0.555000000000E+00
    8255 -0.765723300000E+02  0.346645700000E+02  0.555000000000E+00
    8256 -0.765756000000E+02  0.346679200000E+02  0.477000000000E+00
    8367 -0.765726800000E+02  0.346691300000E+02  0.553000000000E+00
    8392 -0.765825500000E+02  0.346657000000E+02  0.543000000000E+00
    8393 -0.765797200000E+02  0.346694200000E+02  0.471000000000E+00
    8430 -0.765658600000E+02  0.346698000000E+02  0.660000000000E+00
    8484 -0.765835400000E+02  0.346693000000E+02  0.550000000000E+00
    8578 -0.765696900000E+02  0.346711300000E+02  0.846000000000E+00
    8630 -0.765763000000E+02  0.346713600000E+02  0.541000000000E+00
    8849 -0.765636100000E+02  0.346725800000E+02  0.158200000000E+01
    8979 -0.765732000000E+02  0.346729500000E+02  0.434000000000E+00
    9017 -0.765830800000E+02  0.346728500000E+02  0.555000000000E+00
    9052 -0.765670800000E+02  0.346733700000E+02  0.116200000000E+01
    9180 -0.765799900000E+02  0.346737000000E+02  0.555000000000E+00
    9334 -0.765966900000E+02  0.346708800000E+02  0.555000000000E+00
    9335 -0.765969300000E+02  0.346744900000E+02  0.589000000000E+00
    9336 -0.765995000000E+02  0.346718700000E+02  0.555000000000E+00
    9379 -0.765703700000E+02  0.346746900000E+02  0.120200000000E+01
    9494 -0.765620700000E+02  0.346752200000E+02  0.129400000000E+01
    9503 -0.766002100000E+02  0.346752200000E+02  0.128400000000E+01
    9504 -0.766025500000E+02  0.346731300000E+02  0.652000000000E+00
    9518 -0.765766400000E+02  0.346750400000E+02  0.550000000000E+00
    9539 -0.765928900000E+02  0.346744400000E+02  0.539000000000E+00
    9582 -0.765650000000E+02  0.346755800000E+02  0.150400000000E+01
    9721 -0.766032600000E+02  0.346761200000E+02  0.607000000000E+00
    9722 -0.766053500000E+02  0.346741800000E+02  0.582000000000E+00
    9805 -0.765679300000E+02  0.346764800000E+02  0.148000000000E+01
    9827 -0.765735200000E+02  0.346763700000E+02  0.422000000000E+00
    9902 -0.765838500000E+02  0.346759700000E+02  0.555000000000E+00
    9912 -0.766060900000E+02  0.346770400000E+02  0.829000000000E+00
    9913 -0.766078800000E+02  0.346752300000E+02  0.158900000000E+01
    9917 -0.765943700000E+02  0.346770100000E+02  0.547000000000E+00
   10006 -0.765609100000E+02  0.346775600000E+02  0.138400000000E+01
   10007 -0.765979000000E+02  0.346775300000E+02  0.113800000000E+01
   10017 -0.765634100000E+02  0.346776300000E+02  0.147400000000E+01
   10070 -0.765803000000E+02  0.346775500000E+02  0.555000000000E+00
   10100 -0.765707900000E+02  0.346778200000E+02  0.150700000000E+01
   10101 -0.766088600000E+02  0.346780000000E+02  0.183000000000E+01
   10102 -0.766108200000E+02  0.346763300000E+02  0.296200000000E+01
   10137 -0.765659200000E+02  0.346782000000E+02  0.187000000000E+01
   10145 -0.765906600000E+02  0.346764800000E+02  0.539000000000E+00
   10146 -0.766011400000E+02  0.346782200000E+02  0.555000000000E+00
   10215 -0.765765200000E+02  0.346782900000E+02  0.655000000000E+00
   10297 -0.766041700000E+02  0.346789900000E+02  0.663000000000E+00
   10314 -0.766115800000E+02  0.346790400000E+02  0.174100000000E+01
   10315 -0.766135600000E+02  0.346773300000E+02  0.131500000000E+01
   10358 -0.765622300000E+02  0.346793000000E+02  0.192500000000E+01
   10364 -0.765921400000E+02  0.346793100000E+02  0.112800000000E+01
   10379 -0.765684000000E+02  0.346792300000E+02  0.386800000000E+01
   10442 -0.765735800000E+02  0.346794500000E+02  0.120400000000E+01
   10452 -0.766070600000E+02  0.346797600000E+02  0.255300000000E+01
   10479 -0.765956800000E+02  0.346798500000E+02  0.105100000000E+01
   10487 -0.766141700000E+02  0.346799100000E+02  0.390400000000E+01
   10488 -0.766159400000E+02  0.346782300000E+02  0.593000000000E+00
   10489 -0.765643000000E+02  0.346799300000E+02  0.139200000000E+01
   10492 -0.765601600000E+02  0.346799100000E+02  0.850000000000E+00
   10526 -0.765845600000E+02  0.346789400000E+02  0.555000000000E+00
   10529 -0.765787900000E+02  0.346801200000E+02  0.657000000000E+00
   10572 -0.765884400000E+02  0.346785200000E+02  0.555000000000E+00
   10582 -0.765990200000E+02  0.346804200000E+02  0.556000000000E+00
   10584 -0.765664700000E+02  0.346803600000E+02  0.183000000000E+01
   10618 -0.766097300000E+02  0.346806000000E+02  0.104000000000E+01
   10621 -0.766166200000E+02  0.346806200000E+02  0.634200000000E+01
   10622 -0.766183100000E+02  0.346791700000E+02  0.603000000000E+00
   10667 -0.765817600000E+02  0.346808100000E+02  0.558000000000E+00
   10674 -0.765709000000E+02  0.346806900000E+02  0.226400000000E+01
   10699 -0.766022000000E+02  0.346810600000E+02  0.603000000000E+00
   10771 -0.766189300000E+02  0.346814300000E+02  0.601400000000E+01
   10772 -0.766205200000E+02  0.346801100000E+02  0.627000000000E+00
   10773 -0.765762600000E+02  0.346812200000E+02  0.141000000000E+01
   10811 -0.765623600000E+02  0.346815000000E+02  0.995000000000E+00
   10821 -0.766052900000E+02  0.346817400000E+02  0.227900000000E+01
   10837 -0.765900400000E+02  0.346818200000E+02  0.653000000000E+00
   10855 -0.765683500000E+02  0.346818200000E+02  0.146100000000E+01
   10893 -0.766123400000E+02  0.346820800000E+02  0.102900000000E+01
   10907 -0.766149700000E+02  0.346821500000E+02  0.120600000000E+01
   10909 -0.765936400000E+02  0.346822100000E+02  0.115400000000E+01
   10917 -0.766081400000E+02  0.346822300000E+02  0.103100000000E+01
   10928 -0.766211300000E+02  0.346822600000E+02  0.418500000000E+01
   10929 -0.766227800000E+02  0.346809000000E+02  0.589000000000E+00
   10976 -0.765734600000E+02  0.346823400000E+02  0.147000000000E+01
   10986 -0.765653800000E+02  0.346826000000E+02  0.914000000000E+00
   10997 -0.766104300000E+02  0.346825000000E+02  0.830000000000E+00
   10999 -0.765969800000E+02  0.346826700000E+02  0.583000000000E+00
   11003 -0.765855500000E+02  0.346815000000E+02  0.555000000000E+00
   11026 -0.766173600000E+02  0.346828300000E+02  0.570000000000E+00
   11042 -0.765594300000E+02  0.346828900000E+02  0.775000000000E+00
   11058 -0.765790900000E+02  0.346827300000E+02  0.181200000000E+01
   11073 -0.766232200000E+02  0.346830700000E+02  0.328300000000E+01
   11074 -0.766248300000E+02  0.346818700000E+02  0.605000000000E+00
   11093 -0.766002000000E+02  0.346832200000E+02  0.567000000000E+00
   11101 -0.766134600000E+02  0.346832700000E+02  0.168900000000E+01
   11151 -0.766196100000E+02  0.346836200000E+02  0.246300000000E+01
   11165 -0.765708200000E+02  0.346834900000E+02  0.145500000000E+01
   11189 -0.766033900000E+02  0.346838400000E+02  0.160400000000E+01
   11193 -0.766251500000E+02  0.346838500000E+02  0.327100000000E+01
   11194 -0.766266000000E+02  0.346825800000E+02  0.568000000000E+00
   11244 -0.766158800000E+02  0.346841900000E+02  0.794000000000E+00
   11254 -0.766096100000E+02  0.346842100000E+02  0.697000000000E+00
   11264 -0.765822600000E+02  0.346839800000E+02  0.134200000000E+01
   11285 -0.766217200000E+02  0.346844100000E+02  0.357200000000E+01
   11304 -0.766269500000E+02  0.346845400000E+02  0.161100000000E+01
   11305 -0.766282300000E+02  0.346833000000E+02  0.572000000000E+00
   11307 -0.766067400000E+02  0.346845500000E+02  0.844000000000E+00
   11313 -0.765626500000E+02  0.346843400000E+02  0.756000000000E+00
   11316 -0.765761000000E+02  0.346844200000E+02  0.278200000000E+01
   11319 -0.765919000000E+02  0.346846600000E+02  0.287400000000E+01
   11351 -0.765885700000E+02  0.346847200000E+02  0.776000000000E+00
   11361 -0.765681200000E+02  0.346845900000E+02  0.893000000000E+00
   11370 -0.765950900000E+02  0.346849500000E+02  0.890000000000E+00
   11378 -0.765731400000E+02  0.346847800000E+02  0.344300000000E+01
   11380 -0.766181700000E+02  0.346849800000E+02  0.555000000000E+00
   11413 -0.766286800000E+02  0.346851700000E+02  0.977000000000E+00
   11414 -0.766298800000E+02  0.346841000000E+02  0.657000000000E+00
   11416 -0.766237200000E+02  0.346851700000E+02  0.361100000000E+01
   11447 -0.765982400000E+02  0.346854100000E+02  0.601000000000E+00
   11469 -0.765568800000E+02  0.346854400000E+02  0.140200000000E+01
   11481 -0.766145100000E+02  0.346856300000E+02  0.165500000000E+01
   11498 -0.766303900000E+02  0.346856700000E+02  0.108900000000E+01
   11499 -0.766313900000E+02  0.346844100000E+02  0.603000000000E+00
   11507 -0.766203200000E+02  0.346857900000E+02  0.555000000000E+00
   11514 -0.765853700000E+02  0.346856700000E+02  0.823000000000E+00
   11521 -0.766256100000E+02  0.346858600000E+02  0.306600000000E+01
   11531 -0.765654100000E+02  0.346856700000E+02  0.555000000000E+00
   11535 -0.766013800000E+02  0.346859400000E+02  0.279900000000E+01
   11542 -0.766321600000E+02  0.346860300000E+02  0.156700000000E+01
   11543 -0.766333500000E+02  0.346846300000E+02  0.574000000000E+00
   11547 -0.766086800000E+02  0.346860000000E+02  0.594000000000E+00
   11550 -0.765793600000E+02  0.346858100000E+02  0.179700000000E+01
   11585 -0.766168400000E+02  0.346862800000E+02  0.558000000000E+00
   11594 -0.766340300000E+02  0.346863300000E+02  0.837000000000E+00
   11595 -0.766352900000E+02  0.346849000000E+02  0.624000000000E+00
   11603 -0.765602200000E+02  0.346863700000E+02  0.102100000000E+01
   11610 -0.766274300000E+02  0.346864500000E+02  0.216000000000E+01
   11623 -0.766223400000E+02  0.346865500000E+02  0.122600000000E+01
   11627 -0.766045400000E+02  0.346865500000E+02  0.945000000000E+00
   11647 -0.765709400000E+02  0.346867500000E+02  0.973000000000E+00
   11667 -0.765743400000E+02  0.346868900000E+02  0.190200000000E+01
   11678 -0.766292000000E+02  0.346869600000E+02  0.206800000000E+01
   11695 -0.765905800000E+02  0.346870900000E+02  0.614000000000E+00
   11700 -0.765631200000E+02  0.346870200000E+02  0.561000000000E+00
   11704 -0.766190300000E+02  0.346871800000E+02  0.555000000000E+00
   11705 -0.766153600000E+02  0.346871500000E+02  0.662000000000E+00
   11706 -0.765934100000E+02  0.346872100000E+02  0.571000000000E+00
   11708 -0.765769900000E+02  0.346871300000E+02  0.365300000000E+01
   11716 -0.766242600000E+02  0.346872700000E+02  0.353600000000E+01
   11726 -0.766074900000E+02  0.346873100000E+02  0.508000000000E+00
   11731 -0.765677600000E+02  0.346871900000E+02  0.779000000000E+00
   11735 -0.766309900000E+02  0.346873800000E+02  0.245400000000E+01
   11765 -0.765963400000E+02  0.346875900000E+02  0.555000000000E+00
   11766 -0.765824300000E+02  0.346873700000E+02  0.137100000000E+01
   11773 -0.765562400000E+02  0.346876100000E+02  0.368600000000E+01
   11784 -0.766328200000E+02  0.346877400000E+02  0.400300000000E+01
   11787 -0.765879400000E+02  0.346876000000E+02  0.805000000000E+00
   11799 -0.765580800000E+02  0.346878200000E+02  0.233200000000E+01
   11803 -0.766261400000E+02  0.346878700000E+02  0.409600000000E+01
   11814 -0.766210400000E+02  0.346879800000E+02  0.555000000000E+00
   11831 -0.766346800000E+02  0.346880700000E+02  0.386800000000E+01
   11833 -0.765993700000E+02  0.346880800000E+02  0.944000000000E+00
   11870 -0.766279700000E+02  0.346883200000E+02  0.453300000000E+01
   11887 -0.765654300000E+02  0.346883000000E+02  0.856000000000E+00
   11890 -0.765615700000E+02  0.346885500000E+02  0.139200000000E+01
   11896 -0.766180400000E+02  0.346885200000E+02  0.555000000000E+00
   11901 -0.765597800000E+02  0.346885100000E+02  0.219800000000E+01
   11903 -0.766024900000E+02  0.346885900000E+02  0.108600000000E+01
   11912 -0.766229500000E+02  0.346886700000E+02  0.555000000000E+00
   11921 -0.766297800000E+02  0.346887400000E+02  0.392900000000E+01
   11932 -0.765692400000E+02  0.346888400000E+02  0.118800000000E+01
   11951 -0.765568400000E+02  0.346890000000E+02  0.109900000000E+01
   11954 -0.765854100000E+02  0.346888700000E+02  0.766000000000E+00
   11958 -0.766057400000E+02  0.346890500000E+02  0.478000000000E+00
   11961 -0.765730400000E+02  0.346890100000E+02  0.219400000000E+01
   11967 -0.765897600000E+02  0.346890400000E+02  0.677000000000E+00
   11970 -0.766316000000E+02  0.346891300000E+02  0.424200000000E+01
   11971 -0.765634000000E+02  0.346889000000E+02  0.253300000000E+01
   11977 -0.765674100000E+02  0.346889700000E+02  0.222600000000E+01
   11990 -0.765758300000E+02  0.346892600000E+02  0.225700000000E+01
   11992 -0.765919200000E+02  0.346892900000E+02  0.562000000000E+00
   11998 -0.765793000000E+02  0.346892500000E+02  0.256000000000E+01
   12004 -0.765710400000E+02  0.346891900000E+02  0.207700000000E+01
   12019 -0.766334500000E+02  0.346894900000E+02  0.361000000000E+01
   12022 -0.766197800000E+02  0.346895200000E+02  0.555000000000E+00
   12023 -0.766248200000E+02  0.346895200000E+02  0.556000000000E+00
   12039 -0.765945700000E+02  0.346897000000E+02  0.559000000000E+00
   12046 -0.766267400000E+02  0.346897800000E+02  0.844000000000E+00
   12054 -0.765605100000E+02  0.346898300000E+02  0.116200000000E+01
   12057 -0.766353200000E+02  0.346898300000E+02  0.153100000000E+01
   12072 -0.765585400000E+02  0.346900000000E+02  0.108400000000E+01
   12073 -0.765644800000E+02  0.346900200000E+02  0.139100000000E+01
   12093 -0.766285300000E+02  0.346901400000E+02  0.853000000000E+00
   12097 -0.766218500000E+02  0.346901900000E+02  0.555000000000E+00
   12106 -0.765973900000E+02  0.346902000000E+02  0.942000000000E+00
   12107 -0.765682200000E+02  0.346902400000E+02  0.112500000000E+01
   12108 -0.765879700000E+02  0.346901700000E+02  0.921000000000E+00
   12114 -0.765664000000E+02  0.346903000000E+02  0.999000000000E+00
   12142 -0.766303500000E+02  0.346905300000E+02  0.862000000000E+00
   12145 -0.766233600000E+02  0.346905100000E+02  0.555000000000E+00
   12159 -0.765624000000E+02  0.346906400000E+02  0.951000000000E+00
   12162 -0.765719800000E+02  0.346906500000E+02  0.114800000000E+01
   12167 -0.765564400000E+02  0.346905200000E+02  0.860000000000E+00
   12172 -0.765700300000E+02  0.346907200000E+02  0.975000000000E+00
   12173 -0.765828600000E+02  0.346906000000E+02  0.244900000000E+01
   12181 -0.766003700000E+02  0.346907400000E+02  0.114700000000E+01
   12191 -0.766322000000E+02  0.346909000000E+02  0.968000000000E+00
   12214 -0.765903500000E+02  0.346910600000E+02  0.109200000000E+01
   12225 -0.766035800000E+02  0.346911800000E+02  0.612000000000E+00
   12231 -0.766256900000E+02  0.346912700000E+02  0.665000000000E+00
   12232 -0.766340900000E+02  0.346912600000E+02  0.219500000000E+01
   12235 -0.766246300000E+02  0.346912500000E+02  0.555000000000E+00
   12243 -0.765741100000E+02  0.346913300000E+02  0.116700000000E+01
   12265 -0.766272800000E+02  0.346915600000E+02  0.690000000000E+00
   12273 -0.766359700000E+02  0.346916000000E+02  0.126600000000E+01
   12274 -0.765602300000E+02  0.346914400000E+02  0.864000000000E+00
   12279 -0.765540700000E+02  0.346916800000E+02  0.701000000000E+00
   12282 -0.765928300000E+02  0.346916600000E+02  0.800000000000E+00
   12298 -0.765858500000E+02  0.346917600000E+02  0.138600000000E+01
   12317 -0.765771600000E+02  0.346919200000E+02  0.242800000000E+01
   12318 -0.766290500000E+02  0.346919300000E+02  0.860000000000E+00
   12326 -0.765648000000E+02  0.346919500000E+02  0.653000000000E+00
   12354 -0.765954700000E+02  0.346922400000E+02  0.376600000000E+01
   12363 -0.766309100000E+02  0.346923100000E+02  0.877000000000E+00
   12385 -0.765680300000E+02  0.346923400000E+02  0.611000000000E+00
   12412 -0.766328200000E+02  0.346926800000E+02  0.340900000000E+01
   12413 -0.765804700000E+02  0.346926900000E+02  0.357800000000E+01
   12418 -0.766246600000E+02  0.346925800000E+02  0.555000000000E+00
   12420 -0.765885200000E+02  0.346927100000E+02  0.266000000000E+01
   12437 -0.765578900000E+02  0.346929100000E+02  0.625000000000E+00
   12440 -0.765982000000E+02  0.346928600000E+02  0.109800000000E+01
   12445 -0.766260100000E+02  0.346929300000E+02  0.719000000000E+00
   12450 -0.766347400000E+02  0.346930400000E+02  0.448300000000E+01
   12466 -0.765716600000E+02  0.346930200000E+02  0.860000000000E+00
   12499 -0.766366300000E+02  0.346933700000E+02  0.114800000000E+01
   12500 -0.766276900000E+02  0.346933200000E+02  0.121300000000E+01
   12520 -0.765910600000E+02  0.346934800000E+02  0.205600000000E+01
   12534 -0.766011900000E+02  0.346935500000E+02  0.603000000000E+00
   12537 -0.765837100000E+02  0.346936600000E+02  0.345900000000E+01
   12549 -0.766295400000E+02  0.346937300000E+02  0.435200000000E+01
   12551 -0.765618100000E+02  0.346938000000E+02  0.569000000000E+00
   12583 -0.766314900000E+02  0.346941200000E+02  0.475400000000E+01
   12585 -0.765750100000E+02  0.346941000000E+02  0.102000000000E+01
   12590 -0.765936200000E+02  0.346941700000E+02  0.288600000000E+01
   12605 -0.766230100000E+02  0.346937600000E+02  0.676000000000E+00
   12606 -0.766245200000E+02  0.346941900000E+02  0.793000000000E+00
   12622 -0.766334800000E+02  0.346944800000E+02  0.903000000000E+00
   12627 -0.765866300000E+02  0.346945300000E+02  0.219500000000E+01
   12648 -0.765656400000E+02  0.346946100000E+02  0.555000000000E+00
   12652 -0.766261800000E+02  0.346946600000E+02  0.338400000000E+01
   12656 -0.766354300000E+02  0.346948200000E+02  0.719000000000E+00
   12664 -0.765962300000E+02  0.346948400000E+02  0.104800000000E+01
   12667 -0.765782200000E+02  0.346948900000E+02  0.136500000000E+01
   12689 -0.766373200000E+02  0.346951000000E+02  0.808000000000E+00
   12696 -0.766280400000E+02  0.346951200000E+02  0.221400000000E+01
   12707 -0.765892600000E+02  0.346952500000E+02  0.120200000000E+01
   12718 -0.766213500000E+02  0.346945100000E+02  0.629000000000E+00
   12719 -0.766227900000E+02  0.346953000000E+02  0.860000000000E+00
   12737 -0.765694700000E+02  0.346955600000E+02  0.619000000000E+00
   12741 -0.766300700000E+02  0.346955800000E+02  0.293400000000E+01
   12754 -0.765816000000E+02  0.346957900000E+02  0.120100000000E+01
   12761 -0.765985500000E+02  0.346955900000E+02  0.629000000000E+00
   12773 -0.766321600000E+02  0.346959300000E+02  0.140500000000E+01
   12785 -0.765917700000E+02  0.346960300000E+02  0.166500000000E+01
   12789 -0.766244800000E+02  0.346959100000E+02  0.862000000000E+00
   12805 -0.766342200000E+02  0.346963100000E+02  0.839000000000E+00
   12817 -0.765729400000E+02  0.346964100000E+02  0.650000000000E+00
   12827 -0.765848300000E+02  0.346965800000E+02  0.737000000000E+00
   12832 -0.766263700000E+02  0.346964600000E+02  0.864000000000E+00
   12833 -0.766361700000E+02  0.346966400000E+02  0.134500000000E+01
   12852 -0.766380100000E+02  0.346967500000E+02  0.154800000000E+01
   12853 -0.765943700000E+02  0.346967500000E+02  0.187400000000E+01
   12874 -0.766284200000E+02  0.346969600000E+02  0.126900000000E+01
   12877 -0.765759900000E+02  0.346970500000E+02  0.706000000000E+00
   12883 -0.765876200000E+02  0.346972000000E+02  0.823000000000E+00
   12904 -0.765971500000E+02  0.346974600000E+02  0.107900000000E+01
   12909 -0.766329600000E+02  0.346974800000E+02  0.676000000000E+00
   12921 -0.765899700000E+02  0.346975300000E+02  0.866000000000E+00
   12928 -0.766307400000E+02  0.346976100000E+02  0.108000000000E+01
   12943 -0.765790700000E+02  0.346977600000E+02  0.893000000000E+00
   12959 -0.766244900000E+02  0.346977700000E+02  0.867000000000E+00
   12969 -0.766386900000E+02  0.346981800000E+02  0.811000000000E+00
   12979 -0.766368600000E+02  0.346983200000E+02  0.237700000000E+01
   13001 -0.766351700000E+02  0.346985100000E+02  0.141600000000E+01
   13003 -0.766266000000E+02  0.346983700000E+02  0.146800000000E+01
   13032 -0.766286700000E+02  0.346986400000E+02  0.753000000000E+00
   13040 -0.765923000000E+02  0.346989700000E+02  0.573000000000E+00
   13051 -0.765860900000E+02  0.346991600000E+02  0.101000000000E+01
   13053 -0.765833200000E+02  0.346991500000E+02  0.158600000000E+01
   13058 -0.766324800000E+02  0.346990500000E+02  0.723000000000E+00
   13103 -0.766304600000E+02  0.346996300000E+02  0.808000000000E+00
   13121 -0.766245300000E+02  0.346997400000E+02  0.232300000000E+01
   13140 -0.765889000000E+02  0.347001700000E+02  0.715000000000E+00
   13181 -0.766271400000E+02  0.347006300000E+02  0.127100000000E+01
   13312 -0.766244000000E+02  0.347016600000E+02  0.124600000000E+01
   13419 -0.765857900000E+02  0.347026900000E+02  0.140900000000E+01
       1 3     8254     8255     8256
       2 3     7970     8132     8255
       3 3     8255     8367     8256
       4 3     8392     8254     8393
       5 3     8255     8132     8367
       6 3     8254     8256     8393
       7 3     8392     8393     8484
       8 3     8132     8578     8367
       9 3     8132     8430     8578
      10 3     8256     8630     8393
      11 3     8256     8367     8630
      12 3     8367     8979     8630
      13 3     8484     8393     9017
      14 3     8367     8578     8979
      15 3     8430     9052     8578
      16 3     8393     9180     9017
      17 3     8430     8849     9052
      18 3     8393     8630     9180
      19 3     9334     9335     9336
      20 3     8578     9379     8979
      21 3     8578     9052     9379
      22 3     9336     9503     9504
      23 3     8630     9518     9180
      24 3     9334     9539     9335
      25 3     8630     8979     9518
      26 3     8849     9582     9052
      27 3     9336     9335     9503
      28 3     9504     9721     9722
      29 3     8849     9494     9582
      30 3     9052     9805     9379
      31 3     9504     9503     9721
      32 3     8979     9827     9518
      33 3     8979     9379     9827
      34 3     9052     9582     9805
      35 3     9017     9180     9902
      36 3     9722     9912     9913
      37 3     9539     9917     9335
      38 3     9722     9721     9912
      39 3     9335    10007     9503
      40 3     9494    10017     9582
      41 3     9180    10070     9902
      42 3     9379    10100     9827
      43 3     9913    10101    10102
      44 3     9180     9518    10070
      45 3     9379     9805    10100
      46 3     9582    10137     9805
      47 3     9494    10006    10017
      48 3     9539    10145     9917
      49 3     9503    10146     9721
      50 3     9335     9917    10007
      51 3     9913     9912    10101
      52 3     9518     9827    10215
      53 3     9582    10017    10137
      54 3     9503    10007    10146
      55 3     9518    10215    10070
      56 3     9721    10297     9912
      57 3    10102    10314    10315
      58 3    10017    10006    10358
      59 3    10145    10364     9917
      60 3     9805    10379    10100
      61 3    10102    10101    10314
      62 3     9805    10137    10379
      63 3     9721    10146    10297
      64 3     9827    10100    10442
      65 3     9912    10452    10101
      66 3     9827    10442    10215
      67 3     9917    10479    10007
      68 3    10315    10487    10488
      69 3    10017    10489    10137
      70 3     9902    10070    10526
      71 3    10070    10215    10529
      72 3    10006    10492    10358
      73 3    10017    10358    10489
      74 3     9912    10297    10452
      75 3    10315    10314    10487
      76 3    10145    10572    10364
      77 3    10007    10582    10146
      78 3    10137    10584    10379
      79 3    10101    10618    10314
      80 3    10488    10621    10622
      81 3    10137    10489    10584
      82 3     9917    10364    10479
      83 3    10070    10667    10526
      84 3    10100    10379    10674
      85 3    10100    10674    10442
      86 3    10488    10487    10621
      87 3    10146    10699    10297
      88 3    10101    10452    10618
      89 3    10007    10479    10582
      90 3    10070    10529    10667
      91 3    10622    10771    10772
      92 3    10215    10442    10773
      93 3    10215    10773    10529
      94 3    10358    10811    10489
      95 3    10297    10821    10452
      96 3    10146    10582    10699
      97 3    10572    10837    10364
      98 3    10622    10621    10771
      99 3    10358    10492    10811
     100 3    10379    10584    10855
     101 3    10314    10893    10487
     102 3    10379    10855    10674
     103 3    10487    10907    10621
     104 3    10364    10909    10479
     105 3    10452    10917    10618
     106 3    10772    10928    10929
     107 3    10314    10618    10893
     108 3    10297    10699    10821
     109 3    10442    10674    10976
     110 3    10584    10489    10986
     111 3    10772    10771    10928
     112 3    10618    10997    10893
     113 3    10479    10999    10582
     114 3    10442    10976    10773
     115 3    10526    10667    11003
     116 3    10621    11026    10771
     117 3    10487    10893    10907
     118 3    10452    10821    10917
     119 3    10529    11058    10667
     120 3    10618    10917    10997
     121 3    10929    11073    11074
     122 3    10529    10773    11058
     123 3    10364    10837    10909
     124 3    10582    11093    10699
     125 3    10572    11003    10837
     126 3    10489    10811    10986
     127 3    10893    11101    10907
     128 3    10621    10907    11026
     129 3    10492    11042    10811
     130 3    10929    10928    11073
     131 3    10584    10986    10855
     132 3    10479    10909    10999
     133 3    10771    11151    10928
     134 3    10674    10855    11165
     135 3    10674    11165    10976
     136 3    10699    11189    10821
     137 3    11074    11193    11194
     138 3    10582    10999    11093
     139 3    10771    11026    11151
     140 3    11074    11073    11193
     141 3    10907    11244    11026
     142 3    10997    10917    11254
     143 3    10667    11264    11003
     144 3    10928    11285    11073
     145 3    10667    11058    11264
     146 3    11194    11304    11305
     147 3    10917    10821    11307
     148 3    10699    11093    11189
     149 3    10811    11313    10986
     150 3    10773    10976    11316
     151 3    10909    10837    11319
     152 3    10928    11151    11285
     153 3    10773    11316    11058
     154 3    11194    11193    11304
     155 3    10907    11101    11244
     156 3    10837    11003    11351
     157 3    10855    10986    11361
     158 3    10811    11042    11313
     159 3    10909    11370    10999
     160 3    10855    11361    11165
     161 3    10976    11165    11378
     162 3    11026    11380    11151
     163 3    11305    11413    11414
     164 3    11073    11416    11193
     165 3    10917    11307    11254
     166 3    10821    11189    11307
     167 3    11305    11304    11413
     168 3    10999    11447    11093
     169 3    11026    11244    11380
     170 3    10976    11378    11316
     171 3    11073    11285    11416
     172 3    11244    11101    11481
     173 3    10837    11351    11319
     174 3    11414    11498    11499
     175 3    11151    11507    11285
     176 3    10909    11319    11370
     177 3    11003    11264    11514
     178 3    11193    11521    11304
     179 3    10986    11531    11361
     180 3    10986    11313    11531
     181 3    11093    11535    11189
     182 3    11003    11514    11351
     183 3    11414    11413    11498
     184 3    11499    11542    11543
     185 3    11254    11307    11547
     186 3    11058    11550    11264
     187 3    11193    11416    11521
     188 3    11151    11380    11507
     189 3    10999    11370    11447
     190 3    11244    11585    11380
     191 3    11058    11316    11550
     192 3    11543    11594    11595
     193 3    11042    11603    11313
     194 3    11499    11498    11542
     195 3    11304    11610    11413
     196 3    11285    11623    11416
     197 3    11189    11627    11307
     198 3    11093    11447    11535
     199 3    11304    11521    11610
     200 3    11543    11542    11594
     201 3    11244    11481    11585
     202 3    11165    11647    11378
     203 3    11285    11507    11623
     204 3    11042    11469    11603
     205 3    11378    11667    11316
     206 3    11413    11678    11498
     207 3    11165    11361    11647
     208 3    11319    11351    11695
     209 3    11313    11700    11531
     210 3    11380    11704    11507
     211 3    11481    11705    11585
     212 3    11319    11706    11370
     213 3    11316    11708    11550
     214 3    11413    11610    11678
     215 3    11416    11716    11521
     216 3    11189    11535    11627
     217 3    11547    11307    11726
     218 3    11361    11531    11731
     219 3    11498    11735    11542
     220 3    11416    11623    11716
     221 3    11380    11585    11704
     222 3    11313    11603    11700
     223 3    11370    11765    11447
     224 3    11264    11766    11514
     225 3    11316    11667    11708
     226 3    11264    11550    11766
     227 3    11498    11678    11735
     228 3    11542    11784    11594
     229 3    11351    11514    11787
     230 3    11469    11799    11603
     231 3    11521    11803    11610
     232 3    11307    11627    11726
     233 3    11361    11731    11647
     234 3    11319    11695    11706
     235 3    11507    11814    11623
     236 3    11351    11787    11695
     237 3    11469    11773    11799
     238 3    11447    11833    11535
     239 3    11542    11735    11784
     240 3    11521    11716    11803
     241 3    11378    11647    11667
     242 3    11507    11704    11814
     243 3    11370    11706    11765
     244 3    11610    11870    11678
     245 3    11594    11784    11831
     246 3    11531    11700    11887
     247 3    11531    11887    11731
     248 3    11603    11890    11700
     249 3    11704    11585    11896
     250 3    11603    11799    11901
     251 3    11535    11903    11627
     252 3    11610    11803    11870
     253 3    11623    11912    11716
     254 3    11678    11921    11735
     255 3    11447    11765    11833
     256 3    11731    11932    11647
     257 3    11603    11901    11890
     258 3    11623    11814    11912
     259 3    11773    11951    11799
     260 3    11514    11954    11787
     261 3    11627    11958    11726
     262 3    11667    11647    11961
     263 3    11678    11870    11921
     264 3    11695    11787    11967
     265 3    11735    11970    11784
     266 3    11700    11971    11887
     267 3    11514    11766    11954
     268 3    11731    11887    11977
     269 3    11700    11890    11971
     270 3    11708    11667    11990
     271 3    11585    11705    11896
     272 3    11695    11992    11706
     273 3    11550    11708    11998
     274 3    11731    11977    11932
     275 3    11535    11833    11903
     276 3    11647    11932    12004
     277 3    11647    12004    11961
     278 3    11735    11921    11970
     279 3    11784    12019    11831
     280 3    11814    11704    12022
     281 3    11716    12023    11803
     282 3    11550    11998    11766
     283 3    11704    11896    12022
     284 3    11706    12039    11765
     285 3    11716    11912    12023
     286 3    11695    11967    11992
     287 3    11803    12046    11870
     288 3    11901    12054    11890
     289 3    11784    11970    12019
     290 3    11627    11903    11958
     291 3    11667    11961    11990
     292 3    11799    12072    11901
     293 3    11971    12073    11887
     294 3    11799    11951    12072
     295 3    11870    12093    11921
     296 3    11803    12023    12046
     297 3    11912    11814    12097
     298 3    11831    12019    12057
     299 3    11765    12106    11833
     300 3    11977    12107    11932
     301 3    11787    12108    11967
     302 3    11706    11992    12039
     303 3    11977    11887    12114
     304 3    11870    12046    12093
     305 3    11787    11954    12108
     306 3    11814    12022    12097
     307 3    11921    12142    11970
     308 3    11912    12145    12023
     309 3    11901    12072    12054
     310 3    11708    11990    11998
     311 3    11971    11890    12159
     312 3    12004    12162    11961
     313 3    11887    12073    12114
     314 3    11912    12097    12145
     315 3    12004    11932    12172
     316 3    11766    12173    11954
     317 3    11833    12181    11903
     318 3    11765    12039    12106
     319 3    11921    12093    12142
     320 3    11890    12054    12159
     321 3    11977    12114    12107
     322 3    11970    12191    12019
     323 3    11932    12107    12172
     324 3    11951    12167    12072
     325 3    11967    12214    11992
     326 3    11971    12159    12073
     327 3    11766    11998    12173
     328 3    11903    12225    11958
     329 3    12023    12231    12046
     330 3    12019    12232    12057
     331 3    11970    12142    12191
     332 3    12023    12145    12235
     333 3    12004    12172    12162
     334 3    11961    12243    11990
     335 3    12023    12235    12231
     336 3    11833    12106    12181
     337 3    12046    12265    12093
     338 3    11967    12108    12214
     339 3    11961    12162    12243
     340 3    12054    12072    12274
     341 3    12019    12191    12232
     342 3    11992    12282    12039
     343 3    12046    12231    12265
     344 3    11954    12298    12108
     345 3    11990    12317    11998
     346 3    12093    12318    12142
     347 3    12054    12274    12159
     348 3    12057    12232    12273
     349 3    11903    12181    12225
     350 3    12073    12326    12114
     351 3    11992    12214    12282
     352 3    11954    12173    12298
     353 3    12093    12265    12318
     354 3    12039    12354    12106
     355 3    12142    12363    12191
     356 3    12073    12159    12326
     357 3    12107    12114    12385
     358 3    11990    12243    12317
     359 3    12107    12385    12172
     360 3    12142    12318    12363
     361 3    12191    12412    12232
     362 3    11998    12413    12173
     363 3    12235    12418    12231
     364 3    12108    12420    12214
     365 3    12039    12282    12354
     366 3    12072    12167    12437
     367 3    12106    12440    12181
     368 3    12231    12445    12265
     369 3    12232    12450    12273
     370 3    12191    12363    12412
     371 3    12231    12418    12445
     372 3    12072    12437    12274
     373 3    12162    12172    12466
     374 3    12108    12298    12420
     375 3    11998    12317    12413
     376 3    12106    12354    12440
     377 3    12265    12500    12318
     378 3    12232    12412    12450
     379 3    12162    12466    12243
     380 3    12214    12520    12282
     381 3    12114    12326    12385
     382 3    12265    12445    12500
     383 3    12181    12534    12225
     384 3    12173    12537    12298
     385 3    12318    12549    12363
     386 3    12273    12450    12499
     387 3    12159    12274    12551
     388 3    12214    12420    12520
     389 3    12318    12500    12549
     390 3    12181    12440    12534
     391 3    12363    12583    12412
     392 3    12243    12585    12317
     393 3    12282    12590    12354
     394 3    12159    12551    12326
     395 3    12173    12413    12537
     396 3    12418    12605    12606
     397 3    12172    12385    12466
     398 3    12418    12606    12445
     399 3    12167    12279    12437
     400 3    12412    12622    12450
     401 3    12363    12549    12583
     402 3    12298    12627    12420
     403 3    12282    12520    12590
     404 3    12326    12648    12385
     405 3    12445    12652    12500
     406 3    12450    12656    12499
     407 3    12445    12606    12652
     408 3    12243    12466    12585
     409 3    12354    12664    12440
     410 3    12412    12583    12622
     411 3    12317    12667    12413
     412 3    12298    12537    12627
     413 3    12500    12696    12549
     414 3    12450    12622    12656
     415 3    12420    12707    12520
     416 3    12354    12590    12664
     417 3    12274    12437    12551
     418 3    12605    12718    12719
     419 3    12500    12652    12696
     420 3    12499    12656    12689
     421 3    12317    12585    12667
     422 3    12385    12737    12466
     423 3    12549    12741    12583
     424 3    12605    12719    12606
     425 3    12420    12627    12707
     426 3    12326    12551    12648
     427 3    12413    12754    12537
     428 3    12440    12664    12761
     429 3    12440    12761    12534
     430 3    12583    12773    12622
     431 3    12549    12696    12741
     432 3    12520    12785    12590
     433 3    12606    12719    12789
     434 3    12606    12789    12652
     435 3    12622    12805    12656
     436 3    12466    12817    12585
     437 3    12583    12741    12773
     438 3    12520    12707    12785
     439 3    12413    12667    12754
     440 3    12385    12648    12737
     441 3    12537    12827    12627
     442 3    12652    12832    12696
     443 3    12656    12833    12689
     444 3    12652    12789    12832
     445 3    12622    12773    12805
     446 3    12590    12853    12664
     447 3    12656    12805    12833
     448 3    12466    12737    12817
     449 3    12696    12874    12741
     450 3    12585    12877    12667
     451 3    12627    12883    12707
     452 3    12590    12785    12853
     453 3    12689    12833    12852
     454 3    12537    12754    12827
     455 3    12696    12832    12874
     456 3    12761    12664    12904
     457 3    12773    12909    12805
     458 3    12707    12921    12785
     459 3    12741    12928    12773
     460 3    12585    12817    12877
     461 3    12627    12827    12883
     462 3    12667    12943    12754
     463 3    12664    12853    12904
     464 3    12707    12883    12921
     465 3    12789    12959    12832
     466 3    12741    12874    12928
     467 3    12773    12928    12909
     468 3    12833    12979    12852
     469 3    12667    12877    12943
     470 3    12833    12805    13001
     471 3    12832    13003    12874
     472 3    12832    12959    13003
     473 3    12852    12979    12969
     474 3    12833    13001    12979
     475 3    12805    12909    13001
     476 3    12874    13032    12928
     477 3    12785    13040    12853
     478 3    12874    13003    13032
     479 3    12883    12827    13051
     480 3    12785    12921    13040
     481 3    12827    12754    13053
     482 3    12909    12928    13058
     483 3    12928    13032    13103
     484 3    12827    13053    13051
     485 3    12928    13103    13058
     486 3    12909    13058    13001
     487 3    12959    13121    13003
     488 3    12921    12883    13140
     489 3    12754    12943    13053
     490 3    12883    13051    13140
     491 3    13003    13181    13032
     492 3    12921    13140    13040
     493 3    13003    13121    13181
     494 3    13032    13181    13103
     495 3    13121    13312    13181
     496 3    13051    13053    13419
     497 3    13051    13419    13140
 0                                                                              
 0                                                                              
 4                                                                              
 72                                                                             
      30       1                                                                
   11595
   11543
   11499
   11414
   11305
   11194
   11074
   10929
   10772
   10622
   10488
   10315
   10102
    9913
    9722
    9504
    9336
    9334
    9539
   10145
   10572
   11003
   10526
    9902
    9017
    8484
    8392
    8254
    8255
    7970
      22       1                                                                
   10893
   11101
   11481
   11705
   11896
   12022
   12097
   12145
   12235
   12418
   12605
   12718
   12904
   12761
   12534
   12225
   11958
   11726
   11547
   11254
   10997
   10893
      10       1                                                                
   12279
   12437
   12551
   12648
   12737
   12817
   12877
   12943
   13053
   13419
       8       1                                                                
   12969
   13312
   13181
   13103
   13058
   13001
   12979
   12969
