bi_1997_v2.grd                                                                  
     441     278
   10737 -0.771187700000E+02  0.346812500000E+02  0.199600000000E+01
   10738 -0.771192400000E+02  0.346809500000E+02  0.911000000000E+00
   10780 -0.771193200000E+02  0.346815100000E+02  0.193500000000E+01
   10781 -0.771197800000E+02  0.346812100000E+02  0.102200000000E+01
   10830 -0.771198800000E+02  0.346817700000E+02  0.190100000000E+01
   10831 -0.771203200000E+02  0.346814800000E+02  0.113800000000E+01
   10846 -0.771188400000E+02  0.346818200000E+02  0.390800000000E+01
   10882 -0.771204100000E+02  0.346820000000E+02  0.228900000000E+01
   10883 -0.771208300000E+02  0.346817600000E+02  0.126000000000E+01
   10894 -0.771194300000E+02  0.346820800000E+02  0.390400000000E+01
   10901 -0.771208500000E+02  0.346821200000E+02  0.235200000000E+01
   10902 -0.771212100000E+02  0.346819400000E+02  0.133700000000E+01
   10905 -0.771183200000E+02  0.346821300000E+02  0.378800000000E+01
   10932 -0.771200000000E+02  0.346823200000E+02  0.389300000000E+01
   10936 -0.771224700000E+02  0.346821400000E+02  0.146900000000E+01
   10942 -0.771211800000E+02  0.346823700000E+02  0.310700000000E+01
   10950 -0.771189700000E+02  0.346824100000E+02  0.381600000000E+01
   10953 -0.771216000000E+02  0.346821300000E+02  0.151300000000E+01
   10974 -0.771206200000E+02  0.346825300000E+02  0.390700000000E+01
   10980 -0.771225800000E+02  0.346825600000E+02  0.176600000000E+01
   10991 -0.771195600000E+02  0.346826400000E+02  0.383700000000E+01
   10992 -0.771216400000E+02  0.346826300000E+02  0.325900000000E+01
   10993 -0.771220900000E+02  0.346823700000E+02  0.186800000000E+01
   11010 -0.771184700000E+02  0.346827300000E+02  0.356200000000E+01
   11033 -0.771221600000E+02  0.346828500000E+02  0.316900000000E+01
   11041 -0.771200900000E+02  0.346828800000E+02  0.385000000000E+01
   11045 -0.771211500000E+02  0.346828900000E+02  0.390800000000E+01
   11054 -0.771227000000E+02  0.346830100000E+02  0.287600000000E+01
   11059 -0.771191900000E+02  0.346830400000E+02  0.357800000000E+01
   11081 -0.771196800000E+02  0.346831400000E+02  0.363700000000E+01
   11086 -0.771216800000E+02  0.346831500000E+02  0.390200000000E+01
   11090 -0.771206300000E+02  0.346831700000E+02  0.383600000000E+01
   11120 -0.771222500000E+02  0.346833600000E+02  0.390500000000E+01
   11131 -0.771200900000E+02  0.346834600000E+02  0.360700000000E+01
   11134 -0.771211700000E+02  0.346834600000E+02  0.383300000000E+01
   11141 -0.771228400000E+02  0.346835200000E+02  0.389500000000E+01
   11162 -0.771194500000E+02  0.346837000000E+02  0.337400000000E+01
   11172 -0.771217300000E+02  0.346837200000E+02  0.383000000000E+01
   11184 -0.771121700000E+02  0.346837500000E+02  0.271300000000E+01
   11185 -0.771206400000E+02  0.346837800000E+02  0.360500000000E+01
   11188 -0.771187400000E+02  0.346834000000E+02  0.332200000000E+01
   11192 -0.771142000000E+02  0.346838600000E+02  0.327600000000E+01
   11212 -0.771223300000E+02  0.346839400000E+02  0.384700000000E+01
   11229 -0.771212000000E+02  0.346840700000E+02  0.361900000000E+01
   11230 -0.771230300000E+02  0.346841200000E+02  0.389300000000E+01
   11236 -0.771200700000E+02  0.346840900000E+02  0.336300000000E+01
   11270 -0.771182700000E+02  0.346837400000E+02  0.330000000000E+01
   11271 -0.771188500000E+02  0.346843500000E+02  0.330000000000E+01
   11273 -0.771217700000E+02  0.346843200000E+02  0.362000000000E+01
   11282 -0.771195500000E+02  0.346843900000E+02  0.330000000000E+01
   11291 -0.771206400000E+02  0.346844400000E+02  0.336500000000E+01
   11318 -0.771223500000E+02  0.346845800000E+02  0.362200000000E+01
   11333 -0.771229500000E+02  0.346846800000E+02  0.269400000000E+01
   11335 -0.771212400000E+02  0.346847300000E+02  0.338400000000E+01
   11337 -0.771174700000E+02  0.346844200000E+02  0.330000000000E+01
   11338 -0.771180400000E+02  0.346847900000E+02  0.330000000000E+01
   11339 -0.771200400000E+02  0.346847700000E+02  0.330100000000E+01
   11365 -0.771217700000E+02  0.346848700000E+02  0.342500000000E+01
   11377 -0.771225200000E+02  0.346849500000E+02  0.210200000000E+01
   11397 -0.771193400000E+02  0.346850500000E+02  0.330000000000E+01
   11409 -0.771220900000E+02  0.346851700000E+02  0.172200000000E+01
   11411 -0.771133300000E+02  0.346851300000E+02  0.249100000000E+01
   11415 -0.771206700000E+02  0.346851500000E+02  0.329800000000E+01
   11419 -0.771232600000E+02  0.346852200000E+02  0.638000000000E+00
   11430 -0.771166900000E+02  0.346850100000E+02  0.330000000000E+01
   11431 -0.771173100000E+02  0.346853000000E+02  0.330000000000E+01
   11438 -0.771003200000E+02  0.346828000000E+02  0.208000000000E+01
   11439 -0.770969200000E+02  0.346821200000E+02  0.208000000000E+01
   11440 -0.770984600000E+02  0.346853500000E+02  0.208000000000E+01
   11443 -0.771185400000E+02  0.346853500000E+02  0.330000000000E+01
   11464 -0.771213800000E+02  0.346855600000E+02  0.117600000000E+01
   11465 -0.771199700000E+02  0.346855200000E+02  0.328600000000E+01
   11474 -0.771178300000E+02  0.346856000000E+02  0.330000000000E+01
   11491 -0.771150400000E+02  0.346848200000E+02  0.312500000000E+01
   11512 -0.771099500000E+02  0.346845100000E+02  0.237000000000E+01
   11513 -0.771112400000E+02  0.346858400000E+02  0.208200000000E+01
   11520 -0.771166400000E+02  0.346857900000E+02  0.330000000000E+01
   11524 -0.771158400000E+02  0.346855700000E+02  0.317100000000E+01
   11526 -0.771207700000E+02  0.346858600000E+02  0.889000000000E+00
   11533 -0.771191000000E+02  0.346859400000E+02  0.330000000000E+01
   11556 -0.771081400000E+02  0.346850100000E+02  0.213000000000E+01
   11557 -0.771094100000E+02  0.346860800000E+02  0.208100000000E+01
   11561 -0.770949600000E+02  0.346847400000E+02  0.208000000000E+01
   11568 -0.771172000000E+02  0.346861900000E+02  0.330000000000E+01
   11606 -0.771199000000E+02  0.346863600000E+02  0.911000000000E+00
   11608 -0.771180700000E+02  0.346863900000E+02  0.330000000000E+01
   11612 -0.771146200000E+02  0.346864100000E+02  0.277200000000E+01
   11628 -0.771018800000E+02  0.346856500000E+02  0.208000000000E+01
   11664 -0.771161500000E+02  0.346869000000E+02  0.330000000000E+01
   11683 -0.771187900000E+02  0.346869900000E+02  0.137300000000E+01
   11711 -0.771172100000E+02  0.346871600000E+02  0.309300000000E+01
   11715 -0.771077300000E+02  0.346871500000E+02  0.208000000000E+01
   11720 -0.771057100000E+02  0.346856600000E+02  0.208000000000E+01
   11748 -0.771178400000E+02  0.346874800000E+02  0.239600000000E+01
   11774 -0.771126100000E+02  0.346876800000E+02  0.209300000000E+01
   11811 -0.771099600000E+02  0.346878700000E+02  0.208000000000E+01
   11842 -0.771038700000E+02  0.346858400000E+02  0.208000000000E+01
   11843 -0.771054100000E+02  0.346880600000E+02  0.208000000000E+01
   11863 -0.770966600000E+02  0.346883000000E+02  0.208000000000E+01
   11879 -0.771028700000E+02  0.346884200000E+02  0.208000000000E+01
   11881 -0.771147500000E+02  0.346883700000E+02  0.287500000000E+01
   11885 -0.771000000000E+02  0.346884700000E+02  0.208000000000E+01
   11933 -0.771168100000E+02  0.346888200000E+02  0.300000000000E+01
   11995 -0.770929000000E+02  0.346883900000E+02  0.208000000000E+01
   12001 -0.771185800000E+02  0.346886700000E+02  0.784000000000E+00
   12065 -0.771133000000E+02  0.346898700000E+02  0.233100000000E+01
   12086 -0.771180500000E+02  0.346900500000E+02  0.261400000000E+01
   12109 -0.771110700000E+02  0.346902500000E+02  0.208000000000E+01
   12117 -0.771193800000E+02  0.346899100000E+02  0.143200000000E+01
   12126 -0.771077600000E+02  0.346902400000E+02  0.208000000000E+01
   12169 -0.771150100000E+02  0.346905600000E+02  0.257300000000E+01
   12207 -0.771044900000E+02  0.346910500000E+02  0.208000000000E+01
   12226 -0.770950500000E+02  0.346912300000E+02  0.208000000000E+01
   12245 -0.771168400000E+02  0.346913600000E+02  0.244200000000E+01
   12252 -0.771015900000E+02  0.346914400000E+02  0.208000000000E+01
   12258 -0.771186500000E+02  0.346915000000E+02  0.224900000000E+01
   12276 -0.770985600000E+02  0.346916400000E+02  0.208000000000E+01
   12323 -0.771205000000E+02  0.346915700000E+02  0.208000000000E+01
   12386 -0.771152700000E+02  0.346924400000E+02  0.228100000000E+01
   12406 -0.771130900000E+02  0.346924900000E+02  0.208200000000E+01
   12444 -0.771177600000E+02  0.346929900000E+02  0.208100000000E+01
   12463 -0.771193700000E+02  0.346931200000E+02  0.208000000000E+01
   12469 -0.771163700000E+02  0.346931800000E+02  0.208800000000E+01
   12496 -0.771096700000E+02  0.346933600000E+02  0.208000000000E+01
   12569 -0.771059600000E+02  0.346939300000E+02  0.208000000000E+01
   12593 -0.771033600000E+02  0.346942200000E+02  0.208000000000E+01
   12604 -0.771183700000E+02  0.346943400000E+02  0.208000000000E+01
   12621 -0.771169400000E+02  0.346944600000E+02  0.208000000000E+01
   12637 -0.771150500000E+02  0.346946300000E+02  0.208000000000E+01
   12657 -0.771002500000E+02  0.346948400000E+02  0.208000000000E+01
   12720 -0.771176000000E+02  0.346954300000E+02  0.208000000000E+01
   12749 -0.770978000000E+02  0.346955800000E+02  0.208000000000E+01
   12798 -0.771164600000E+02  0.346961900000E+02  0.208000000000E+01
   12815 -0.771122500000E+02  0.346963300000E+02  0.208000000000E+01
   12862 -0.771079300000E+02  0.346969100000E+02  0.208000000000E+01
   12891 -0.771150000000E+02  0.346973000000E+02  0.208000000000E+01
   12905 -0.771176700000E+02  0.346974400000E+02  0.208000000000E+01
   12948 -0.771018200000E+02  0.346978900000E+02  0.208000000000E+01
   12949 -0.771165100000E+02  0.346978500000E+02  0.208000000000E+01
   12989 -0.771048900000E+02  0.346976000000E+02  0.208000000000E+01
   13006 -0.770983700000E+02  0.346982800000E+02  0.208000000000E+01
   13047 -0.771177200000E+02  0.346990200000E+02  0.208000000000E+01
   13070 -0.771157100000E+02  0.346993100000E+02  0.208000000000E+01
   13087 -0.770943800000E+02  0.346986600000E+02  0.208000000000E+01
   13092 -0.771140100000E+02  0.346995100000E+02  0.208000000000E+01
   13143 -0.771110000000E+02  0.347001000000E+02  0.208000000000E+01
   13205 -0.771075000000E+02  0.347000700000E+02  0.208000000000E+01
   13209 -0.771038700000E+02  0.347009600000E+02  0.208000000000E+01
   13251 -0.771001700000E+02  0.347014100000E+02  0.208000000000E+01
   13252 -0.770958200000E+02  0.347013300000E+02  0.208000000000E+01
   13527 -0.771100500000E+02  0.347038000000E+02  0.208000000000E+01
   13542 -0.771063200000E+02  0.347041000000E+02  0.208000000000E+01
   13578 -0.771142500000E+02  0.347039900000E+02  0.208000000000E+01
   13626 -0.771025500000E+02  0.347046700000E+02  0.208000000000E+01
   13731 -0.770985900000E+02  0.347053400000E+02  0.208000000000E+01
   13937 -0.770904400000E+02  0.347047800000E+02  0.208000000000E+01
   13938 -0.770945300000E+02  0.347066600000E+02  0.208000000000E+01
   13991 -0.771124400000E+02  0.347071900000E+02  0.208000000000E+01
   14031 -0.771088300000E+02  0.347073200000E+02  0.208000000000E+01
   14072 -0.771148000000E+02  0.347071800000E+02  0.208000000000E+01
   14116 -0.771050900000E+02  0.347077600000E+02  0.208000000000E+01
   14216 -0.771012300000E+02  0.347084500000E+02  0.208000000000E+01
   14227 -0.770915100000E+02  0.347084400000E+02  0.208000000000E+01
   14369 -0.770972400000E+02  0.347094800000E+02  0.208000000000E+01
   14510 -0.771113400000E+02  0.347104000000E+02  0.208000000000E+01
   14522 -0.770935800000E+02  0.347105900000E+02  0.208000000000E+01
   14548 -0.771076800000E+02  0.347106900000E+02  0.208000000000E+01
   14644 -0.771153900000E+02  0.347104200000E+02  0.208000000000E+01
   14657 -0.771039700000E+02  0.347112800000E+02  0.208000000000E+01
   14672 -0.770884900000E+02  0.347098700000E+02  0.208000000000E+01
   14673 -0.770903600000E+02  0.347114300000E+02  0.208000000000E+01
   14843 -0.770999800000E+02  0.347121800000E+02  0.208000000000E+01
   15101 -0.770869400000E+02  0.347115900000E+02  0.208000000000E+01
   15110 -0.771135800000E+02  0.347133100000E+02  0.208000000000E+01
   15156 -0.771101600000E+02  0.347134100000E+02  0.208000000000E+01
   15196 -0.770955600000E+02  0.347136700000E+02  0.208000000000E+01
   15249 -0.770922900000E+02  0.347138900000E+02  0.208000000000E+01
   15303 -0.771067300000E+02  0.347139600000E+02  0.208000000000E+01
   15347 -0.770893800000E+02  0.347141900000E+02  0.208000000000E+01
   15453 -0.771173200000E+02  0.347139100000E+02  0.208000000000E+01
   15480 -0.771030700000E+02  0.347146500000E+02  0.208000000000E+01
   15648 -0.771122000000E+02  0.347156100000E+02  0.208000000000E+01
   15663 -0.770988000000E+02  0.347155400000E+02  0.208000000000E+01
   15725 -0.771150900000E+02  0.347160700000E+02  0.208000000000E+01
   15861 -0.771094400000E+02  0.347164800000E+02  0.208000000000E+01
   15897 -0.771179400000E+02  0.347159200000E+02  0.208000000000E+01
   15998 -0.771060400000E+02  0.347172400000E+02  0.208000000000E+01
   16143 -0.771028800000E+02  0.347176700000E+02  0.208000000000E+01
   16287 -0.771127200000E+02  0.347187600000E+02  0.208000000000E+01
   16289 -0.771162890000E+02  0.347191850000E+02  0.208000000000E+01
   16503 -0.771087700000E+02  0.347199000000E+02  0.208000000000E+01
   16665 -0.771053600000E+02  0.347207400000E+02  0.208000000000E+01
   17038 -0.771154300000E+02  0.347219500000E+02  0.208000000000E+01
   17187 -0.771114000000E+02  0.347223900000E+02  0.208000000000E+01
   17256 -0.770997900000E+02  0.347201800000E+02  0.208000000000E+01
   17257 -0.771020800000E+02  0.347226800000E+02  0.208000000000E+01
   17514 -0.771047400000E+02  0.347231800000E+02  0.208000000000E+01
   17539 -0.771202100000E+02  0.347218100000E+02  0.208000000000E+01
   17572 -0.771076700000E+02  0.347237900000E+02  0.208000000000E+01
   17796 -0.771176800000E+02  0.347248600000E+02  0.208000000000E+01
   17816 -0.771099800000E+02  0.347249300000E+02  0.208000000000E+01
   17818 -0.771138000000E+02  0.347249800000E+02  0.208000000000E+01
   17874 -0.771211200000E+02  0.347249000000E+02  0.208000000000E+01
   17875 -0.771249200000E+02  0.347229800000E+02  0.208000000000E+01
   18061 -0.771294500000E+02  0.347241100000E+02  0.208000000000E+01
   18062 -0.771270800000E+02  0.347269100000E+02  0.208000000000E+01
   18082 -0.771232500000E+02  0.347271800000E+02  0.208000000000E+01
   18108 -0.771305500000E+02  0.347271000000E+02  0.208000000000E+01
   18109 -0.771343500000E+02  0.347252900000E+02  0.208000000000E+01
   18120 -0.771195800000E+02  0.347276700000E+02  0.208000000000E+01
   18135 -0.771159000000E+02  0.347278500000E+02  0.208000000000E+01
   18142 -0.771124200000E+02  0.347279000000E+02  0.208000000000E+01
   18205 -0.771369300000E+02  0.347290700000E+02  0.666000000000E+00
   18206 -0.771401200000E+02  0.347266600000E+02  0.599000000000E+00
   18219 -0.771092900000E+02  0.347288300000E+02  0.208000000000E+01
   18224 -0.771327800000E+02  0.347292700000E+02  0.208000000000E+01
   18271 -0.771290700000E+02  0.347299300000E+02  0.208000000000E+01
   18275 -0.771115400000E+02  0.347298700000E+02  0.208000000000E+01
   18283 -0.771252400000E+02  0.347301800000E+02  0.208000000000E+01
   18302 -0.771215700000E+02  0.347304800000E+02  0.208000000000E+01
   18326 -0.771179100000E+02  0.347307500000E+02  0.208000000000E+01
   18336 -0.771140100000E+02  0.347309300000E+02  0.208000000000E+01
   18368 -0.771340800000E+02  0.347312200000E+02  0.129300000000E+01
   18492 -0.771317100000E+02  0.347330100000E+02  0.208000000000E+01
   18503 -0.771270100000E+02  0.347331400000E+02  0.208000000000E+01
   18519 -0.771234700000E+02  0.347334000000E+02  0.208000000000E+01
   18539 -0.771199800000E+02  0.347337200000E+02  0.208000000000E+01
   18548 -0.771164600000E+02  0.347338600000E+02  0.208000000000E+01
   18609 -0.771130100000E+02  0.347337000000E+02  0.208000000000E+01
   18707 -0.771250500000E+02  0.347362300000E+02  0.208000000000E+01
   18733 -0.771275400000E+02  0.347361100000E+02  0.208000000000E+01
   18736 -0.771219100000E+02  0.347366800000E+02  0.208000000000E+01
   18752 -0.771153000000E+02  0.347369000000E+02  0.208000000000E+01
   18766 -0.771185300000E+02  0.347371600000E+02  0.208000000000E+01
   18848 -0.771115000000E+02  0.347381100000E+02  0.208000000000E+01
   18854 -0.771265400000E+02  0.347387000000E+02  0.208000000000E+01
   18906 -0.771238400000E+02  0.347393800000E+02  0.208000000000E+01
   18958 -0.771205700000E+02  0.347401800000E+02  0.208000000000E+01
   18970 -0.771301100000E+02  0.347399800000E+02  0.949000000000E+00
   19049 -0.771169800000E+02  0.347416600000E+02  0.208000000000E+01
   19068 -0.771261600000E+02  0.347418000000E+02  0.208000000000E+01
   19117 -0.771227700000E+02  0.347426900000E+02  0.208000000000E+01
   19181 -0.771194200000E+02  0.347435000000E+02  0.208000000000E+01
   19280 -0.771286800000E+02  0.347447200000E+02  0.208000000000E+01
   19310 -0.771160900000E+02  0.347440500000E+02  0.196300000000E+01
   19341 -0.771250100000E+02  0.347453700000E+02  0.208000000000E+01
   19348 -0.771328100000E+02  0.347443200000E+02  0.151100000000E+01
   19389 -0.771216500000E+02  0.347459400000E+02  0.208000000000E+01
   19440 -0.771184200000E+02  0.347464900000E+02  0.207700000000E+01
   19565 -0.771148400000E+02  0.347474500000E+02  0.896000000000E+00
   19581 -0.771270800000E+02  0.347484300000E+02  0.208000000000E+01
   19584 -0.771309300000E+02  0.347484500000E+02  0.208000000000E+01
   19598 -0.771236800000E+02  0.347486700000E+02  0.208000000000E+01
   19615 -0.771205900000E+02  0.347489400000E+02  0.208000000000E+01
   19660 -0.771179700000E+02  0.347491000000E+02  0.207900000000E+01
   19702 -0.771356800000E+02  0.347490600000E+02  0.745000000000E+00
   19762 -0.771165200000E+02  0.347508700000E+02  0.194000000000E+01
   19810 -0.771254100000E+02  0.347516300000E+02  0.208000000000E+01
   19820 -0.771223200000E+02  0.347517200000E+02  0.208000000000E+01
   19821 -0.771194800000E+02  0.347517200000E+02  0.208000000000E+01
   19823 -0.771288000000E+02  0.347517300000E+02  0.208000000000E+01
   19892 -0.771325000000E+02  0.347524200000E+02  0.208000000000E+01
   20077 -0.771237900000E+02  0.347546300000E+02  0.208000000000E+01
   20078 -0.771267900000E+02  0.347546200000E+02  0.208000000000E+01
   20085 -0.771210000000E+02  0.347547300000E+02  0.208000000000E+01
   20097 -0.771301000000E+02  0.347548400000E+02  0.208000000000E+01
   20125 -0.771184500000E+02  0.347549900000E+02  0.208000000000E+01
   20312 -0.771277100000E+02  0.347573900000E+02  0.208000000000E+01
   20316 -0.771249100000E+02  0.347575100000E+02  0.208000000000E+01
   20319 -0.771222800000E+02  0.347575800000E+02  0.208000000000E+01
   20329 -0.771197100000E+02  0.347577300000E+02  0.208000000000E+01
   20543 -0.771286700000E+02  0.347603800000E+02  0.208000000000E+01
   20544 -0.771303900000E+02  0.347576900000E+02  0.208000000000E+01
   20550 -0.771232700000E+02  0.347604000000E+02  0.208000000000E+01
   20558 -0.771210200000E+02  0.347605000000E+02  0.208000000000E+01
   20562 -0.771256300000E+02  0.347604300000E+02  0.208000000000E+01
   20573 -0.771318000000E+02  0.347607200000E+02  0.208000000000E+01
   20574 -0.771339400000E+02  0.347580900000E+02  0.208000000000E+01
       1 3    10738    10780    10781
       2 3    10738    10737    10780
       3 3    10781    10830    10831
       4 3    10781    10780    10830
       5 3    10737    10846    10780
       6 3    10831    10882    10883
       7 3    10831    10830    10882
       8 3    10780    10894    10830
       9 3    10883    10901    10902
      10 3    10780    10846    10894
      11 3    10883    10882    10901
      12 3    10830    10932    10882
      13 3    10902    10901    10942
      14 3    10830    10894    10932
      15 3    10846    10950    10894
      16 3    10902    10942    10953
      17 3    10846    10905    10950
      18 3    10901    10882    10974
      19 3    10894    10991    10932
      20 3    10953    10992    10993
      21 3    10936    10993    10980
      22 3    10882    10932    10974
      23 3    10953    10942    10992
      24 3    10901    10974    10942
      25 3    10894    10950    10991
      26 3    10905    11010    10950
      27 3    10993    11033    10980
      28 3    10932    11041    10974
      29 3    10993    10992    11033
      30 3    10942    11045    10992
      31 3    10932    10991    11041
      32 3    10942    10974    11045
      33 3    10950    11059    10991
      34 3    10980    11033    11054
      35 3    10991    11081    11041
      36 3    10992    11086    11033
      37 3    10950    11010    11059
      38 3    10974    11090    11045
      39 3    10974    11041    11090
      40 3    10992    11045    11086
      41 3    10991    11059    11081
      42 3    11033    11120    11054
      43 3    11033    11086    11120
      44 3    11041    11081    11131
      45 3    11045    11134    11086
      46 3    11041    11131    11090
      47 3    11045    11090    11134
      48 3    11054    11120    11141
      49 3    11081    11059    11162
      50 3    11086    11172    11120
      51 3    11086    11134    11172
      52 3    11090    11185    11134
      53 3    11090    11131    11185
      54 3    11059    11188    11162
      55 3    11081    11162    11131
      56 3    11120    11212    11141
      57 3    11120    11172    11212
      58 3    11134    11229    11172
      59 3    11134    11185    11229
      60 3    11131    11236    11185
      61 3    11131    11162    11236
      62 3    11141    11212    11230
      63 3    11188    11270    11271
      64 3    11188    11271    11162
      65 3    11172    11273    11212
      66 3    11172    11229    11273
      67 3    11162    11282    11236
      68 3    11185    11291    11229
      69 3    11185    11236    11291
      70 3    11162    11271    11282
      71 3    11212    11273    11318
      72 3    11212    11318    11230
      73 3    11230    11318    11333
      74 3    11229    11335    11273
      75 3    11270    11337    11338
      76 3    11236    11282    11339
      77 3    11229    11291    11335
      78 3    11236    11339    11291
      79 3    11270    11338    11271
      80 3    11273    11335    11365
      81 3    11273    11365    11318
      82 3    11318    11377    11333
      83 3    11282    11271    11397
      84 3    11365    11409    11318
      85 3    11291    11415    11335
      86 3    11282    11397    11339
      87 3    11318    11409    11377
      88 3    11291    11339    11415
      89 3    11337    11430    11431
      90 3    11438    11439    11440
      91 3    11338    11443    11271
      92 3    11337    11431    11338
      93 3    11271    11443    11397
      94 3    11333    11377    11419
      95 3    11335    11464    11365
      96 3    11339    11397    11465
      97 3    11338    11431    11474
      98 3    11339    11465    11415
      99 3    11335    11415    11464
     100 3    11192    11411    11491
     101 3    11338    11474    11443
     102 3    11365    11464    11409
     103 3    11184    11512    11513
     104 3    11430    11520    11431
     105 3    11430    11524    11520
     106 3    11415    11526    11464
     107 3    11397    11443    11533
     108 3    11415    11465    11526
     109 3    11397    11533    11465
     110 3    11512    11556    11557
     111 3    11439    11561    11440
     112 3    11431    11520    11568
     113 3    11184    11513    11411
     114 3    11431    11568    11474
     115 3    11465    11533    11606
     116 3    11474    11608    11443
     117 3    11491    11411    11612
     118 3    11465    11606    11526
     119 3    11491    11612    11524
     120 3    11512    11557    11513
     121 3    11443    11608    11533
     122 3    11474    11568    11608
     123 3    11438    11440    11628
     124 3    11520    11524    11664
     125 3    11533    11608    11683
     126 3    11520    11664    11568
     127 3    11533    11683    11606
     128 3    11524    11612    11664
     129 3    11568    11711    11608
     130 3    11556    11715    11557
     131 3    11556    11720    11715
     132 3    11568    11664    11711
     133 3    11608    11711    11748
     134 3    11608    11748    11683
     135 3    11411    11513    11774
     136 3    11411    11774    11612
     137 3    11557    11811    11513
     138 3    11720    11842    11843
     139 3    11440    11561    11863
     140 3    11720    11843    11715
     141 3    11842    11628    11879
     142 3    11557    11715    11811
     143 3    11612    11881    11664
     144 3    11440    11885    11628
     145 3    11513    11811    11774
     146 3    11612    11774    11881
     147 3    11711    11664    11933
     148 3    11711    11933    11748
     149 3    11842    11879    11843
     150 3    11628    11885    11879
     151 3    11664    11881    11933
     152 3    11440    11863    11885
     153 3    11561    11995    11863
     154 3    11748    11933    12001
     155 3    11774    12065    11881
     156 3    12001    11933    12086
     157 3    11811    12109    11774
     158 3    12001    12086    12117
     159 3    11715    12126    11811
     160 3    11715    11843    12126
     161 3    11774    12109    12065
     162 3    11881    12169    11933
     163 3    11881    12065    12169
     164 3    11843    11879    12207
     165 3    11863    11995    12226
     166 3    11811    12126    12109
     167 3    12086    11933    12245
     168 3    11879    11885    12252
     169 3    11933    12169    12245
     170 3    12086    12258    12117
     171 3    11885    11863    12276
     172 3    11843    12207    12126
     173 3    11879    12252    12207
     174 3    12086    12245    12258
     175 3    12117    12258    12323
     176 3    11885    12276    12252
     177 3    11863    12226    12276
     178 3    12169    12386    12245
     179 3    12065    12406    12169
     180 3    12065    12109    12406
     181 3    12258    12245    12444
     182 3    12169    12406    12386
     183 3    12258    12463    12323
     184 3    12245    12386    12469
     185 3    12245    12469    12444
     186 3    12109    12126    12496
     187 3    12258    12444    12463
     188 3    12207    12569    12126
     189 3    12109    12496    12406
     190 3    12207    12252    12593
     191 3    12444    12604    12463
     192 3    12469    12621    12444
     193 3    12207    12593    12569
     194 3    12386    12637    12469
     195 3    12126    12569    12496
     196 3    12444    12621    12604
     197 3    12252    12276    12657
     198 3    12386    12406    12637
     199 3    12469    12637    12621
     200 3    12252    12657    12593
     201 3    12621    12720    12604
     202 3    12276    12749    12657
     203 3    12276    12226    12749
     204 3    12621    12798    12720
     205 3    12621    12637    12798
     206 3    12406    12496    12815
     207 3    12406    12815    12637
     208 3    12569    12862    12496
     209 3    12637    12891    12798
     210 3    12720    12798    12905
     211 3    12637    12815    12891
     212 3    12657    12948    12593
     213 3    12798    12949    12905
     214 3    12798    12891    12949
     215 3    12496    12862    12815
     216 3    12593    12948    12989
     217 3    12749    13006    12657
     218 3    12657    13006    12948
     219 3    12905    12949    13047
     220 3    12949    12891    13070
     221 3    12749    13087    13006
     222 3    12891    12815    13092
     223 3    12891    13092    13070
     224 3    12949    13070    13047
     225 3    12815    12862    13143
     226 3    12815    13143    13092
     227 3    12862    13205    13143
     228 3    12989    12948    13209
     229 3    13006    13251    12948
     230 3    13087    13252    13006
     231 3    12989    13209    13205
     232 3    12948    13251    13209
     233 3    13006    13252    13251
     234 3    13143    13205    13527
     235 3    13205    13209    13542
     236 3    13092    13143    13578
     237 3    13209    13251    13626
     238 3    13205    13542    13527
     239 3    13143    13527    13578
     240 3    13251    13252    13731
     241 3    13209    13626    13542
     242 3    13251    13731    13626
     243 3    13252    13937    13938
     244 3    13252    13938    13731
     245 3    13578    13527    13991
     246 3    13527    13542    14031
     247 3    13578    13991    14072
     248 3    13542    13626    14116
     249 3    13527    14031    13991
     250 3    13626    13731    14216
     251 3    13542    14116    14031
     252 3    13937    14227    13938
     253 3    13626    14216    14116
     254 3    13731    13938    14369
     255 3    13731    14369    14216
     256 3    13991    14031    14510
     257 3    14227    14522    13938
     258 3    14031    14116    14548
     259 3    13938    14522    14369
     260 3    14072    13991    14644
     261 3    14116    14216    14657
     262 3    14227    14672    14673
     263 3    14031    14548    14510
     264 3    13991    14510    14644
     265 3    14116    14657    14548
     266 3    14227    14673    14522
     267 3    14216    14369    14843
     268 3    14216    14843    14657
     269 3    14672    15101    14673
     270 3    14644    14510    15110
     271 3    14510    14548    15156
     272 3    14522    15196    14369
     273 3    14522    14673    15249
     274 3    14548    14657    15303
     275 3    14673    15101    15347
     276 3    14510    15156    15110
     277 3    14369    15196    14843
     278 3    14522    15249    15196
     279 3    14548    15303    15156
     280 3    14644    15110    15453
     281 3    14657    14843    15480
     282 3    14673    15347    15249
     283 3    14657    15480    15303
     284 3    15110    15156    15648
     285 3    14843    15196    15663
     286 3    15110    15725    15453
     287 3    14843    15663    15480
     288 3    15156    15303    15861
     289 3    15110    15648    15725
     290 3    15156    15861    15648
     291 3    15453    15725    15897
     292 3    15303    15480    15998
     293 3    15303    15998    15861
     294 3    15480    16143    15998
     295 3    15480    15663    16143
     296 3    15648    16287    15725
     297 3    15897    15725    16289
     298 3    15648    15861    16287
     299 3    15861    15998    16503
     300 3    15725    16287    16289
     301 3    15861    16503    16287
     302 3    15998    16143    16665
     303 3    15998    16665    16503
     304 3    16289    16287    17038
     305 3    16287    16503    17187
     306 3    17256    17257    16143
     307 3    16143    17257    16665
     308 3    16287    17187    17038
     309 3    16665    17257    17514
     310 3    16289    17038    17539
     311 3    16503    16665    17572
     312 3    16665    17514    17572
     313 3    16503    17572    17187
     314 3    17038    17796    17539
     315 3    17187    17572    17816
     316 3    17038    17187    17818
     317 3    17539    17874    17875
     318 3    17539    17796    17874
     319 3    17038    17818    17796
     320 3    17187    17816    17818
     321 3    18061    17875    18062
     322 3    17874    18082    17875
     323 3    18061    18108    18109
     324 3    17874    17796    18120
     325 3    17796    17818    18135
     326 3    17875    18082    18062
     327 3    17818    17816    18142
     328 3    18061    18062    18108
     329 3    17874    18120    18082
     330 3    17818    18142    18135
     331 3    17796    18135    18120
     332 3    18109    18205    18206
     333 3    17816    18219    18142
     334 3    18108    18224    18109
     335 3    18108    18062    18271
     336 3    18142    18219    18275
     337 3    18062    18082    18283
     338 3    18109    18224    18205
     339 3    18082    18120    18302
     340 3    18120    18135    18326
     341 3    18142    18336    18135
     342 3    18108    18271    18224
     343 3    18142    18275    18336
     344 3    18062    18283    18271
     345 3    18224    18368    18205
     346 3    18082    18302    18283
     347 3    18120    18326    18302
     348 3    18135    18336    18326
     349 3    18224    18492    18368
     350 3    18224    18271    18492
     351 3    18283    18503    18271
     352 3    18302    18519    18283
     353 3    18302    18326    18539
     354 3    18326    18336    18548
     355 3    18283    18519    18503
     356 3    18302    18539    18519
     357 3    18336    18609    18548
     358 3    18326    18548    18539
     359 3    18271    18503    18492
     360 3    18519    18707    18503
     361 3    18503    18707    18733
     362 3    18519    18539    18736
     363 3    18503    18733    18492
     364 3    18548    18609    18752
     365 3    18539    18548    18766
     366 3    18519    18736    18707
     367 3    18539    18766    18736
     368 3    18548    18752    18766
     369 3    18609    18848    18752
     370 3    18733    18707    18854
     371 3    18707    18736    18906
     372 3    18707    18906    18854
     373 3    18736    18766    18958
     374 3    18733    18854    18970
     375 3    18736    18958    18906
     376 3    18766    18752    19049
     377 3    18854    18906    19068
     378 3    18766    19049    18958
     379 3    18854    19068    18970
     380 3    18906    18958    19117
     381 3    18752    18848    19049
     382 3    18906    19117    19068
     383 3    18958    19049    19181
     384 3    18958    19181    19117
     385 3    19068    19280    18970
     386 3    19049    19310    19181
     387 3    19068    19117    19341
     388 3    18970    19280    19348
     389 3    19117    19181    19389
     390 3    19068    19341    19280
     391 3    19181    19310    19440
     392 3    19117    19389    19341
     393 3    19181    19440    19389
     394 3    19310    19565    19440
     395 3    19280    19341    19581
     396 3    19348    19280    19584
     397 3    19341    19389    19598
     398 3    19389    19440    19615
     399 3    19280    19581    19584
     400 3    19341    19598    19581
     401 3    19440    19565    19660
     402 3    19389    19615    19598
     403 3    19440    19660    19615
     404 3    19348    19584    19702
     405 3    19660    19565    19762
     406 3    19598    19810    19581
     407 3    19598    19615    19820
     408 3    19615    19660    19821
     409 3    19581    19823    19584
     410 3    19660    19762    19821
     411 3    19615    19821    19820
     412 3    19598    19820    19810
     413 3    19584    19892    19702
     414 3    19581    19810    19823
     415 3    19584    19823    19892
     416 3    19820    20077    19810
     417 3    19810    20078    19823
     418 3    19820    19821    20085
     419 3    19823    20097    19892
     420 3    19821    19762    20125
     421 3    19820    20085    20077
     422 3    19810    20077    20078
     423 3    19821    20125    20085
     424 3    19823    20078    20097
     425 3    20078    20312    20097
     426 3    20077    20316    20078
     427 3    20085    20319    20077
     428 3    20125    20329    20085
     429 3    20078    20316    20312
     430 3    20077    20319    20316
     431 3    20085    20329    20319
     432 3    20312    20543    20544
     433 3    20319    20550    20316
     434 3    20329    20558    20319
     435 3    20316    20562    20312
     436 3    20544    20573    20574
     437 3    20316    20550    20562
     438 3    20319    20558    20550
     439 3    20312    20562    20543
     440 3    20544    20543    20573
     441 3    17539    15897    16289
 0                                                                              
 0                                                                              
 4                                                                              
 109                                                                            
      84       0                                                                
   11184
   11512
   11556
   11720
   11842
   11628
   11438
   11439
   11561
   11995
   12226
   12749
   13087
   13252
   13937
   14227
   14672
   15101
   15347
   15249
   15196
   15663
   16143
   17256
   17257
   17514
   17572
   17816
   18219
   18275
   18336
   18609
   18848
   19049
   19310
   19565
   19762
   20125
   20329
   20558
   20550
   20562
   20543
   20573
   20574
   20544
   20312
   20097
   19892
   19702
   19348
   18970
   18733
   18492
   18368
   18205
   18206
   18109
   18061
   17875
   17539
   15897
   15453
   14644
   14072
   13578
   13092
   13070
   13047
   12905
   12720
   12604
   12463
   12323
   12117
   12001
   11748
   11683
   11606
   11526
   11464
   11409
   11377
   11419
       8       1                                                                
   10936
   10993
   10953
   10902
   10883
   10831
   10781
   10738
       9       1                                                                
   11010
   11059
   11188
   11270
   11337
   11430
   11524
   11491
   11192
       6       1                                                                
   12569
   12862
   13205
   12989
   12593
   12569
