FileFmt      1050624           0           0
NELG           58641         560         441
       20060
       20074
       20138
       20165
       20167
       20230
       20252
       20255
       20274
       20285
       20289
       20337
       20355
       20362
       20365
       20369
       20404
       20406
       20440
       20441
       20442
       20445
       20450
       20462
       20474
       20475
       20515
       20530
       20534
       20538
       20541
       20544
       20568
       20598
       20608
       20615
       20619
       20624
       20626
       20630
       20631
       20685
       20702
       20708
       20714
       20715
       20718
       20750
       20769
       20792
       20798
       20811
       20813
       20816
       20818
       20852
       20867
       20884
       20892
       20898
       20902
       20935
       20958
       20960
       20967
       20975
       20985
       21002
       21006
       21019
       21048
       21054
       21076
       21079
       21086
       21087
       21089
       21100
       21105
       21131
       21134
       21148
       21187
       21207
       21214
       21215
       21217
       21223
       21246
       21256
       21259
       21265
       21280
       21296
       21316
       21318
       21331
       21332
       21343
       21357
       21369
       21371
       21404
       21417
       21423
       21425
       21437
       21450
       21465
       21475
       21482
       21501
       21504
       21516
       21568
       21570
       21575
       21579
       21585
       21589
       21594
       21603
       21611
       21683
       21710
       21731
       21754
       21755
       21767
       21772
       21780
       21792
       21826
       21852
       21875
       21911
       21944
       21995
       22033
       22054
       22063
       22064
       22066
       22071
       22124
       22136
       22168
       22173
       22179
       22239
       22256
       22273
       22276
       22293
       22407
       22457
       22493
       22505
       22520
       22526
       22566
       22600
       22602
       22677
       22717
       22747
       22749
       22764
       22772
       22776
       22807
       22825
       22891
       22892
       22897
       22959
       22991
       23015
       23043
       23049
       23115
       23118
       23150
       23157
       23200
       23203
       23233
       23355
       23375
       23402
       23426
       23456
       23481
       23486
       23497
       23512
       23529
       23542
       23590
       23631
       23642
       23700
       23727
       23787
       23791
       23814
       23837
       23904
       23962
       23990
       24026
       24057
       24058
       24076
       24084
       24137
       24163
       24222
       24244
       24278
       24316
       24323
       24340
       24371
       24406
       24460
       24520
       24528
       24599
       24600
       24651
       24746
       24865
       25064
       25094
       25147
       25211
       25240
       25279
       25381
       25392
       25556
       25727
       25777
       25817
       25868
       25935
       26003
       26115
       26191
       26210
       26213
       26362
       26441
       26604
       26698
       26719
       26757
       26859
       26907
       26923
       26951
       26988
       26999
       27154
       27161
       27225
       27550
       27662
       27674
       27742
       27828
       27912
       27998
       28085
       28089
       28165
       28195
       28226
       28267
       28305
       28311
       28531
       28635
       28667
       28788
       29011
       29015
       29026
       29085
       29089
       29287
       29433
       29558
       29635
       29816
       29820
       29996
       30225
       30308
       30464
       30536
       30716
       31199
       31452
       31613
       31685
       32002
       32098
       32166
       32213
       32417
       32458
       32645
       32686
       32689
       32791
       32929
       33019
       33053
       33174
       33215
       33256
       33287
       33316
       33331
       33333
       33340
       33429
       33445
       33446
       33461
       33476
       33485
       33556
       33561
       33575
       33593
       33613
       33647
       33665
       33675
       33693
       33697
       33714
       33717
       33762
       33804
       33916
       33924
       33931
       33963
       33994
       34011
       34063
       34087
       34112
       34117
       34122
       34292
       34340
       34344
       34366
       34379
       34404
       34417
       34470
       34472
       34552
       34561
       34646
       34688
       34739
       34765
       34800
       34908
       34941
       34947
       35022
       35029
       35096
       35108
       35139
       35225
       35316
       35365
       35421
       35435
       35510
       35538
       35602
       35611
       35695
       35824
       35859
       35864
       35888
       35921
       35979
       35985
       35992
       36007
       36010
       36064
       36165
       36242
       36256
       36257
       36259
       36355
       36360
       36365
       36374
       36382
       36449
       36679
       36681
       36696
       36717
       36763
       36783
       36790
       36793
       36829
       37110
       37115
       37124
       37143
       37209
       37212
       37231
       37530
       37539
       37553
       37562
       37584
       37603
       37605
       37642
       37680
       58636
NNODG          32218         319         278
      -10737
      -10738
       10780
       10781
       10830
       10831
      -10846
       10882
       10883
       10894
       10901
       10902
      -10905
       10932
      -10936
       10942
       10950
       10953
       10974
      -10980
       10991
       10992
       10993
      -11010
       11033
       11041
       11045
      -11054
       11059
       11081
       11086
       11090
       11120
       11131
       11134
      -11141
       11162
       11172
      -11184
       11185
       11188
      -11192
       11212
       11229
      -11230
       11236
       11270
       11271
       11273
       11282
       11291
       11318
      -11333
       11335
       11337
       11338
       11339
       11365
       11377
       11397
       11409
      -11411
       11415
      -11419
       11430
       11431
       11438
       11439
       11440
       11443
       11464
       11465
       11474
       11491
      -11512
       11513
       11520
       11524
       11526
       11533
      -11556
       11557
       11561
       11568
       11606
       11608
       11612
       11628
       11664
       11683
       11711
       11715
       11720
       11748
       11774
       11811
       11842
       11843
       11863
       11879
       11881
       11885
       11933
       11995
       12001
       12065
       12086
       12109
       12117
       12126
       12169
       12207
       12226
       12245
       12252
       12258
       12276
       12323
       12386
       12406
       12444
       12463
       12469
       12496
       12569
       12593
       12604
       12621
       12637
       12657
       12720
       12749
       12798
       12815
       12862
       12891
       12905
       12948
       12949
       12989
       13006
       13047
       13070
       13087
       13092
       13143
       13205
       13209
       13251
       13252
       13527
       13542
       13578
       13626
       13731
       13937
       13938
       13991
       14031
       14072
       14116
       14216
       14227
       14369
       14510
       14522
       14548
       14644
       14657
       14672
       14673
       14843
       15101
       15110
       15156
       15196
       15249
       15303
       15347
       15453
       15480
       15648
       15663
       15725
       15861
       15897
       15998
       16143
       16287
       16289
       16503
       16665
       17038
       17187
       17256
       17257
       17514
       17539
       17572
       17796
       17816
       17818
       17874
       17875
       18061
       18062
       18082
       18108
       18109
       18120
       18135
       18142
       18205
       18206
       18219
       18224
       18271
       18275
       18283
       18302
       18326
       18336
       18368
       18492
       18503
       18519
       18539
       18548
       18609
       18707
       18733
       18736
       18752
       18766
       18848
       18854
       18906
       18958
       18970
       19049
       19068
       19117
       19181
       19280
       19310
       19341
       19348
       19389
       19440
       19565
       19581
       19584
       19598
       19615
       19660
       19702
       19762
       19810
       19820
       19821
       19823
       19892
       20077
       20078
       20085
       20097
       20125
       20312
       20316
       20319
       20329
       20543
       20544
       20550
       20558
       20562
       20573
       20574
NFLUXF             0
NETA             128          29           0
NSTAE              0           0           0
NSTAV              0           0           0
NSTAM              0           0           0
NSTAC              0           0           0
RES NODE          28         261
                   3           4           5           6           8           9
                  10          11          12          14          16          17
                  18          19          21          22          23          25
                  26          27          29          30          31          32
                  33          34          35          37          38          40
                  41          43          44          46          47          48
                  49          50          51          52          54          55
                  56          57          58          59          60          61
                  63          65          66          67          68          69
                  70          71          72          73          74          76
                  77          78          79          80          82          83
                  84          85          86          87          88          89
                  90          91          92          93          94          95
                  96          97          98          99         100         101
                 102         103         104         105         106         107
                 108         109         110         111         112         113
                 114         115         116         117         118         119
                 120         121         122         123         124         125
                 126         127         128         129         130         131
                 132         133         134         135         136         137
                 138         139         140         141         142         143
                 144         145         146         147         148         149
                 150         151         152         153         154         155
                 156         157         158         159         160         161
                 162         163         164         165         166         167
                 168         169         170         171         172         173
                 174         175         176         177         178         179
                 180         181         182         183         184         185
                 186         187         188         189         190         191
                 192         193         194         195         196         197
                 198         199         200         201         202         203
                 204         205         206         207         208         209
                 210         211         212         213         214         215
                 216         217         218         219         220         221
                 222         223         224         225         226         227
                 228         229         230         231         232         233
                 234         235         236         237         238         239
                 240         241         242         243         244         245
                 246         247         248         249         250         251
                 252         253         254         255         256         257
                 258         259         260         261         262         263
                 264         265         266         267         268         269
                 270         271         272         273         274         275
                 276         277         278
COMM PE            2
RECV PE           29           7
                  15          20          28          36          45          53
                  64
RECV PE           30          10
                   1           2           7          13          24          39
                  42          62          75          81
SEND PE           29           6
                  23          25          33          43          52          59
SEND PE           30          12
                   3           4          10          17          29          74
                  76          82          87          92          93          95
