FileFmt      1050624           0           0
NELG           58641         560         478
       38178
       38233
       38295
       38409
       38508
       38509
       38515
       38567
       38623
       38684
       38708
       38748
       38800
       38801
       38889
       38895
       38940
       38953
       38965
       38975
       38992
       39026
       39033
       39047
       39070
       39087
       39118
       39142
       39174
       39204
       39207
       39235
       39278
       39281
       39286
       39289
       39339
       39375
       39383
       39388
       39391
       39420
       39432
       39437
       39459
       39477
       39488
       39502
       39516
       39532
       39549
       39555
       39565
       39578
       39580
       39599
       39612
       39617
       39639
       39640
       39656
       39667
       39678
       39692
       39694
       39707
       39720
       39725
       39727
       39730
       39732
       39737
       39739
       39744
       39758
       39765
       39767
       39773
       39774
       39786
       39787
       39792
       39805
       39815
       39820
       39828
       39830
       39842
       39845
       39854
       39865
       39867
       39870
       39875
       39877
       39885
       39897
       39903
       39905
       39911
       39917
       39920
       39921
       39923
       39938
       39942
       39945
       39957
       39963
       39967
       39971
       39974
       39982
       39984
       40003
       40006
       40007
       40016
       40017
       40019
       40020
       40026
       40037
       40046
       40049
       40051
       40052
       40059
       40060
       40061
       40065
       40094
       40105
       40106
       40109
       40117
       40121
       40122
       40124
       40143
       40158
       40160
       40164
       40167
       40174
       40176
       40180
       40181
       40188
       40196
       40209
       40212
       40218
       40220
       40221
       40223
       40225
       40234
       40235
       40243
       40246
       40254
       40256
       40257
       40262
       40265
       40268
       40271
       40278
       40281
       40287
       40289
       40295
       40296
       40308
       40313
       40318
       40322
       40324
       40327
       40331
       40333
       40334
       40338
       40348
       40350
       40354
       40359
       40360
       40364
       40365
       40369
       40370
       40375
       40376
       40386
       40387
       40393
       40394
       40396
       40404
       40405
       40408
       40411
       40414
       40415
       40419
       40421
       40424
       40426
       40432
       40433
       40434
       40444
       40452
       40455
       40456
       40463
       40466
       40472
       40476
       40479
       40481
       40484
       40489
       40490
       40495
       40501
       40505
       40507
       40510
       40511
       40512
       40515
       40516
       40517
       40521
       40523
       40526
       40527
       40531
       40538
       40545
       40546
       40550
       40552
       40553
       40559
       40560
       40564
       40570
       40574
       40575
       40576
       40579
       40580
       40581
       40582
       40586
       40587
       40589
       40594
       40596
       40599
       40607
       40609
       40610
       40611
       40614
       40616
       40622
       40628
       40631
       40632
       40633
       40635
       40641
       40644
       40646
       40649
       40653
       40655
       40659
       40665
       40669
       40670
       40672
       40673
       40675
       40677
       40680
       40681
       40683
       40686
       40697
       40699
       40704
       40706
       40708
       40711
       40714
       40719
       40725
       40727
       40733
       40739
       40742
       40746
       40748
       40761
       40762
       40763
       40767
       40773
       40776
       40781
       40782
       40786
       40791
       40793
       40797
       40801
       40803
       40805
      -40811
       40813
       40815
       40817
       40818
       40821
       40822
      -40832
       40835
       40838
       40841
       40846
       40850
       40851
       40853
       40855
       40860
       40861
      -40863
       40871
      -40872
       40874
       40876
       40883
       40886
       40890
       40893
       40899
       40902
       40903
       40905
      -40906
       40907
      -40911
       40921
       40922
       40930
       40931
       40938
       40939
       40944
       40946
       40949
      -40950
       40955
       40959
       40962
       40964
       40969
       40972
       40982
       40984
       40986
       40992
       40993
       40995
       40996
       40998
      -40999
       41008
       41009
       41021
       41028
       41030
       41032
       41035
       41045
      -41046
       41047
       41049
      -41050
       41063
       41064
       41068
       41070
       41092
       41094
       41096
      -41097
       41098
       41108
       41115
       41118
       41127
       41128
       41131
       41132
       41145
      -41147
       41152
       41153
       41158
       41163
       41171
       41172
       41174
       41182
       41184
       41196
       41197
      -41198
      -41199
       41200
       41203
       41207
       41211
       41212
       41217
       41225
       41226
       41228
       41235
      -41244
      -41247
       41250
       41270
       41273
       41278
       41281
       41283
      -41285
       41287
      -41295
       41298
       41302
       41305
       41309
       41322
       41328
       41330
       41335
       41343
       41360
       41365
      -41366
       41374
       41397
       41408
       41410
       41427
       41444
       41462
       41464
       41469
       41492
       41497
       41507
       41523
       41539
       41550
       41563
       41573
       41597
       41608
NNODG          32218         319         282
      -20525
      -20599
      -20714
      -20814
       20900
       20925
      -20932
       20958
       20959
       20960
       21020
      -21031
       21072
       21074
       21096
       21097
      -21121
       21127
       21159
       21196
      -21219
       21223
       21267
       21292
       21298
       21302
       21316
       21341
       21387
       21396
       21430
       21445
       21471
       21473
       21517
       21521
       21524
       21547
       21564
       21577
       21585
       21611
       21614
       21630
       21639
       21662
       21663
       21686
       21693
       21701
       21710
       21712
       21714
       21722
       21733
       21735
       21739
       21753
       21765
       21772
       21778
       21792
       21800
       21803
       21807
       21813
       21825
       21827
       21831
       21837
       21850
       21851
       21852
       21856
       21868
       21872
       21875
       21881
       21882
       21897
       21899
       21903
       21904
       21908
       21922
       21923
       21924
       21925
       21950
       21955
       21956
       21958
       21965
       21979
       21990
       21991
       21992
       21996
       22006
       22016
       22017
       22020
       22023
       22030
       22037
       22039
       22043
       22047
       22049
       22058
       22062
       22068
       22075
       22082
       22086
       22089
       22092
       22093
       22099
       22102
       22107
       22111
       22112
       22121
       22122
       22127
       22133
       22134
       22138
       22140
       22141
       22144
       22150
       22161
       22163
       22170
       22175
       22179
       22181
       22187
       22192
       22195
       22196
       22197
       22199
       22201
       22202
       22205
       22206
       22208
       22212
       22222
       22223
       22227
       22231
       22232
       22235
       22238
       22241
       22242
       22245
       22248
       22253
       22255
       22262
       22263
       22264
       22271
       22276
       22278
       22283
       22286
       22288
       22293
       22298
       22300
       22302
       22304
       22307
       22317
       22318
       22320
       22325
       22328
       22336
       22341
       22345
       22350
       22359
       22360
       22367
       22370
       22373
       22378
       22382
       22386
      -22391
       22393
       22395
       22398
      -22405
       22407
       22409
       22415
       22417
       22422
      -22424
       22431
       22433
       22438
       22443
       22450
       22452
      -22454
       22455
       22463
       22469
       22474
       22479
       22482
       22486
       22491
       22495
       22504
       22506
       22512
       22513
       22514
      -22516
       22519
       22528
       22533
       22535
       22542
      -22543
       22553
       22554
       22572
       22574
       22576
       22583
       22592
       22594
       22595
      -22605
       22607
       22608
       22620
       22622
       22629
       22636
       22637
      -22638
       22641
       22644
       22646
       22650
       22659
      -22667
       22683
       22686
       22690
       22692
       22694
      -22696
       22706
       22719
       22729
       22738
      -22742
       22747
       22761
       22768
       22791
       22803
       22808
       22822
       22824
       22851
       22858
       22872
       22892
NFLUXF             0
NETA             128          29           0
NSTAE              0           0           0
NSTAV              0           0           0
NSTAM              0           0           0
NSTAC              0           0           0
RES NODE          74         263
                   5           6           8           9          10          11
                  13          14          15          16          18          19
                  20          22          23          24          25          26
                  27          28          29          30          31          32
                  33          34          35          36          37          38
                  39          40          41          42          43          44
                  45          46          47          48          49          50
                  51          52          53          54          55          56
                  57          58          59          60          61          62
                  63          64          65          66          67          68
                  69          70          71          72          73          74
                  75          76          77          78          79          80
                  81          82          83          84          85          86
                  87          88          89          90          91          92
                  93          94          95          96          97          98
                  99         100         101         102         103         104
                 105         106         107         108         109         110
                 111         112         113         114         115         116
                 117         118         119         120         121         122
                 123         124         125         126         127         128
                 129         130         131         132         133         134
                 135         136         137         138         139         140
                 141         142         143         144         145         146
                 147         148         149         150         151         152
                 153         154         155         156         157         158
                 159         160         161         162         163         164
                 165         166         167         168         169         170
                 171         172         173         174         175         176
                 177         178         179         180         181         182
                 183         184         185         186         187         188
                 189         190         191         192         193         194
                 195         196         198         199         200         202
                 203         204         205         206         208         209
                 210         211         212         213         215         216
                 217         218         219         220         221         222
                 223         224         225         226         227         228
                 230         231         232         233         234         236
                 237         238         239         240         241         242
                 243         244         246         247         248         249
                 250         251         252         254         255         256
                 257         258         260         261         262         263
                 264         266         267         268         269         271
                 272         273         274         275         276         277
                 278         279         280         281         282
COMM PE            2
RECV PE           70          11
                 197         201         207         214         229         235
                 245         253         259         265         270
RECV PE           75           8
                   1           2           3           4           7          12
                  17          21
SEND PE           70          10
                 191         193         200         206         220         226
                 240         247         256         261
SEND PE           75           8
                   5           6          11          18          22          26
                  29          31
