bi_1997_v2.grd                                                                  
     478     282
   20525 -0.764387700000E+02  0.347591600000E+02  0.487000000000E+00
   20599 -0.764446900000E+02  0.347610600000E+02  0.737000000000E+00
   20714 -0.764498800000E+02  0.347626600000E+02  0.657000000000E+00
   20814 -0.764548700000E+02  0.347641300000E+02  0.120300000000E+01
   20900 -0.764414800000E+02  0.347650500000E+02  0.514000000000E+00
   20925 -0.764368800000E+02  0.347633300000E+02  0.402000000000E+00
   20932 -0.764597200000E+02  0.347654800000E+02  0.218400000000E+01
   20958 -0.764182900000E+02  0.347614600000E+02  0.609000000000E+00
   20959 -0.764196500000E+02  0.347657700000E+02  0.407000000000E+00
   20960 -0.764223400000E+02  0.347612400000E+02  0.586000000000E+00
   21020 -0.764465800000E+02  0.347667100000E+02  0.101000000000E+01
   21031 -0.764644300000E+02  0.347667800000E+02  0.197900000000E+01
   21072 -0.764147200000E+02  0.347665300000E+02  0.546000000000E+00
   21074 -0.764255200000E+02  0.347647500000E+02  0.569000000000E+00
   21096 -0.764331900000E+02  0.347635400000E+02  0.478000000000E+00
   21097 -0.764339500000E+02  0.347675100000E+02  0.489000000000E+00
   21121 -0.764690200000E+02  0.347680700000E+02  0.111000000000E+01
   21127 -0.764516100000E+02  0.347682200000E+02  0.133800000000E+01
   21159 -0.764293500000E+02  0.347641900000E+02  0.526000000000E+00
   21196 -0.764385200000E+02  0.347692000000E+02  0.737000000000E+00
   21219 -0.764734000000E+02  0.347695900000E+02  0.690000000000E+00
   21223 -0.764565000000E+02  0.347696100000E+02  0.226000000000E+01
   21267 -0.764212700000E+02  0.347699700000E+02  0.997000000000E+00
   21292 -0.764259600000E+02  0.347701800000E+02  0.730000000000E+00
   21298 -0.764433800000E+02  0.347708400000E+02  0.824000000000E+00
   21302 -0.764612200000E+02  0.347709100000E+02  0.223900000000E+01
   21316 -0.764158000000E+02  0.347706900000E+02  0.485000000000E+00
   21341 -0.764305100000E+02  0.347714700000E+02  0.529000000000E+00
   21387 -0.764657500000E+02  0.347721200000E+02  0.178500000000E+01
   21396 -0.764483900000E+02  0.347723900000E+02  0.184300000000E+01
   21430 -0.764704400000E+02  0.347730400000E+02  0.854000000000E+00
   21445 -0.764352500000E+02  0.347733600000E+02  0.709000000000E+00
   21471 -0.764184200000E+02  0.347737600000E+02  0.653000000000E+00
   21473 -0.764533600000E+02  0.347738000000E+02  0.225000000000E+01
   21517 -0.764222700000E+02  0.347746900000E+02  0.701000000000E+00
   21521 -0.764401300000E+02  0.347750600000E+02  0.888000000000E+00
   21524 -0.764581800000E+02  0.347751000000E+02  0.148200000000E+01
   21547 -0.764145000000E+02  0.347752400000E+02  0.555000000000E+00
   21564 -0.764268600000E+02  0.347759700000E+02  0.534000000000E+00
   21577 -0.764627200000E+02  0.347763300000E+02  0.151300000000E+01
   21585 -0.764451600000E+02  0.347766500000E+02  0.191100000000E+01
   21611 -0.764316700000E+02  0.347776000000E+02  0.730000000000E+00
   21614 -0.764666800000E+02  0.347775500000E+02  0.905000000000E+00
   21630 -0.764502300000E+02  0.347780900000E+02  0.250700000000E+01
   21639 -0.764182400000E+02  0.347781900000E+02  0.489000000000E+00
   21662 -0.764366600000E+02  0.347793300000E+02  0.513000000000E+00
   21663 -0.764552200000E+02  0.347793800000E+02  0.161200000000E+01
   21686 -0.764228700000E+02  0.347800800000E+02  0.540000000000E+00
   21693 -0.764600200000E+02  0.347805600000E+02  0.108500000000E+01
   21701 -0.764417900000E+02  0.347809900000E+02  0.102300000000E+01
   21710 -0.764644200000E+02  0.347817600000E+02  0.678000000000E+00
   21712 -0.764278200000E+02  0.347818300000E+02  0.506000000000E+00
   21714 -0.764129300000E+02  0.347814400000E+02  0.555000000000E+00
   21722 -0.764470100000E+02  0.347825000000E+02  0.235600000000E+01
   21733 -0.764329300000E+02  0.347836000000E+02  0.153900000000E+01
   21735 -0.764522200000E+02  0.347838100000E+02  0.216700000000E+01
   21739 -0.764184300000E+02  0.347839100000E+02  0.523000000000E+00
   21753 -0.764573300000E+02  0.347849300000E+02  0.139100000000E+01
   21765 -0.764381900000E+02  0.347853600000E+02  0.115800000000E+01
   21772 -0.764622700000E+02  0.347858300000E+02  0.642000000000E+00
   21778 -0.764236500000E+02  0.347859000000E+02  0.457000000000E+00
   21792 -0.764435700000E+02  0.347870100000E+02  0.199700000000E+01
   21800 -0.764289200000E+02  0.347878000000E+02  0.782000000000E+00
   21803 -0.764136800000E+02  0.347879200000E+02  0.413000000000E+00
   21807 -0.764490300000E+02  0.347884400000E+02  0.269000000000E+01
   21813 -0.764077500000E+02  0.347863400000E+02  0.548000000000E+00
   21825 -0.764545100000E+02  0.347895300000E+02  0.148100000000E+01
   21827 -0.764343200000E+02  0.347896900000E+02  0.176800000000E+01
   21831 -0.764192000000E+02  0.347898900000E+02  0.402000000000E+00
   21837 -0.764597100000E+02  0.347904900000E+02  0.618000000000E+00
   21850 -0.763950700000E+02  0.347842200000E+02  0.555000000000E+00
   21851 -0.763917200000E+02  0.347876400000E+02  0.555000000000E+00
   21852 -0.763985100000E+02  0.347892500000E+02  0.555000000000E+00
   21856 -0.764398500000E+02  0.347915300000E+02  0.244800000000E+01
   21868 -0.764246500000E+02  0.347918800000E+02  0.111300000000E+01
   21872 -0.764091300000E+02  0.347920400000E+02  0.478000000000E+00
   21875 -0.764035600000E+02  0.347905000000E+02  0.539000000000E+00
   21881 -0.763937800000E+02  0.347930300000E+02  0.555000000000E+00
   21882 -0.764455300000E+02  0.347932200000E+02  0.261500000000E+01
   21897 -0.764301800000E+02  0.347938900000E+02  0.166000000000E+01
   21899 -0.764146500000E+02  0.347938800000E+02  0.501000000000E+00
   21903 -0.764513500000E+02  0.347945400000E+02  0.182300000000E+01
   21904 -0.763875300000E+02  0.347921500000E+02  0.555000000000E+00
   21908 -0.764573700000E+02  0.347949500000E+02  0.681000000000E+00
   21922 -0.764049800000E+02  0.347958200000E+02  0.426000000000E+00
   21923 -0.764358400000E+02  0.347959400000E+02  0.237700000000E+01
   21924 -0.764201700000E+02  0.347958500000E+02  0.183700000000E+01
   21925 -0.764009900000E+02  0.347930100000E+02  0.528000000000E+00
   21950 -0.763889700000E+02  0.347976300000E+02  0.555000000000E+00
   21955 -0.764416700000E+02  0.347979700000E+02  0.282400000000E+01
   21956 -0.764101500000E+02  0.347978000000E+02  0.104300000000E+01
   21958 -0.764257700000E+02  0.347979200000E+02  0.197200000000E+01
   21965 -0.763833500000E+02  0.347965300000E+02  0.712000000000E+00
   21979 -0.763949400000E+02  0.347985200000E+02  0.634000000000E+00
   21990 -0.764476700000E+02  0.347998300000E+02  0.130100000000E+01
   21991 -0.764155900000E+02  0.347997500000E+02  0.116200000000E+01
   21992 -0.764004800000E+02  0.347998600000E+02  0.495000000000E+00
   21996 -0.764315300000E+02  0.348001100000E+02  0.239000000000E+01
   22006 -0.764540500000E+02  0.348012800000E+02  0.625000000000E+00
   22016 -0.764056000000E+02  0.348017100000E+02  0.691000000000E+00
   22017 -0.764211800000E+02  0.348018000000E+02  0.123500000000E+01
   22020 -0.764374800000E+02  0.348024400000E+02  0.268800000000E+01
   22023 -0.763843000000E+02  0.348023100000E+02  0.916000000000E+00
   22030 -0.763787300000E+02  0.348013400000E+02  0.616000000000E+00
   22037 -0.763899300000E+02  0.348032400000E+02  0.562000000000E+00
   22039 -0.764109300000E+02  0.348035900000E+02  0.157500000000E+01
   22043 -0.764269600000E+02  0.348040000000E+02  0.213300000000E+01
   22047 -0.763955000000E+02  0.348043300000E+02  0.837000000000E+00
   22049 -0.764436100000E+02  0.348048400000E+02  0.211200000000E+01
   22058 -0.764164400000E+02  0.348055600000E+02  0.123700000000E+01
   22062 -0.764008800000E+02  0.348057600000E+02  0.124200000000E+01
   22068 -0.764329900000E+02  0.348064600000E+02  0.228400000000E+01
   22075 -0.764498100000E+02  0.348071300000E+02  0.102300000000E+01
   22082 -0.763796200000E+02  0.348072500000E+02  0.851000000000E+00
   22086 -0.764062000000E+02  0.348074500000E+02  0.154100000000E+01
   22089 -0.764221400000E+02  0.348076900000E+02  0.148800000000E+01
   22092 -0.763740700000E+02  0.348064100000E+02  0.555000000000E+00
   22093 -0.763851800000E+02  0.348079100000E+02  0.425000000000E+00
   22099 -0.763906900000E+02  0.348087400000E+02  0.529000000000E+00
   22102 -0.764392900000E+02  0.348093000000E+02  0.263800000000E+01
   22107 -0.764116100000E+02  0.348092900000E+02  0.529000000000E+00
   22111 -0.764281300000E+02  0.348100500000E+02  0.208000000000E+01
   22112 -0.763960800000E+02  0.348098800000E+02  0.498000000000E+00
   22121 -0.764171800000E+02  0.348112800000E+02  0.412000000000E+00
   22122 -0.764014100000E+02  0.348113300000E+02  0.161700000000E+01
   22127 -0.764457600000E+02  0.348123900000E+02  0.175000000000E+01
   22133 -0.764345500000E+02  0.348128400000E+02  0.204800000000E+01
   22134 -0.763749400000E+02  0.348126900000E+02  0.555000000000E+00
   22138 -0.763805200000E+02  0.348128200000E+02  0.602000000000E+00
   22140 -0.764067400000E+02  0.348130100000E+02  0.766000000000E+00
   22141 -0.763860300000E+02  0.348131300000E+02  0.741000000000E+00
   22144 -0.764229700000E+02  0.348134400000E+02  0.238900000000E+01
   22150 -0.763913800000E+02  0.348139600000E+02  0.425000000000E+00
   22161 -0.764121700000E+02  0.348148500000E+02  0.907000000000E+00
   22163 -0.763966400000E+02  0.348151900000E+02  0.879000000000E+00
   22170 -0.764291700000E+02  0.348158600000E+02  0.169100000000E+01
   22175 -0.764413100000E+02  0.348168300000E+02  0.627000000000E+00
   22179 -0.764018900000E+02  0.348167100000E+02  0.158700000000E+01
   22181 -0.764177400000E+02  0.348168100000E+02  0.227400000000E+01
   22187 -0.763815900000E+02  0.348174600000E+02  0.536000000000E+00
   22192 -0.763868600000E+02  0.348179100000E+02  0.974000000000E+00
   22195 -0.763677100000E+02  0.348149500000E+02  0.555000000000E+00
   22196 -0.763694800000E+02  0.348187500000E+02  0.555000000000E+00
   22197 -0.763715400000E+02  0.348153400000E+02  0.555000000000E+00
   22199 -0.764364100000E+02  0.348185300000E+02  0.594000000000E+00
   22201 -0.764071800000E+02  0.348184500000E+02  0.233300000000E+01
   22202 -0.763757200000E+02  0.348184600000E+02  0.555000000000E+00
   22205 -0.763724600000E+02  0.348187600000E+02  0.555000000000E+00
   22206 -0.763919900000E+02  0.348189400000E+02  0.140500000000E+01
   22208 -0.764234800000E+02  0.348189700000E+02  0.123000000000E+01
   22212 -0.763655300000E+02  0.348195000000E+02  0.555000000000E+00
   22222 -0.763971000000E+02  0.348203400000E+02  0.162400000000E+01
   22223 -0.764125700000E+02  0.348202900000E+02  0.156100000000E+01
   22227 -0.763778100000E+02  0.348209900000E+02  0.477000000000E+00
   22231 -0.763715700000E+02  0.348215000000E+02  0.488000000000E+00
   22232 -0.763735900000E+02  0.348207800000E+02  0.500000000000E+00
   22235 -0.763826200000E+02  0.348215000000E+02  0.770000000000E+00
   22238 -0.764294600000E+02  0.348213400000E+02  0.127100000000E+01
   22241 -0.764022400000E+02  0.348219900000E+02  0.214000000000E+01
   22242 -0.763680900000E+02  0.348224700000E+02  0.701000000000E+00
   22245 -0.764180700000E+02  0.348220500000E+02  0.897000000000E+00
   22248 -0.763875300000E+02  0.348224800000E+02  0.148400000000E+01
   22253 -0.763746200000E+02  0.348232600000E+02  0.424000000000E+00
   22255 -0.764343600000E+02  0.348233300000E+02  0.637000000000E+00
   22262 -0.763924600000E+02  0.348238100000E+02  0.183500000000E+01
   22263 -0.763637800000E+02  0.348234900000E+02  0.639000000000E+00
   22264 -0.764074700000E+02  0.348238600000E+02  0.167400000000E+01
   22271 -0.763787200000E+02  0.348244700000E+02  0.566000000000E+00
   22276 -0.764235000000E+02  0.348243300000E+02  0.619000000000E+00
   22278 -0.763711600000E+02  0.348249700000E+02  0.525000000000E+00
   22283 -0.763974300000E+02  0.348254000000E+02  0.256300000000E+01
   22286 -0.763832600000E+02  0.348257000000E+02  0.168400000000E+01
   22288 -0.764128300000E+02  0.348257600000E+02  0.898000000000E+00
   22293 -0.763670000000E+02  0.348266300000E+02  0.915000000000E+00
   22298 -0.764182700000E+02  0.348261300000E+02  0.662000000000E+00
   22300 -0.764298400000E+02  0.348270400000E+02  0.870000000000E+00
   22302 -0.763749000000E+02  0.348268900000E+02  0.437000000000E+00
   22304 -0.763879800000E+02  0.348270800000E+02  0.217400000000E+01
   22307 -0.764024400000E+02  0.348272300000E+02  0.233200000000E+01
   22317 -0.763567300000E+02  0.348258300000E+02  0.541000000000E+00
   22318 -0.763618700000E+02  0.348286300000E+02  0.520000000000E+00
   22320 -0.763791400000E+02  0.348285400000E+02  0.122700000000E+01
   22325 -0.763927700000E+02  0.348286500000E+02  0.243200000000E+01
   22328 -0.763708200000E+02  0.348290400000E+02  0.910000000000E+00
   22336 -0.764075500000E+02  0.348294300000E+02  0.114200000000E+01
   22341 -0.764218800000E+02  0.348304200000E+02  0.576000000000E+00
   22345 -0.763836400000E+02  0.348301300000E+02  0.239600000000E+01
   22350 -0.763975900000E+02  0.348303900000E+02  0.268200000000E+01
   22359 -0.763663000000E+02  0.348312100000E+02  0.579000000000E+00
   22360 -0.763749700000E+02  0.348310900000E+02  0.731000000000E+00
   22367 -0.763560300000E+02  0.348310700000E+02  0.410000000000E+00
   22370 -0.763882800000E+02  0.348317700000E+02  0.266700000000E+01
   22373 -0.763485900000E+02  0.348286500000E+02  0.544000000000E+00
   22378 -0.764024000000E+02  0.348323500000E+02  0.217300000000E+01
   22382 -0.764130800000E+02  0.348327800000E+02  0.717000000000E+00
   22386 -0.763793500000E+02  0.348329700000E+02  0.123100000000E+01
   22391 -0.763510100000E+02  0.348337000000E+02  0.408000000000E+00
   22393 -0.763706400000E+02  0.348335100000E+02  0.556000000000E+00
   22395 -0.763929500000E+02  0.348334800000E+02  0.269200000000E+01
   22398 -0.763613900000E+02  0.348335500000E+02  0.103100000000E+01
   22405 -0.763454100000E+02  0.348312900000E+02  0.524000000000E+00
   22407 -0.764070800000E+02  0.348346300000E+02  0.177100000000E+01
   22409 -0.763838800000E+02  0.348347700000E+02  0.268900000000E+01
   22415 -0.763976300000E+02  0.348352700000E+02  0.287200000000E+01
   22417 -0.763750200000E+02  0.348356300000E+02  0.643000000000E+00
   22422 -0.763661000000E+02  0.348359100000E+02  0.102100000000E+01
   22424 -0.763565400000E+02  0.348360700000E+02  0.542000000000E+00
   22431 -0.763884800000E+02  0.348365400000E+02  0.268800000000E+01
   22433 -0.764107200000E+02  0.348370000000E+02  0.778000000000E+00
   22438 -0.764022100000E+02  0.348371700000E+02  0.265200000000E+01
   22443 -0.763795200000E+02  0.348376700000E+02  0.176300000000E+01
   22450 -0.763706100000E+02  0.348381700000E+02  0.610000000000E+00
   22452 -0.763930700000E+02  0.348382800000E+02  0.269400000000E+01
   22454 -0.763615300000E+02  0.348383900000E+02  0.739000000000E+00
   22455 -0.764159600000E+02  0.348377600000E+02  0.628000000000E+00
   22463 -0.764065700000E+02  0.348390800000E+02  0.182000000000E+01
   22469 -0.763841000000E+02  0.348396000000E+02  0.276300000000E+01
   22474 -0.763976100000E+02  0.348399800000E+02  0.284600000000E+01
   22479 -0.763751100000E+02  0.348404000000E+02  0.102000000000E+01
   22482 -0.763661800000E+02  0.348406700000E+02  0.154200000000E+01
   22486 -0.764109200000E+02  0.348407600000E+02  0.675000000000E+00
   22491 -0.763886900000E+02  0.348413600000E+02  0.271700000000E+01
   22495 -0.764020500000E+02  0.348416700000E+02  0.264800000000E+01
   22504 -0.764140600000E+02  0.348429200000E+02  0.606000000000E+00
   22506 -0.763797100000E+02  0.348426600000E+02  0.311200000000E+01
   22512 -0.763706800000E+02  0.348429500000E+02  0.243300000000E+01
   22513 -0.764183700000E+02  0.348415700000E+02  0.613000000000E+00
   22514 -0.763931900000E+02  0.348429900000E+02  0.281900000000E+01
   22516 -0.763618300000E+02  0.348432000000E+02  0.268300000000E+01
   22519 -0.764065100000E+02  0.348432500000E+02  0.149000000000E+01
   22528 -0.764117300000E+02  0.348445200000E+02  0.648000000000E+00
   22533 -0.763844200000E+02  0.348445700000E+02  0.298800000000E+01
   22535 -0.763975800000E+02  0.348445100000E+02  0.297400000000E+01
   22542 -0.763751800000E+02  0.348453700000E+02  0.292600000000E+01
   22543 -0.763663400000E+02  0.348454100000E+02  0.216200000000E+01
   22553 -0.764018600000E+02  0.348459800000E+02  0.256300000000E+01
   22554 -0.763889700000E+02  0.348461300000E+02  0.290700000000E+01
   22572 -0.764059800000E+02  0.348475000000E+02  0.171800000000E+01
   22574 -0.763933200000E+02  0.348476000000E+02  0.299200000000E+01
   22576 -0.763707100000E+02  0.348477000000E+02  0.192700000000E+01
   22583 -0.763800000000E+02  0.348483200000E+02  0.264900000000E+01
   22592 -0.763975800000E+02  0.348488100000E+02  0.271600000000E+01
   22594 -0.764089400000E+02  0.348495400000E+02  0.997000000000E+00
   22595 -0.763851200000E+02  0.348493500000E+02  0.223300000000E+01
   22605 -0.763665200000E+02  0.348500300000E+02  0.214500000000E+01
   22607 -0.764015300000E+02  0.348500900000E+02  0.292600000000E+01
   22608 -0.763749100000E+02  0.348502200000E+02  0.189800000000E+01
   22620 -0.763891500000E+02  0.348508900000E+02  0.268800000000E+01
   22622 -0.764118800000E+02  0.348514000000E+02  0.866000000000E+00
   22629 -0.764053100000E+02  0.348516300000E+02  0.195000000000E+01
   22636 -0.763935000000E+02  0.348522100000E+02  0.225600000000E+01
   22637 -0.764097900000E+02  0.348526200000E+02  0.781000000000E+00
   22638 -0.763706800000E+02  0.348522300000E+02  0.173100000000E+01
   22641 -0.763823900000E+02  0.348528700000E+02  0.159800000000E+01
   22644 -0.763977000000E+02  0.348524200000E+02  0.204700000000E+01
   22646 -0.763783600000E+02  0.348531600000E+02  0.156400000000E+01
   22650 -0.763858300000E+02  0.348533100000E+02  0.167400000000E+01
   22659 -0.764008100000E+02  0.348541800000E+02  0.175100000000E+01
   22667 -0.763745200000E+02  0.348545400000E+02  0.130800000000E+01
   22683 -0.764048300000E+02  0.348558200000E+02  0.240300000000E+01
   22686 -0.763807600000E+02  0.348564000000E+02  0.665000000000E+00
   22690 -0.763842600000E+02  0.348566700000E+02  0.602000000000E+00
   22692 -0.763882100000E+02  0.348567500000E+02  0.588000000000E+00
   22694 -0.763950700000E+02  0.348568000000E+02  0.658000000000E+00
   22696 -0.763776400000E+02  0.348566600000E+02  0.824000000000E+00
   22706 -0.764079500000E+02  0.348580600000E+02  0.757000000000E+00
   22719 -0.764004200000E+02  0.348583200000E+02  0.193000000000E+01
   22729 -0.764117600000E+02  0.348596000000E+02  0.699000000000E+00
   22738 -0.764047200000E+02  0.348601300000E+02  0.194600000000E+01
   22742 -0.763797800000E+02  0.348606800000E+02  0.118200000000E+01
   22747 -0.763961300000E+02  0.348606500000E+02  0.678000000000E+00
   22761 -0.764086800000E+02  0.348621400000E+02  0.139600000000E+01
   22768 -0.764009600000E+02  0.348623200000E+02  0.197200000000E+01
   22791 -0.764054400000E+02  0.348641100000E+02  0.245100000000E+01
   22803 -0.763971200000E+02  0.348645700000E+02  0.669000000000E+00
   22808 -0.764126400000E+02  0.348650100000E+02  0.888000000000E+00
   22822 -0.764095700000E+02  0.348659200000E+02  0.106700000000E+01
   22824 -0.764019600000E+02  0.348661300000E+02  0.125000000000E+01
   22851 -0.764067600000E+02  0.348680300000E+02  0.195300000000E+01
   22858 -0.763984000000E+02  0.348684200000E+02  0.893000000000E+00
   22872 -0.764031000000E+02  0.348693500000E+02  0.256400000000E+01
   22892 -0.764000200000E+02  0.348711100000E+02  0.235100000000E+01
       1 3    20599    20525    20900
       2 3    20525    20925    20900
       3 3    20958    20959    20960
       4 3    20599    21020    20714
       5 3    20958    21072    20959
       6 3    20599    20900    21020
       7 3    20960    20959    21074
       8 3    21096    21097    20925
       9 3    20714    21127    20814
      10 3    21096    21159    21097
      11 3    20714    21020    21127
      12 3    20900    20925    21196
      13 3    20925    21097    21196
      14 3    20814    21223    20932
      15 3    20814    21127    21223
      16 3    20959    21267    21074
      17 3    21074    21292    21159
      18 3    20900    21298    21020
      19 3    20932    21302    21031
      20 3    21074    21267    21292
      21 3    21072    21316    20959
      22 3    20900    21196    21298
      23 3    21097    21159    21341
      24 3    20932    21223    21302
      25 3    21159    21292    21341
      26 3    20959    21316    21267
      27 3    21031    21387    21121
      28 3    21020    21396    21127
      29 3    21031    21302    21387
      30 3    21121    21430    21219
      31 3    21020    21298    21396
      32 3    21097    21445    21196
      33 3    21316    21471    21267
      34 3    21127    21473    21223
      35 3    21097    21341    21445
      36 3    21121    21387    21430
      37 3    21127    21396    21473
      38 3    21267    21517    21292
      39 3    21196    21521    21298
      40 3    21223    21524    21302
      41 3    21267    21471    21517
      42 3    21196    21445    21521
      43 3    21316    21547    21471
      44 3    21223    21473    21524
      45 3    21292    21564    21341
      46 3    21302    21577    21387
      47 3    21292    21517    21564
      48 3    21298    21585    21396
      49 3    21302    21524    21577
      50 3    21298    21521    21585
      51 3    21341    21611    21445
      52 3    21387    21614    21430
      53 3    21387    21577    21614
      54 3    21341    21564    21611
      55 3    21396    21630    21473
      56 3    21471    21547    21639
      57 3    21471    21639    21517
      58 3    21396    21585    21630
      59 3    21445    21662    21521
      60 3    21473    21663    21524
      61 3    21445    21611    21662
      62 3    21473    21630    21663
      63 3    21517    21686    21564
      64 3    21577    21524    21693
      65 3    21517    21639    21686
      66 3    21521    21701    21585
      67 3    21524    21663    21693
      68 3    21521    21662    21701
      69 3    21614    21577    21710
      70 3    21564    21712    21611
      71 3    21547    21714    21639
      72 3    21577    21693    21710
      73 3    21564    21686    21712
      74 3    21585    21722    21630
      75 3    21585    21701    21722
      76 3    21611    21733    21662
      77 3    21630    21735    21663
      78 3    21611    21712    21733
      79 3    21639    21739    21686
      80 3    21639    21714    21739
      81 3    21630    21722    21735
      82 3    21693    21663    21753
      83 3    21662    21765    21701
      84 3    21663    21735    21753
      85 3    21710    21693    21772
      86 3    21662    21733    21765
      87 3    21686    21778    21712
      88 3    21686    21739    21778
      89 3    21693    21753    21772
      90 3    21701    21792    21722
      91 3    21701    21765    21792
      92 3    21712    21800    21733
      93 3    21714    21803    21739
      94 3    21722    21807    21735
      95 3    21712    21778    21800
      96 3    21714    21813    21803
      97 3    21722    21792    21807
      98 3    21753    21735    21825
      99 3    21733    21827    21765
     100 3    21739    21831    21778
     101 3    21733    21800    21827
     102 3    21772    21753    21837
     103 3    21735    21807    21825
     104 3    21739    21803    21831
     105 3    21850    21851    21852
     106 3    21753    21825    21837
     107 3    21765    21856    21792
     108 3    21778    21868    21800
     109 3    21813    21872    21803
     110 3    21765    21827    21856
     111 3    21778    21831    21868
     112 3    21813    21875    21872
     113 3    21851    21881    21852
     114 3    21792    21882    21807
     115 3    21800    21897    21827
     116 3    21792    21856    21882
     117 3    21803    21899    21831
     118 3    21825    21807    21903
     119 3    21851    21904    21881
     120 3    21800    21868    21897
     121 3    21803    21872    21899
     122 3    21837    21825    21908
     123 3    21807    21882    21903
     124 3    21875    21922    21872
     125 3    21827    21923    21856
     126 3    21831    21924    21868
     127 3    21875    21925    21922
     128 3    21852    21881    21925
     129 3    21825    21903    21908
     130 3    21831    21899    21924
     131 3    21827    21897    21923
     132 3    21904    21950    21881
     133 3    21856    21955    21882
     134 3    21872    21956    21899
     135 3    21868    21958    21897
     136 3    21872    21922    21956
     137 3    21868    21924    21958
     138 3    21904    21965    21950
     139 3    21856    21923    21955
     140 3    21881    21979    21925
     141 3    21881    21950    21979
     142 3    21882    21990    21903
     143 3    21899    21991    21924
     144 3    21925    21992    21922
     145 3    21897    21996    21923
     146 3    21925    21979    21992
     147 3    21899    21956    21991
     148 3    21882    21955    21990
     149 3    21897    21958    21996
     150 3    21903    22006    21908
     151 3    21922    22016    21956
     152 3    21924    22017    21958
     153 3    21922    21992    22016
     154 3    21903    21990    22006
     155 3    21923    22020    21955
     156 3    21924    21991    22017
     157 3    21965    22023    21950
     158 3    21923    21996    22020
     159 3    21965    22030    22023
     160 3    21950    22037    21979
     161 3    21956    22039    21991
     162 3    21958    22043    21996
     163 3    21950    22023    22037
     164 3    21956    22016    22039
     165 3    21979    22047    21992
     166 3    21958    22017    22043
     167 3    21955    22049    21990
     168 3    21979    22037    22047
     169 3    21955    22020    22049
     170 3    21991    22058    22017
     171 3    21992    22062    22016
     172 3    21991    22039    22058
     173 3    21992    22047    22062
     174 3    21996    22068    22020
     175 3    21990    22075    22006
     176 3    21996    22043    22068
     177 3    22030    22082    22023
     178 3    22016    22086    22039
     179 3    21990    22049    22075
     180 3    22017    22089    22043
     181 3    22016    22062    22086
     182 3    22030    22092    22082
     183 3    22023    22093    22037
     184 3    22017    22058    22089
     185 3    22023    22082    22093
     186 3    22037    22099    22047
     187 3    22020    22102    22049
     188 3    22039    22107    22058
     189 3    22037    22093    22099
     190 3    22039    22086    22107
     191 3    22020    22068    22102
     192 3    22043    22111    22068
     193 3    22047    22112    22062
     194 3    22047    22099    22112
     195 3    22043    22089    22111
     196 3    22058    22121    22089
     197 3    22062    22122    22086
     198 3    22058    22107    22121
     199 3    22062    22112    22122
     200 3    22049    22127    22075
     201 3    22068    22133    22102
     202 3    22092    22134    22082
     203 3    22049    22102    22127
     204 3    22082    22138    22093
     205 3    22086    22140    22107
     206 3    22093    22141    22099
     207 3    22086    22122    22140
     208 3    22089    22144    22111
     209 3    22068    22111    22133
     210 3    22082    22134    22138
     211 3    22089    22121    22144
     212 3    22093    22138    22141
     213 3    22099    22150    22112
     214 3    22099    22141    22150
     215 3    22107    22161    22121
     216 3    22112    22163    22122
     217 3    22107    22140    22161
     218 3    22112    22150    22163
     219 3    22111    22170    22133
     220 3    22102    22175    22127
     221 3    22111    22144    22170
     222 3    22122    22179    22140
     223 3    22121    22181    22144
     224 3    22122    22163    22179
     225 3    22121    22161    22181
     226 3    22102    22133    22175
     227 3    22138    22187    22141
     228 3    22141    22192    22150
     229 3    22195    22196    22197
     230 3    22133    22199    22175
     231 3    22140    22201    22161
     232 3    22134    22202    22138
     233 3    22141    22187    22192
     234 3    22140    22179    22201
     235 3    22197    22196    22205
     236 3    22150    22206    22163
     237 3    22138    22202    22187
     238 3    22144    22208    22170
     239 3    22150    22192    22206
     240 3    22144    22181    22208
     241 3    22195    22212    22196
     242 3    22133    22170    22199
     243 3    22163    22222    22179
     244 3    22161    22223    22181
     245 3    22161    22201    22223
     246 3    22163    22206    22222
     247 3    22202    22227    22187
     248 3    22205    22196    22231
     249 3    22205    22231    22232
     250 3    22187    22235    22192
     251 3    22170    22208    22238
     252 3    22179    22241    22201
     253 3    22196    22212    22242
     254 3    22170    22238    22199
     255 3    22187    22227    22235
     256 3    22181    22245    22208
     257 3    22179    22222    22241
     258 3    22202    22232    22227
     259 3    22181    22223    22245
     260 3    22192    22248    22206
     261 3    22196    22242    22231
     262 3    22192    22235    22248
     263 3    22232    22253    22227
     264 3    22199    22238    22255
     265 3    22232    22231    22253
     266 3    22206    22262    22222
     267 3    22212    22263    22242
     268 3    22201    22264    22223
     269 3    22201    22241    22264
     270 3    22206    22248    22262
     271 3    22227    22271    22235
     272 3    22208    22245    22276
     273 3    22231    22242    22278
     274 3    22208    22276    22238
     275 3    22227    22253    22271
     276 3    22231    22278    22253
     277 3    22222    22283    22241
     278 3    22222    22262    22283
     279 3    22235    22286    22248
     280 3    22223    22288    22245
     281 3    22223    22264    22288
     282 3    22235    22271    22286
     283 3    22242    22263    22293
     284 3    22245    22298    22276
     285 3    22242    22293    22278
     286 3    22238    22300    22255
     287 3    22253    22302    22271
     288 3    22245    22288    22298
     289 3    22253    22278    22302
     290 3    22248    22304    22262
     291 3    22241    22307    22264
     292 3    22248    22286    22304
     293 3    22241    22283    22307
     294 3    22238    22276    22300
     295 3    22263    22317    22318
     296 3    22271    22320    22286
     297 3    22262    22325    22283
     298 3    22271    22302    22320
     299 3    22262    22304    22325
     300 3    22278    22293    22328
     301 3    22263    22318    22293
     302 3    22278    22328    22302
     303 3    22264    22307    22336
     304 3    22264    22336    22288
     305 3    22276    22298    22341
     306 3    22286    22345    22304
     307 3    22286    22320    22345
     308 3    22283    22350    22307
     309 3    22283    22325    22350
     310 3    22293    22318    22359
     311 3    22302    22360    22320
     312 3    22302    22328    22360
     313 3    22293    22359    22328
     314 3    22317    22367    22318
     315 3    22304    22370    22325
     316 3    22317    22373    22367
     317 3    22304    22345    22370
     318 3    22276    22341    22300
     319 3    22307    22350    22378
     320 3    22307    22378    22336
     321 3    22288    22336    22382
     322 3    22288    22382    22298
     323 3    22320    22386    22345
     324 3    22320    22360    22386
     325 3    22373    22391    22367
     326 3    22328    22359    22393
     327 3    22325    22395    22350
     328 3    22328    22393    22360
     329 3    22325    22370    22395
     330 3    22318    22367    22398
     331 3    22318    22398    22359
     332 3    22373    22405    22391
     333 3    22336    22378    22407
     334 3    22345    22409    22370
     335 3    22345    22386    22409
     336 3    22336    22407    22382
     337 3    22350    22395    22415
     338 3    22350    22415    22378
     339 3    22360    22417    22386
     340 3    22360    22393    22417
     341 3    22359    22398    22422
     342 3    22359    22422    22393
     343 3    22367    22424    22398
     344 3    22370    22431    22395
     345 3    22367    22391    22424
     346 3    22382    22407    22433
     347 3    22370    22409    22431
     348 3    22378    22415    22438
     349 3    22378    22438    22407
     350 3    22386    22443    22409
     351 3    22386    22417    22443
     352 3    22393    22450    22417
     353 3    22393    22422    22450
     354 3    22395    22452    22415
     355 3    22395    22431    22452
     356 3    22398    22454    22422
     357 3    22382    22433    22455
     358 3    22398    22424    22454
     359 3    22407    22438    22463
     360 3    22407    22463    22433
     361 3    22409    22469    22431
     362 3    22409    22443    22469
     363 3    22415    22452    22474
     364 3    22415    22474    22438
     365 3    22417    22479    22443
     366 3    22417    22450    22479
     367 3    22422    22482    22450
     368 3    22422    22454    22482
     369 3    22433    22463    22486
     370 3    22433    22486    22455
     371 3    22431    22491    22452
     372 3    22431    22469    22491
     373 3    22438    22474    22495
     374 3    22438    22495    22463
     375 3    22455    22486    22504
     376 3    22443    22506    22469
     377 3    22443    22479    22506
     378 3    22450    22512    22479
     379 3    22455    22504    22513
     380 3    22450    22482    22512
     381 3    22452    22514    22474
     382 3    22452    22491    22514
     383 3    22454    22516    22482
     384 3    22463    22495    22519
     385 3    22463    22519    22486
     386 3    22486    22528    22504
     387 3    22469    22533    22491
     388 3    22474    22514    22535
     389 3    22474    22535    22495
     390 3    22469    22506    22533
     391 3    22479    22542    22506
     392 3    22482    22543    22512
     393 3    22479    22512    22542
     394 3    22486    22519    22528
     395 3    22482    22516    22543
     396 3    22495    22535    22553
     397 3    22491    22554    22514
     398 3    22495    22553    22519
     399 3    22491    22533    22554
     400 3    22519    22553    22572
     401 3    22514    22574    22535
     402 3    22514    22554    22574
     403 3    22512    22543    22576
     404 3    22512    22576    22542
     405 3    22506    22583    22533
     406 3    22506    22542    22583
     407 3    22519    22572    22528
     408 3    22535    22592    22553
     409 3    22535    22574    22592
     410 3    22572    22594    22528
     411 3    22533    22595    22554
     412 3    22533    22583    22595
     413 3    22543    22605    22576
     414 3    22553    22592    22607
     415 3    22542    22576    22608
     416 3    22553    22607    22572
     417 3    22542    22608    22583
     418 3    22554    22595    22620
     419 3    22554    22620    22574
     420 3    22594    22622    22528
     421 3    22572    22607    22629
     422 3    22572    22629    22594
     423 3    22574    22636    22592
     424 3    22594    22637    22622
     425 3    22576    22605    22638
     426 3    22576    22638    22608
     427 3    22574    22620    22636
     428 3    22595    22583    22641
     429 3    22592    22644    22607
     430 3    22583    22608    22646
     431 3    22592    22636    22644
     432 3    22595    22650    22620
     433 3    22595    22641    22650
     434 3    22583    22646    22641
     435 3    22594    22629    22637
     436 3    22607    22644    22659
     437 3    22608    22638    22667
     438 3    22608    22667    22646
     439 3    22607    22659    22629
     440 3    22629    22659    22683
     441 3    22641    22646    22686
     442 3    22650    22641    22690
     443 3    22650    22692    22620
     444 3    22636    22694    22644
     445 3    22646    22667    22696
     446 3    22629    22683    22637
     447 3    22646    22696    22686
     448 3    22641    22686    22690
     449 3    22620    22692    22636
     450 3    22650    22690    22692
     451 3    22637    22683    22706
     452 3    22644    22694    22659
     453 3    22659    22719    22683
     454 3    22636    22692    22694
     455 3    22659    22694    22719
     456 3    22637    22706    22729
     457 3    22683    22738    22706
     458 3    22683    22719    22738
     459 3    22686    22696    22742
     460 3    22694    22747    22719
     461 3    22706    22761    22729
     462 3    22719    22768    22738
     463 3    22706    22738    22761
     464 3    22719    22747    22768
     465 3    22738    22791    22761
     466 3    22747    22803    22768
     467 3    22738    22768    22791
     468 3    22729    22761    22808
     469 3    22761    22822    22808
     470 3    22768    22824    22791
     471 3    22761    22791    22822
     472 3    22768    22803    22824
     473 3    22791    22851    22822
     474 3    22803    22858    22824
     475 3    22791    22824    22851
     476 3    22824    22872    22851
     477 3    22824    22858    22872
     478 3    22858    22892    22872
 0                                                                              
 0                                                                              
 2                                                                              
 71                                                                             
      32       1                                                                
   20525
   20925
   21096
   21159
   21074
   20960
   20958
   21072
   21316
   21547
   21714
   21813
   21875
   21925
   21852
   21850
   21851
   21904
   21965
   22030
   22092
   22134
   22202
   22232
   22205
   22197
   22195
   22212
   22263
   22317
   22373
   22405
      37       1                                                                
   22742
   22686
   22690
   22692
   22694
   22747
   22803
   22858
   22892
   22872
   22851
   22822
   22808
   22729
   22637
   22622
   22528
   22504
   22513
   22455
   22382
   22298
   22341
   22300
   22255
   22199
   22175
   22127
   22075
   22006
   21908
   21837
   21772
   21710
   21614
   21430
   21219
