Nodal attrs for bi_1997_v2.grd - 10/24/2013                                     
         278
           1
primitive_weighting_in_continuity_equation                                      
1                                                                               
           1
  0.300000000E-01
primitive_weighting_in_continuity_equation                                      
          37
     24060    0.50000000E-02
     24217    0.50000000E-02
     24224    0.50000000E-02
     24356    0.50000000E-02
     24367    0.50000000E-02
     24369    0.50000000E-02
     24513    0.50000000E-02
     24528    0.50000000E-02
     24550    0.50000000E-02
     24556    0.50000000E-02
     24629    0.50000000E-02
     24729    0.50000000E-02
     24735    0.50000000E-02
     24762    0.50000000E-02
     24804    0.50000000E-02
     24825    0.50000000E-02
     24841    0.50000000E-02
     24925    0.50000000E-02
     24940    0.50000000E-02
     24949    0.50000000E-02
     24980    0.50000000E-02
     24992    0.50000000E-02
     25009    0.50000000E-02
     25021    0.50000000E-02
     25117    0.50000000E-02
     25130    0.50000000E-02
     25169    0.50000000E-02
     25210    0.50000000E-02
     25223    0.50000000E-02
     25234    0.50000000E-02
     25363    0.50000000E-02
     25365    0.50000000E-02
     25369    0.50000000E-02
     25378    0.50000000E-02
     25393    0.50000000E-02
     25427    0.50000000E-02
     25536    0.50000000E-02
