FileFmt      1050624           0           0
NELG           58641         560         479
       54245
       54290
       54298
       54308
       54311
       54316
       54318
       54338
       54341
       54345
       54351
       54352
       54366
       54374
       54377
       54383
       54387
       54396
       54403
       54405
       54410
       54416
       54418
       54423
       54429
       54434
       54444
       54446
       54450
       54456
       54461
       54467
       54472
       54478
       54489
       54498
       54506
       54520
       54526
       54531
       54537
      -54540
       54558
       54559
      -54567
       54570
       54577
       54587
       54589
       54598
       54608
       54610
      -54613
       54618
       54629
       54632
      -54636
       54641
       54646
       54651
       54653
       54659
       54671
       54675
       54676
       54679
       54684
       54688
       54689
       54694
      -54695
       54696
       54698
       54699
       54702
       54705
       54709
      -54713
       54716
       54717
       54718
       54719
       54722
       54724
       54727
       54731
       54737
       54738
       54758
       54767
       54771
       54776
       54779
      -54783
       54786
       54791
       54793
       54794
       54795
      -54804
       54809
       54810
       54811
       54815
       54825
       54828
       54829
       54838
       54840
       54841
       54842
       54852
       54857
       54858
       54861
      -54871
       54874
       54889
       54893
      -54894
       54895
       54896
       54903
       54909
       54916
       54932
       54933
       54934
       54936
       54937
       54942
       54949
       54956
       54957
       54959
      -54965
       54968
       54979
       54981
      -54986
       54991
       55000
       55002
       55006
       55010
       55014
       55023
       55032
       55044
       55045
       55051
       55053
       55058
       55063
       55068
      -55073
       55081
       55082
       55088
      -55089
       55090
       55092
       55101
       55102
       55121
       55122
       55124
       55125
       55128
       55129
       55138
       55144
       55164
      -55167
       55169
       55171
       55176
       55178
       55185
       55190
      -55196
       55197
       55199
       55201
       55204
       55205
       55206
       55209
       55219
       55224
       55227
       55229
       55235
       55237
       55241
       55245
       55260
       55261
       55266
       55272
       55275
       55279
       55281
       55282
       55289
       55301
       55306
       55307
       55312
       55315
       55318
       55321
       55322
       55324
       55331
       55335
       55338
       55346
       55349
       55357
       55359
       55364
       55366
       55371
       55374
       55379
       55389
       55392
       55403
       55406
       55407
       55413
       55417
       55419
       55425
       55432
       55437
       55439
       55442
       55447
       55449
       55450
       55452
       55457
       55467
       55469
       55471
       55488
       55492
       55496
       55497
       55508
       55524
       55525
       55529
       55530
       55534
       55537
       55542
       55553
       55555
       55556
       55563
       55578
       55583
       55588
       55592
       55595
       55597
       55599
       55609
       55619
       55621
       55638
       55642
       55644
       55649
       55653
       55656
       55660
       55662
       55665
       55673
       55675
       55684
       55685
       55695
       55700
       55716
       55723
       55727
       55735
       55739
       55743
       55744
       55753
       55756
       55758
       55760
       55764
       55769
       55782
       55784
       55787
       55804
       55806
       55808
       55815
       55820
       55826
       55835
       55838
       55840
       55847
       55854
       55859
       55861
       55877
       55887
       55889
       55893
       55897
       55902
       55914
       55915
       55916
       55918
       55920
       55928
       55931
       55935
       55941
       55949
       55956
       55962
       55963
       55965
       55970
       55979
       55980
       55982
       55985
       55988
       55990
       55993
       55998
       55999
       56011
       56013
       56017
       56022
       56025
       56026
       56029
       56036
       56040
       56047
       56051
       56060
       56063
       56070
       56073
       56074
       56079
       56080
       56081
       56086
       56100
       56102
       56110
       56112
       56113
       56123
       56131
       56134
       56139
       56141
       56147
       56158
       56162
       56165
       56167
       56168
       56176
       56178
       56184
       56185
       56188
       56193
       56198
       56202
       56209
       56210
       56212
       56223
       56224
       56229
       56231
       56234
       56235
       56242
       56249
       56252
       56253
       56257
       56260
       56266
       56267
       56274
       56279
       56282
       56284
       56292
       56295
       56298
       56301
       56305
       56311
       56313
       56324
       56327
       56332
       56333
       56337
       56338
       56342
       56354
       56356
       56358
       56361
       56364
       56380
       56382
       56383
       56386
       56388
       56401
       56406
       56407
       56409
       56412
       56416
       56422
       56425
       56428
       56436
       56442
       56452
       56453
       56454
       56455
       56464
       56466
       56467
       56468
       56472
       56475
       56484
       56491
       56492
       56494
       56499
       56500
       56512
       56513
       56517
       56520
       56521
       56524
       56527
       56531
       56551
       56552
       56561
       56570
       56573
       56578
       56582
       56595
NNODG          32218         319         297
      -29811
      -29855
       29862
      -29869
      -29876
       29888
       29894
       29897
       29903
       29916
       29917
       29920
       29921
       29926
       29938
       29941
       29945
       29951
       29954
       29961
       29966
       29971
       29973
       29979
       29985
       29989
       30002
       30016
      -30020
       30028
       30036
      -30040
       30043
       30049
       30050
       30059
       30068
       30074
       30076
      -30080
       30084
      -30091
       30093
       30097
       30102
       30107
       30109
       30113
       30114
      -30119
       30124
      -30125
       30128
       30129
       30130
       30131
       30132
       30134
       30140
       30141
       30142
      -30144
       30146
       30149
       30150
       30157
       30158
       30161
       30171
      -30173
       30186
       30193
       30195
       30196
       30197
       30200
      -30201
       30212
       30213
       30225
      -30227
       30231
       30243
       30245
       30250
       30252
       30263
      -30264
       30267
       30269
       30284
       30285
      -30288
       30289
       30300
       30305
       30307
       30313
       30321
      -30324
       30326
       30329
       30340
      -30343
       30346
       30350
       30357
       30362
       30365
       30366
       30373
       30383
       30386
       30387
       30393
      -30397
      -30402
       30406
       30408
       30411
       30415
       30421
       30424
       30426
       30433
       30438
       30440
       30445
       30458
      -30459
       30462
       30466
       30467
       30474
       30477
       30479
       30484
       30488
       30490
       30499
       30501
      -30506
       30513
       30517
       30521
       30529
       30536
       30537
       30543
       30548
       30549
       30552
      -30553
       30558
       30573
       30576
       30588
       30589
       30592
       30595
       30597
       30601
       30608
       30613
      -30618
       30619
       30627
       30633
       30649
       30652
       30656
       30659
       30661
       30663
       30664
       30670
       30672
      -30679
       30691
       30702
       30707
       30708
       30714
       30720
       30723
      -30724
       30730
       30745
       30748
       30752
       30757
       30760
       30766
       30775
       30778
       30788
      -30791
       30794
       30797
       30799
       30807
       30809
       30813
       30818
       30824
       30828
       30831
       30833
       30836
       30843
      -30844
       30845
       30847
       30850
       30862
       30867
       30869
       30872
       30878
       30885
       30893
      -30894
       30897
       30900
       30901
       30913
       30920
       30921
       30925
       30931
       30935
       30936
       30937
       30948
       30950
       30953
       30958
       30959
       30966
       30968
       30972
       30973
       30978
       30979
       30989
       30990
       30992
       31000
       31003
       31004
       31007
       31010
       31015
       31017
       31025
       31026
       31030
       31035
       31036
       31044
       31048
       31050
       31054
       31061
       31063
       31066
       31069
       31078
       31081
       31089
       31092
       31093
       31095
       31098
       31108
       31111
       31117
       31118
       31119
       31120
       31125
       31127
       31134
       31138
       31139
       31141
       31145
       31146
       31156
       31157
       31160
       31161
       31163
       31184
       31186
       31188
       31199
NFLUXF             0
NETA             128          29           0
NSTAE              0           0           0
NSTAV              0           0           0
NSTAM              0           0           0
NSTAC              0           0           0
RES NODE          81         268
                   3           6           7           8           9          10
                  11          12          13          14          15          16
                  17          18          19          20          21          22
                  23          24          25          26          27          28
                  30          31          33          34          35          36
                  37          38          39          41          43          44
                  45          46          47          48          49          51
                  53          54          55          56          57          58
                  59          60          61          63          64          65
                  66          67          68          69          71          72
                  73          74          75          76          78          79
                  80          82          83          84          85          86
                  87          89          90          91          92          94
                  95          96          97          98          99         101
                 102         103         105         106         107         108
                 109         110         111         112         113         114
                 115         118         119         120         121         122
                 123         124         125         126         127         128
                 129         131         132         133         134         135
                 136         137         138         139         140         141
                 143         144         145         146         147         148
                 149         150         151         152         154         155
                 156         157         158         159         160         161
                 162         163         164         166         167         168
                 169         170         171         172         173         174
                 175         176         177         179         180         181
                 182         183         184         185         187         188
                 189         190         191         192         193         194
                 195         196         198         199         200         201
                 202         203         204         205         206         207
                 208         209         210         212         213         214
                 215         216         217         218         219         220
                 221         223         224         225         226         227
                 228         229         230         231         232         233
                 234         235         236         237         238         239
                 240         241         242         243         244         245
                 246         247         248         249         250         251
                 252         253         254         255         256         257
                 258         259         260         261         262         263
                 264         265         266         267         268         269
                 270         271         272         273         274         275
                 276         277         278         279         280         281
                 282         283         284         285         286         287
                 288         289         290         291         292         293
                 294         295         296         297
COMM PE            2
RECV PE           80           9
                  29          32          40          50          70          81
                  93         104         116
RECV PE           83          20
                   1           2           4           5          42          52
                  62          77          88         100         117         130
                 142         153         165         178         186         197
                 211         222
SEND PE           80           9
                  34          35          43          60          74          85
                  96         107         118
SEND PE           83          21
                   3           6           7           8          31          33
                  41          51          72          84          97         113
                 126         138         149         163         174         183
                 194         208         218
