bi_1997_v2.grd                                                                  
     479     297
   29811 -0.759926500000E+02  0.358754300000E+02  0.134100000000E+01
   29855 -0.759987400000E+02  0.358953600000E+02  0.392000000000E+01
   29862 -0.759797500000E+02  0.358941600000E+02  0.623000000000E+00
   29869 -0.760172000000E+02  0.358997300000E+02  0.304300000000E+01
   29876 -0.760307800000E+02  0.359037800000E+02  0.203900000000E+01
   29888 -0.759855200000E+02  0.359092000000E+02  0.244800000000E+01
   29894 -0.760048400000E+02  0.359116400000E+02  0.332900000000E+01
   29897 -0.760210900000E+02  0.359153800000E+02  0.160600000000E+01
   29903 -0.759608700000E+02  0.359078700000E+02  0.261300000000E+01
   29916 -0.759751400000E+02  0.359223700000E+02  0.360300000000E+01
   29917 -0.759937900000E+02  0.359238100000E+02  0.337500000000E+01
   29920 -0.759465800000E+02  0.359195400000E+02  0.124400000000E+01
   29921 -0.759600700000E+02  0.359233900000E+02  0.344000000000E+01
   29926 -0.760126900000E+02  0.359263300000E+02  0.208600000000E+01
   29938 -0.759507800000E+02  0.359328200000E+02  0.329800000000E+01
   29941 -0.759669400000E+02  0.359343300000E+02  0.342500000000E+01
   29945 -0.759836700000E+02  0.359356500000E+02  0.338400000000E+01
   29951 -0.760008800000E+02  0.359376900000E+02  0.264000000000E+01
   29954 -0.759300900000E+02  0.359320800000E+02  0.235200000000E+01
   29961 -0.759433000000E+02  0.359427500000E+02  0.290900000000E+01
   29966 -0.759577300000E+02  0.359448600000E+02  0.181900000000E+01
   29971 -0.760185400000E+02  0.359408400000E+02  0.179100000000E+01
   29973 -0.759742800000E+02  0.359468600000E+02  0.144800000000E+01
   29979 -0.759909800000E+02  0.359488300000E+02  0.387100000000E+01
   29985 -0.759311900000E+02  0.359490500000E+02  0.555000000000E+00
   29989 -0.760055800000E+02  0.359506600000E+02  0.555000000000E+00
   30002 -0.759467000000E+02  0.359549500000E+02  0.866000000000E+00
   30016 -0.759644100000E+02  0.359574800000E+02  0.291900000000E+01
   30020 -0.758005100000E+02  0.359529300000E+02  0.180200000000E+01
   30028 -0.759819500000E+02  0.359600000000E+02  0.332300000000E+01
   30036 -0.759995300000E+02  0.359621300000E+02  0.434600000000E+01
   30040 -0.757899100000E+02  0.359627600000E+02  0.446000000000E+01
   30043 -0.760179800000E+02  0.359638400000E+02  0.848000000000E+00
   30049 -0.758050600000E+02  0.359656100000E+02  0.356900000000E+01
   30050 -0.758132800000E+02  0.359563600000E+02  0.791000000000E+00
   30059 -0.759538700000E+02  0.359672900000E+02  0.423400000000E+01
   30068 -0.759719200000E+02  0.359709200000E+02  0.401800000000E+01
   30074 -0.759377800000E+02  0.359621900000E+02  0.624000000000E+00
   30076 -0.758211400000E+02  0.359656600000E+02  0.139700000000E+01
   30080 -0.757795700000E+02  0.359730600000E+02  0.313300000000E+01
   30084 -0.759905600000E+02  0.359737600000E+02  0.430500000000E+01
   30091 -0.760101200000E+02  0.359756900000E+02  0.450700000000E+01
   30093 -0.757950400000E+02  0.359765800000E+02  0.390100000000E+01
   30097 -0.759416700000E+02  0.359766100000E+02  0.447300000000E+01
   30102 -0.758104700000E+02  0.359793300000E+02  0.445600000000E+01
   30107 -0.759235000000E+02  0.359698600000E+02  0.680000000000E+00
   30109 -0.759607100000E+02  0.359816000000E+02  0.482200000000E+01
   30113 -0.758338300000E+02  0.359720600000E+02  0.123900000000E+01
   30114 -0.758253600000E+02  0.359825500000E+02  0.362500000000E+01
   30119 -0.757692200000E+02  0.359837300000E+02  0.186200000000E+01
   30124 -0.759800400000E+02  0.359853900000E+02  0.442500000000E+01
   30125 -0.760323300000E+02  0.359749600000E+02  0.198900000000E+01
   30128 -0.758463200000E+02  0.359758000000E+02  0.160500000000E+01
   30129 -0.758396500000E+02  0.359860000000E+02  0.401200000000E+01
   30130 -0.758682900000E+02  0.359764400000E+02  0.125400000000E+01
   30131 -0.758563600000E+02  0.359760800000E+02  0.113200000000E+01
   30132 -0.758667500000E+02  0.359850700000E+02  0.380400000000E+01
   30134 -0.758760800000E+02  0.359783200000E+02  0.228000000000E+01
   30140 -0.759259300000E+02  0.359863000000E+02  0.459200000000E+01
   30141 -0.757848700000E+02  0.359876000000E+02  0.257800000000E+01
   30142 -0.758537500000E+02  0.359874300000E+02  0.420900000000E+01
   30144 -0.759998400000E+02  0.359884300000E+02  0.505600000000E+01
   30146 -0.759092200000E+02  0.359736900000E+02  0.103900000000E+01
   30149 -0.758877900000E+02  0.359769800000E+02  0.207300000000E+01
   30150 -0.759071400000E+02  0.359866800000E+02  0.379500000000E+01
   30157 -0.758003800000E+02  0.359911100000E+02  0.371400000000E+01
   30158 -0.758799000000E+02  0.359908800000E+02  0.407700000000E+01
   30161 -0.759482300000E+02  0.359924300000E+02  0.546900000000E+01
   30171 -0.758158100000E+02  0.359944700000E+02  0.397500000000E+01
   30173 -0.757589800000E+02  0.359946600000E+02  0.177500000000E+01
   30186 -0.758968800000E+02  0.359959100000E+02  0.471500000000E+01
   30193 -0.759685400000E+02  0.359969400000E+02  0.482200000000E+01
   30195 -0.758312700000E+02  0.359977800000E+02  0.393500000000E+01
   30196 -0.757747000000E+02  0.359986300000E+02  0.233000000000E+01
   30197 -0.758473300000E+02  0.360004000000E+02  0.465100000000E+01
   30200 -0.759158600000E+02  0.360004900000E+02  0.505500000000E+01
   30201 -0.759886800000E+02  0.360006700000E+02  0.482300000000E+01
   30212 -0.758661100000E+02  0.360012400000E+02  0.505900000000E+01
   30213 -0.757902400000E+02  0.360024600000E+02  0.305600000000E+01
   30225 -0.759359400000E+02  0.360043600000E+02  0.545700000000E+01
   30227 -0.757491700000E+02  0.360057300000E+02  0.191500000000E+01
   30231 -0.758058000000E+02  0.360061900000E+02  0.357500000000E+01
   30243 -0.758858000000E+02  0.360077600000E+02  0.474500000000E+01
   30245 -0.759565700000E+02  0.360087900000E+02  0.522000000000E+01
   30250 -0.757647600000E+02  0.360097000000E+02  0.227200000000E+01
   30252 -0.758215700000E+02  0.360098600000E+02  0.384500000000E+01
   30263 -0.759047900000E+02  0.360127000000E+02  0.480300000000E+01
   30264 -0.759770100000E+02  0.360128000000E+02  0.491900000000E+01
   30267 -0.758378700000E+02  0.360133600000E+02  0.417700000000E+01
   30269 -0.757801100000E+02  0.360136400000E+02  0.294700000000E+01
   30284 -0.758553000000E+02  0.360165700000E+02  0.451700000000E+01
   30285 -0.759244300000E+02  0.360170100000E+02  0.529500000000E+01
   30288 -0.757410800000E+02  0.360174500000E+02  0.177100000000E+01
   30289 -0.757955500000E+02  0.360176000000E+02  0.299300000000E+01
   30300 -0.758739400000E+02  0.360205500000E+02  0.465400000000E+01
   30305 -0.757554200000E+02  0.360208400000E+02  0.219800000000E+01
   30307 -0.759446300000E+02  0.360211000000E+02  0.532400000000E+01
   30313 -0.758112400000E+02  0.360216300000E+02  0.360100000000E+01
   30321 -0.757701600000E+02  0.360246900000E+02  0.274900000000E+01
   30324 -0.759650900000E+02  0.360250900000E+02  0.541800000000E+01
   30326 -0.758931400000E+02  0.360253000000E+02  0.451700000000E+01
   30329 -0.758274100000E+02  0.360257200000E+02  0.390600000000E+01
   30340 -0.757852200000E+02  0.360287200000E+02  0.280600000000E+01
   30343 -0.757340200000E+02  0.360290000000E+02  0.215400000000E+01
   30346 -0.759126800000E+02  0.360296800000E+02  0.512700000000E+01
   30350 -0.758443300000E+02  0.360298200000E+02  0.437100000000E+01
   30357 -0.757468600000E+02  0.360318700000E+02  0.200000000000E+01
   30362 -0.758006400000E+02  0.360329400000E+02  0.354300000000E+01
   30365 -0.759326900000E+02  0.360337500000E+02  0.543200000000E+01
   30366 -0.758622400000E+02  0.360340300000E+02  0.464200000000E+01
   30373 -0.757604900000E+02  0.360356100000E+02  0.224700000000E+01
   30383 -0.758164800000E+02  0.360374400000E+02  0.390400000000E+01
   30386 -0.759530400000E+02  0.360376300000E+02  0.545700000000E+01
   30387 -0.758810600000E+02  0.360384100000E+02  0.474000000000E+01
   30393 -0.757749300000E+02  0.360396200000E+02  0.160900000000E+01
   30397 -0.757232200000E+02  0.360398200000E+02  0.154900000000E+01
   30402 -0.759736300000E+02  0.360413700000E+02  0.573600000000E+01
   30406 -0.757391700000E+02  0.360421200000E+02  0.128900000000E+01
   30408 -0.758329200000E+02  0.360421900000E+02  0.421100000000E+01
   30411 -0.759005400000E+02  0.360426800000E+02  0.518900000000E+01
   30415 -0.757899300000E+02  0.360438200000E+02  0.122900000000E+01
   30421 -0.757509600000E+02  0.360461900000E+02  0.291300000000E+01
   30424 -0.759205100000E+02  0.360466600000E+02  0.525300000000E+01
   30426 -0.758502300000E+02  0.360470500000E+02  0.461300000000E+01
   30433 -0.758053900000E+02  0.360484500000E+02  0.259800000000E+01
   30438 -0.759408300000E+02  0.360504200000E+02  0.557500000000E+01
   30440 -0.757646100000E+02  0.360504300000E+02  0.968000000000E+00
   30445 -0.758685700000E+02  0.360517900000E+02  0.499000000000E+01
   30458 -0.758212700000E+02  0.360537000000E+02  0.394800000000E+01
   30459 -0.759613900000E+02  0.360540600000E+02  0.573600000000E+01
   30462 -0.757791300000E+02  0.360544400000E+02  0.134500000000E+01
   30466 -0.757407500000E+02  0.360555900000E+02  0.108100000000E+01
   30467 -0.758879200000E+02  0.360561100000E+02  0.533100000000E+01
   30474 -0.757942900000E+02  0.360587000000E+02  0.161100000000E+01
   30477 -0.758378300000E+02  0.360594000000E+02  0.467200000000E+01
   30479 -0.759079700000E+02  0.360599400000E+02  0.543200000000E+01
   30484 -0.757539100000E+02  0.360615000000E+02  0.187500000000E+01
   30488 -0.759283700000E+02  0.360634700000E+02  0.558500000000E+01
   30490 -0.758097200000E+02  0.360641000000E+02  0.346500000000E+01
   30499 -0.758554500000E+02  0.360650900000E+02  0.513300000000E+01
   30501 -0.757682200000E+02  0.360652500000E+02  0.207500000000E+01
   30506 -0.759489500000E+02  0.360669300000E+02  0.559800000000E+01
   30513 -0.757828100000E+02  0.360688200000E+02  0.184900000000E+01
   30517 -0.758745000000E+02  0.360700400000E+02  0.530500000000E+01
   30521 -0.758253000000E+02  0.360706400000E+02  0.457600000000E+01
   30529 -0.757987300000E+02  0.360725900000E+02  0.555000000000E+00
   30536 -0.758948500000E+02  0.360738000000E+02  0.562700000000E+01
   30537 -0.757418700000E+02  0.360743000000E+02  0.118900000000E+01
   30543 -0.759156200000E+02  0.360769000000E+02  0.569900000000E+01
   30548 -0.757570100000E+02  0.360772400000E+02  0.228400000000E+01
   30549 -0.758418200000E+02  0.360777000000E+02  0.503900000000E+01
   30552 -0.757718400000E+02  0.360790400000E+02  0.204300000000E+01
   30553 -0.759363200000E+02  0.360799900000E+02  0.550700000000E+01
   30558 -0.758133000000E+02  0.360805100000E+02  0.622000000000E+00
   30573 -0.757846500000E+02  0.360828800000E+02  0.154700000000E+01
   30576 -0.758597500000E+02  0.360845700000E+02  0.481800000000E+01
   30588 -0.758278700000E+02  0.360884300000E+02  0.709000000000E+00
   30589 -0.758805000000E+02  0.360888600000E+02  0.517000000000E+01
   30592 -0.757751100000E+02  0.360897300000E+02  0.163000000000E+01
   30595 -0.757632400000E+02  0.360903300000E+02  0.221800000000E+01
   30597 -0.757958500000E+02  0.360904500000E+02  0.555000000000E+00
   30601 -0.759026000000E+02  0.360909500000E+02  0.545600000000E+01
   30608 -0.759236100000E+02  0.360932800000E+02  0.551300000000E+01
   30613 -0.757429900000E+02  0.360930100000E+02  0.646000000000E+00
   30618 -0.759442700000E+02  0.360961000000E+02  0.526600000000E+01
   30619 -0.757835700000E+02  0.360966700000E+02  0.996000000000E+00
   30627 -0.758447000000E+02  0.360980600000E+02  0.928000000000E+00
   30633 -0.757722200000E+02  0.360997300000E+02  0.193900000000E+01
   30649 -0.757602800000E+02  0.361032200000E+02  0.233700000000E+01
   30652 -0.758897700000E+02  0.361060800000E+02  0.516600000000E+01
   30656 -0.759112700000E+02  0.361068100000E+02  0.520700000000E+01
   30659 -0.757929600000E+02  0.361083300000E+02  0.105200000000E+01
   30661 -0.758615100000E+02  0.361076900000E+02  0.223800000000E+01
   30663 -0.759315500000E+02  0.361089200000E+02  0.539100000000E+01
   30664 -0.757806100000E+02  0.361089100000E+02  0.172500000000E+01
   30670 -0.757490700000E+02  0.361102400000E+02  0.847000000000E+00
   30672 -0.757705600000E+02  0.361095100000E+02  0.205200000000E+01
   30679 -0.759519900000E+02  0.361118500000E+02  0.534000000000E+01
   30691 -0.757636000000E+02  0.361165000000E+02  0.204400000000E+01
   30702 -0.757760900000E+02  0.361191700000E+02  0.250300000000E+01
   30707 -0.757882300000E+02  0.361200400000E+02  0.193600000000E+01
   30708 -0.759007300000E+02  0.361201600000E+02  0.512700000000E+01
   30714 -0.759193600000E+02  0.361214600000E+02  0.527700000000E+01
   30720 -0.758820300000E+02  0.361219900000E+02  0.437800000000E+01
   30723 -0.758009600000E+02  0.361210900000E+02  0.116500000000E+01
   30724 -0.759388000000E+02  0.361240200000E+02  0.502700000000E+01
   30730 -0.757551600000E+02  0.361274700000E+02  0.162600000000E+01
   30745 -0.757704500000E+02  0.361294100000E+02  0.224100000000E+01
   30748 -0.758647200000E+02  0.361284300000E+02  0.617000000000E+00
   30752 -0.757831000000E+02  0.361306900000E+02  0.178100000000E+01
   30757 -0.758938300000E+02  0.361314400000E+02  0.479200000000E+01
   30760 -0.757956500000E+02  0.361320300000E+02  0.195500000000E+01
   30766 -0.759081300000E+02  0.361331800000E+02  0.483100000000E+01
   30775 -0.759256600000E+02  0.361356400000E+02  0.467800000000E+01
   30778 -0.758089800000E+02  0.361338500000E+02  0.974000000000E+00
   30788 -0.758816000000E+02  0.361381700000E+02  0.331700000000E+01
   30791 -0.759450000000E+02  0.361388700000E+02  0.438900000000E+01
   30794 -0.757781400000E+02  0.361410800000E+02  0.204400000000E+01
   30797 -0.757900500000E+02  0.361424200000E+02  0.148800000000E+01
   30799 -0.757666400000E+02  0.361415200000E+02  0.203900000000E+01
   30807 -0.758026000000E+02  0.361440700000E+02  0.924000000000E+00
   30809 -0.758966400000E+02  0.361436700000E+02  0.339300000000E+01
   30813 -0.757558000000E+02  0.361459800000E+02  0.143800000000E+01
   30818 -0.759125700000E+02  0.361467400000E+02  0.367000000000E+01
   30824 -0.758150600000E+02  0.361456600000E+02  0.160600000000E+01
   30828 -0.758679200000E+02  0.361491700000E+02  0.741000000000E+00
   30831 -0.757743400000E+02  0.361501900000E+02  0.221000000000E+01
   30833 -0.759301100000E+02  0.361495800000E+02  0.360300000000E+01
   30836 -0.757842400000E+02  0.361522800000E+02  0.217600000000E+01
   30843 -0.757965500000E+02  0.361543500000E+02  0.152400000000E+01
   30844 -0.759502300000E+02  0.361536200000E+02  0.359800000000E+01
   30845 -0.758844500000E+02  0.361543500000E+02  0.173300000000E+01
   30847 -0.757659300000E+02  0.361550000000E+02  0.202900000000E+01
   30850 -0.758093000000E+02  0.361561400000E+02  0.118200000000E+01
   30862 -0.758993100000E+02  0.361581100000E+02  0.113100000000E+01
   30867 -0.758211500000E+02  0.361574700000E+02  0.860000000000E+00
   30869 -0.757767500000E+02  0.361610600000E+02  0.209700000000E+01
   30872 -0.759155200000E+02  0.361602400000E+02  0.768000000000E+00
   30878 -0.757555600000E+02  0.361628800000E+02  0.724000000000E+00
   30885 -0.757896200000E+02  0.361645600000E+02  0.236500000000E+01
   30893 -0.758730600000E+02  0.361653700000E+02  0.140600000000E+01
   30894 -0.759317200000E+02  0.361623800000E+02  0.112900000000E+01
   30897 -0.758034800000E+02  0.361666300000E+02  0.259200000000E+01
   30900 -0.757665100000E+02  0.361683800000E+02  0.227400000000E+01
   30901 -0.758169600000E+02  0.361686900000E+02  0.166500000000E+01
   30913 -0.758882000000E+02  0.361716100000E+02  0.279300000000E+01
   30920 -0.757582700000E+02  0.361728100000E+02  0.656000000000E+00
   30921 -0.758304400000E+02  0.361715100000E+02  0.118000000000E+01
   30925 -0.757798400000E+02  0.361759200000E+02  0.138900000000E+01
   30931 -0.757968400000E+02  0.361771400000E+02  0.225500000000E+01
   30935 -0.759130900000E+02  0.361673600000E+02  0.908000000000E+00
   30936 -0.759025300000E+02  0.361790300000E+02  0.299300000000E+01
   30937 -0.758116100000E+02  0.361788900000E+02  0.167900000000E+01
   30948 -0.758782000000E+02  0.361815600000E+02  0.128900000000E+01
   30950 -0.758257900000E+02  0.361814700000E+02  0.148400000000E+01
   30953 -0.757627000000E+02  0.361826000000E+02  0.208200000000E+01
   30958 -0.759268600000E+02  0.361766200000E+02  0.193500000000E+01
   30959 -0.759178800000E+02  0.361850200000E+02  0.306900000000E+01
   30966 -0.758397300000E+02  0.361855500000E+02  0.922000000000E+00
   30968 -0.757906600000E+02  0.361880400000E+02  0.187200000000E+01
   30972 -0.758058700000E+02  0.361887900000E+02  0.171700000000E+01
   30973 -0.757758200000E+02  0.361896900000E+02  0.109200000000E+01
   30978 -0.758207400000E+02  0.361906400000E+02  0.172400000000E+01
   30979 -0.758916400000E+02  0.361912200000E+02  0.105800000000E+01
   30989 -0.758352400000E+02  0.361935300000E+02  0.151800000000E+01
   30990 -0.759358400000E+02  0.361871500000E+02  0.274500000000E+01
   30992 -0.757651400000E+02  0.361943800000E+02  0.124000000000E+01
   31000 -0.757853900000E+02  0.361982500000E+02  0.593000000000E+00
   31003 -0.758002000000E+02  0.361984400000E+02  0.195500000000E+01
   31004 -0.757711800000E+02  0.361989600000E+02  0.152000000000E+01
   31007 -0.759239000000E+02  0.361991200000E+02  0.310400000000E+01
   31010 -0.758151600000E+02  0.361996200000E+02  0.207900000000E+01
   31015 -0.759050800000E+02  0.362008700000E+02  0.207800000000E+01
   31017 -0.758307600000E+02  0.362015100000E+02  0.144000000000E+01
   31025 -0.757798200000E+02  0.362069300000E+02  0.738000000000E+00
   31026 -0.757946200000E+02  0.362074100000E+02  0.114300000000E+01
   31030 -0.759448000000E+02  0.361976800000E+02  0.275000000000E+01
   31035 -0.758094900000E+02  0.362085300000E+02  0.160300000000E+01
   31036 -0.758239200000E+02  0.362097900000E+02  0.237800000000E+01
   31044 -0.759105300000E+02  0.362117200000E+02  0.151000000000E+01
   31048 -0.759293000000E+02  0.362123000000E+02  0.294000000000E+01
   31050 -0.757884800000E+02  0.362149100000E+02  0.633000000000E+00
   31054 -0.758374900000E+02  0.362110800000E+02  0.955000000000E+00
   31061 -0.758043900000E+02  0.362174000000E+02  0.141000000000E+01
   31063 -0.758186200000E+02  0.362185500000E+02  0.120300000000E+01
   31066 -0.759476900000E+02  0.362161900000E+02  0.195000000000E+01
   31069 -0.758320200000E+02  0.362194700000E+02  0.216300000000E+01
   31078 -0.759159800000E+02  0.362225700000E+02  0.190600000000E+01
   31081 -0.758442200000E+02  0.362206500000E+02  0.184500000000E+01
   31089 -0.759328800000E+02  0.362264800000E+02  0.334700000000E+01
   31092 -0.758006500000E+02  0.362270400000E+02  0.619000000000E+00
   31093 -0.758273900000E+02  0.362281500000E+02  0.109700000000E+01
   31095 -0.758144900000E+02  0.362279400000E+02  0.994000000000E+00
   31098 -0.758404600000E+02  0.362286000000E+02  0.187500000000E+01
   31108 -0.758541500000E+02  0.362292700000E+02  0.152700000000E+01
   31111 -0.759198200000E+02  0.362343800000E+02  0.246600000000E+01
   31117 -0.759505700000E+02  0.362347000000E+02  0.160700000000E+01
   31118 -0.758356900000E+02  0.362369500000E+02  0.158200000000E+01
   31119 -0.758492800000E+02  0.362371000000E+02  0.134100000000E+01
   31120 -0.758230900000E+02  0.362373700000E+02  0.615000000000E+00
   31125 -0.758128200000E+02  0.362391600000E+02  0.834000000000E+00
   31127 -0.759339000000E+02  0.362387400000E+02  0.268800000000E+01
   31134 -0.758640700000E+02  0.362378800000E+02  0.579000000000E+00
   31138 -0.758576700000E+02  0.362449100000E+02  0.220400000000E+01
   31139 -0.758436600000E+02  0.362449800000E+02  0.157200000000E+01
   31141 -0.758302200000E+02  0.362455200000E+02  0.692000000000E+00
   31145 -0.758179500000E+02  0.362465000000E+02  0.555000000000E+00
   31146 -0.759236600000E+02  0.362461800000E+02  0.172000000000E+01
   31156 -0.758512600000E+02  0.362519300000E+02  0.168200000000E+01
   31157 -0.759425600000E+02  0.362519300000E+02  0.267600000000E+01
   31160 -0.759560200000E+02  0.362461800000E+02  0.227200000000E+01
   31161 -0.758378400000E+02  0.362534800000E+02  0.123800000000E+01
   31163 -0.758230700000E+02  0.362538400000E+02  0.555000000000E+00
   31184 -0.758464600000E+02  0.362618200000E+02  0.136300000000E+01
   31186 -0.758323600000E+02  0.362627800000E+02  0.134200000000E+01
   31188 -0.759614600000E+02  0.362576700000E+02  0.390800000000E+01
   31199 -0.758416500000E+02  0.362717100000E+02  0.117600000000E+01
       1 3    29811    29862    29855
       2 3    29862    29888    29855
       3 3    29855    29894    29869
       4 3    29869    29897    29876
       5 3    29855    29888    29894
       6 3    29862    29903    29888
       7 3    29869    29894    29897
       8 3    29888    29903    29916
       9 3    29888    29917    29894
      10 3    29903    29920    29921
      11 3    29903    29921    29916
      12 3    29897    29894    29926
      13 3    29888    29916    29917
      14 3    29894    29917    29926
      15 3    29920    29938    29921
      16 3    29921    29941    29916
      17 3    29916    29945    29917
      18 3    29917    29951    29926
      19 3    29920    29954    29938
      20 3    29921    29938    29941
      21 3    29916    29941    29945
      22 3    29917    29945    29951
      23 3    29938    29954    29961
      24 3    29938    29966    29941
      25 3    29926    29951    29971
      26 3    29941    29973    29945
      27 3    29938    29961    29966
      28 3    29945    29979    29951
      29 3    29954    29985    29961
      30 3    29951    29989    29971
      31 3    29941    29966    29973
      32 3    29945    29973    29979
      33 3    29951    29979    29989
      34 3    29961    30002    29966
      35 3    29966    30016    29973
      36 3    29961    29985    30002
      37 3    29973    30028    29979
      38 3    29989    29979    30036
      39 3    29966    30002    30016
      40 3    29971    29989    30043
      41 3    29973    30016    30028
      42 3    30020    30049    30050
      43 3    30002    30059    30016
      44 3    29979    30028    30036
      45 3    30020    30040    30049
      46 3    29989    30036    30043
      47 3    30016    30068    30028
      48 3    30002    30074    30059
      49 3    30050    30049    30076
      50 3    30036    30028    30084
      51 3    30043    30036    30091
      52 3    30016    30059    30068
      53 3    30040    30093    30049
      54 3    30074    30097    30059
      55 3    30028    30068    30084
      56 3    30049    30102    30076
      57 3    30040    30080    30093
      58 3    30074    30107    30097
      59 3    30059    30109    30068
      60 3    30036    30084    30091
      61 3    30113    30076    30114
      62 3    30049    30093    30102
      63 3    30076    30102    30114
      64 3    30068    30124    30084
      65 3    30043    30091    30125
      66 3    30128    30113    30129
      67 3    30130    30131    30132
      68 3    30059    30097    30109
      69 3    30130    30132    30134
      70 3    30107    30140    30097
      71 3    30080    30141    30093
      72 3    30131    30128    30142
      73 3    30084    30144    30091
      74 3    30113    30114    30129
      75 3    30107    30146    30140
      76 3    30146    30149    30150
      77 3    30131    30142    30132
      78 3    30080    30119    30141
      79 3    30068    30109    30124
      80 3    30093    30157    30102
      81 3    30128    30129    30142
      82 3    30134    30158    30149
      83 3    30146    30150    30140
      84 3    30097    30161    30109
      85 3    30134    30132    30158
      86 3    30093    30141    30157
      87 3    30102    30171    30114
      88 3    30084    30124    30144
      89 3    30150    30149    30186
      90 3    30109    30193    30124
      91 3    30102    30157    30171
      92 3    30114    30195    30129
      93 3    30149    30158    30186
      94 3    30119    30196    30141
      95 3    30097    30140    30161
      96 3    30142    30129    30197
      97 3    30150    30200    30140
      98 3    30124    30201    30144
      99 3    30114    30171    30195
     100 3    30119    30173    30196
     101 3    30132    30142    30212
     102 3    30141    30213    30157
     103 3    30132    30212    30158
     104 3    30109    30161    30193
     105 3    30129    30195    30197
     106 3    30140    30225    30161
     107 3    30141    30196    30213
     108 3    30157    30231    30171
     109 3    30150    30186    30200
     110 3    30124    30193    30201
     111 3    30142    30197    30212
     112 3    30158    30243    30186
     113 3    30161    30245    30193
     114 3    30140    30200    30225
     115 3    30157    30213    30231
     116 3    30173    30250    30196
     117 3    30171    30252    30195
     118 3    30158    30212    30243
     119 3    30186    30263    30200
     120 3    30173    30227    30250
     121 3    30193    30264    30201
     122 3    30171    30231    30252
     123 3    30195    30267    30197
     124 3    30196    30269    30213
     125 3    30161    30225    30245
     126 3    30196    30250    30269
     127 3    30197    30284    30212
     128 3    30195    30252    30267
     129 3    30186    30243    30263
     130 3    30200    30285    30225
     131 3    30213    30289    30231
     132 3    30193    30245    30264
     133 3    30197    30267    30284
     134 3    30213    30269    30289
     135 3    30212    30300    30243
     136 3    30227    30305    30250
     137 3    30225    30307    30245
     138 3    30231    30313    30252
     139 3    30200    30263    30285
     140 3    30227    30288    30305
     141 3    30212    30284    30300
     142 3    30231    30289    30313
     143 3    30250    30321    30269
     144 3    30245    30324    30264
     145 3    30243    30326    30263
     146 3    30252    30329    30267
     147 3    30225    30285    30307
     148 3    30250    30305    30321
     149 3    30252    30313    30329
     150 3    30269    30340    30289
     151 3    30243    30300    30326
     152 3    30263    30346    30285
     153 3    30267    30350    30284
     154 3    30245    30307    30324
     155 3    30269    30321    30340
     156 3    30288    30357    30305
     157 3    30289    30362    30313
     158 3    30267    30329    30350
     159 3    30285    30365    30307
     160 3    30288    30343    30357
     161 3    30284    30366    30300
     162 3    30263    30326    30346
     163 3    30305    30373    30321
     164 3    30289    30340    30362
     165 3    30284    30350    30366
     166 3    30313    30383    30329
     167 3    30307    30386    30324
     168 3    30305    30357    30373
     169 3    30300    30387    30326
     170 3    30285    30346    30365
     171 3    30321    30393    30340
     172 3    30313    30362    30383
     173 3    30321    30373    30393
     174 3    30343    30406    30357
     175 3    30300    30366    30387
     176 3    30329    30408    30350
     177 3    30326    30411    30346
     178 3    30307    30365    30386
     179 3    30340    30415    30362
     180 3    30329    30383    30408
     181 3    30343    30397    30406
     182 3    30357    30421    30373
     183 3    30340    30393    30415
     184 3    30346    30424    30365
     185 3    30324    30386    30402
     186 3    30326    30387    30411
     187 3    30350    30426    30366
     188 3    30357    30406    30421
     189 3    30362    30433    30383
     190 3    30350    30408    30426
     191 3    30365    30438    30386
     192 3    30373    30440    30393
     193 3    30362    30415    30433
     194 3    30346    30411    30424
     195 3    30366    30445    30387
     196 3    30373    30421    30440
     197 3    30383    30458    30408
     198 3    30386    30459    30402
     199 3    30393    30462    30415
     200 3    30366    30426    30445
     201 3    30365    30424    30438
     202 3    30406    30466    30421
     203 3    30387    30467    30411
     204 3    30383    30433    30458
     205 3    30393    30440    30462
     206 3    30415    30474    30433
     207 3    30408    30477    30426
     208 3    30386    30438    30459
     209 3    30411    30479    30424
     210 3    30387    30445    30467
     211 3    30415    30462    30474
     212 3    30421    30484    30440
     213 3    30408    30458    30477
     214 3    30421    30466    30484
     215 3    30424    30488    30438
     216 3    30433    30490    30458
     217 3    30411    30467    30479
     218 3    30426    30499    30445
     219 3    30440    30501    30462
     220 3    30433    30474    30490
     221 3    30438    30506    30459
     222 3    30440    30484    30501
     223 3    30426    30477    30499
     224 3    30424    30479    30488
     225 3    30462    30513    30474
     226 3    30445    30517    30467
     227 3    30458    30521    30477
     228 3    30462    30501    30513
     229 3    30438    30488    30506
     230 3    30458    30490    30521
     231 3    30474    30529    30490
     232 3    30445    30499    30517
     233 3    30467    30536    30479
     234 3    30466    30537    30484
     235 3    30474    30513    30529
     236 3    30479    30543    30488
     237 3    30484    30548    30501
     238 3    30477    30549    30499
     239 3    30467    30517    30536
     240 3    30501    30552    30513
     241 3    30477    30521    30549
     242 3    30484    30537    30548
     243 3    30488    30553    30506
     244 3    30490    30558    30521
     245 3    30490    30529    30558
     246 3    30501    30548    30552
     247 3    30479    30536    30543
     248 3    30513    30573    30529
     249 3    30513    30552    30573
     250 3    30499    30576    30517
     251 3    30488    30543    30553
     252 3    30499    30549    30576
     253 3    30521    30588    30549
     254 3    30517    30589    30536
     255 3    30521    30558    30588
     256 3    30552    30592    30573
     257 3    30548    30595    30552
     258 3    30529    30573    30597
     259 3    30536    30601    30543
     260 3    30552    30595    30592
     261 3    30517    30576    30589
     262 3    30543    30608    30553
     263 3    30537    30613    30548
     264 3    30573    30592    30619
     265 3    30536    30589    30601
     266 3    30573    30619    30597
     267 3    30548    30613    30595
     268 3    30549    30627    30576
     269 3    30543    30601    30608
     270 3    30549    30588    30627
     271 3    30592    30595    30633
     272 3    30553    30608    30618
     273 3    30592    30633    30619
     274 3    30595    30649    30633
     275 3    30595    30613    30649
     276 3    30589    30652    30601
     277 3    30601    30656    30608
     278 3    30597    30619    30659
     279 3    30576    30627    30661
     280 3    30608    30663    30618
     281 3    30619    30633    30664
     282 3    30576    30661    30589
     283 3    30613    30670    30649
     284 3    30633    30649    30672
     285 3    30619    30664    30659
     286 3    30633    30672    30664
     287 3    30601    30652    30656
     288 3    30608    30656    30663
     289 3    30672    30649    30691
     290 3    30589    30661    30652
     291 3    30618    30663    30679
     292 3    30664    30672    30702
     293 3    30649    30670    30691
     294 3    30659    30664    30707
     295 3    30656    30652    30708
     296 3    30656    30714    30663
     297 3    30672    30691    30702
     298 3    30664    30702    30707
     299 3    30652    30661    30720
     300 3    30659    30707    30723
     301 3    30663    30724    30679
     302 3    30652    30720    30708
     303 3    30656    30708    30714
     304 3    30691    30670    30730
     305 3    30702    30691    30745
     306 3    30663    30714    30724
     307 3    30661    30748    30720
     308 3    30707    30702    30752
     309 3    30708    30720    30757
     310 3    30723    30707    30760
     311 3    30708    30766    30714
     312 3    30691    30730    30745
     313 3    30702    30745    30752
     314 3    30707    30752    30760
     315 3    30714    30775    30724
     316 3    30708    30757    30766
     317 3    30723    30760    30778
     318 3    30720    30788    30757
     319 3    30714    30766    30775
     320 3    30720    30748    30788
     321 3    30752    30745    30794
     322 3    30760    30752    30797
     323 3    30745    30730    30799
     324 3    30745    30799    30794
     325 3    30778    30760    30807
     326 3    30724    30775    30791
     327 3    30757    30809    30766
     328 3    30752    30794    30797
     329 3    30730    30813    30799
     330 3    30760    30797    30807
     331 3    30757    30788    30809
     332 3    30766    30818    30775
     333 3    30778    30807    30824
     334 3    30748    30828    30788
     335 3    30794    30799    30831
     336 3    30766    30809    30818
     337 3    30775    30833    30791
     338 3    30797    30794    30836
     339 3    30794    30831    30836
     340 3    30775    30818    30833
     341 3    30807    30797    30843
     342 3    30788    30845    30809
     343 3    30799    30847    30831
     344 3    30799    30813    30847
     345 3    30824    30807    30850
     346 3    30797    30836    30843
     347 3    30788    30828    30845
     348 3    30807    30843    30850
     349 3    30809    30862    30818
     350 3    30791    30833    30844
     351 3    30824    30850    30867
     352 3    30809    30845    30862
     353 3    30831    30869    30836
     354 3    30818    30872    30833
     355 3    30831    30847    30869
     356 3    30813    30878    30847
     357 3    30818    30862    30872
     358 3    30836    30885    30843
     359 3    30828    30893    30845
     360 3    30833    30894    30844
     361 3    30833    30872    30894
     362 3    30850    30843    30897
     363 3    30836    30869    30885
     364 3    30847    30900    30869
     365 3    30867    30850    30901
     366 3    30847    30878    30900
     367 3    30843    30885    30897
     368 3    30850    30897    30901
     369 3    30845    30913    30862
     370 3    30878    30920    30900
     371 3    30845    30893    30913
     372 3    30867    30901    30921
     373 3    30869    30925    30885
     374 3    30897    30885    30931
     375 3    30869    30900    30925
     376 3    30935    30862    30936
     377 3    30901    30897    30937
     378 3    30862    30913    30936
     379 3    30893    30948    30913
     380 3    30921    30901    30950
     381 3    30885    30925    30931
     382 3    30897    30931    30937
     383 3    30920    30953    30900
     384 3    30901    30937    30950
     385 3    30958    30935    30959
     386 3    30900    30953    30925
     387 3    30935    30936    30959
     388 3    30921    30950    30966
     389 3    30931    30925    30968
     390 3    30937    30931    30972
     391 3    30925    30953    30973
     392 3    30950    30937    30978
     393 3    30913    30979    30936
     394 3    30913    30948    30979
     395 3    30925    30973    30968
     396 3    30931    30968    30972
     397 3    30966    30950    30989
     398 3    30958    30959    30990
     399 3    30937    30972    30978
     400 3    30953    30992    30973
     401 3    30950    30978    30989
     402 3    30968    30973    31000
     403 3    30972    30968    31003
     404 3    30973    30992    31004
     405 3    30959    31007    30990
     406 3    30978    30972    31010
     407 3    30936    31015    30959
     408 3    30936    30979    31015
     409 3    30989    30978    31017
     410 3    30968    31000    31003
     411 3    30973    31004    31000
     412 3    30972    31003    31010
     413 3    30959    31015    31007
     414 3    30978    31010    31017
     415 3    31000    31004    31025
     416 3    31003    31000    31026
     417 3    30990    31007    31030
     418 3    31010    31003    31035
     419 3    31017    31010    31036
     420 3    31015    31044    31007
     421 3    31000    31025    31026
     422 3    31003    31026    31035
     423 3    31007    31048    31030
     424 3    31010    31035    31036
     425 3    31026    31025    31050
     426 3    31017    31036    31054
     427 3    31035    31026    31061
     428 3    31007    31044    31048
     429 3    31036    31035    31063
     430 3    31030    31048    31066
     431 3    31054    31036    31069
     432 3    31035    31061    31063
     433 3    31026    31050    31061
     434 3    31044    31078    31048
     435 3    31036    31063    31069
     436 3    31054    31069    31081
     437 3    31048    31089    31066
     438 3    31061    31050    31092
     439 3    31069    31063    31093
     440 3    31063    31061    31095
     441 3    31081    31069    31098
     442 3    31048    31078    31089
     443 3    31061    31092    31095
     444 3    31063    31095    31093
     445 3    31069    31093    31098
     446 3    31081    31098    31108
     447 3    31078    31111    31089
     448 3    31066    31089    31117
     449 3    31098    31093    31118
     450 3    31108    31098    31119
     451 3    31093    31095    31120
     452 3    31095    31125    31120
     453 3    31095    31092    31125
     454 3    31089    31111    31127
     455 3    31093    31120    31118
     456 3    31089    31127    31117
     457 3    31098    31118    31119
     458 3    31108    31119    31134
     459 3    31134    31119    31138
     460 3    31119    31118    31139
     461 3    31118    31120    31141
     462 3    31125    31145    31120
     463 3    31111    31146    31127
     464 3    31120    31145    31141
     465 3    31118    31141    31139
     466 3    31119    31139    31138
     467 3    31138    31139    31156
     468 3    31127    31157    31117
     469 3    31117    31157    31160
     470 3    31139    31141    31161
     471 3    31145    31163    31141
     472 3    31127    31146    31157
     473 3    31139    31161    31156
     474 3    31141    31163    31161
     475 3    31156    31161    31184
     476 3    31161    31163    31186
     477 3    31160    31157    31188
     478 3    31161    31186    31184
     479 3    31184    31186    31199
 0                                                                              
 0                                                                              
 1                                                                              
 90                                                                             
      90       0                                                                
   30397
   30406
   30466
   30537
   30613
   30670
   30730
   30813
   30878
   30920
   30953
   30992
   31004
   31025
   31050
   31092
   31125
   31145
   31163
   31186
   31199
   31184
   31156
   31138
   31134
   31108
   31081
   31054
   31017
   30989
   30966
   30921
   30867
   30824
   30778
   30723
   30659
   30597
   30529
   30558
   30588
   30627
   30661
   30748
   30828
   30893
   30948
   30979
   31015
   31044
   31078
   31111
   31146
   31157
   31188
   31160
   31117
   31066
   31030
   30990
   30958
   30935
   30862
   30872
   30894
   30125
   30043
   29971
   29926
   29897
   29876
   29811
   29862
   29903
   29920
   29954
   29985
   30002
   30074
   30107
   30146
   30149
   30134
   30130
   30131
   30128
   30113
   30076
   30050
   30020
