FileFmt      1050624           0           0
NELG           58641         560         487
       17992
       18010
       18036
       18068
       18092
       18106
       18107
       18126
       18136
       18148
       18171
       18177
      -18179
       18201
       18208
       18209
       18219
      -18235
       18241
       18243
       18250
       18277
       18282
       18284
      -18291
       18298
       18303
       18307
       18310
       18325
       18333
      -18340
       18354
       18358
      -18367
       18371
       18379
       18398
       18399
       18404
       18408
       18412
       18414
       18422
       18427
       18438
       18458
       18462
       18465
       18480
      -18485
       18487
       18492
       18498
       18499
       18508
       18509
       18514
       18516
      -18521
       18523
       18529
       18532
       18547
       18549
       18564
       18589
       18592
       18598
       18602
       18607
       18620
       18624
       18629
       18637
       18643
       18647
       18651
       18659
       18663
       18668
       18671
       18692
       18702
       18705
       18708
       18716
       18724
       18725
       18729
       18732
       18735
       18748
       18749
       18760
       18764
       18767
       18785
       18789
       18800
       18811
       18819
       18832
       18841
       18844
       18853
       18856
       18860
       18861
       18862
       18870
       18872
       18883
       18898
       18899
       18906
       18920
       18923
       18925
       18935
       18942
       18943
       18944
       18952
       18956
       18959
       18975
       18976
       18986
       19001
       19008
       19030
       19035
       19045
       19050
       19058
       19064
       19074
       19078
       19084
       19089
       19091
       19095
       19096
       19100
       19101
       19104
       19106
       19108
       19109
       19125
       19129
       19137
       19145
       19148
       19153
       19154
       19168
       19170
       19181
       19187
       19189
       19194
       19202
       19204
       19208
       19238
       19244
       19252
       19259
       19262
       19264
       19266
       19272
       19287
       19289
       19290
       19294
       19304
       19310
       19313
       19317
       19321
       19325
       19335
       19339
       19341
       19347
       19359
       19364
       19369
       19376
       19378
       19385
       19387
       19389
       19405
       19407
       19417
       19421
       19422
       19423
       19428
       19430
       19447
       19451
       19453
       19454
       19465
       19466
       19467
       19480
       19486
       19504
       19510
       19522
       19524
       19529
       19532
       19539
       19546
       19554
       19555
       19564
       19565
       19567
       19579
       19587
       19589
       19592
       19598
       19599
       19603
       19625
       19627
       19630
       19637
       19648
       19656
       19660
       19662
       19665
       19673
       19690
       19703
       19705
       19709
       19716
       19718
       19721
       19722
       19723
       19727
       19735
       19744
       19764
       19771
       19772
       19778
       19786
       19793
       19795
       19802
       19804
       19806
       19816
       19820
       19828
       19837
       19842
       19847
       19857
       19863
       19874
       19876
       19883
       19887
       19891
       19895
       19899
       19900
       19902
       19903
       19904
       19910
       19915
       19938
       19942
       19947
       19958
       19961
       19973
       19979
       19984
       19988
       19990
       19993
       19996
       20001
       20015
       20027
       20029
       20053
       20054
       20063
       20067
       20071
       20080
       20081
       20082
       20083
       20085
       20090
       20091
       20093
       20094
       20095
       20112
       20117
       20127
       20128
       20133
       20152
       20158
       20162
       20164
       20168
       20169
       20183
       20188
       20190
       20213
       20224
       20242
       20243
       20245
       20251
       20253
       20257
       20258
       20265
       20275
       20276
       20281
       20286
       20287
       20296
       20298
       20304
       20308
       20319
       20331
       20336
       20345
       20353
       20357
       20358
       20360
       20384
       20386
       20390
       20417
       20418
       20423
       20429
       20435
       20446
       20459
       20461
       20469
       20483
       20486
       20493
       20494
       20500
       20504
       20512
       20513
       20521
       20524
       20536
       20549
       20553
       20554
       20580
       20583
       20591
       20606
       20609
       20613
       20653
       20654
       20658
       20662
       20664
       20669
       20675
       20676
       20700
       20707
       20711
       20712
       20725
       20746
       20749
       20752
       20787
       20791
       20799
       20809
       20826
       20835
       20842
       20845
       20861
       20868
       20891
       20905
       20915
       20916
       20923
       20926
       20928
       20959
       20965
       20983
       20986
       21010
       21022
       21040
       21072
       21073
       21081
       21092
       21096
       21108
       21116
       21119
       21150
       21153
       21165
       21183
       21195
       21231
       21238
       21240
       21245
       21253
       21276
       21307
       21310
       21311
       21312
       21319
       21395
       21396
       21460
       21468
       21485
       21488
       21492
       21529
       21566
       21621
       21644
       21652
       21658
       21695
       21735
       21742
       21805
       21810
       21813
       21860
       21910
       21945
       21950
       22017
       22031
       22067
       22115
       22180
       22193
       22281
       22319
       22379
       22439
NNODG          32218         319         285
       -9596
       -9624
       -9625
        9634
        9635
        9645
        9646
        9661
        9662
        9677
        9678
       -9685
       -9695
        9697
        9698
       -9705
        9712
        9713
        9739
        9740
        9742
        9743
       -9745
        9757
        9758
        9759
        9766
        9778
        9779
        9781
        9797
        9801
        9806
        9809
        9821
        9825
        9835
        9842
       -9846
        9858
        9861
        9867
        9871
        9875
        9884
        9894
        9905
        9907
        9916
        9922
        9926
        9931
        9938
        9945
       -9954
        9956
        9973
        9976
        9981
        9989
        9992
        9995
       10002
       10005
       10030
       10032
       10047
       10054
       10064
       10073
       10081
      -10082
       10094
      -10095
       10109
       10112
       10117
       10120
       10121
       10122
       10139
       10143
       10152
       10166
       10169
       10172
       10187
       10188
      -10207
       10210
       10214
       10218
       10223
       10226
       10235
       10238
       10244
       10246
       10248
       10249
       10252
       10254
       10268
       10274
      -10278
       10284
       10301
       10303
       10309
       10310
       10336
       10341
       10343
       10345
       10346
       10362
       10370
       10374
       10375
       10377
       10381
       10393
       10395
       10399
       10404
      -10411
       10415
       10416
       10426
       10434
       10435
       10439
       10449
       10453
       10461
       10470
       10486
       10493
       10494
       10498
       10499
       10507
       10512
       10513
       10532
       10536
       10548
       10549
       10551
       10557
       10566
       10568
       10576
       10585
       10592
       10596
       10597
       10599
       10601
       10607
       10626
       10630
       10636
       10637
       10644
       10646
       10655
       10664
       10668
       10677
       10688
       10690
       10691
       10693
       10697
       10701
       10720
       10726
       10728
       10736
       10744
       10747
       10748
       10750
       10763
       10776
       10785
       10794
       10795
       10796
       10797
       10799
      -10802
       10803
       10804
       10805
       10818
       10843
       10845
       10847
       10858
       10872
      -10879
       10880
       10889
       10892
       10903
       10904
       10908
       10913
       10914
       10937
       10945
       10946
       10961
       10963
       10966
       10982
       10987
       10996
       11005
       11013
       11019
       11024
      -11025
       11036
       11037
       11049
      -11068
       11079
       11082
       11085
       11105
       11110
       11112
       11113
       11127
       11132
       11152
      -11157
       11171
      -11177
       11183
       11199
       11205
       11233
       11240
       11245
       11246
       11250
       11272
      -11298
       11302
       11315
       11331
       11341
       11345
       11356
      -11359
      -11385
       11401
       11425
      -11437
       11448
       11460
      -11462
       11466
       11546
       11551
       11563
       11604
       11634
       11644
       11674
       11699
       11734
       11740
       11767
       11812
       11862
       11882
       11909
       11997
       12015
       12074
NFLUXF             0
NETA             128          29           0
NSTAE              0           0           0
NSTAV              0           0           0
NSTAM              0           0           0
NSTAC              0           0           0
RES NODE         116         260
                   4           5           6           7           8           9
                  10          11          14          15          17          18
                  19          20          21          22          24          25
                  26          27          28          29          30          31
                  32          33          34          35          36          37
                  38          40          41          42          43          44
                  45          46          47          48          49          50
                  51          52          53          54          56          57
                  58          59          60          61          62          63
                  64          65          66          67          68          69
                  70          71          73          75          76          77
                  78          79          80          81          82          83
                  84          85          86          87          88          90
                  91          92          93          94          95          96
                  97          98          99         100         101         102
                 103         104         106         107         108         109
                 110         111         112         113         114         115
                 116         117         118         119         120         121
                 122         123         124         125         127         128
                 129         130         131         132         133         134
                 135         136         137         138         139         140
                 141         142         143         144         145         146
                 147         148         149         150         151         152
                 153         154         155         156         157         158
                 159         160         161         162         163         164
                 165         166         167         168         169         170
                 171         172         173         174         175         176
                 177         178         179         180         181         182
                 183         184         185         186         187         188
                 189         190         191         192         194         195
                 196         197         198         199         200         201
                 202         204         205         206         207         208
                 209         210         211         212         213         214
                 215         216         217         218         219         220
                 221         222         223         224         226         227
                 228         230         231         232         233         234
                 235         236         237         238         239         241
                 243         244         245         246         247         248
                 249         250         251         253         254         255
                 256         257         258         261         262         264
                 265         267         268         269         270         271
                 272         273         274         275         276         277
                 278         279         280         281         282         283
                 284         285
COMM PE            3
RECV PE           99           4
                   1          12          13          16
RECV PE          117           8
                 193         203         225         240         252         260
                 263         266
RECV PE          118          13
                   2           3          23          39          55          72
                  74          89         105         126         229         242
                 259
SEND PE           99           5
                  21          22          32          36          48
SEND PE          117           7
                 182         194         217         235         248         253
                 255
SEND PE          118          15
                   4           5          24          42          57          75
                  94          96         117         144         176         209
                 226         243         251
