FileFmt      1050624           0           0
NELG           58641         560         533
       48359
       48368
      -48388
      -48434
       48436
       48490
      -48495
       48496
       48539
      -48559
       48563
      -48597
       48642
       48645
       48646
       48659
      -48676
       48688
      -48704
       48709
       48710
       48713
       48729
      -48731
      -48736
      -48760
       48771
       48775
       48776
       48792
       48797
       48801
       48812
      -48813
      -48817
       48818
       48820
       48821
       48822
      -48824
      -48831
       48832
      -48838
       48847
       48863
       48866
      -48867
       48868
      -48878
       48881
      -48882
      -48885
       48889
       48890
      -48895
       48898
       48900
       48902
      -48903
      -48907
       48908
       48914
       48918
      -48919
      -48928
       48930
      -48932
       48935
       48941
      -48945
      -48947
      -48951
      -48959
       48962
      -48965
       48966
       48967
       48968
      -48969
      -48971
       48973
       48977
       48982
      -48985
       48986
       48991
       48996
       49002
      -49004
       49007
      -49008
      -49010
       49011
       49014
      -49019
       49021
      -49023
      -49025
       49028
       49029
      -49030
       49032
       49035
       49036
      -49037
      -49039
       49051
       49052
       49060
      -49065
       49071
      -49073
       49074
       49076
       49082
       49089
       49090
       49092
       49094
      -49099
       49101
       49103
       49104
       49105
       49107
       49109
      -49112
       49116
       49119
       49123
       49127
      -49130
      -49134
       49138
       49146
       49151
       49152
       49159
       49162
       49165
       49166
       49168
       49169
       49172
       49174
      -49175
       49179
       49180
       49181
       49186
       49193
       49201
       49207
       49208
       49210
       49221
      -49225
       49228
       49229
      -49231
       49236
       49246
       49247
       49248
       49251
       49253
       49255
       49258
       49262
      -49263
       49265
       49271
       49275
       49277
       49281
       49286
       49293
       49301
       49305
       49308
       49313
      -49320
       49324
       49325
       49327
       49328
       49330
       49331
      -49334
      -49337
       49338
       49339
       49340
       49348
       49353
       49355
       49362
       49366
       49379
       49380
      -49389
       49390
       49395
       49404
       49406
       49410
       49411
       49414
       49416
       49419
       49420
       49423
       49424
       49427
       49428
       49429
      -49432
       49438
       49443
       49454
       49457
       49459
      -49462
       49463
       49471
       49474
       49476
       49477
       49479
       49480
       49481
       49485
       49487
       49498
       49499
       49505
       49507
       49511
      -49513
       49515
       49519
       49522
       49531
       49533
      -49536
      -49543
       49545
       49551
       49553
       49555
       49558
       49560
       49561
       49567
       49572
       49577
       49578
       49586
       49590
       49591
       49595
       49596
       49599
      -49602
       49604
      -49607
       49611
       49616
      -49619
      -49624
       49625
       49628
       49629
       49630
       49634
       49637
       49640
       49646
       49652
       49653
       49656
       49661
       49665
       49676
       49681
       49685
       49688
       49692
       49699
       49704
      -49713
      -49717
       49720
      -49724
       49727
       49729
       49730
       49736
       49737
       49738
       49739
       49742
       49756
       49762
       49764
       49766
       49767
       49776
       49780
       49784
       49789
      -49793
       49800
      -49801
       49805
      -49806
       49808
       49815
       49816
       49822
       49834
       49843
       49844
       49846
       49848
       49856
       49863
       49868
       49877
       49878
       49883
       49886
       49889
       49896
      -49900
       49903
      -49911
       49921
       49922
       49923
       49925
       49926
       49929
       49942
       49945
       49953
       49959
       49965
       49966
       49967
       49974
      -49985
       49992
       49994
       49999
       50002
      -50003
       50005
       50006
       50007
       50020
       50028
       50034
       50047
       50049
       50051
       50053
       50058
       50074
       50075
       50082
       50083
      -50085
       50086
       50090
      -50092
       50096
       50097
       50100
       50108
       50109
       50112
       50113
      -50115
      -50117
       50122
       50130
       50135
       50140
       50144
       50150
       50154
       50161
      -50164
       50170
       50171
      -50172
       50179
       50187
       50191
       50193
       50194
       50195
       50203
       50204
       50209
       50211
       50216
      -50221
       50232
       50236
       50239
       50248
      -50258
       50263
       50266
      -50269
       50270
       50276
      -50282
       50284
      -50289
       50293
       50302
      -50305
      -50313
       50314
      -50316
       50320
       50329
       50331
       50336
       50345
       50348
      -50355
       50361
      -50362
       50364
      -50376
       50380
      -50387
       50392
       50395
       50402
      -50403
       50409
       50413
      -50414
       50426
       50436
      -50443
       50447
       50452
       50455
       50464
       50472
       50477
       50485
      -50497
      -50508
       50517
       50520
       50526
       50537
       50539
       50546
      -50548
       50566
       50575
       50582
       50590
       50598
       50601
       50608
      -50609
      -50617
       50633
       50634
       50644
       50648
       50657
       50664
       50668
       50696
       50698
      -50702
       50705
      -50720
       50726
       50728
       50734
      -50751
      -50767
       50778
       50788
       50793
       50796
       50799
      -50800
       50816
      -50819
       50847
      -50849
       50855
       50864
       50865
      -50890
       50905
       50915
       50925
       50935
       50950
       50956
       50966
      -50972
       50989
       51024
       51025
      -51030
       51032
       51071
       51086
      -51104
      -51109
       51111
       51120
      -51128
      -51152
      -51166
      -51179
      -51208
      -51211
      -51236
NNODG          32218         319         308
      -26626
       26659
       26660
       26661
       26666
      -26675
       26701
      -26711
      -26728
       26729
       26731
       26763
      -26775
      -26776
      -26784
      -26798
       26804
       26806
       26807
       26808
       26814
       26825
       26832
       26833
      -26842
      -26843
       26844
       26852
      -26864
      -26867
       26871
       26872
      -26875
       26876
      -26882
       26885
       26891
       26892
      -26893
       26894
       26895
       26897
       26898
       26902
      -26909
       26912
      -26915
      -26916
      -26917
       26919
      -26925
      -26926
       26928
      -26929
       26932
       26933
       26937
       26938
       26939
       26943
       26947
       26948
       26953
      -26955
      -26962
      -26964
       26968
       26969
       26972
       26973
       26974
       26981
       26983
       26984
       26990
       26992
       26994
       26995
       26999
       27002
       27005
       27006
       27008
       27009
      -27013
       27016
      -27024
       27027
       27028
       27029
       27038
       27040
       27044
       27045
       27046
       27051
       27058
       27059
      -27066
       27070
       27071
       27076
       27078
       27079
       27081
      -27083
       27086
       27093
       27098
       27102
       27109
       27112
       27113
       27114
       27122
       27123
      -27125
       27126
       27132
       27134
       27136
       27144
       27150
      -27151
       27159
       27160
       27162
       27164
       27165
       27172
       27177
       27183
       27191
       27196
       27200
       27202
       27204
       27205
       27206
       27210
       27211
      -27214
       27219
       27225
      -27226
       27229
       27234
       27237
       27239
       27240
       27250
       27251
       27257
       27260
       27263
      -27265
       27267
      -27269
       27277
       27278
       27281
       27286
       27288
       27294
       27296
       27298
       27301
       27303
       27310
      -27311
       27316
       27317
       27323
       27328
       27332
       27335
       27347
       27350
       27356
       27362
      -27367
      -27369
       27372
       27374
       27378
       27379
       27388
       27392
       27394
       27401
       27406
       27415
      -27416
       27420
       27424
       27434
       27441
       27442
       27448
       27455
       27456
       27460
       27466
      -27474
       27482
       27483
       27484
       27492
       27501
       27506
       27510
      -27517
       27523
       27525
       27529
       27531
       27538
      -27545
       27549
       27555
       27557
       27566
       27567
      -27572
       27573
       27576
       27577
       27584
       27586
       27588
       27596
       27599
       27608
       27613
      -27615
       27618
       27628
       27631
       27632
       27637
       27641
      -27648
       27657
       27663
      -27677
       27679
       27680
      -27686
       27687
       27698
      -27699
       27705
       27712
       27713
       27720
      -27726
       27730
      -27738
       27745
       27751
      -27752
       27758
       27772
      -27774
       27783
       27788
       27793
      -27809
       27818
       27823
       27829
       27834
       27849
       27853
       27859
      -27869
       27878
       27883
       27886
       27895
       27916
       27918
      -27920
       27932
      -27943
       27958
       27966
       27970
      -27972
       27982
       28002
      -28004
       28007
       28041
       28042
       28048
       28060
       28072
      -28075
       28086
       28102
       28135
      -28144
      -28148
       28154
      -28159
      -28180
      -28204
NFLUXF             0
NETA             128          29           0
NSTAE              0           0           0
NSTAV              0           0           0
NSTAM              0           0           0
NSTAC              0           0           0
RES NODE          95         244
                   2           3           4           5           7          10
                  11          12          17          18          19          20
                  21          22          23          24          27          28
                  31          32          34          36          37          38
                  40          41          42          43          44          46
                  50          53          55          56          57          58
                  59          60          61          62          63          67
                  68          69          70          71          72          73
                  74          75          76          77          78          79
                  80          81          82          83          84          86
                  88          89          90          91          92          93
                  94          95          96          97          98         100
                 101         102         103         104         105         107
                 108         109         110         111         112         113
                 114         115         116         118         119         120
                 121         122         123         125         126         127
                 128         129         130         131         132         133
                 134         135         136         137         138         139
                 140         141         143         144         146         147
                 148         149         150         151         152         153
                 154         155         157         159         160         161
                 162         163         164         165         166         167
                 168         169         171         172         173         174
                 175         176         177         178         179         180
                 183         184         185         186         187         188
                 189         190         191         192         194         195
                 196         197         198         199         200         201
                 202         203         205         206         207         208
                 209         210         211         213         214         215
                 216         217         219         220         221         222
                 223         225         226         227         228         229
                 230         231         232         233         234         236
                 237         238         239         240         241         243
                 244         246         247         249         250         252
                 253         254         255         257         259         260
                 262         263         265         266         267         269
                 270         271         272         273         274         275
                 277         278         279         280         281         282
                 284         286         287         288         290         291
                 293         294         295         296         297         298
                 300         301         302         305
COMM PE            4
RECV PE           86          19
                 235         245         248         251         256         258
                 261         268         276         283         285         289
                 292         299         303         304         306         307
                 308
RECV PE           87          13
                  51          52          65          87         106         124
                 145         158         170         182         193         212
                 224
RECV PE           92          14
                  15          29          48          66          85          99
                 117         142         156         181         204         218
                 242         264
RECV PE           94          18
                   1           6           8           9          13          14
                  16          25          26          30          33          35
                  39          45          47          49          54          64
SEND PE           86          19
                 215         226         229         232         237         240
                 243         253         263         271         274         278
                 281         290         297         298         301         302
                 305
SEND PE           87          13
                  42          43          55          78          96         110
                 134         147         160         172         183         203
                 215
SEND PE           92          14
                  28          44          63          80          98         112
                 129         153         167         191         216         230
                 252         272
SEND PE           94          16
                   5           7          12          22          28          38
                  40          53          59          62          67          69
                  73          76          79          84
