FileFmt      1050624           0           0
NELG           58641         560         497
       51173
       51289
       51296
       51307
       51388
       51404
       51406
       51424
       51438
       51455
       51469
       51498
       51504
       51510
       51512
       51523
       51534
       51538
       51547
       51555
       51567
       51570
       51574
       51597
       51603
       51605
       51610
       51614
       51615
       51624
       51625
       51638
       51672
       51673
       51683
       51688
       51689
       51701
       51713
       51716
       51725
       51728
       51745
       51755
       51757
       51764
       51766
       51767
       51774
       51778
       51782
       51786
       51794
       51797
       51832
       51834
       51839
       51842
       51843
       51846
       51849
       51850
       51852
       51853
       51856
       51861
       51863
       51867
       51874
       51886
       51887
       51889
       51890
       51894
       51897
       51898
       51899
       51901
       51904
       51910
       51911
       51921
       51926
       51928
       51935
       51938
       51939
       51941
       51942
       51945
       51950
       51951
       51952
       51954
       51955
       51957
       51959
       51963
       51968
       51975
       51983
       51985
       51986
       51988
       51990
       51996
       52001
       52004
       52006
       52007
       52008
       52011
       52013
       52016
       52018
       52019
       52022
       52030
       52031
       52034
       52035
       52037
       52041
       52045
       52046
       52050
       52052
       52053
       52056
       52058
       52060
       52064
       52066
       52067
       52074
       52076
       52078
       52082
       52085
       52087
       52088
       52091
       52092
       52095
       52098
       52100
       52104
       52105
       52108
       52109
       52110
       52112
       52117
       52121
       52122
       52124
       52127
       52130
       52131
       52132
       52136
       52138
       52141
       52147
       52148
       52149
       52152
       52153
       52156
       52157
       52164
       52167
       52170
       52173
       52175
       52178
       52179
       52183
       52185
       52190
       52194
       52196
       52197
       52198
       52203
       52204
       52207
       52212
       52213
       52218
       52220
       52222
       52223
       52225
       52228
       52232
       52233
       52238
       52240
       52241
       52243
       52244
       52245
       52247
       52251
       52252
       52256
       52258
       52262
       52264
       52268
       52269
       52270
       52271
       52272
       52274
       52276
       52277
       52279
       52281
       52282
       52284
       52285
       52288
       52290
       52294
       52298
       52301
       52303
       52304
       52310
       52311
       52312
       52314
       52315
       52317
       52318
       52319
       52322
       52324
       52327
       52328
       52329
       52332
       52335
       52336
       52340
       52342
       52343
       52345
       52346
       52347
       52349
       52352
       52354
       52356
       52357
       52359
       52360
       52363
       52365
       52367
       52369
       52370
       52371
       52372
       52375
       52376
       52378
       52379
       52381
       52387
       52388
       52389
       52392
       52393
       52395
       52396
       52397
       52399
       52401
       52403
       52404
       52405
       52406
       52408
       52409
       52411
       52412
       52415
       52416
       52417
       52427
       52428
       52429
       52430
       52431
       52432
       52434
       52435
       52436
       52437
       52438
       52439
       52441
       52442
       52443
       52444
       52445
       52448
       52451
       52454
       52457
       52458
       52460
       52462
       52463
       52465
       52466
       52467
       52469
       52470
       52471
       52473
       52474
       52475
       52476
       52477
       52481
       52485
       52486
       52488
       52493
       52497
       52499
       52500
       52501
       52502
       52504
       52505
      -52507
       52509
       52510
       52511
       52512
       52514
       52515
       52519
       52520
       52522
       52526
      -52533
       52535
       52538
      -52539
       52540
       52542
       52543
       52544
       52545
       52547
       52548
       52549
       52550
       52551
       52552
       52554
       52558
       52559
       52561
       52565
       52567
      -52573
      -52574
       52575
       52576
       52577
       52578
       52580
       52582
       52585
       52587
       52592
       52593
       52596
       52597
       52598
       52600
       52602
       52604
       52605
      -52610
       52611
       52613
       52614
      -52615
       52618
       52619
       52621
       52626
       52629
       52630
       52632
       52634
       52635
       52636
      -52638
       52639
       52644
      -52646
       52649
       52650
       52651
       52653
       52657
       52659
       52660
       52663
       52666
       52673
      -52676
       52678
       52681
      -52682
       52685
       52691
       52692
       52694
       52695
       52698
       52699
       52701
       52702
       52703
       52708
      -52712
       52714
       52715
       52717
      -52723
       52724
       52726
       52727
       52729
       52734
       52735
       52736
       52744
       52749
       52754
       52755
      -52756
       52762
      -52763
       52764
       52767
       52768
       52771
       52772
       52773
       52774
       52782
       52784
       52786
       52790
       52791
      -52796
      -52801
       52805
       52807
       52808
       52809
       52812
       52814
       52820
       52824
       52825
       52829
       52834
       52839
       52842
      -52846
       52849
       52852
       52854
       52858
       52860
       52861
       52866
       52867
       52868
       52873
       52878
       52879
       52888
       52900
       52921
NNODG          32218         319         282
      -28117
      -28168
       28184
      -28225
       28245
       28250
      -28272
      -28297
       28300
       28311
       28320
      -28324
       28337
      -28347
       28361
       28365
       28368
       28374
      -28383
       28386
       28399
       28400
       28418
       28425
      -28432
       28437
       28438
      -28440
       28442
       28466
       28473
       28476
      -28477
      -28482
      -28484
       28487
       28488
       28492
       28510
       28517
       28518
      -28519
       28525
       28530
       28545
       28547
       28551
       28553
       28555
      -28557
       28561
       28563
       28566
       28574
       28575
       28579
       28581
       28583
       28588
      -28589
       28594
       28597
       28601
       28603
       28605
       28606
       28609
       28611
       28613
      -28615
       28618
       28622
       28626
       28628
       28636
       28638
       28639
       28642
       28643
       28645
       28647
      -28651
       28652
       28654
       28659
       28660
       28661
       28664
       28668
       28669
       28673
       28674
       28677
       28680
       28681
       28683
       28686
       28689
       28692
       28696
       28699
      -28701
       28705
       28706
       28708
       28713
       28714
       28715
       28718
       28724
       28726
      -28727
       28728
       28730
       28733
       28740
       28742
       28743
       28748
       28751
       28754
       28755
       28756
      -28758
       28759
       28763
       28764
       28766
       28767
       28773
       28774
       28777
       28779
       28780
       28781
       28782
       28785
       28787
       28789
       28792
       28795
       28798
       28803
       28804
       28805
       28806
       28808
       28810
       28811
       28812
       28815
       28816
       28820
       28822
       28823
       28824
       28825
       28829
       28831
       28834
       28835
       28837
       28839
       28840
       28844
       28845
       28847
       28849
       28850
       28852
       28853
       28854
       28855
       28857
       28859
       28865
       28866
       28867
       28868
       28869
       28871
       28872
       28873
       28874
       28875
       28877
       28880
       28881
       28883
       28884
       28886
       28888
       28889
       28890
       28894
       28897
       28901
       28903
       28905
       28906
       28907
       28908
      -28909
       28910
       28914
       28915
       28918
      -28922
       28924
       28926
       28927
       28928
       28929
       28931
       28933
       28935
       28939
      -28943
       28944
       28945
       28946
       28947
       28955
       28956
       28957
       28958
       28960
      -28962
       28964
       28965
       28968
       28971
       28973
       28975
       28976
      -28977
       28981
       28984
       28989
       28990
       28995
       28997
      -28999
       29002
       29006
       29008
       29009
       29011
       29013
      -29018
       29019
       29020
       29024
       29026
       29027
       29033
       29040
       29043
       29046
      -29047
       29051
       29052
       29053
       29055
       29060
       29064
      -29067
      -29071
       29072
       29075
       29076
       29080
       29083
      -29093
      -29097
       29098
      -29102
      -29103
      -29106
      -29107
      -29111
      -29123
NFLUXF             0
NETA             128          29           0
NSTAE              0           0           0
NSTAV              0           0           0
NSTAM              0           0           0
NSTAC              0           0           0
RES NODE          84         243
                   3           5           6           9          10          11
                  13          15          16          17          18          20
                  21          22          23          24          26          27
                  29          30          31          32          36          37
                  38          39          40          41          43          44
                  45          46          47          48          49          51
                  52          53          54          55          56          57
                  58          59          61          62          63          64
                  65          66          67          68          69          71
                  72          73          74          75          76          77
                  78          79          80          81          83          84
                  85          86          87          88          89          90
                  91          92          93          94          95          96
                  97          98          99         100         101         103
                 104         105         106         107         108         109
                 110         111         113         114         115         116
                 117         118         119         120         121         122
                 123         125         126         127         128         129
                 130         131         132         133         134         135
                 136         137         138         139         140         141
                 142         143         144         145         146         147
                 148         149         150         151         152         153
                 154         155         156         157         158         159
                 160         161         162         163         164         165
                 166         167         168         169         170         171
                 172         173         174         175         176         177
                 178         179         180         181         182         183
                 184         185         186         187         188         189
                 190         191         192         193         194         195
                 196         197         198         199         200         201
                 202         204         205         206         207         209
                 210         211         212         213         214         215
                 216         217         219         220         221         222
                 223         224         225         226         227         229
                 230         231         232         233         234         235
                 237         238         239         240         241         242
                 244         245         246         247         248         249
                 251         252         253         254         255         256
                 257         258         259         261         262         263
                 264         265         266         269         270         271
                 272         273         276
COMM PE            4
RECV PE           80           9
                 203         208         218         228         236         243
                 250         260         267
RECV PE           85           9
                 268         274         275         277         278         279
                 280         281         282
RECV PE           86           8
                  35          50          60          70          82         102
                 112         124
RECV PE           87          13
                   1           2           4           7           8          12
                  14          19          25          28          33          34
                  42
SEND PE           80          10
                 176         186         198         211         220         229
                 237         244         253         264
SEND PE           85           9
                 256         264         265         269         270         271
                 272         273         276
SEND PE           86           9
                  43          59          69          79          90         113
                 125         133         142
SEND PE           87          13
                   3           5          10          13          16          20
                  24          31          41          43          48          49
                  58
