bi_1997_v2.grd                                                                  
     405     307
   22369 -0.766902100000E+02  0.348322000000E+02  0.390800000000E+01
   22371 -0.766898800000E+02  0.348322900000E+02  0.390800000000E+01
   22374 -0.766895200000E+02  0.348324000000E+02  0.390800000000E+01
   22375 -0.766901000000E+02  0.348325700000E+02  0.390800000000E+01
   22376 -0.766898300000E+02  0.348326700000E+02  0.390800000000E+01
   22377 -0.766895100000E+02  0.348328000000E+02  0.390800000000E+01
   22379 -0.766901300000E+02  0.348329100000E+02  0.390800000000E+01
   22380 -0.766898000000E+02  0.348330500000E+02  0.390800000000E+01
   22383 -0.766894800000E+02  0.348332200000E+02  0.390800000000E+01
   22384 -0.766900900000E+02  0.348332800000E+02  0.390800000000E+01
   22385 -0.766897700000E+02  0.348334300000E+02  0.390800000000E+01
   22387 -0.766894900000E+02  0.348335700000E+02  0.390800000000E+01
   22389 -0.766900600000E+02  0.348336800000E+02  0.390800000000E+01
   22390 -0.766897400000E+02  0.348337900000E+02  0.390800000000E+01
   22392 -0.766894400000E+02  0.348338500000E+02  0.390800000000E+01
   22396 -0.766899600000E+02  0.348340300000E+02  0.390800000000E+01
   22397 -0.766897000000E+02  0.348341400000E+02  0.390800000000E+01
   22399 -0.766894100000E+02  0.348342400000E+02  0.390800000000E+01
   22401 -0.766899600000E+02  0.348344400000E+02  0.390800000000E+01
   22402 -0.766896700000E+02  0.348345300000E+02  0.390800000000E+01
   22403 -0.766893700000E+02  0.348346400000E+02  0.390800000000E+01
   22404 -0.766899300000E+02  0.348347700000E+02  0.390800000000E+01
   22406 -0.766896400000E+02  0.348349300000E+02  0.390800000000E+01
   22408 -0.766893600000E+02  0.348350300000E+02  0.390800000000E+01
   22410 -0.766899000000E+02  0.348352500000E+02  0.390800000000E+01
   22411 -0.766896100000E+02  0.348353800000E+02  0.390800000000E+01
   22412 -0.766893400000E+02  0.348355600000E+02  0.390800000000E+01
   22413 -0.766898200000E+02  0.348357000000E+02  0.390800000000E+01
   22414 -0.766895800000E+02  0.348358200000E+02  0.390800000000E+01
   22416 -0.766893200000E+02  0.348359400000E+02  0.390800000000E+01
   22418 -0.766898300000E+02  0.348361100000E+02  0.390800000000E+01
   22419 -0.766895400000E+02  0.348362400000E+02  0.390800000000E+01
   22420 -0.766892200000E+02  0.348363800000E+02  0.390800000000E+01
   22423 -0.766897700000E+02  0.348365200000E+02  0.390800000000E+01
   22426 -0.766895000000E+02  0.348366500000E+02  0.390800000000E+01
   22429 -0.766892500000E+02  0.348368300000E+02  0.390800000000E+01
   22430 -0.766897400000E+02  0.348368900000E+02  0.390800000000E+01
   22432 -0.766894900000E+02  0.348370500000E+02  0.390800000000E+01
   22434 -0.766892700000E+02  0.348371800000E+02  0.390800000000E+01
   22435 -0.766897200000E+02  0.348372800000E+02  0.390800000000E+01
   22436 -0.766894800000E+02  0.348374500000E+02  0.390800000000E+01
   22437 -0.766892100000E+02  0.348376400000E+02  0.390800000000E+01
   22439 -0.766897200000E+02  0.348377100000E+02  0.390800000000E+01
   22441 -0.766894600000E+02  0.348378600000E+02  0.390800000000E+01
   22442 -0.766892200000E+02  0.348379500000E+02  0.390800000000E+01
   22445 -0.766897200000E+02  0.348381500000E+02  0.390800000000E+01
   22446 -0.766894200000E+02  0.348382600000E+02  0.390800000000E+01
   22448 -0.766890900000E+02  0.348384300000E+02  0.390800000000E+01
   22449 -0.766896700000E+02  0.348385100000E+02  0.390800000000E+01
   22451 -0.766893700000E+02  0.348386700000E+02  0.390800000000E+01
   22453 -0.766890600000E+02  0.348387800000E+02  0.390800000000E+01
   22457 -0.766896500000E+02  0.348389800000E+02  0.390800000000E+01
   22458 -0.766893000000E+02  0.348390700000E+02  0.390800000000E+01
   22459 -0.766889400000E+02  0.348392100000E+02  0.390800000000E+01
   22460 -0.766895700000E+02  0.348393200000E+02  0.390800000000E+01
   22462 -0.766892400000E+02  0.348394900000E+02  0.390800000000E+01
   22465 -0.766889000000E+02  0.348396700000E+02  0.390800000000E+01
   22466 -0.766895400000E+02  0.348397600000E+02  0.390800000000E+01
   22468 -0.766892100000E+02  0.348399500000E+02  0.390800000000E+01
   22471 -0.766888700000E+02  0.348401600000E+02  0.390800000000E+01
   22472 -0.766895100000E+02  0.348402400000E+02  0.390800000000E+01
   22473 -0.766891900000E+02  0.348404100000E+02  0.390800000000E+01
   22475 -0.766888400000E+02  0.348406100000E+02  0.390800000000E+01
   22476 -0.766895200000E+02  0.348406600000E+02  0.390800000000E+01
   22478 -0.766891900000E+02  0.348408400000E+02  0.390800000000E+01
   22480 -0.766888400000E+02  0.348409700000E+02  0.390800000000E+01
   22481 -0.766895200000E+02  0.348410700000E+02  0.390800000000E+01
   22483 -0.766892300000E+02  0.348413000000E+02  0.390800000000E+01
   22487 -0.766895700000E+02  0.348415500000E+02  0.390800000000E+01
   22488 -0.766889700000E+02  0.348415900000E+02  0.390800000000E+01
   22490 -0.766893100000E+02  0.348417800000E+02  0.390800000000E+01
   22492 -0.766890700000E+02  0.348420300000E+02  0.390800000000E+01
   22493 -0.766896400000E+02  0.348420100000E+02  0.390800000000E+01
   22496 -0.766893800000E+02  0.348422400000E+02  0.390800000000E+01
   22498 -0.766891300000E+02  0.348424200000E+02  0.390800000000E+01
   22499 -0.766896900000E+02  0.348424800000E+02  0.390800000000E+01
   22500 -0.766894200000E+02  0.348427000000E+02  0.390800000000E+01
   22502 -0.766897400000E+02  0.348428500000E+02  0.390800000000E+01
   22503 -0.766891700000E+02  0.348428900000E+02  0.390800000000E+01
   22508 -0.766894800000E+02  0.348431900000E+02  0.390800000000E+01
   22510 -0.766892400000E+02  0.348434000000E+02  0.390800000000E+01
   22515 -0.766898500000E+02  0.348434800000E+02  0.390800000000E+01
   22517 -0.766895400000E+02  0.348436900000E+02  0.390800000000E+01
   22520 -0.766892500000E+02  0.348439200000E+02  0.390800000000E+01
   22521 -0.766898700000E+02  0.348439400000E+02  0.390800000000E+01
   22523 -0.766895800000E+02  0.348441800000E+02  0.390800000000E+01
   22526 -0.766892400000E+02  0.348444100000E+02  0.390800000000E+01
   22527 -0.766899000000E+02  0.348444400000E+02  0.390800000000E+01
   22529 -0.766896300000E+02  0.348446700000E+02  0.390800000000E+01
   22532 -0.766899900000E+02  0.348448600000E+02  0.390800000000E+01
   22534 -0.766893400000E+02  0.348449700000E+02  0.390800000000E+01
   22537 -0.766897100000E+02  0.348451500000E+02  0.390800000000E+01
   22538 -0.766900600000E+02  0.348453600000E+02  0.390800000000E+01
   22539 -0.766894200000E+02  0.348454200000E+02  0.390800000000E+01
   22540 -0.766897700000E+02  0.348455900000E+02  0.390800000000E+01
   22541 -0.766901000000E+02  0.348457900000E+02  0.390800000000E+01
   22544 -0.766894700000E+02  0.348458200000E+02  0.390800000000E+01
   22545 -0.766898100000E+02  0.348460400000E+02  0.390800000000E+01
   22549 -0.766895200000E+02  0.348462700000E+02  0.390800000000E+01
   22550 -0.766901500000E+02  0.348462700000E+02  0.390800000000E+01
   22552 -0.766898700000E+02  0.348464700000E+02  0.390800000000E+01
   22556 -0.766902400000E+02  0.348466500000E+02  0.390800000000E+01
   22557 -0.766895700000E+02  0.348466900000E+02  0.390800000000E+01
   22561 -0.766899300000E+02  0.348468900000E+02  0.390800000000E+01
   22562 -0.766896200000E+02  0.348470600000E+02  0.390800000000E+01
   22564 -0.766903200000E+02  0.348470900000E+02  0.390800000000E+01
   22567 -0.766899600000E+02  0.348473300000E+02  0.390800000000E+01
   22568 -0.766903300000E+02  0.348475100000E+02  0.390800000000E+01
   22569 -0.766896700000E+02  0.348476100000E+02  0.390800000000E+01
   22570 -0.766899900000E+02  0.348478100000E+02  0.390800000000E+01
   22573 -0.766896900000E+02  0.348480500000E+02  0.390800000000E+01
   22575 -0.766903200000E+02  0.348481100000E+02  0.390800000000E+01
   22580 -0.766900300000E+02  0.348482900000E+02  0.390800000000E+01
   22581 -0.766897700000E+02  0.348485200000E+02  0.390800000000E+01
   22582 -0.766903700000E+02  0.348485300000E+02  0.390800000000E+01
   22584 -0.766900600000E+02  0.348487400000E+02  0.390800000000E+01
   22587 -0.766897700000E+02  0.348489500000E+02  0.390800000000E+01
   22588 -0.766903600000E+02  0.348489700000E+02  0.390800000000E+01
   22590 -0.766900700000E+02  0.348491600000E+02  0.390800000000E+01
   22591 -0.766897500000E+02  0.348493300000E+02  0.390800000000E+01
   22593 -0.766904000000E+02  0.348493600000E+02  0.390800000000E+01
   22596 -0.766901000000E+02  0.348495700000E+02  0.390800000000E+01
   22599 -0.766898000000E+02  0.348497800000E+02  0.390800000000E+01
   22600 -0.766904100000E+02  0.348498000000E+02  0.390800000000E+01
   22601 -0.766901700000E+02  0.348500000000E+02  0.390800000000E+01
   22603 -0.766898700000E+02  0.348502000000E+02  0.390800000000E+01
   22604 -0.766905800000E+02  0.348502500000E+02  0.390800000000E+01
   22606 -0.766902400000E+02  0.348504100000E+02  0.390800000000E+01
   22609 -0.766899000000E+02  0.348505300000E+02  0.390800000000E+01
   22611 -0.766906400000E+02  0.348506600000E+02  0.390800000000E+01
   22613 -0.766902700000E+02  0.348508200000E+02  0.390800000000E+01
   22615 -0.766899300000E+02  0.348510100000E+02  0.390800000000E+01
   22617 -0.766906300000E+02  0.348510600000E+02  0.390800000000E+01
   22619 -0.766902900000E+02  0.348512500000E+02  0.390800000000E+01
   22623 -0.766906800000E+02  0.348514200000E+02  0.390800000000E+01
   22624 -0.766899300000E+02  0.348514800000E+02  0.390800000000E+01
   22625 -0.766903200000E+02  0.348516900000E+02  0.390800000000E+01
   22628 -0.766899600000E+02  0.348519200000E+02  0.390800000000E+01
   22630 -0.766907000000E+02  0.348519400000E+02  0.390800000000E+01
   22632 -0.766903500000E+02  0.348521400000E+02  0.390800000000E+01
   22633 -0.766899600000E+02  0.348523300000E+02  0.390800000000E+01
   22634 -0.766907600000E+02  0.348524000000E+02  0.390800000000E+01
   22635 -0.766903800000E+02  0.348525800000E+02  0.390800000000E+01
   22639 -0.766899700000E+02  0.348527300000E+02  0.390800000000E+01
   22642 -0.766907800000E+02  0.348528200000E+02  0.390800000000E+01
   22645 -0.766904300000E+02  0.348530600000E+02  0.390800000000E+01
   22647 -0.766901000000E+02  0.348533400000E+02  0.390800000000E+01
   22648 -0.766908300000E+02  0.348533300000E+02  0.390800000000E+01
   22651 -0.766905100000E+02  0.348535700000E+02  0.390800000000E+01
   22654 -0.766901900000E+02  0.348537800000E+02  0.390800000000E+01
   22655 -0.766909500000E+02  0.348538400000E+02  0.390800000000E+01
   22656 -0.766905700000E+02  0.348540300000E+02  0.390800000000E+01
   22658 -0.766902200000E+02  0.348542200000E+02  0.390800000000E+01
   22660 -0.766909800000E+02  0.348542900000E+02  0.390800000000E+01
   22661 -0.766906300000E+02  0.348545100000E+02  0.390800000000E+01
   22664 -0.766903200000E+02  0.348547600000E+02  0.390800000000E+01
   22665 -0.766909900000E+02  0.348547700000E+02  0.390800000000E+01
   22669 -0.766906700000E+02  0.348549900000E+02  0.390800000000E+01
   22671 -0.766903300000E+02  0.348552200000E+02  0.390800000000E+01
   22672 -0.766910400000E+02  0.348552400000E+02  0.390800000000E+01
   22675 -0.766907000000E+02  0.348554600000E+02  0.390800000000E+01
   22676 -0.766903500000E+02  0.348556600000E+02  0.390800000000E+01
   22678 -0.766910500000E+02  0.348557300000E+02  0.390800000000E+01
   22680 -0.766907400000E+02  0.348559500000E+02  0.390800000000E+01
   22681 -0.766904100000E+02  0.348561400000E+02  0.390800000000E+01
   22684 -0.766911500000E+02  0.348562600000E+02  0.390800000000E+01
   22687 -0.766908000000E+02  0.348564300000E+02  0.390800000000E+01
   22689 -0.766904800000E+02  0.348566300000E+02  0.390800000000E+01
   22691 -0.766911900000E+02  0.348567000000E+02  0.390800000000E+01
   22697 -0.766908600000E+02  0.348569300000E+02  0.390800000000E+01
   22698 -0.766905600000E+02  0.348571400000E+02  0.390800000000E+01
   22700 -0.766911900000E+02  0.348572400000E+02  0.390800000000E+01
   22701 -0.766909000000E+02  0.348574300000E+02  0.390800000000E+01
   22702 -0.766905700000E+02  0.348576400000E+02  0.390800000000E+01
   22703 -0.766912500000E+02  0.348577200000E+02  0.390800000000E+01
   22704 -0.766909300000E+02  0.348579300000E+02  0.390800000000E+01
   22707 -0.766906100000E+02  0.348581800000E+02  0.390800000000E+01
   22710 -0.766912600000E+02  0.348581800000E+02  0.390800000000E+01
   22711 -0.766909600000E+02  0.348584000000E+02  0.390800000000E+01
   22712 -0.766906400000E+02  0.348585900000E+02  0.390800000000E+01
   22715 -0.766913100000E+02  0.348586500000E+02  0.390800000000E+01
   22716 -0.766910000000E+02  0.348588700000E+02  0.390800000000E+01
   22720 -0.766907300000E+02  0.348591300000E+02  0.390800000000E+01
   22721 -0.766913500000E+02  0.348591300000E+02  0.390800000000E+01
   22723 -0.766910600000E+02  0.348593300000E+02  0.390800000000E+01
   22726 -0.766907600000E+02  0.348595700000E+02  0.390800000000E+01
   22727 -0.766914200000E+02  0.348595400000E+02  0.390800000000E+01
   22731 -0.766910600000E+02  0.348597900000E+02  0.390800000000E+01
   22735 -0.766913600000E+02  0.348600300000E+02  0.390800000000E+01
   22736 -0.766907300000E+02  0.348600200000E+02  0.390800000000E+01
   22737 -0.766910700000E+02  0.348602600000E+02  0.390800000000E+01
   22740 -0.766907600000E+02  0.348604800000E+02  0.390800000000E+01
   22741 -0.766914100000E+02  0.348605200000E+02  0.390800000000E+01
   22743 -0.766910900000E+02  0.348607100000E+02  0.390800000000E+01
   22745 -0.766907800000E+02  0.348608700000E+02  0.390800000000E+01
   22746 -0.766914400000E+02  0.348609600000E+02  0.390800000000E+01
   22749 -0.766911000000E+02  0.348611600000E+02  0.390800000000E+01
   22751 -0.766907700000E+02  0.348613500000E+02  0.390800000000E+01
   22753 -0.766914200000E+02  0.348614300000E+02  0.390800000000E+01
   22755 -0.766911200000E+02  0.348616200000E+02  0.390800000000E+01
   22756 -0.766908100000E+02  0.348618500000E+02  0.390800000000E+01
   22757 -0.766914700000E+02  0.348618500000E+02  0.390800000000E+01
   22758 -0.766911500000E+02  0.348620600000E+02  0.390800000000E+01
   22763 -0.766908400000E+02  0.348622700000E+02  0.390800000000E+01
   22764 -0.766915200000E+02  0.348622900000E+02  0.390800000000E+01
   22766 -0.766911900000E+02  0.348625200000E+02  0.390800000000E+01
   22770 -0.766915400000E+02  0.348627400000E+02  0.390800000000E+01
   22771 -0.766908500000E+02  0.348627900000E+02  0.390800000000E+01
   22775 -0.766912200000E+02  0.348629800000E+02  0.390800000000E+01
   22779 -0.766916200000E+02  0.348631900000E+02  0.390800000000E+01
   22780 -0.766908800000E+02  0.348632200000E+02  0.390800000000E+01
   22781 -0.766912800000E+02  0.348634300000E+02  0.390800000000E+01
   22782 -0.766909500000E+02  0.348636600000E+02  0.390800000000E+01
   22783 -0.766916600000E+02  0.348636600000E+02  0.390800000000E+01
   22784 -0.766913200000E+02  0.348638800000E+02  0.390800000000E+01
   22788 -0.766909800000E+02  0.348641000000E+02  0.390800000000E+01
   22789 -0.766916900000E+02  0.348641200000E+02  0.390800000000E+01
   22792 -0.766913500000E+02  0.348643300000E+02  0.390800000000E+01
   22798 -0.766910200000E+02  0.348645300000E+02  0.390800000000E+01
   22799 -0.766917200000E+02  0.348645500000E+02  0.390800000000E+01
   22801 -0.766913900000E+02  0.348648100000E+02  0.390800000000E+01
   22806 -0.766910400000E+02  0.348650400000E+02  0.390800000000E+01
   22807 -0.766917700000E+02  0.348650600000E+02  0.390800000000E+01
   22809 -0.766914300000E+02  0.348652900000E+02  0.390800000000E+01
   22812 -0.766918000000E+02  0.348655200000E+02  0.390800000000E+01
   22813 -0.766910600000E+02  0.348655500000E+02  0.390800000000E+01
   22817 -0.766914600000E+02  0.348657700000E+02  0.390800000000E+01
   22818 -0.766911500000E+02  0.348660100000E+02  0.390800000000E+01
   22819 -0.766918400000E+02  0.348660000000E+02  0.390800000000E+01
   22823 -0.766915100000E+02  0.348662500000E+02  0.390800000000E+01
   22828 -0.766918600000E+02  0.348664400000E+02  0.390800000000E+01
   22829 -0.766911800000E+02  0.348665100000E+02  0.390800000000E+01
   22831 -0.766916000000E+02  0.348667100000E+02  0.390800000000E+01
   22835 -0.766919700000E+02  0.348668600000E+02  0.390800000000E+01
   22837 -0.766913500000E+02  0.348670200000E+02  0.390800000000E+01
   22838 -0.766917100000E+02  0.348671700000E+02  0.390800000000E+01
   22841 -0.766921200000E+02  0.348673400000E+02  0.390800000000E+01
   22843 -0.766914200000E+02  0.348674500000E+02  0.390800000000E+01
   22844 -0.766918000000E+02  0.348676400000E+02  0.390800000000E+01
   22846 -0.766921700000E+02  0.348678400000E+02  0.390800000000E+01
   22847 -0.766915100000E+02  0.348679400000E+02  0.390800000000E+01
   22852 -0.766918800000E+02  0.348681300000E+02  0.390800000000E+01
   22853 -0.766922200000E+02  0.348683600000E+02  0.390800000000E+01
   22856 -0.766915900000E+02  0.348684400000E+02  0.390800000000E+01
   22859 -0.766919500000E+02  0.348686200000E+02  0.390800000000E+01
   22861 -0.766923100000E+02  0.348688400000E+02  0.390800000000E+01
   22862 -0.766916700000E+02  0.348689000000E+02  0.390800000000E+01
   22864 -0.766920100000E+02  0.348690900000E+02  0.390800000000E+01
   22867 -0.766917300000E+02  0.348693500000E+02  0.390800000000E+01
   22868 -0.766923200000E+02  0.348693500000E+02  0.390800000000E+01
   22870 -0.766920500000E+02  0.348695800000E+02  0.390800000000E+01
   22873 -0.766917600000E+02  0.348697900000E+02  0.390800000000E+01
   22874 -0.766923700000E+02  0.348698300000E+02  0.390800000000E+01
   22877 -0.766920900000E+02  0.348700600000E+02  0.390800000000E+01
   22878 -0.766918000000E+02  0.348702900000E+02  0.390800000000E+01
   22879 -0.766924200000E+02  0.348703500000E+02  0.390800000000E+01
   22882 -0.766921100000E+02  0.348705300000E+02  0.390800000000E+01
   22886 -0.766917900000E+02  0.348707000000E+02  0.390800000000E+01
   22888 -0.766924400000E+02  0.348708400000E+02  0.390800000000E+01
   22889 -0.766921200000E+02  0.348710200000E+02  0.390800000000E+01
   22891 -0.766918200000E+02  0.348712100000E+02  0.390800000000E+01
   22896 -0.766924400000E+02  0.348712900000E+02  0.390800000000E+01
   22898 -0.766921400000E+02  0.348715500000E+02  0.390800000000E+01
   22902 -0.766917600000E+02  0.348717700000E+02  0.390800000000E+01
   22903 -0.766925000000E+02  0.348718700000E+02  0.390800000000E+01
   22904 -0.766921500000E+02  0.348720800000E+02  0.390800000000E+01
   22905 -0.766918300000E+02  0.348722400000E+02  0.390800000000E+01
   22908 -0.766924800000E+02  0.348724100000E+02  0.390800000000E+01
   22911 -0.766921500000E+02  0.348725700000E+02  0.390800000000E+01
   22913 -0.766918000000E+02  0.348727500000E+02  0.390800000000E+01
   22915 -0.766924500000E+02  0.348728900000E+02  0.390800000000E+01
   22916 -0.766921200000E+02  0.348730500000E+02  0.390800000000E+01
   22917 -0.766918000000E+02  0.348732500000E+02  0.390800000000E+01
   22918 -0.766924400000E+02  0.348733400000E+02  0.390800000000E+01
   22920 -0.766921200000E+02  0.348735400000E+02  0.390800000000E+01
   22923 -0.766917700000E+02  0.348737800000E+02  0.390800000000E+01
   22924 -0.766924800000E+02  0.348738400000E+02  0.390800000000E+01
   22926 -0.766920900000E+02  0.348740200000E+02  0.390800000000E+01
   22927 -0.766917600000E+02  0.348741800000E+02  0.390800000000E+01
   22928 -0.766923700000E+02  0.348743200000E+02  0.390800000000E+01
   22929 -0.766920200000E+02  0.348744900000E+02  0.390800000000E+01
   22932 -0.766916600000E+02  0.348746800000E+02  0.390800000000E+01
   22934 -0.766923100000E+02  0.348747800000E+02  0.390800000000E+01
   22936 -0.766919600000E+02  0.348749700000E+02  0.390800000000E+01
   22939 -0.766916000000E+02  0.348751500000E+02  0.390800000000E+01
   22940 -0.766922400000E+02  0.348752600000E+02  0.390800000000E+01
   22942 -0.766919200000E+02  0.348754500000E+02  0.390800000000E+01
   22943 -0.766916000000E+02  0.348756600000E+02  0.390800000000E+01
   22945 -0.766922000000E+02  0.348757900000E+02  0.390800000000E+01
   22946 -0.766918800000E+02  0.348759300000E+02  0.390800000000E+01
   22947 -0.766915400000E+02  0.348761100000E+02  0.390800000000E+01
   22949 -0.766921500000E+02  0.348761900000E+02  0.390800000000E+01
   22952 -0.766918500000E+02  0.348763700000E+02  0.390800000000E+01
   22953 -0.766915200000E+02  0.348765400000E+02  0.390800000000E+01
   22955 -0.766921500000E+02  0.348766400000E+02  0.390800000000E+01
   22956 -0.766918500000E+02  0.348768000000E+02  0.390800000000E+01
   22958 -0.766915600000E+02  0.348769800000E+02  0.390800000000E+01
   22959 -0.766921200000E+02  0.348770400000E+02  0.390800000000E+01
   22961 -0.766918400000E+02  0.348772500000E+02  0.390800000000E+01
   22964 -0.766915300000E+02  0.348774800000E+02  0.390800000000E+01
   22965 -0.766921200000E+02  0.348775300000E+02  0.390800000000E+01
   22967 -0.766918300000E+02  0.348777400000E+02  0.390800000000E+01
   22970 -0.766915400000E+02  0.348779500000E+02  0.390800000000E+01
   22971 -0.766920900000E+02  0.348780300000E+02  0.390800000000E+01
   22973 -0.766918200000E+02  0.348782100000E+02  0.390800000000E+01
   22976 -0.766915100000E+02  0.348784100000E+02  0.390800000000E+01
   22977 -0.766921400000E+02  0.348784900000E+02  0.390800000000E+01
       1 3    22369    22371    22375
       2 3    22371    22374    22376
       3 3    22371    22376    22375
       4 3    22374    22377    22376
       5 3    22375    22376    22379
       6 3    22376    22377    22380
       7 3    22376    22380    22379
       8 3    22377    22383    22380
       9 3    22379    22380    22384
      10 3    22380    22383    22385
      11 3    22380    22385    22384
      12 3    22383    22387    22385
      13 3    22384    22385    22389
      14 3    22385    22387    22390
      15 3    22385    22390    22389
      16 3    22387    22392    22390
      17 3    22389    22390    22396
      18 3    22390    22392    22397
      19 3    22390    22397    22396
      20 3    22392    22399    22397
      21 3    22396    22397    22401
      22 3    22397    22399    22402
      23 3    22397    22402    22401
      24 3    22399    22403    22402
      25 3    22401    22402    22404
      26 3    22402    22403    22406
      27 3    22402    22406    22404
      28 3    22403    22408    22406
      29 3    22404    22406    22410
      30 3    22406    22408    22411
      31 3    22406    22411    22410
      32 3    22408    22412    22411
      33 3    22411    22413    22410
      34 3    22411    22412    22414
      35 3    22411    22414    22413
      36 3    22412    22416    22414
      37 3    22413    22414    22418
      38 3    22414    22416    22419
      39 3    22414    22419    22418
      40 3    22416    22420    22419
      41 3    22418    22419    22423
      42 3    22419    22420    22426
      43 3    22419    22426    22423
      44 3    22420    22429    22426
      45 3    22423    22426    22430
      46 3    22426    22429    22432
      47 3    22426    22432    22430
      48 3    22429    22434    22432
      49 3    22430    22432    22435
      50 3    22432    22434    22436
      51 3    22432    22436    22435
      52 3    22434    22437    22436
      53 3    22435    22436    22439
      54 3    22436    22437    22441
      55 3    22436    22441    22439
      56 3    22437    22442    22441
      57 3    22439    22441    22445
      58 3    22441    22442    22446
      59 3    22441    22446    22445
      60 3    22442    22448    22446
      61 3    22445    22446    22449
      62 3    22446    22448    22451
      63 3    22446    22451    22449
      64 3    22448    22453    22451
      65 3    22449    22451    22457
      66 3    22451    22453    22458
      67 3    22451    22458    22457
      68 3    22453    22459    22458
      69 3    22457    22458    22460
      70 3    22458    22459    22462
      71 3    22458    22462    22460
      72 3    22459    22465    22462
      73 3    22460    22462    22466
      74 3    22462    22465    22468
      75 3    22462    22468    22466
      76 3    22465    22471    22468
      77 3    22466    22468    22472
      78 3    22468    22471    22473
      79 3    22468    22473    22472
      80 3    22471    22475    22473
      81 3    22472    22473    22476
      82 3    22473    22478    22476
      83 3    22473    22475    22478
      84 3    22475    22480    22478
      85 3    22476    22478    22481
      86 3    22478    22483    22481
      87 3    22478    22480    22483
      88 3    22481    22483    22487
      89 3    22483    22480    22488
      90 3    22483    22490    22487
      91 3    22483    22488    22490
      92 3    22488    22492    22490
      93 3    22487    22490    22493
      94 3    22490    22496    22493
      95 3    22490    22492    22496
      96 3    22492    22498    22496
      97 3    22493    22496    22499
      98 3    22496    22500    22499
      99 3    22496    22498    22500
     100 3    22499    22500    22502
     101 3    22498    22503    22500
     102 3    22500    22508    22502
     103 3    22500    22503    22508
     104 3    22508    22503    22510
     105 3    22502    22508    22515
     106 3    22508    22517    22515
     107 3    22508    22510    22517
     108 3    22510    22520    22517
     109 3    22515    22517    22521
     110 3    22517    22523    22521
     111 3    22517    22520    22523
     112 3    22520    22526    22523
     113 3    22521    22523    22527
     114 3    22523    22529    22527
     115 3    22523    22526    22529
     116 3    22527    22529    22532
     117 3    22529    22526    22534
     118 3    22529    22537    22532
     119 3    22529    22534    22537
     120 3    22532    22537    22538
     121 3    22534    22539    22537
     122 3    22537    22540    22538
     123 3    22537    22539    22540
     124 3    22538    22540    22541
     125 3    22539    22544    22540
     126 3    22540    22545    22541
     127 3    22540    22544    22545
     128 3    22544    22549    22545
     129 3    22541    22545    22550
     130 3    22545    22552    22550
     131 3    22545    22549    22552
     132 3    22550    22552    22556
     133 3    22549    22557    22552
     134 3    22552    22561    22556
     135 3    22552    22557    22561
     136 3    22557    22562    22561
     137 3    22556    22561    22564
     138 3    22561    22567    22564
     139 3    22561    22562    22567
     140 3    22564    22567    22568
     141 3    22562    22569    22567
     142 3    22567    22569    22570
     143 3    22567    22570    22568
     144 3    22569    22573    22570
     145 3    22568    22570    22575
     146 3    22570    22580    22575
     147 3    22570    22573    22580
     148 3    22573    22581    22580
     149 3    22575    22580    22582
     150 3    22580    22581    22584
     151 3    22580    22584    22582
     152 3    22581    22587    22584
     153 3    22582    22584    22588
     154 3    22584    22590    22588
     155 3    22584    22587    22590
     156 3    22587    22591    22590
     157 3    22588    22590    22593
     158 3    22590    22596    22593
     159 3    22590    22591    22596
     160 3    22591    22599    22596
     161 3    22593    22596    22600
     162 3    22596    22601    22600
     163 3    22596    22599    22601
     164 3    22599    22603    22601
     165 3    22600    22601    22604
     166 3    22601    22606    22604
     167 3    22601    22603    22606
     168 3    22603    22609    22606
     169 3    22604    22606    22611
     170 3    22606    22613    22611
     171 3    22606    22609    22613
     172 3    22609    22615    22613
     173 3    22611    22613    22617
     174 3    22613    22619    22617
     175 3    22613    22615    22619
     176 3    22617    22619    22623
     177 3    22615    22624    22619
     178 3    22619    22625    22623
     179 3    22619    22624    22625
     180 3    22624    22628    22625
     181 3    22623    22625    22630
     182 3    22625    22632    22630
     183 3    22625    22628    22632
     184 3    22628    22633    22632
     185 3    22630    22632    22634
     186 3    22632    22635    22634
     187 3    22632    22633    22635
     188 3    22633    22639    22635
     189 3    22634    22635    22642
     190 3    22635    22645    22642
     191 3    22635    22639    22645
     192 3    22639    22647    22645
     193 3    22642    22645    22648
     194 3    22645    22651    22648
     195 3    22645    22647    22651
     196 3    22647    22654    22651
     197 3    22648    22651    22655
     198 3    22651    22656    22655
     199 3    22651    22654    22656
     200 3    22654    22658    22656
     201 3    22655    22656    22660
     202 3    22656    22661    22660
     203 3    22656    22658    22661
     204 3    22658    22664    22661
     205 3    22660    22661    22665
     206 3    22661    22669    22665
     207 3    22661    22664    22669
     208 3    22664    22671    22669
     209 3    22665    22669    22672
     210 3    22669    22675    22672
     211 3    22669    22671    22675
     212 3    22671    22676    22675
     213 3    22672    22675    22678
     214 3    22675    22680    22678
     215 3    22675    22676    22680
     216 3    22676    22681    22680
     217 3    22678    22680    22684
     218 3    22680    22687    22684
     219 3    22680    22681    22687
     220 3    22681    22689    22687
     221 3    22684    22687    22691
     222 3    22687    22697    22691
     223 3    22687    22689    22697
     224 3    22689    22698    22697
     225 3    22691    22697    22700
     226 3    22697    22701    22700
     227 3    22697    22698    22701
     228 3    22698    22702    22701
     229 3    22700    22701    22703
     230 3    22701    22704    22703
     231 3    22701    22702    22704
     232 3    22702    22707    22704
     233 3    22703    22704    22710
     234 3    22704    22711    22710
     235 3    22704    22707    22711
     236 3    22707    22712    22711
     237 3    22710    22711    22715
     238 3    22711    22716    22715
     239 3    22711    22712    22716
     240 3    22712    22720    22716
     241 3    22715    22716    22721
     242 3    22716    22723    22721
     243 3    22716    22720    22723
     244 3    22720    22726    22723
     245 3    22721    22723    22727
     246 3    22723    22726    22731
     247 3    22723    22731    22727
     248 3    22727    22731    22735
     249 3    22726    22736    22731
     250 3    22731    22737    22735
     251 3    22731    22736    22737
     252 3    22736    22740    22737
     253 3    22735    22737    22741
     254 3    22737    22743    22741
     255 3    22737    22740    22743
     256 3    22740    22745    22743
     257 3    22741    22743    22746
     258 3    22743    22745    22749
     259 3    22743    22749    22746
     260 3    22745    22751    22749
     261 3    22746    22749    22753
     262 3    22749    22755    22753
     263 3    22749    22751    22755
     264 3    22751    22756    22755
     265 3    22753    22755    22757
     266 3    22755    22758    22757
     267 3    22755    22756    22758
     268 3    22756    22763    22758
     269 3    22757    22758    22764
     270 3    22758    22766    22764
     271 3    22758    22763    22766
     272 3    22764    22766    22770
     273 3    22763    22771    22766
     274 3    22766    22775    22770
     275 3    22766    22771    22775
     276 3    22770    22775    22779
     277 3    22771    22780    22775
     278 3    22775    22781    22779
     279 3    22775    22780    22781
     280 3    22780    22782    22781
     281 3    22779    22781    22783
     282 3    22781    22784    22783
     283 3    22781    22782    22784
     284 3    22782    22788    22784
     285 3    22783    22784    22789
     286 3    22784    22792    22789
     287 3    22784    22788    22792
     288 3    22788    22798    22792
     289 3    22789    22792    22799
     290 3    22792    22801    22799
     291 3    22792    22798    22801
     292 3    22798    22806    22801
     293 3    22799    22801    22807
     294 3    22801    22809    22807
     295 3    22801    22806    22809
     296 3    22807    22809    22812
     297 3    22806    22813    22809
     298 3    22809    22817    22812
     299 3    22809    22813    22817
     300 3    22813    22818    22817
     301 3    22812    22817    22819
     302 3    22817    22823    22819
     303 3    22817    22818    22823
     304 3    22819    22823    22828
     305 3    22818    22829    22823
     306 3    22823    22831    22828
     307 3    22823    22829    22831
     308 3    22828    22831    22835
     309 3    22831    22829    22837
     310 3    22831    22838    22835
     311 3    22831    22837    22838
     312 3    22835    22838    22841
     313 3    22837    22843    22838
     314 3    22838    22844    22841
     315 3    22838    22843    22844
     316 3    22841    22844    22846
     317 3    22843    22847    22844
     318 3    22844    22852    22846
     319 3    22844    22847    22852
     320 3    22846    22852    22853
     321 3    22847    22856    22852
     322 3    22852    22859    22853
     323 3    22852    22856    22859
     324 3    22853    22859    22861
     325 3    22856    22862    22859
     326 3    22859    22864    22861
     327 3    22859    22862    22864
     328 3    22862    22867    22864
     329 3    22861    22864    22868
     330 3    22864    22870    22868
     331 3    22864    22867    22870
     332 3    22867    22873    22870
     333 3    22868    22870    22874
     334 3    22870    22877    22874
     335 3    22870    22873    22877
     336 3    22873    22878    22877
     337 3    22874    22877    22879
     338 3    22877    22878    22882
     339 3    22877    22882    22879
     340 3    22878    22886    22882
     341 3    22879    22882    22888
     342 3    22882    22889    22888
     343 3    22882    22886    22889
     344 3    22886    22891    22889
     345 3    22888    22889    22896
     346 3    22889    22898    22896
     347 3    22889    22891    22898
     348 3    22891    22902    22898
     349 3    22896    22898    22903
     350 3    22898    22904    22903
     351 3    22898    22902    22904
     352 3    22902    22905    22904
     353 3    22903    22904    22908
     354 3    22904    22905    22911
     355 3    22904    22911    22908
     356 3    22905    22913    22911
     357 3    22908    22911    22915
     358 3    22911    22913    22916
     359 3    22911    22916    22915
     360 3    22913    22917    22916
     361 3    22915    22916    22918
     362 3    22916    22920    22918
     363 3    22916    22917    22920
     364 3    22917    22923    22920
     365 3    22918    22920    22924
     366 3    22920    22923    22926
     367 3    22920    22926    22924
     368 3    22923    22927    22926
     369 3    22924    22926    22928
     370 3    22926    22927    22929
     371 3    22926    22929    22928
     372 3    22927    22932    22929
     373 3    22928    22929    22934
     374 3    22929    22932    22936
     375 3    22929    22936    22934
     376 3    22932    22939    22936
     377 3    22934    22936    22940
     378 3    22936    22939    22942
     379 3    22936    22942    22940
     380 3    22939    22943    22942
     381 3    22940    22942    22945
     382 3    22942    22943    22946
     383 3    22942    22946    22945
     384 3    22943    22947    22946
     385 3    22945    22946    22949
     386 3    22946    22947    22952
     387 3    22946    22952    22949
     388 3    22947    22953    22952
     389 3    22949    22952    22955
     390 3    22952    22956    22955
     391 3    22952    22953    22956
     392 3    22953    22958    22956
     393 3    22955    22956    22959
     394 3    22956    22961    22959
     395 3    22956    22958    22961
     396 3    22958    22964    22961
     397 3    22959    22961    22965
     398 3    22961    22964    22967
     399 3    22961    22967    22965
     400 3    22964    22970    22967
     401 3    22965    22967    22971
     402 3    22967    22973    22971
     403 3    22967    22970    22973
     404 3    22970    22976    22973
     405 3    22971    22973    22977
 0                                                                              
 0                                                                              
 2                                                                              
 206                                                                            
     103       0                                                                
   22977
   22971
   22965
   22959
   22955
   22949
   22945
   22940
   22934
   22928
   22924
   22918
   22915
   22908
   22903
   22896
   22888
   22879
   22874
   22868
   22861
   22853
   22846
   22841
   22835
   22828
   22819
   22812
   22807
   22799
   22789
   22783
   22779
   22770
   22764
   22757
   22753
   22746
   22741
   22735
   22727
   22721
   22715
   22710
   22703
   22700
   22691
   22684
   22678
   22672
   22665
   22660
   22655
   22648
   22642
   22634
   22630
   22623
   22617
   22611
   22604
   22600
   22593
   22588
   22582
   22575
   22568
   22564
   22556
   22550
   22541
   22538
   22532
   22527
   22521
   22515
   22502
   22499
   22493
   22487
   22481
   22476
   22472
   22466
   22460
   22457
   22449
   22445
   22439
   22435
   22430
   22423
   22418
   22413
   22410
   22404
   22401
   22396
   22389
   22384
   22379
   22375
   22369
     102       1                                                                
   22374
   22377
   22383
   22387
   22392
   22399
   22403
   22408
   22412
   22416
   22420
   22429
   22434
   22437
   22442
   22448
   22453
   22459
   22465
   22471
   22475
   22480
   22488
   22492
   22498
   22503
   22510
   22520
   22526
   22534
   22539
   22544
   22549
   22557
   22562
   22569
   22573
   22581
   22587
   22591
   22599
   22603
   22609
   22615
   22624
   22628
   22633
   22639
   22647
   22654
   22658
   22664
   22671
   22676
   22681
   22689
   22698
   22702
   22707
   22712
   22720
   22726
   22736
   22740
   22745
   22751
   22756
   22763
   22771
   22780
   22782
   22788
   22798
   22806
   22813
   22818
   22829
   22837
   22843
   22847
   22856
   22862
   22867
   22873
   22878
   22886
   22891
   22902
   22905
   22913
   22917
   22923
   22927
   22932
   22939
   22943
   22947
   22953
   22958
   22964
   22970
   22976
