FileFmt      1050624           0           0
NELG           58641         560         523
      -18770
      -18773
       18996
       19000
      -19004
      -19007
      -19014
      -19020
       19234
       19239
       19242
      -19245
      -19247
      -19260
      -19263
      -19276
      -19278
      -19297
      -19299
       19468
       19472
       19473
       19474
       19485
       19487
      -19501
      -19503
      -19517
      -19519
      -19547
      -19552
      -19582
      -19585
      -19683
       19693
      -19694
       19695
       19699
       19702
       19706
       19707
       19717
       19719
       19739
       19740
       19757
       19758
      -19784
      -19787
      -19831
      -19843
      -19871
      -19889
       19919
       19921
       19924
       19925
       19930
       19931
       19934
       19940
       19944
       19945
      -19948
       19964
       19966
      -19969
       19995
       19998
       20030
       20037
      -20066
      -20079
       20123
       20129
       20134
       20137
       20139
       20140
       20142
       20145
       20146
       20148
       20161
       20170
       20171
       20181
       20193
       20194
      -20219
       20231
       20234
       20263
       20277
       20327
       20342
       20363
       20364
       20368
       20371
       20372
       20373
       20378
       20380
       20382
       20388
       20397
       20403
       20405
       20408
      -20410
       20421
       20427
       20466
       20470
       20505
       20523
       20570
       20571
       20573
       20574
       20575
       20578
       20584
       20586
       20588
       20590
       20599
       20602
       20604
       20618
       20620
       20625
      -20651
       20652
       20657
       20689
       20698
       20735
       20744
       20761
       20764
       20767
       20772
       20773
       20775
       20782
       20783
       20784
       20796
       20800
       20801
       20805
       20820
      -20822
       20823
       20825
       20854
       20860
       20890
       20906
       20940
       20943
       20945
       20947
       20948
       20953
       20955
       20957
       20966
       20970
       20981
       20982
       20988
       20996
       20997
       20999
       21023
       21030
      -21032
       21055
       21062
       21107
       21122
       21135
       21140
       21142
       21147
       21149
       21151
       21161
       21162
       21164
       21168
       21174
       21175
       21184
       21198
       21200
      -21201
       21229
       21234
       21269
       21277
       21322
       21325
       21326
       21327
       21329
       21333
       21334
       21335
       21341
       21348
       21358
       21359
       21366
       21376
       21377
       21391
       21397
      -21409
       21431
       21439
       21471
       21489
       21505
       21506
       21508
       21514
       21515
       21517
       21528
       21530
       21532
       21537
       21542
       21543
       21548
       21555
       21556
      -21560
       21574
       21578
       21619
       21627
       21657
       21659
       21660
       21662
       21663
       21668
       21670
       21671
       21672
       21674
       21680
       21684
       21694
       21697
       21699
       21716
       21721
      -21733
       21741
       21748
       21788
       21800
       21812
       21815
       21817
       21818
       21822
       21823
       21831
       21832
       21834
       21839
       21843
       21844
       21848
       21856
       21857
      -21863
       21878
       21881
       21906
       21919
       21962
       21964
       21965
       21966
       21971
       21973
       21976
       21979
       21981
       21982
       21988
       21991
       21998
       22001
       22005
       22010
       22011
      -22038
       22048
       22051
       22084
       22096
       22111
       22113
       22116
       22123
       22129
       22132
       22135
       22140
       22142
       22147
       22148
       22151
       22153
       22160
       22162
      -22165
       22170
       22171
       22195
       22208
       22251
       22254
       22257
       22259
       22262
       22272
       22274
       22279
       22288
       22290
       22292
       22297
       22299
       22301
       22303
       22308
       22315
       22330
       22336
      -22338
       22364
       22373
       22382
       22386
       22387
       22404
       22410
       22411
       22419
       22421
       22422
       22424
       22427
       22428
       22431
       22435
       22443
       22444
      -22450
       22451
       22465
       22476
       22506
       22509
       22523
       22528
       22533
       22541
       22549
       22556
       22563
       22568
       22571
       22573
       22574
       22575
       22578
       22583
       22585
       22588
       22589
       22609
      -22612
       22615
      -22626
       22632
       22637
       22640
       22645
       22653
       22681
       22690
       22696
       22701
       22703
       22704
       22705
       22707
       22710
       22714
       22719
       22720
       22722
       22724
       22729
       22730
       22732
       22753
       22763
      -22771
       22781
       22786
       22804
       22805
       22809
       22819
       22820
       22824
       22840
       22842
       22848
       22854
       22856
       22858
       22861
       22864
       22868
       22870
       22873
       22876
      -22883
       22888
       22893
       22898
       22899
       22929
       22957
       22958
       22965
       22967
       22971
       22976
       22977
       22988
       22996
       23000
       23004
       23011
       23012
       23013
       23021
       23022
       23023
       23025
       23028
      -23030
       23032
       23036
       23037
       23048
       23069
       23077
       23100
       23103
       23105
       23107
       23116
      -23121
       23123
       23130
       23147
       23164
       23177
       23189
       23194
       23195
       23204
       23211
       23222
       23224
       23225
       23227
       23230
       23234
       23237
       23238
       23239
       23242
       23245
       23247
       23256
      -23275
       23282
       23285
       23297
       23298
       23302
       23304
       23328
      -23331
      -23339
       23342
       23356
       23361
       23364
       23370
       23396
       23439
       23441
       23453
      -23455
       23467
       23506
NNODG          32218         319         295
       -9803
       -9937
       -9940
       -9944
      -10066
       10067
      -10072
      -10076
      -10086
      -10104
       10193
       10197
       10203
      -10216
      -10222
      -10237
      -10255
      -10316
      -10331
       10334
       10337
       10344
       10354
       10366
      -10389
      -10410
      -10431
       10462
      -10463
       10466
       10475
      -10476
       10483
       10490
       10508
       10527
      -10546
       10581
       10587
       10588
       10590
      -10593
       10598
       10610
       10619
      -10623
       10633
       10660
       10680
       10707
       10709
       10713
       10714
       10717
       10721
      -10724
       10731
       10746
       10764
       10784
       10823
       10827
       10828
       10832
       10835
       10842
       10848
       10860
      -10877
       10884
       10897
       10930
       10948
       10949
       10954
       10957
       10959
       10969
       10973
      -10975
       10984
       11004
       11027
       11060
       11061
       11063
       11065
       11069
       11075
       11078
       11088
      -11102
       11103
       11122
       11145
       11156
       11159
       11163
       11168
       11169
       11178
       11180
      -11190
       11191
       11214
       11232
       11258
       11260
       11262
       11266
       11268
       11281
      -11284
       11288
       11303
      -11310
       11320
       11350
       11367
       11372
       11376
       11383
       11384
       11389
       11394
       11403
       11421
       11445
       11467
       11470
       11471
       11475
       11476
       11492
      -11497
       11502
       11508
      -11516
       11530
       11553
       11570
       11572
       11577
       11581
       11583
       11589
       11593
       11597
       11611
       11633
       11648
       11649
       11652
       11655
       11657
       11661
      -11673
       11675
       11686
      -11691
       11698
       11725
       11739
       11741
       11745
       11753
       11754
       11757
       11762
       11764
       11775
       11789
       11823
       11825
       11826
       11829
       11834
       11837
       11845
      -11849
       11852
      -11866
       11872
       11889
       11906
       11910
       11915
       11917
       11919
       11922
       11925
       11928
       11934
       11948
       11980
       11982
       11983
       11993
       11999
       12000
       12005
      -12006
       12009
       12021
      -12026
       12036
       12044
       12049
       12062
       12067
       12068
       12069
       12070
       12071
       12078
       12091
      -12102
      -12110
       12118
       12127
       12128
       12138
       12143
       12148
       12152
       12154
       12155
       12161
       12174
       12175
       12186
       12189
       12209
       12216
       12220
       12221
       12222
       12224
       12227
       12229
       12233
      -12247
      -12256
       12262
       12263
       12275
       12283
       12284
       12294
       12301
       12302
       12304
       12307
       12313
       12315
       12340
       12356
       12360
       12362
       12365
       12378
       12380
       12384
      -12391
       12392
       12395
       12397
      -12399
       12400
       12403
       12419
       12435
       12447
       12449
       12472
       12485
       12489
       12490
       12497
       12502
       12507
       12508
       12510
       12512
       12513
      -12515
       12518
       12523
      -12531
       12535
       12542
      -12559
       12573
      -12589
      -12620
NFLUXF             0
NETA             128          29           0
NSTAE              0           0           0
NSTAV              0           0           0
NSTAM              0           0           0
NSTAC              0           0           0
RES NODE          35         246
                   6          11          12          13          20          21
                  22          23          24          28          30          31
                  33          34          35          36          38          39
                  40          41          43          44          45          47
                  48          49          50          51          52          53
                  54          55          57          58          59          60
                  61          62          63          64          65          66
                  67          68          70          71          72          73
                  74          75          76          77          78          79
                  81          82          83          84          85          86
                  87          88          89          90          91          93
                  94          95          96          97          98          99
                 100         101         102         104         105         106
                 107         108         109         110         111         112
                 114         115         117         118         119         120
                 121         122         123         124         125         126
                 127         128         129         130         131         132
                 133         134         136         137         139         140
                 141         142         143         144         145         146
                 147         148         149         150         151         152
                 153         154         155         156         158         159
                 161         162         163         164         165         166
                 167         168         169         170         171         172
                 173         174         175         176         177         178
                 179         181         183         184         185         186
                 187         188         189         190         191         192
                 193         194         195         196         197         198
                 199         200         201         203         204         206
                 207         208         209         210         211         212
                 213         214         215         216         219         220
                 221         222         223         224         225         226
                 227         228         229         230         231         232
                 233         234         235         236         237         238
                 239         240         241         244         245         246
                 247         248         249         250         251         252
                 253         254         255         256         257         258
                 259         260         261         262         263         265
                 266         267         269         270         271         272
                 273         274         275         276         277         278
                 279         280         281         282         283         284
                 285         287         288         290         291         293
COMM PE            4
RECV PE           33          17
                   1           3           4           7           8           9
                  10          14          15          16          17          18
                  25          26          27          32          37
RECV PE           34          14
                  46          69          92         116         138         160
                 182         205         218         243         268         289
                 292         295
RECV PE           36          12
                  80         103         113         135         157         180
                 202         217         242         264         286         294
RECV PE           37           6
                   2           5          19          29          42          56
SEND PE           33          17
                   6          12          13          21          22          23
                  24          33          34          35          36          38
                  47          48          49          55          60
SEND PE           34          12
                  55          78         102         125         147         169
                 191         213         229         254         273         287
SEND PE           36          12
                  66          90          99         123         145         167
                 187         208         222         246         274         293
SEND PE           37           6
                   6          11          28          40          52          66
