bi_1997_v2.grd                                                                  
     523     295
    9803 -0.766959300000E+02  0.346764300000E+02  0.809000000000E+01
    9937 -0.766971300000E+02  0.346770700000E+02  0.846500000000E+01
    9940 -0.766947300000E+02  0.346771000000E+02  0.722300000000E+01
    9944 -0.766923400000E+02  0.346771400000E+02  0.667200000000E+01
   10066 -0.766983300000E+02  0.346777200000E+02  0.850300000000E+01
   10067 -0.766959200000E+02  0.346777500000E+02  0.745200000000E+01
   10072 -0.766935300000E+02  0.346777700000E+02  0.663600000000E+01
   10076 -0.766911400000E+02  0.346778100000E+02  0.629800000000E+01
   10086 -0.766887600000E+02  0.346778500000E+02  0.574200000000E+01
   10104 -0.766863700000E+02  0.346779100000E+02  0.543000000000E+01
   10193 -0.766971200000E+02  0.346783900000E+02  0.773400000000E+01
   10197 -0.766947200000E+02  0.346784100000E+02  0.667200000000E+01
   10203 -0.766923300000E+02  0.346784400000E+02  0.636100000000E+01
   10216 -0.766899500000E+02  0.346784800000E+02  0.594900000000E+01
   10222 -0.766875700000E+02  0.346785300000E+02  0.552500000000E+01
   10237 -0.766851700000E+02  0.346786000000E+02  0.513400000000E+01
   10255 -0.766827800000E+02  0.346787000000E+02  0.466400000000E+01
   10316 -0.766779500000E+02  0.346790000000E+02  0.360800000000E+01
   10331 -0.766983200000E+02  0.346790500000E+02  0.792400000000E+01
   10334 -0.766959100000E+02  0.346790600000E+02  0.689100000000E+01
   10337 -0.766935200000E+02  0.346790800000E+02  0.629500000000E+01
   10344 -0.766911300000E+02  0.346791100000E+02  0.606300000000E+01
   10354 -0.766887500000E+02  0.346791600000E+02  0.556000000000E+01
   10366 -0.766863700000E+02  0.346792200000E+02  0.530900000000E+01
   10389 -0.766839900000E+02  0.346793100000E+02  0.470600000000E+01
   10410 -0.766815900000E+02  0.346794200000E+02  0.418800000000E+01
   10431 -0.766791800000E+02  0.346795800000E+02  0.367200000000E+01
   10462 -0.766971100000E+02  0.346797100000E+02  0.707300000000E+01
   10463 -0.766995300000E+02  0.346797100000E+02  0.799700000000E+01
   10466 -0.766947000000E+02  0.346797100000E+02  0.622900000000E+01
   10475 -0.766923200000E+02  0.346797400000E+02  0.598000000000E+01
   10476 -0.766767700000E+02  0.346797700000E+02  0.352800000000E+01
   10483 -0.766899400000E+02  0.346797800000E+02  0.566700000000E+01
   10490 -0.766875700000E+02  0.346798400000E+02  0.524400000000E+01
   10508 -0.766851900000E+02  0.346799100000E+02  0.485800000000E+01
   10527 -0.766828000000E+02  0.346800200000E+02  0.444900000000E+01
   10546 -0.766804100000E+02  0.346801600000E+02  0.392300000000E+01
   10581 -0.766780100000E+02  0.346803400000E+02  0.363200000000E+01
   10587 -0.766958900000E+02  0.346803600000E+02  0.616200000000E+01
   10588 -0.766983000000E+02  0.346803700000E+02  0.721700000000E+01
   10590 -0.766935000000E+02  0.346803700000E+02  0.581300000000E+01
   10593 -0.767007400000E+02  0.346804000000E+02  0.792700000000E+01
   10598 -0.766911300000E+02  0.346804000000E+02  0.564200000000E+01
   10610 -0.766887500000E+02  0.346804500000E+02  0.526700000000E+01
   10619 -0.766863800000E+02  0.346805200000E+02  0.493900000000E+01
   10623 -0.766756000000E+02  0.346805600000E+02  0.331200000000E+01
   10633 -0.766840100000E+02  0.346806100000E+02  0.440100000000E+01
   10660 -0.766816300000E+02  0.346807400000E+02  0.405400000000E+01
   10680 -0.766792400000E+02  0.346809000000E+02  0.378400000000E+01
   10707 -0.766970800000E+02  0.346810100000E+02  0.634100000000E+01
   10709 -0.766946900000E+02  0.346810100000E+02  0.563100000000E+01
   10713 -0.766994900000E+02  0.346810400000E+02  0.735500000000E+01
   10714 -0.766923100000E+02  0.346810300000E+02  0.557800000000E+01
   10717 -0.766899400000E+02  0.346810700000E+02  0.551400000000E+01
   10721 -0.766768500000E+02  0.346811100000E+02  0.362000000000E+01
   10724 -0.767019600000E+02  0.346811100000E+02  0.778000000000E+01
   10731 -0.766875700000E+02  0.346811300000E+02  0.487900000000E+01
   10746 -0.766852000000E+02  0.346812100000E+02  0.454000000000E+01
   10764 -0.766828300000E+02  0.346813200000E+02  0.419400000000E+01
   10784 -0.766804600000E+02  0.346814700000E+02  0.398400000000E+01
   10823 -0.766780900000E+02  0.346816600000E+02  0.387000000000E+01
   10827 -0.766958800000E+02  0.346816600000E+02  0.562800000000E+01
   10828 -0.766935000000E+02  0.346816600000E+02  0.549600000000E+01
   10832 -0.766982700000E+02  0.346816700000E+02  0.664700000000E+01
   10835 -0.766911200000E+02  0.346816900000E+02  0.541400000000E+01
   10842 -0.767006800000E+02  0.346817400000E+02  0.738700000000E+01
   10848 -0.766887600000E+02  0.346817400000E+02  0.519000000000E+01
   10860 -0.766863900000E+02  0.346818100000E+02  0.479500000000E+01
   10877 -0.766757000000E+02  0.346818900000E+02  0.321200000000E+01
   10884 -0.766840300000E+02  0.346819000000E+02  0.418200000000E+01
   10897 -0.766816600000E+02  0.346820300000E+02  0.404500000000E+01
   10930 -0.766793100000E+02  0.346822100000E+02  0.380300000000E+01
   10948 -0.766946800000E+02  0.346823000000E+02  0.528000000000E+01
   10949 -0.766970600000E+02  0.346823000000E+02  0.599600000000E+01
   10954 -0.766923100000E+02  0.346823200000E+02  0.533200000000E+01
   10957 -0.766994500000E+02  0.346823500000E+02  0.685800000000E+01
   10959 -0.766899400000E+02  0.346823500000E+02  0.509400000000E+01
   10969 -0.766769300000E+02  0.346824200000E+02  0.366900000000E+01
   10973 -0.766875800000E+02  0.346824100000E+02  0.477600000000E+01
   10975 -0.767018600000E+02  0.346824600000E+02  0.722500000000E+01
   10984 -0.766852200000E+02  0.346824900000E+02  0.439700000000E+01
   11004 -0.766828600000E+02  0.346826000000E+02  0.408000000000E+01
   11027 -0.766805100000E+02  0.346827500000E+02  0.408700000000E+01
   11060 -0.766781500000E+02  0.346829500000E+02  0.344300000000E+01
   11061 -0.766958500000E+02  0.346829400000E+02  0.542300000000E+01
   11063 -0.766934900000E+02  0.346829400000E+02  0.531200000000E+01
   11065 -0.766982300000E+02  0.346829600000E+02  0.626600000000E+01
   11069 -0.766911200000E+02  0.346829700000E+02  0.492300000000E+01
   11075 -0.766887600000E+02  0.346830100000E+02  0.478200000000E+01
   11078 -0.767006100000E+02  0.346830400000E+02  0.682700000000E+01
   11088 -0.766864000000E+02  0.346830800000E+02  0.437700000000E+01
   11102 -0.766758000000E+02  0.346832000000E+02  0.259500000000E+01
   11103 -0.766840500000E+02  0.346831800000E+02  0.415600000000E+01
   11122 -0.766817100000E+02  0.346833100000E+02  0.405000000000E+01
   11145 -0.766793700000E+02  0.346834900000E+02  0.406800000000E+01
   11156 -0.766946600000E+02  0.346835700000E+02  0.520100000000E+01
   11159 -0.766970300000E+02  0.346835800000E+02  0.550300000000E+01
   11163 -0.766923000000E+02  0.346835900000E+02  0.490500000000E+01
   11168 -0.766993900000E+02  0.346836400000E+02  0.639100000000E+01
   11169 -0.766899400000E+02  0.346836200000E+02  0.473300000000E+01
   11178 -0.766875800000E+02  0.346836800000E+02  0.432300000000E+01
   11180 -0.766770200000E+02  0.346837200000E+02  0.300900000000E+01
   11190 -0.767017400000E+02  0.346837700000E+02  0.669000000000E+01
   11191 -0.766852300000E+02  0.346837600000E+02  0.412900000000E+01
   11214 -0.766829000000E+02  0.346838700000E+02  0.403200000000E+01
   11232 -0.766805600000E+02  0.346840300000E+02  0.395400000000E+01
   11258 -0.766958400000E+02  0.346842000000E+02  0.508300000000E+01
   11260 -0.766782400000E+02  0.346842300000E+02  0.335100000000E+01
   11262 -0.766934800000E+02  0.346842100000E+02  0.493400000000E+01
   11266 -0.766982000000E+02  0.346842400000E+02  0.577300000000E+01
   11268 -0.766911200000E+02  0.346842300000E+02  0.466600000000E+01
   11281 -0.766887600000E+02  0.346842800000E+02  0.437000000000E+01
   11284 -0.767005400000E+02  0.346843200000E+02  0.629200000000E+01
   11288 -0.766864200000E+02  0.346843400000E+02  0.401500000000E+01
   11303 -0.766840700000E+02  0.346844400000E+02  0.405900000000E+01
   11310 -0.766759000000E+02  0.346844900000E+02  0.213000000000E+01
   11320 -0.766817600000E+02  0.346845700000E+02  0.388700000000E+01
   11350 -0.766794400000E+02  0.346847500000E+02  0.406400000000E+01
   11367 -0.766946600000E+02  0.346848300000E+02  0.483500000000E+01
   11372 -0.766970100000E+02  0.346848500000E+02  0.497200000000E+01
   11376 -0.766923000000E+02  0.346848500000E+02  0.458600000000E+01
   11383 -0.766899300000E+02  0.346848800000E+02  0.470800000000E+01
   11384 -0.766993500000E+02  0.346849000000E+02  0.576500000000E+01
   11389 -0.766875800000E+02  0.346849300000E+02  0.395800000000E+01
   11394 -0.766771200000E+02  0.346849900000E+02  0.253800000000E+01
   11403 -0.766852500000E+02  0.346850100000E+02  0.398700000000E+01
   11421 -0.766829300000E+02  0.346851200000E+02  0.383700000000E+01
   11445 -0.766806200000E+02  0.346852800000E+02  0.346300000000E+01
   11467 -0.766958200000E+02  0.346854600000E+02  0.461800000000E+01
   11470 -0.766783100000E+02  0.346854900000E+02  0.341400000000E+01
   11471 -0.766934700000E+02  0.346854600000E+02  0.450500000000E+01
   11475 -0.766981600000E+02  0.346855000000E+02  0.532800000000E+01
   11476 -0.766911200000E+02  0.346854900000E+02  0.466000000000E+01
   11492 -0.766887600000E+02  0.346855300000E+02  0.437200000000E+01
   11497 -0.767004900000E+02  0.346855700000E+02  0.574600000000E+01
   11502 -0.766864200000E+02  0.346855900000E+02  0.440800000000E+01
   11508 -0.766841000000E+02  0.346856800000E+02  0.381100000000E+01
   11516 -0.766760100000E+02  0.346857600000E+02  0.185400000000E+01
   11530 -0.766817900000E+02  0.346858100000E+02  0.324500000000E+01
   11553 -0.766795000000E+02  0.346860000000E+02  0.362900000000E+01
   11570 -0.766946500000E+02  0.346860800000E+02  0.439600000000E+01
   11572 -0.766969800000E+02  0.346860900000E+02  0.481600000000E+01
   11577 -0.766922900000E+02  0.346861000000E+02  0.455300000000E+01
   11581 -0.766899300000E+02  0.346861300000E+02  0.439700000000E+01
   11583 -0.766993100000E+02  0.346861500000E+02  0.532700000000E+01
   11589 -0.766875900000E+02  0.346861800000E+02  0.430100000000E+01
   11593 -0.766772100000E+02  0.346862400000E+02  0.264400000000E+01
   11597 -0.766852600000E+02  0.346862500000E+02  0.413300000000E+01
   11611 -0.766829600000E+02  0.346863500000E+02  0.350100000000E+01
   11633 -0.766806700000E+02  0.346865100000E+02  0.318800000000E+01
   11648 -0.766958100000E+02  0.346867000000E+02  0.463000000000E+01
   11649 -0.766784000000E+02  0.346867300000E+02  0.324100000000E+01
   11652 -0.766934700000E+02  0.346867100000E+02  0.445500000000E+01
   11655 -0.766981300000E+02  0.346867300000E+02  0.476500000000E+01
   11657 -0.766911100000E+02  0.346867400000E+02  0.426000000000E+01
   11661 -0.766887600000E+02  0.346867700000E+02  0.418300000000E+01
   11673 -0.767004700000E+02  0.346868300000E+02  0.540400000000E+01
   11675 -0.766864200000E+02  0.346868200000E+02  0.424100000000E+01
   11686 -0.766841100000E+02  0.346869000000E+02  0.353000000000E+01
   11691 -0.766761200000E+02  0.346870000000E+02  0.233700000000E+01
   11698 -0.766818300000E+02  0.346870300000E+02  0.293600000000E+01
   11725 -0.766795700000E+02  0.346872300000E+02  0.319500000000E+01
   11739 -0.766969600000E+02  0.346873200000E+02  0.443400000000E+01
   11741 -0.766946400000E+02  0.346873200000E+02  0.442300000000E+01
   11745 -0.766922900000E+02  0.346873400000E+02  0.409400000000E+01
   11753 -0.766899300000E+02  0.346873700000E+02  0.391400000000E+01
   11754 -0.766992600000E+02  0.346873900000E+02  0.500300000000E+01
   11757 -0.766875800000E+02  0.346874100000E+02  0.401400000000E+01
   11762 -0.766773100000E+02  0.346874800000E+02  0.259300000000E+01
   11764 -0.766852600000E+02  0.346874700000E+02  0.370800000000E+01
   11775 -0.766829800000E+02  0.346875600000E+02  0.312200000000E+01
   11789 -0.766807300000E+02  0.346877300000E+02  0.290200000000E+01
   11823 -0.766958100000E+02  0.346879200000E+02  0.434700000000E+01
   11825 -0.766784700000E+02  0.346879500000E+02  0.306000000000E+01
   11826 -0.766980900000E+02  0.346879500000E+02  0.460700000000E+01
   11829 -0.766934700000E+02  0.346879500000E+02  0.396200000000E+01
   11834 -0.766911100000E+02  0.346879800000E+02  0.359900000000E+01
   11837 -0.766887500000E+02  0.346880100000E+02  0.366200000000E+01
   11845 -0.766864200000E+02  0.346880500000E+02  0.372400000000E+01
   11849 -0.767003900000E+02  0.346881000000E+02  0.498100000000E+01
   11852 -0.766841200000E+02  0.346881100000E+02  0.318100000000E+01
   11866 -0.766762300000E+02  0.346882400000E+02  0.237200000000E+01
   11872 -0.766818700000E+02  0.346882300000E+02  0.284900000000E+01
   11889 -0.766796300000E+02  0.346884300000E+02  0.254600000000E+01
   11906 -0.766969500000E+02  0.346885100000E+02  0.418500000000E+01
   11910 -0.766946600000E+02  0.346885400000E+02  0.388100000000E+01
   11915 -0.766991900000E+02  0.346886000000E+02  0.457800000000E+01
   11917 -0.766923000000E+02  0.346885900000E+02  0.341100000000E+01
   11919 -0.766899300000E+02  0.346886100000E+02  0.322100000000E+01
   11922 -0.766875700000E+02  0.346886400000E+02  0.357200000000E+01
   11925 -0.766774000000E+02  0.346887000000E+02  0.266700000000E+01
   11928 -0.766852500000E+02  0.346886800000E+02  0.306500000000E+01
   11934 -0.766829900000E+02  0.346887600000E+02  0.233500000000E+01
   11948 -0.766807700000E+02  0.346889100000E+02  0.235500000000E+01
   11980 -0.766980500000E+02  0.346891100000E+02  0.409600000000E+01
   11982 -0.766958200000E+02  0.346891200000E+02  0.392100000000E+01
   11983 -0.766785600000E+02  0.346891600000E+02  0.277300000000E+01
   11993 -0.766935000000E+02  0.346891900000E+02  0.333400000000E+01
   11999 -0.766911100000E+02  0.346892200000E+02  0.281600000000E+01
   12000 -0.766887300000E+02  0.346892400000E+02  0.223400000000E+01
   12005 -0.766863900000E+02  0.346892700000E+02  0.290200000000E+01
   12006 -0.767002400000E+02  0.346893200000E+02  0.433400000000E+01
   12009 -0.766841000000E+02  0.346893000000E+02  0.264500000000E+01
   12021 -0.766818800000E+02  0.346894000000E+02  0.570000000000E+00
   12026 -0.766763500000E+02  0.346894500000E+02  0.227700000000E+01
   12036 -0.766797000000E+02  0.346896100000E+02  0.186400000000E+01
   12044 -0.766969600000E+02  0.346896700000E+02  0.376000000000E+01
   12049 -0.766990800000E+02  0.346897300000E+02  0.394700000000E+01
   12062 -0.766946900000E+02  0.346897600000E+02  0.329100000000E+01
   12067 -0.766923100000E+02  0.346898400000E+02  0.232500000000E+01
   12068 -0.766899000000E+02  0.346898500000E+02  0.183700000000E+01
   12069 -0.766875500000E+02  0.346898600000E+02  0.187900000000E+01
   12070 -0.766775000000E+02  0.346899000000E+02  0.280800000000E+01
   12071 -0.766852100000E+02  0.346898900000E+02  0.208900000000E+01
   12078 -0.766829800000E+02  0.346899200000E+02  0.212800000000E+01
   12091 -0.766808200000E+02  0.346900600000E+02  0.964000000000E+00
   12102 -0.767012700000E+02  0.346901600000E+02  0.405300000000E+01
   12110 -0.766753200000E+02  0.346902100000E+02  0.302100000000E+01
   12118 -0.766980400000E+02  0.346902000000E+02  0.339700000000E+01
   12127 -0.766958800000E+02  0.346903000000E+02  0.306200000000E+01
   12128 -0.766786500000E+02  0.346903300000E+02  0.204200000000E+01
   12138 -0.767000000000E+02  0.346904800000E+02  0.366400000000E+01
   12143 -0.766935300000E+02  0.346904400000E+02  0.219900000000E+01
   12148 -0.766840400000E+02  0.346904800000E+02  0.164200000000E+01
   12152 -0.766887100000E+02  0.346904600000E+02  0.276100000000E+01
   12154 -0.766863500000E+02  0.346904900000E+02  0.129900000000E+01
   12155 -0.766910900000E+02  0.346904800000E+02  0.154500000000E+01
   12161 -0.766818900000E+02  0.346905300000E+02  0.244300000000E+01
   12174 -0.766764500000E+02  0.346906500000E+02  0.272300000000E+01
   12175 -0.766989600000E+02  0.346906600000E+02  0.327900000000E+01
   12186 -0.766797900000E+02  0.346907400000E+02  0.171400000000E+01
   12189 -0.766970300000E+02  0.346907900000E+02  0.285400000000E+01
   12209 -0.766947600000E+02  0.346909900000E+02  0.216700000000E+01
   12216 -0.766829200000E+02  0.346910400000E+02  0.183900000000E+01
   12220 -0.766775900000E+02  0.346911100000E+02  0.306100000000E+01
   12221 -0.766898700000E+02  0.346910700000E+02  0.154200000000E+01
   12222 -0.766875100000E+02  0.346910800000E+02  0.290100000000E+01
   12224 -0.766851300000E+02  0.346911100000E+02  0.218300000000E+01
   12227 -0.766923200000E+02  0.346911200000E+02  0.226900000000E+01
   12229 -0.766808700000E+02  0.346911500000E+02  0.258200000000E+01
   12233 -0.766981700000E+02  0.346912500000E+02  0.263400000000E+01
   12247 -0.767009400000E+02  0.346913500000E+02  0.321800000000E+01
   12256 -0.766754500000E+02  0.346914000000E+02  0.421600000000E+01
   12262 -0.766959800000E+02  0.346914500000E+02  0.179100000000E+01
   12263 -0.766787600000E+02  0.346914900000E+02  0.251100000000E+01
   12275 -0.766995000000E+02  0.346916400000E+02  0.248300000000E+01
   12283 -0.766839200000E+02  0.346916300000E+02  0.281900000000E+01
   12284 -0.766818800000E+02  0.346915900000E+02  0.177500000000E+01
   12294 -0.766886600000E+02  0.346917000000E+02  0.162900000000E+01
   12301 -0.766936000000E+02  0.346917600000E+02  0.100500000000E+01
   12302 -0.766863000000E+02  0.346917600000E+02  0.243400000000E+01
   12304 -0.766799100000E+02  0.346918000000E+02  0.319900000000E+01
   12307 -0.766910600000E+02  0.346917700000E+02  0.187000000000E+01
   12313 -0.766765300000E+02  0.346918500000E+02  0.289600000000E+01
   12315 -0.766971500000E+02  0.346918600000E+02  0.132800000000E+01
   12340 -0.766828100000E+02  0.346921200000E+02  0.205100000000E+01
   12356 -0.766809200000E+02  0.346922000000E+02  0.389800000000E+01
   12360 -0.766949100000E+02  0.346922500000E+02  0.121600000000E+01
   12362 -0.766898100000E+02  0.346922000000E+02  0.142000000000E+01
   12365 -0.766874800000E+02  0.346921900000E+02  0.104900000000E+01
   12378 -0.766849600000E+02  0.346924300000E+02  0.187000000000E+01
   12380 -0.766983000000E+02  0.346923500000E+02  0.124700000000E+01
   12384 -0.766776500000E+02  0.346924200000E+02  0.264500000000E+01
   12391 -0.767006800000E+02  0.346924700000E+02  0.158400000000E+01
   12392 -0.766923300000E+02  0.346924300000E+02  0.788000000000E+00
   12395 -0.766790200000E+02  0.346925500000E+02  0.328600000000E+01
   12397 -0.766961600000E+02  0.346925300000E+02  0.899000000000E+00
   12399 -0.766755500000E+02  0.346925400000E+02  0.491700000000E+01
   12400 -0.766836800000E+02  0.346925700000E+02  0.171800000000E+01
   12403 -0.766818300000E+02  0.346925300000E+02  0.181200000000E+01
   12419 -0.766800800000E+02  0.346926800000E+02  0.239500000000E+01
   12435 -0.766972700000E+02  0.346927600000E+02  0.998000000000E+00
   12447 -0.766764800000E+02  0.346929600000E+02  0.221400000000E+01
   12449 -0.766994900000E+02  0.346929200000E+02  0.133600000000E+01
   12472 -0.766885800000E+02  0.346931600000E+02  0.709000000000E+00
   12485 -0.766863700000E+02  0.346932600000E+02  0.115000000000E+01
   12489 -0.766909000000E+02  0.346933100000E+02  0.811000000000E+00
   12490 -0.766826100000E+02  0.346933500000E+02  0.738000000000E+00
   12497 -0.766840900000E+02  0.346933300000E+02  0.850000000000E+00
   12502 -0.766937800000E+02  0.346933400000E+02  0.660000000000E+00
   12507 -0.766965200000E+02  0.346934100000E+02  0.791000000000E+00
   12508 -0.766809600000E+02  0.346934000000E+02  0.666000000000E+00
   12510 -0.766796100000E+02  0.346934600000E+02  0.555000000000E+00
   12512 -0.766781000000E+02  0.346934600000E+02  0.555000000000E+00
   12513 -0.766951400000E+02  0.346934300000E+02  0.870000000000E+00
   12515 -0.767005200000E+02  0.346933800000E+02  0.118500000000E+01
   12518 -0.766770500000E+02  0.346935100000E+02  0.753000000000E+00
   12523 -0.766852000000E+02  0.346933700000E+02  0.970000000000E+00
   12531 -0.766757000000E+02  0.346936000000E+02  0.207400000000E+01
   12535 -0.766923100000E+02  0.346932900000E+02  0.674000000000E+00
   12542 -0.766982000000E+02  0.346936800000E+02  0.102100000000E+01
   12559 -0.766764300000E+02  0.346938300000E+02  0.954000000000E+00
   12573 -0.766997200000E+02  0.346940100000E+02  0.987000000000E+00
   12589 -0.767010700000E+02  0.346941900000E+02  0.975000000000E+00
   12620 -0.766768900000E+02  0.346944800000E+02  0.724000000000E+00
       1 3     9803     9940    10067
       2 3     9803    10067     9937
       3 3     9937    10067    10193
       4 3     9937    10193    10066
       5 3     9940    10072    10197
       6 3     9940    10197    10067
       7 3     9944    10076    10203
       8 3     9944    10203    10072
       9 3    10066    10193    10331
      10 3    10067    10197    10334
      11 3    10067    10334    10193
      12 3    10072    10203    10337
      13 3    10072    10337    10197
      14 3    10076    10216    10344
      15 3    10076    10344    10203
      16 3    10086    10222    10354
      17 3    10086    10354    10216
      18 3    10104    10366    10222
      19 3    10104    10237    10366
      20 3    10193    10334    10462
      21 3    10197    10337    10466
      22 3    10193    10462    10331
      23 3    10197    10466    10334
      24 3    10203    10344    10475
      25 3    10203    10475    10337
      26 3    10216    10354    10483
      27 3    10216    10483    10344
      28 3    10222    10490    10354
      29 3    10222    10366    10490
      30 3    10237    10508    10366
      31 3    10237    10389    10508
      32 3    10255    10527    10389
      33 3    10255    10410    10527
      34 3    10316    10581    10431
      35 3    10334    10466    10587
      36 3    10316    10476    10581
      37 3    10331    10462    10588
      38 3    10334    10587    10462
      39 3    10337    10475    10590
      40 3    10331    10588    10463
      41 3    10337    10590    10466
      42 3    10344    10483    10598
      43 3    10344    10598    10475
      44 3    10354    10490    10610
      45 3    10354    10610    10483
      46 3    10366    10619    10490
      47 3    10366    10508    10619
      48 3    10389    10633    10508
      49 3    10389    10527    10633
      50 3    10410    10660    10527
      51 3    10410    10546    10660
      52 3    10431    10680    10546
      53 3    10431    10581    10680
      54 3    10462    10587    10707
      55 3    10466    10590    10709
      56 3    10466    10709    10587
      57 3    10462    10707    10588
      58 3    10463    10588    10713
      59 3    10475    10598    10714
      60 3    10475    10714    10590
      61 3    10463    10713    10593
      62 3    10483    10610    10717
      63 3    10483    10717    10598
      64 3    10476    10721    10581
      65 3    10490    10731    10610
      66 3    10490    10619    10731
      67 3    10476    10623    10721
      68 3    10508    10746    10619
      69 3    10508    10633    10746
      70 3    10527    10764    10633
      71 3    10527    10660    10764
      72 3    10546    10784    10660
      73 3    10546    10680    10784
      74 3    10581    10823    10680
      75 3    10587    10709    10827
      76 3    10590    10714    10828
      77 3    10587    10827    10707
      78 3    10588    10707    10832
      79 3    10590    10828    10709
      80 3    10581    10721    10823
      81 3    10588    10832    10713
      82 3    10598    10717    10835
      83 3    10598    10835    10714
      84 3    10593    10713    10842
      85 3    10610    10848    10717
      86 3    10610    10731    10848
      87 3    10593    10842    10724
      88 3    10619    10860    10731
      89 3    10619    10746    10860
      90 3    10623    10877    10721
      91 3    10633    10884    10746
      92 3    10633    10764    10884
      93 3    10660    10897    10764
      94 3    10660    10784    10897
      95 3    10680    10930    10784
      96 3    10680    10823    10930
      97 3    10709    10828    10948
      98 3    10707    10827    10949
      99 3    10709    10948    10827
     100 3    10714    10835    10954
     101 3    10707    10949    10832
     102 3    10714    10954    10828
     103 3    10713    10832    10957
     104 3    10717    10848    10959
     105 3    10717    10959    10835
     106 3    10713    10957    10842
     107 3    10721    10969    10823
     108 3    10731    10973    10848
     109 3    10731    10860    10973
     110 3    10724    10842    10975
     111 3    10721    10877    10969
     112 3    10746    10984    10860
     113 3    10746    10884    10984
     114 3    10764    11004    10884
     115 3    10764    10897    11004
     116 3    10784    11027    10897
     117 3    10784    10930    11027
     118 3    10823    11060    10930
     119 3    10827    10948    11061
     120 3    10828    10954    11063
     121 3    10827    11061    10949
     122 3    10828    11063    10948
     123 3    10832    10949    11065
     124 3    10835    10959    11069
     125 3    10835    11069    10954
     126 3    10823    10969    11060
     127 3    10832    11065    10957
     128 3    10848    11075    10959
     129 3    10848    10973    11075
     130 3    10842    10957    11078
     131 3    10842    11078    10975
     132 3    10860    11088    10973
     133 3    10860    10984    11088
     134 3    10877    11102    10969
     135 3    10884    11103    10984
     136 3    10884    11004    11103
     137 3    10897    11122    11004
     138 3    10897    11027    11122
     139 3    10930    11145    11027
     140 3    10930    11060    11145
     141 3    10948    11063    11156
     142 3    10949    11061    11159
     143 3    10948    11156    11061
     144 3    10954    11069    11163
     145 3    10954    11163    11063
     146 3    10949    11159    11065
     147 3    10957    11065    11168
     148 3    10959    11075    11169
     149 3    10959    11169    11069
     150 3    10957    11168    11078
     151 3    10973    11178    11075
     152 3    10973    11088    11178
     153 3    10969    11180    11060
     154 3    10975    11078    11190
     155 3    10969    11102    11180
     156 3    10984    11191    11088
     157 3    10984    11103    11191
     158 3    11004    11214    11103
     159 3    11004    11122    11214
     160 3    11027    11232    11122
     161 3    11027    11145    11232
     162 3    11061    11156    11258
     163 3    11060    11260    11145
     164 3    11063    11163    11262
     165 3    11063    11262    11156
     166 3    11061    11258    11159
     167 3    11065    11159    11266
     168 3    11069    11169    11268
     169 3    11069    11268    11163
     170 3    11065    11266    11168
     171 3    11060    11180    11260
     172 3    11075    11281    11169
     173 3    11075    11178    11281
     174 3    11078    11168    11284
     175 3    11088    11288    11178
     176 3    11078    11284    11190
     177 3    11088    11191    11288
     178 3    11103    11303    11191
     179 3    11103    11214    11303
     180 3    11102    11310    11180
     181 3    11122    11320    11214
     182 3    11122    11232    11320
     183 3    11145    11350    11232
     184 3    11145    11260    11350
     185 3    11156    11262    11367
     186 3    11156    11367    11258
     187 3    11159    11258    11372
     188 3    11163    11268    11376
     189 3    11163    11376    11262
     190 3    11159    11372    11266
     191 3    11169    11281    11383
     192 3    11169    11383    11268
     193 3    11168    11266    11384
     194 3    11168    11384    11284
     195 3    11178    11389    11281
     196 3    11178    11288    11389
     197 3    11180    11394    11260
     198 3    11191    11403    11288
     199 3    11191    11303    11403
     200 3    11180    11310    11394
     201 3    11214    11421    11303
     202 3    11214    11320    11421
     203 3    11232    11445    11320
     204 3    11232    11350    11445
     205 3    11258    11367    11467
     206 3    11260    11470    11350
     207 3    11262    11376    11471
     208 3    11258    11467    11372
     209 3    11262    11471    11367
     210 3    11266    11372    11475
     211 3    11268    11383    11476
     212 3    11268    11476    11376
     213 3    11266    11475    11384
     214 3    11260    11394    11470
     215 3    11281    11389    11492
     216 3    11281    11492    11383
     217 3    11284    11384    11497
     218 3    11288    11502    11389
     219 3    11288    11403    11502
     220 3    11303    11508    11403
     221 3    11303    11421    11508
     222 3    11310    11516    11394
     223 3    11320    11530    11421
     224 3    11320    11445    11530
     225 3    11350    11553    11445
     226 3    11350    11470    11553
     227 3    11367    11471    11570
     228 3    11367    11570    11467
     229 3    11372    11467    11572
     230 3    11372    11572    11475
     231 3    11376    11476    11577
     232 3    11376    11577    11471
     233 3    11383    11492    11581
     234 3    11383    11581    11476
     235 3    11384    11475    11583
     236 3    11384    11583    11497
     237 3    11389    11502    11589
     238 3    11389    11589    11492
     239 3    11394    11593    11470
     240 3    11403    11597    11502
     241 3    11403    11508    11597
     242 3    11394    11516    11593
     243 3    11421    11611    11508
     244 3    11421    11530    11611
     245 3    11445    11633    11530
     246 3    11445    11553    11633
     247 3    11467    11570    11648
     248 3    11470    11649    11553
     249 3    11467    11648    11572
     250 3    11471    11652    11570
     251 3    11471    11577    11652
     252 3    11475    11572    11655
     253 3    11476    11581    11657
     254 3    11476    11657    11577
     255 3    11475    11655    11583
     256 3    11470    11593    11649
     257 3    11492    11589    11661
     258 3    11492    11661    11581
     259 3    11497    11583    11673
     260 3    11502    11597    11675
     261 3    11502    11675    11589
     262 3    11508    11686    11597
     263 3    11508    11611    11686
     264 3    11516    11691    11593
     265 3    11530    11698    11611
     266 3    11530    11633    11698
     267 3    11553    11725    11633
     268 3    11553    11649    11725
     269 3    11572    11648    11739
     270 3    11570    11741    11648
     271 3    11570    11652    11741
     272 3    11572    11739    11655
     273 3    11577    11745    11652
     274 3    11577    11657    11745
     275 3    11581    11661    11753
     276 3    11583    11655    11754
     277 3    11581    11753    11657
     278 3    11589    11675    11757
     279 3    11583    11754    11673
     280 3    11589    11757    11661
     281 3    11593    11762    11649
     282 3    11597    11686    11764
     283 3    11597    11764    11675
     284 3    11593    11691    11762
     285 3    11611    11775    11686
     286 3    11611    11698    11775
     287 3    11633    11789    11698
     288 3    11633    11725    11789
     289 3    11648    11823    11739
     290 3    11649    11825    11725
     291 3    11648    11741    11823
     292 3    11655    11739    11826
     293 3    11652    11829    11741
     294 3    11652    11745    11829
     295 3    11655    11826    11754
     296 3    11649    11762    11825
     297 3    11657    11753    11834
     298 3    11657    11834    11745
     299 3    11661    11757    11837
     300 3    11661    11837    11753
     301 3    11675    11764    11845
     302 3    11675    11845    11757
     303 3    11673    11754    11849
     304 3    11686    11775    11852
     305 3    11686    11852    11764
     306 3    11691    11866    11762
     307 3    11698    11872    11775
     308 3    11698    11789    11872
     309 3    11725    11889    11789
     310 3    11725    11825    11889
     311 3    11739    11823    11906
     312 3    11739    11906    11826
     313 3    11741    11910    11823
     314 3    11741    11829    11910
     315 3    11754    11826    11915
     316 3    11745    11917    11829
     317 3    11745    11834    11917
     318 3    11753    11837    11919
     319 3    11753    11919    11834
     320 3    11757    11845    11922
     321 3    11754    11915    11849
     322 3    11757    11922    11837
     323 3    11762    11925    11825
     324 3    11764    11852    11928
     325 3    11764    11928    11845
     326 3    11762    11866    11925
     327 3    11775    11934    11852
     328 3    11775    11872    11934
     329 3    11789    11948    11872
     330 3    11789    11889    11948
     331 3    11826    11906    11980
     332 3    11823    11982    11906
     333 3    11825    11983    11889
     334 3    11826    11980    11915
     335 3    11823    11910    11982
     336 3    11825    11925    11983
     337 3    11829    11993    11910
     338 3    11829    11917    11993
     339 3    11834    11919    11999
     340 3    11834    11999    11917
     341 3    11837    11922    12000
     342 3    11837    12000    11919
     343 3    11845    11928    12005
     344 3    11849    11915    12006
     345 3    11845    12005    11922
     346 3    11852    11934    12009
     347 3    11852    12009    11928
     348 3    11872    12021    11934
     349 3    11872    11948    12021
     350 3    11866    12026    11925
     351 3    11889    12036    11948
     352 3    11889    11983    12036
     353 3    11906    12044    11980
     354 3    11906    11982    12044
     355 3    11915    11980    12049
     356 3    11910    12062    11982
     357 3    11915    12049    12006
     358 3    11910    11993    12062
     359 3    11917    12067    11993
     360 3    11919    12000    12068
     361 3    11917    11999    12067
     362 3    11922    12005    12069
     363 3    11925    12070    11983
     364 3    11919    12068    11999
     365 3    11928    12009    12071
     366 3    11922    12069    12000
     367 3    11934    12021    12078
     368 3    11928    12071    12005
     369 3    11925    12026    12070
     370 3    11934    12078    12009
     371 3    11948    12091    12021
     372 3    11948    12036    12091
     373 3    11980    12118    12049
     374 3    11980    12044    12118
     375 3    11982    12127    12044
     376 3    11983    12128    12036
     377 3    11982    12062    12127
     378 3    11983    12070    12128
     379 3    12006    12049    12138
     380 3    11993    12143    12062
     381 3    12009    12078    12148
     382 3    12000    12069    12152
     383 3    11993    12067    12143
     384 3    12005    12071    12154
     385 3    11999    12068    12155
     386 3    12000    12152    12068
     387 3    11999    12155    12067
     388 3    12009    12148    12071
     389 3    12005    12154    12069
     390 3    12021    12161    12078
     391 3    12021    12091    12161
     392 3    12006    12138    12102
     393 3    12026    12174    12070
     394 3    12049    12118    12175
     395 3    12026    12110    12174
     396 3    12036    12186    12091
     397 3    12049    12175    12138
     398 3    12044    12189    12118
     399 3    12036    12128    12186
     400 3    12044    12127    12189
     401 3    12062    12209    12127
     402 3    12078    12161    12216
     403 3    12062    12143    12209
     404 3    12078    12216    12148
     405 3    12070    12220    12128
     406 3    12068    12152    12221
     407 3    12069    12154    12222
     408 3    12071    12148    12224
     409 3    12069    12222    12152
     410 3    12068    12221    12155
     411 3    12067    12227    12143
     412 3    12070    12174    12220
     413 3    12091    12229    12161
     414 3    12067    12155    12227
     415 3    12071    12224    12154
     416 3    12118    12233    12175
     417 3    12091    12186    12229
     418 3    12102    12138    12247
     419 3    12118    12189    12233
     420 3    12110    12256    12174
     421 3    12127    12262    12189
     422 3    12128    12263    12186
     423 3    12175    12275    12138
     424 3    12127    12209    12262
     425 3    12128    12220    12263
     426 3    12148    12216    12283
     427 3    12161    12229    12284
     428 3    12161    12284    12216
     429 3    12152    12222    12294
     430 3    12148    12283    12224
     431 3    12152    12294    12221
     432 3    12143    12301    12209
     433 3    12154    12224    12302
     434 3    12186    12304    12229
     435 3    12155    12221    12307
     436 3    12154    12302    12222
     437 3    12155    12307    12227
     438 3    12143    12227    12301
     439 3    12174    12313    12220
     440 3    12189    12315    12233
     441 3    12174    12256    12313
     442 3    12186    12263    12304
     443 3    12138    12275    12247
     444 3    12189    12262    12315
     445 3    12175    12233    12275
     446 3    12216    12284    12340
     447 3    12229    12356    12284
     448 3    12216    12340    12283
     449 3    12229    12304    12356
     450 3    12209    12360    12262
     451 3    12221    12294    12362
     452 3    12222    12302    12365
     453 3    12222    12365    12294
     454 3    12221    12362    12307
     455 3    12209    12301    12360
     456 3    12224    12283    12378
     457 3    12233    12380    12275
     458 3    12220    12384    12263
     459 3    12220    12313    12384
     460 3    12233    12315    12380
     461 3    12247    12275    12391
     462 3    12227    12392    12301
     463 3    12227    12307    12392
     464 3    12263    12395    12304
     465 3    12262    12397    12315
     466 3    12256    12399    12313
     467 3    12283    12340    12400
     468 3    12284    12356    12403
     469 3    12224    12378    12302
     470 3    12284    12403    12340
     471 3    12304    12419    12356
     472 3    12262    12360    12397
     473 3    12315    12435    12380
     474 3    12263    12384    12395
     475 3    12283    12400    12378
     476 3    12304    12395    12419
     477 3    12315    12397    12435
     478 3    12313    12399    12447
     479 3    12275    12380    12449
     480 3    12275    12449    12391
     481 3    12313    12447    12384
     482 3    12294    12365    12472
     483 3    12294    12472    12362
     484 3    12302    12485    12365
     485 3    12307    12362    12489
     486 3    12340    12403    12490
     487 3    12400    12497    12378
     488 3    12301    12502    12360
     489 3    12302    12378    12485
     490 3    12397    12507    12435
     491 3    12356    12419    12508
     492 3    12356    12508    12403
     493 3    12419    12395    12510
     494 3    12340    12490    12400
     495 3    12307    12489    12392
     496 3    12384    12512    12395
     497 3    12360    12513    12397
     498 3    12391    12449    12515
     499 3    12447    12518    12384
     500 3    12301    12392    12502
     501 3    12378    12523    12485
     502 3    12399    12531    12447
     503 3    12378    12497    12523
     504 3    12392    12489    12535
     505 3    12380    12435    12542
     506 3    12392    12535    12502
     507 3    12384    12518    12512
     508 3    12360    12502    12513
     509 3    12380    12542    12449
     510 3    12447    12559    12518
     511 3    12447    12531    12559
     512 3    12397    12513    12507
     513 3    12400    12490    12497
     514 3    12419    12510    12508
     515 3    12449    12573    12515
     516 3    12395    12512    12510
     517 3    12403    12508    12490
     518 3    12365    12485    12472
     519 3    12449    12542    12573
     520 3    12435    12507    12542
     521 3    12559    12620    12518
     522 3    12362    12472    12489
     523 3    12515    12573    12589
 0                                                                              
 0                                                                              
 1                                                                              
 19                                                                             
      18       1                                                                
   12620
   12518
   12512
   12510
   12508
   12490
   12497
   12523
   12485
   12472
   12489
   12535
   12502
   12513
   12507
   12542
   12573
   12589
