FileFmt      1050624           0           0
NELG           58641         560         493
      -25247
      -25379
      -25399
      -25513
      -25520
      -25649
      -25656
      -25671
      -25789
      -25798
      -25799
      -25810
       25931
      -25955
      -26005
       26111
      -26121
       26139
       26263
       26264
      -26304
      -26380
       26401
       26404
       26485
       26502
       26553
      -26559
      -26615
       26619
      -26643
       26664
       26693
       26743
       26768
       26774
      -26826
       26845
      -26913
       26931
       26944
       26964
      -26971
       27002
       27068
       27089
       27170
       27189
       27206
       27214
       27256
       27289
       27305
       27365
       27386
      -27397
       27398
       27403
       27457
       27463
       27475
       27524
       27530
       27544
       27548
       27616
       27619
       27626
       27643
       27658
       27663
       27665
       27671
       27679
       27699
       27700
       27718
       27729
       27731
       27732
       27733
       27739
       27745
       27753
       27785
       27793
       27795
       27804
       27810
       27831
       27856
       27860
       27861
       27881
       27885
       27887
       27891
       27892
       27898
       27907
       27920
       27923
      -27935
       27936
       27947
       27954
       27965
       27968
       27973
       27976
       27981
       27982
       27997
       28007
       28019
       28020
       28022
       28028
       28032
       28045
       28051
       28063
       28064
       28077
       28078
       28086
       28090
       28093
       28101
       28102
       28108
       28110
       28119
       28123
       28129
       28141
       28153
       28163
       28164
       28173
       28175
       28182
       28185
       28194
       28205
       28214
       28215
       28216
       28230
       28244
       28245
       28247
       28264
       28266
       28277
       28278
       28281
       28286
       28288
       28293
       28304
       28306
       28312
       28313
       28324
       28329
       28332
       28334
       28337
       28346
       28349
       28370
       28374
       28375
       28376
       28382
       28383
      -28388
       28389
       28390
       28399
       28404
       28408
       28410
       28428
       28429
       28434
       28437
       28441
       28444
       28452
       28454
       28462
       28475
       28481
      -28483
       28493
       28501
       28502
       28506
       28507
       28522
       28529
       28536
       28543
       28547
       28548
       28565
       28569
       28573
       28578
       28579
       28592
       28593
       28607
       28610
       28611
       28621
       28625
       28626
       28632
       28636
       28642
       28670
       28677
       28679
       28685
       28690
       28696
       28700
       28711
       28712
       28717
       28721
       28722
       28726
       28738
       28754
       28755
       28758
       28760
       28765
       28771
       28774
       28791
       28802
       28809
       28811
       28812
       28822
       28823
       28824
       28828
       28833
       28834
       28839
       28851
       28852
       28854
       28868
       28869
       28874
       28877
       28883
       28902
       28906
       28912
       28917
       28921
       28924
      -28932
       28934
       28954
       28967
       28972
       28982
       28991
       28992
       29002
       29003
       29006
       29010
       29018
       29024
       29035
       29040
       29043
       29054
       29055
       29057
       29062
       29070
       29074
       29086
       29093
       29096
       29108
      -29111
       29114
       29117
       29120
       29124
       29131
       29135
       29148
       29149
       29151
       29178
       29181
       29184
       29207
       29208
       29222
       29223
       29229
       29232
       29234
       29239
       29240
       29252
       29263
       29265
       29268
       29273
       29276
       29281
       29282
       29285
       29288
       29292
       29300
       29302
       29310
       29316
       29319
       29320
       29325
       29328
       29332
       29358
       29364
       29372
       29375
       29382
       29385
       29392
       29398
       29400
       29408
       29413
       29429
       29432
       29436
       29437
       29443
       29455
       29467
       29473
       29474
       29486
       29487
       29489
       29498
       29501
       29502
       29506
       29510
       29514
       29541
       29543
       29545
       29552
       29559
       29564
       29567
       29574
       29575
       29577
       29581
       29592
       29594
       29598
       29605
       29620
       29632
       29638
       29647
       29648
       29651
       29652
       29653
       29673
       29678
       29682
       29696
       29698
       29703
       29707
       29719
       29721
       29729
       29735
       29736
       29745
       29750
       29752
       29755
       29778
       29795
       29804
       29810
       29812
       29815
       29817
       29834
      -29837
       29843
       29845
       29857
       29861
       29863
       29864
       29892
      -29894
       29906
       29912
       29917
       29925
       29933
       29934
       29946
       29947
       29967
       29979
       29982
       29999
      -30005
       30006
       30020
       30024
       30049
       30057
       30059
       30062
       30078
      -30086
       30103
       30109
       30128
       30153
       30156
       30160
       30221
       30223
       30227
       30232
       30235
       30244
       30283
       30296
       30298
       30300
       30316
      -30340
       30379
       30404
       30415
       30418
       30443
       30479
       30519
      -30539
       30540
       30543
       30607
       30664
       30672
       30688
       30779
       30812
       30840
      -30877
       30937
       31033
       31061
      -31106
       31327
       31350
       31600
       31677
       31903
      -31934
      -32128
NNODG          32218         319         289
      -13320
      -13375
      -13447
      -13498
      -13510
      -13571
      -13572
       13651
      -13658
       13730
      -13798
       13820
       13901
       13910
       13978
       13979
       14069
      -14098
      -14110
       14174
       14258
       14281
       14344
      -14346
       14394
       14407
       14435
       14466
       14467
      -14520
      -14557
       14558
       14606
       14650
       14663
       14668
       14746
       14756
       14821
       14836
       14871
       14883
       14941
       14949
       14950
       14981
       14982
       14993
       15032
      -15054
      -15055
       15077
       15080
       15085
       15092
       15099
       15102
       15103
       15104
       15126
       15138
       15147
       15148
       15149
       15153
       15159
       15160
       15165
      -15181
       15182
      -15192
       15198
       15212
       15225
       15227
       15228
       15229
       15234
       15241
       15266
       15271
       15279
       15285
       15291
       15302
       15314
       15317
       15321
      -15322
       15330
       15339
       15342
       15350
       15351
       15355
       15361
       15372
       15379
       15387
       15389
       15393
       15400
       15406
       15411
       15423
      -15429
       15437
       15438
       15450
       15452
       15461
       15465
       15467
       15470
       15479
       15491
       15493
       15494
       15498
       15511
      -15518
       15519
       15520
       15526
       15533
       15541
       15542
       15546
       15549
       15554
       15556
       15560
       15577
       15578
       15592
       15595
       15597
       15612
       15616
       15625
       15632
       15642
       15644
       15652
       15666
       15671
       15676
       15679
       15685
       15687
       15689
       15690
       15708
       15709
       15715
       15718
       15738
       15739
       15740
       15748
      -15749
       15751
       15757
       15761
       15762
       15776
       15800
       15803
       15804
       15810
       15811
       15825
       15831
       15834
       15851
       15852
       15853
       15857
      -15868
       15871
       15877
       15878
       15881
       15885
       15889
       15896
       15907
       15908
       15919
       15925
       15926
       15928
       15929
       15951
       15952
       15953
       15959
       15963
       15965
       15970
       15977
       15978
       15987
       15990
       15995
       15996
       16002
       16006
       16007
       16017
       16018
       16019
       16025
       16046
       16058
       16060
      -16064
       16077
       16078
       16079
       16093
       16094
       16100
       16102
       16107
       16109
       16110
       16114
       16118
       16134
       16135
       16144
       16148
       16156
       16167
       16168
       16171
       16195
       16203
       16204
       16205
       16217
       16218
       16226
       16227
       16228
       16240
       16253
       16254
       16256
       16259
       16276
       16277
       16286
       16298
      -16300
      -16301
       16310
       16313
       16333
       16336
       16342
       16347
       16348
       16380
      -16383
       16384
       16394
       16408
       16415
       16448
       16460
       16501
       16535
       16545
       16547
      -16568
       16608
       16624
       16662
       16698
       16732
       16803
       16822
      -16863
       16966
       17127
       17305
      -17421
NFLUXF             0
NETA             128          29           0
NSTAE              0           0           0
NSTAV              0           0           0
NSTAM              0           0           0
NSTAC              0           0           0
RES NODE         102         259
                   8          10          12          13          14          15
                  16          17          20          21          22          23
                  25          26          27          28          29          32
                  33          34          35          36          37          38
                  39          40          41          42          43          44
                  45          46          47          48          49          52
                  53          54          55          56          57          58
                  59          60          61          62          63          64
                  65          66          67          68          70          72
                  73          74          75          76          77          78
                  79          80          81          82          83          84
                  85          86          87          88          90          91
                  92          93          94          95          96          97
                  98          99         100         101         102         103
                 104         105         107         108         109         110
                 111         112         113         114         115         116
                 117         118         119         120         122         123
                 124         125         126         127         128         129
                 130         131         132         133         134         135
                 136         137         138         139         140         141
                 142         143         144         145         146         147
                 148         149         150         151         152         153
                 154         155         156         157         158         159
                 160         162         163         164         165         166
                 167         168         169         170         171         172
                 173         174         175         176         177         178
                 180         181         182         183         184         185
                 186         187         188         189         190         191
                 192         193         194         195         196         197
                 198         199         200         201         202         203
                 204         205         206         207         208         209
                 210         211         212         213         214         215
                 216         218         219         220         221         222
                 223         224         225         226         227         228
                 229         230         231         232         233         234
                 235         236         237         238         239         240
                 241         242         243         244         245         246
                 247         248         249         250         251         252
                 253         254         255         258         259         260
                 261         262         263         264         265         267
                 268         269         270         271         272         273
                 274         275         276         278         279         280
                 281         282         283         284         286         287
                 288
COMM PE            3
RECV PE           96          12
                   1           2           3           4           5           6
                   7           9          11          19          24          31
RECV PE          101          11
                  18          30          71         121         179         256
                 257         266         277         285         289
RECV PE          103           7
                  50          51          69          89         106         161
                 217
SEND PE           96          10
                   8          10          12          13          14          15
                  16          22          28          34
SEND PE          101          11
                  16          27          44         100         170         252
                 253         268         275         284         288
SEND PE          103           7
                  57          58          76          92         127         175
                 204
