bi_1997_v2.grd                                                                  
     493     289
   13320 -0.769199100000E+02  0.347019900000E+02  0.131100000000E+01
   13375 -0.769168400000E+02  0.347025600000E+02  0.146900000000E+01
   13447 -0.769138300000E+02  0.347031300000E+02  0.146900000000E+01
   13498 -0.769253000000E+02  0.347036100000E+02  0.755000000000E+00
   13510 -0.769108700000E+02  0.347037000000E+02  0.134000000000E+01
   13571 -0.769221500000E+02  0.347042300000E+02  0.109500000000E+01
   13572 -0.769079800000E+02  0.347042800000E+02  0.112500000000E+01
   13651 -0.769190300000E+02  0.347047800000E+02  0.117400000000E+01
   13658 -0.769051500000E+02  0.347048400000E+02  0.104300000000E+01
   13730 -0.769159800000E+02  0.347053400000E+02  0.131500000000E+01
   13798 -0.769276400000E+02  0.347057600000E+02  0.860000000000E+00
   13820 -0.769129700000E+02  0.347059200000E+02  0.139000000000E+01
   13901 -0.769100100000E+02  0.347065000000E+02  0.103100000000E+01
   13910 -0.769244500000E+02  0.347065100000E+02  0.857000000000E+00
   13978 -0.769212100000E+02  0.347070600000E+02  0.860000000000E+00
   13979 -0.769071200000E+02  0.347070900000E+02  0.100500000000E+01
   14069 -0.769181000000E+02  0.347075300000E+02  0.925000000000E+00
   14098 -0.769043000000E+02  0.347076700000E+02  0.875000000000E+00
   14110 -0.769299300000E+02  0.347076800000E+02  0.821000000000E+00
   14174 -0.769150800000E+02  0.347081200000E+02  0.107000000000E+01
   14258 -0.769120600000E+02  0.347087100000E+02  0.973000000000E+00
   14281 -0.769269400000E+02  0.347088000000E+02  0.717000000000E+00
   14344 -0.769090900000E+02  0.347093200000E+02  0.923000000000E+00
   14346 -0.769317200000E+02  0.347093500000E+02  0.715000000000E+00
   14394 -0.769234300000E+02  0.347096100000E+02  0.860000000000E+00
   14407 -0.769201100000E+02  0.347097200000E+02  0.816000000000E+00
   14435 -0.769061900000E+02  0.347099300000E+02  0.880000000000E+00
   14466 -0.769294700000E+02  0.347099300000E+02  0.668000000000E+00
   14467 -0.769172000000E+02  0.347101600000E+02  0.703000000000E+00
   14520 -0.769033900000E+02  0.347105500000E+02  0.973000000000E+00
   14557 -0.769329700000E+02  0.347107900000E+02  0.594000000000E+00
   14558 -0.769278100000E+02  0.347108000000E+02  0.652000000000E+00
   14606 -0.769141700000E+02  0.347110500000E+02  0.709000000000E+00
   14650 -0.769311900000E+02  0.347112200000E+02  0.560000000000E+00
   14663 -0.769258700000E+02  0.347112800000E+02  0.731000000000E+00
   14668 -0.769110600000E+02  0.347113800000E+02  0.858000000000E+00
   14746 -0.769292400000E+02  0.347117600000E+02  0.578000000000E+00
   14756 -0.769216200000E+02  0.347118800000E+02  0.823000000000E+00
   14821 -0.769191200000E+02  0.347120900000E+02  0.654000000000E+00
   14836 -0.769238300000E+02  0.347120500000E+02  0.813000000000E+00
   14871 -0.769081000000E+02  0.347123000000E+02  0.860000000000E+00
   14883 -0.769275300000E+02  0.347122300000E+02  0.709000000000E+00
   14941 -0.769166100000E+02  0.347124300000E+02  0.555000000000E+00
   14949 -0.769051500000E+02  0.347126600000E+02  0.748000000000E+00
   14950 -0.769263700000E+02  0.347126000000E+02  0.809000000000E+00
   14981 -0.769293400000E+02  0.347127700000E+02  0.816000000000E+00
   14982 -0.769299500000E+02  0.347125300000E+02  0.620000000000E+00
   14993 -0.769285600000E+02  0.347128200000E+02  0.806000000000E+00
   15032 -0.769252300000E+02  0.347129000000E+02  0.894000000000E+00
   15054 -0.769330600000E+02  0.347125100000E+02  0.113100000000E+01
   15055 -0.769334300000E+02  0.347130700000E+02  0.349000000000E+01
   15077 -0.769205600000E+02  0.347131500000E+02  0.688000000000E+00
   15080 -0.769278100000E+02  0.347131300000E+02  0.881000000000E+00
   15085 -0.769270400000E+02  0.347131900000E+02  0.910000000000E+00
   15092 -0.769125400000E+02  0.347132200000E+02  0.687000000000E+00
   15099 -0.769227400000E+02  0.347132800000E+02  0.958000000000E+00
   15102 -0.769320400000E+02  0.347127600000E+02  0.112000000000E+01
   15103 -0.769327100000E+02  0.347132800000E+02  0.341500000000E+01
   15104 -0.769298400000E+02  0.347132900000E+02  0.189000000000E+01
   15126 -0.769216100000E+02  0.347132600000E+02  0.804000000000E+00
   15138 -0.769306100000E+02  0.347131400000E+02  0.187300000000E+01
   15147 -0.769291000000E+02  0.347134400000E+02  0.141200000000E+01
   15148 -0.769240400000E+02  0.347133700000E+02  0.993000000000E+00
   15149 -0.769146400000E+02  0.347133500000E+02  0.579000000000E+00
   15153 -0.769196300000E+02  0.347134600000E+02  0.608000000000E+00
   15159 -0.769315000000E+02  0.347129200000E+02  0.119300000000E+01
   15160 -0.769319600000E+02  0.347134900000E+02  0.333200000000E+01
   15165 -0.769261600000E+02  0.347134200000E+02  0.977000000000E+00
   15181 -0.769339200000E+02  0.347136000000E+02  0.148700000000E+01
   15182 -0.769283400000E+02  0.347136100000E+02  0.113200000000E+01
   15192 -0.769025000000E+02  0.347136400000E+02  0.657000000000E+00
   15198 -0.769312100000E+02  0.347136800000E+02  0.319700000000E+01
   15212 -0.769255100000E+02  0.347137400000E+02  0.105200000000E+01
   15225 -0.769275700000E+02  0.347137900000E+02  0.103300000000E+01
   15227 -0.769103500000E+02  0.347136800000E+02  0.802000000000E+00
   15228 -0.769332400000E+02  0.347138200000E+02  0.118400000000E+01
   15229 -0.769180900000E+02  0.347138200000E+02  0.555000000000E+00
   15234 -0.769248200000E+02  0.347138300000E+02  0.106000000000E+01
   15241 -0.769304100000E+02  0.347138500000E+02  0.336400000000E+01
   15266 -0.769267900000E+02  0.347139600000E+02  0.108200000000E+01
   15271 -0.769211300000E+02  0.347139900000E+02  0.811000000000E+00
   15279 -0.769296400000E+02  0.347140100000E+02  0.330000000000E+01
   15285 -0.769219800000E+02  0.347140000000E+02  0.926000000000E+00
   15291 -0.769325200000E+02  0.347140400000E+02  0.115200000000E+01
   15302 -0.769234700000E+02  0.347140900000E+02  0.106700000000E+01
   15314 -0.769241800000E+02  0.347141000000E+02  0.108000000000E+01
   15317 -0.769288800000E+02  0.347141600000E+02  0.324700000000E+01
   15321 -0.769260400000E+02  0.347141700000E+02  0.114500000000E+01
   15322 -0.769344600000E+02  0.347141600000E+02  0.855000000000E+00
   15330 -0.769202200000E+02  0.347142200000E+02  0.708000000000E+00
   15339 -0.769317800000E+02  0.347142400000E+02  0.115700000000E+01
   15342 -0.769337700000E+02  0.347142800000E+02  0.860000000000E+00
   15350 -0.769164300000E+02  0.347141200000E+02  0.555000000000E+00
   15351 -0.769226900000E+02  0.347143000000E+02  0.104900000000E+01
   15355 -0.769281200000E+02  0.347143300000E+02  0.227700000000E+01
   15361 -0.769253300000E+02  0.347143700000E+02  0.116700000000E+01
   15372 -0.769309900000E+02  0.347144300000E+02  0.131400000000E+01
   15379 -0.769273500000E+02  0.347145000000E+02  0.187600000000E+01
   15387 -0.769246400000E+02  0.347145400000E+02  0.118700000000E+01
   15389 -0.769064000000E+02  0.347145200000E+02  0.795000000000E+00
   15393 -0.769301900000E+02  0.347145700000E+02  0.223300000000E+01
   15400 -0.769215600000E+02  0.347146200000E+02  0.935000000000E+00
   15406 -0.769221500000E+02  0.347146100000E+02  0.100700000000E+01
   15411 -0.769331100000E+02  0.347146400000E+02  0.853000000000E+00
   15423 -0.769191400000E+02  0.347144400000E+02  0.576000000000E+00
   15429 -0.769354100000E+02  0.347146900000E+02  0.840000000000E+00
   15437 -0.769239400000E+02  0.347146800000E+02  0.121400000000E+01
   15438 -0.769265800000E+02  0.347146900000E+02  0.216900000000E+01
   15450 -0.769084700000E+02  0.347146200000E+02  0.111900000000E+01
   15452 -0.769294200000E+02  0.347147200000E+02  0.262600000000E+01
   15461 -0.769208800000E+02  0.347147300000E+02  0.865000000000E+00
   15465 -0.769148400000E+02  0.347145000000E+02  0.555000000000E+00
   15467 -0.769323300000E+02  0.347147500000E+02  0.836000000000E+00
   15470 -0.769132800000E+02  0.347147600000E+02  0.575000000000E+00
   15479 -0.769232400000E+02  0.347148200000E+02  0.125700000000E+01
   15491 -0.769258400000E+02  0.347148700000E+02  0.241400000000E+01
   15493 -0.769286600000E+02  0.347148800000E+02  0.293700000000E+01
   15494 -0.769198500000E+02  0.347148900000E+02  0.742000000000E+00
   15498 -0.769203400000E+02  0.347149200000E+02  0.831000000000E+00
   15511 -0.769225700000E+02  0.347150000000E+02  0.124300000000E+01
   15518 -0.769043400000E+02  0.347150100000E+02  0.606000000000E+00
   15519 -0.769251300000E+02  0.347150500000E+02  0.271000000000E+01
   15520 -0.769278900000E+02  0.347150500000E+02  0.312500000000E+01
   15526 -0.769316300000E+02  0.347150500000E+02  0.818000000000E+00
   15533 -0.769117600000E+02  0.347151100000E+02  0.819000000000E+00
   15541 -0.769219500000E+02  0.347151500000E+02  0.131500000000E+01
   15542 -0.769341000000E+02  0.347151600000E+02  0.833000000000E+00
   15546 -0.769307200000E+02  0.347152100000E+02  0.868000000000E+00
   15549 -0.769244200000E+02  0.347152100000E+02  0.292300000000E+01
   15554 -0.769299500000E+02  0.347152200000E+02  0.984000000000E+00
   15556 -0.769271200000E+02  0.347152200000E+02  0.306200000000E+01
   15560 -0.769213200000E+02  0.347152600000E+02  0.144700000000E+01
   15577 -0.769237200000E+02  0.347153600000E+02  0.307300000000E+01
   15578 -0.769206900000E+02  0.347153700000E+02  0.166200000000E+01
   15592 -0.769263700000E+02  0.347154000000E+02  0.295900000000E+01
   15595 -0.769194300000E+02  0.347154100000E+02  0.123300000000E+01
   15597 -0.769201000000E+02  0.347154400000E+02  0.165600000000E+01
   15612 -0.769292100000E+02  0.347154800000E+02  0.100100000000E+01
   15616 -0.769230300000E+02  0.347155100000E+02  0.325400000000E+01
   15625 -0.769284200000E+02  0.347155300000E+02  0.104300000000E+01
   15632 -0.769256300000E+02  0.347155700000E+02  0.268500000000E+01
   15642 -0.769186400000E+02  0.347155100000E+02  0.126000000000E+01
   15644 -0.769102200000E+02  0.347154300000E+02  0.106500000000E+01
   15652 -0.769223800000E+02  0.347156600000E+02  0.341800000000E+01
   15666 -0.769249000000E+02  0.347157400000E+02  0.224100000000E+01
   15671 -0.769217300000E+02  0.347157900000E+02  0.356300000000E+01
   15676 -0.769326400000E+02  0.347158000000E+02  0.773000000000E+00
   15679 -0.769276700000E+02  0.347158200000E+02  0.100600000000E+01
   15685 -0.769313400000E+02  0.347158600000E+02  0.751000000000E+00
   15687 -0.769268800000E+02  0.347158800000E+02  0.103300000000E+01
   15689 -0.769211000000E+02  0.347159000000E+02  0.365100000000E+01
   15690 -0.769241900000E+02  0.347159000000E+02  0.189500000000E+01
   15708 -0.769086800000E+02  0.347157200000E+02  0.114200000000E+01
   15709 -0.769204600000E+02  0.347159900000E+02  0.372500000000E+01
   15715 -0.769235000000E+02  0.347160500000E+02  0.157500000000E+01
   15718 -0.769198000000E+02  0.347160600000E+02  0.366800000000E+01
   15738 -0.769301800000E+02  0.347161200000E+02  0.749000000000E+00
   15739 -0.769191000000E+02  0.347161400000E+02  0.362800000000E+01
   15740 -0.769070400000E+02  0.347160800000E+02  0.880000000000E+00
   15748 -0.769261500000E+02  0.347161700000E+02  0.979000000000E+00
   15749 -0.769352900000E+02  0.347160900000E+02  0.743000000000E+00
   15751 -0.769228200000E+02  0.347161900000E+02  0.126300000000E+01
   15757 -0.769253800000E+02  0.347162200000E+02  0.100400000000E+01
   15761 -0.769178400000E+02  0.347156800000E+02  0.144400000000E+01
   15762 -0.769183500000E+02  0.347162700000E+02  0.373000000000E+01
   15776 -0.769221600000E+02  0.347163200000E+02  0.124600000000E+01
   15800 -0.769215100000E+02  0.347164500000E+02  0.131300000000E+01
   15803 -0.769170300000E+02  0.347158500000E+02  0.149700000000E+01
   15804 -0.769175700000E+02  0.347164500000E+02  0.363400000000E+01
   15810 -0.769053000000E+02  0.347164500000E+02  0.603000000000E+00
   15811 -0.769286700000E+02  0.347164400000E+02  0.807000000000E+00
   15825 -0.769246700000E+02  0.347165000000E+02  0.952000000000E+00
   15831 -0.769239500000E+02  0.347165400000E+02  0.978000000000E+00
   15834 -0.769208500000E+02  0.347165600000E+02  0.144300000000E+01
   15851 -0.769340400000E+02  0.347164500000E+02  0.684000000000E+00
   15852 -0.769162300000E+02  0.347160200000E+02  0.133200000000E+01
   15853 -0.769167600000E+02  0.347166200000E+02  0.353100000000E+01
   15857 -0.769202000000E+02  0.347166500000E+02  0.164500000000E+01
   15868 -0.769038100000E+02  0.347167200000E+02  0.555000000000E+00
   15871 -0.769195300000E+02  0.347167400000E+02  0.197100000000E+01
   15877 -0.769154300000E+02  0.347161900000E+02  0.129400000000E+01
   15878 -0.769159400000E+02  0.347167900000E+02  0.359200000000E+01
   15881 -0.769232900000E+02  0.347168000000E+02  0.930000000000E+00
   15885 -0.769225900000E+02  0.347168200000E+02  0.959000000000E+00
   15889 -0.769270800000E+02  0.347167900000E+02  0.796000000000E+00
   15896 -0.769188300000E+02  0.347168600000E+02  0.230800000000E+01
   15907 -0.769145700000E+02  0.347163400000E+02  0.138300000000E+01
   15908 -0.769150900000E+02  0.347169400000E+02  0.381300000000E+01
   15919 -0.769181100000E+02  0.347170200000E+02  0.224300000000E+01
   15925 -0.769219400000E+02  0.347170600000E+02  0.920000000000E+00
   15926 -0.769212600000E+02  0.347170700000E+02  0.966000000000E+00
   15928 -0.769137000000E+02  0.347165000000E+02  0.138500000000E+01
   15929 -0.769142200000E+02  0.347170800000E+02  0.378800000000E+01
   15951 -0.769255400000E+02  0.347171400000E+02  0.786000000000E+00
   15952 -0.769128600000E+02  0.347166600000E+02  0.159200000000E+01
   15953 -0.769133800000E+02  0.347172000000E+02  0.380300000000E+01
   15959 -0.769173200000E+02  0.347172400000E+02  0.191900000000E+01
   15963 -0.769315100000E+02  0.347171100000E+02  0.640000000000E+00
   15965 -0.769199400000E+02  0.347172800000E+02  0.101100000000E+01
   15970 -0.769206200000E+02  0.347173000000E+02  0.968000000000E+00
   15977 -0.769120100000E+02  0.347168200000E+02  0.176000000000E+01
   15978 -0.769125400000E+02  0.347173200000E+02  0.376200000000E+01
   15987 -0.769164800000E+02  0.347174000000E+02  0.124100000000E+01
   15990 -0.769330900000E+02  0.347174100000E+02  0.579000000000E+00
   15995 -0.769112900000E+02  0.347170000000E+02  0.220900000000E+01
   15996 -0.769117500000E+02  0.347174400000E+02  0.382800000000E+01
   16002 -0.769193000000E+02  0.347174800000E+02  0.966000000000E+00
   16006 -0.769186100000E+02  0.347175000000E+02  0.101100000000E+01
   16007 -0.769241000000E+02  0.347174600000E+02  0.783000000000E+00
   16017 -0.769156300000E+02  0.347175600000E+02  0.118700000000E+01
   16018 -0.769104100000E+02  0.347172000000E+02  0.267400000000E+01
   16019 -0.769110600000E+02  0.347175100000E+02  0.388200000000E+01
   16025 -0.769299200000E+02  0.347174900000E+02  0.618000000000E+00
   16046 -0.769147500000E+02  0.347177000000E+02  0.117500000000E+01
   16058 -0.769138600000E+02  0.347177700000E+02  0.164400000000E+01
   16060 -0.769227400000E+02  0.347177400000E+02  0.775000000000E+00
   16064 -0.769350700000E+02  0.347177800000E+02  0.572000000000E+00
   16077 -0.769130400000E+02  0.347178600000E+02  0.208800000000E+01
   16078 -0.769281500000E+02  0.347178500000E+02  0.609000000000E+00
   16079 -0.769179700000E+02  0.347178400000E+02  0.114700000000E+01
   16093 -0.769104800000E+02  0.347179200000E+02  0.333200000000E+01
   16094 -0.769122200000E+02  0.347179800000E+02  0.194100000000E+01
   16100 -0.769113800000E+02  0.347180100000E+02  0.228900000000E+01
   16102 -0.769214100000E+02  0.347180000000E+02  0.782000000000E+00
   16107 -0.769097400000E+02  0.347173300000E+02  0.286900000000E+01
   16109 -0.769091700000E+02  0.347174500000E+02  0.307900000000E+01
   16110 -0.769096400000E+02  0.347180600000E+02  0.323900000000E+01
   16114 -0.769170500000E+02  0.347181000000E+02  0.110400000000E+01
   16118 -0.769161900000E+02  0.347181200000E+02  0.110300000000E+01
   16134 -0.769084500000E+02  0.347176000000E+02  0.331300000000E+01
   16135 -0.769089100000E+02  0.347182000000E+02  0.316000000000E+01
   16144 -0.769264800000E+02  0.347182500000E+02  0.599000000000E+00
   16148 -0.769200400000E+02  0.347182300000E+02  0.791000000000E+00
   16156 -0.769188500000E+02  0.347182900000E+02  0.805000000000E+00
   16167 -0.769077100000E+02  0.347177400000E+02  0.308200000000E+01
   16168 -0.769081600000E+02  0.347183300000E+02  0.306200000000E+01
   16171 -0.769135100000E+02  0.347183500000E+02  0.106500000000E+01
   16195 -0.769153500000E+02  0.347184100000E+02  0.937000000000E+00
   16203 -0.769069900000E+02  0.347178900000E+02  0.261000000000E+01
   16204 -0.769074300000E+02  0.347184700000E+02  0.304300000000E+01
   16205 -0.769143100000E+02  0.347184800000E+02  0.995000000000E+00
   16217 -0.769127600000E+02  0.347185500000E+02  0.107800000000E+01
   16218 -0.769109800000E+02  0.347185700000E+02  0.112300000000E+01
   16226 -0.769062700000E+02  0.347180400000E+02  0.260800000000E+01
   16227 -0.769067100000E+02  0.347186100000E+02  0.344800000000E+01
   16228 -0.769249600000E+02  0.347186100000E+02  0.594000000000E+00
   16240 -0.769118000000E+02  0.347186700000E+02  0.108700000000E+01
   16253 -0.769055600000E+02  0.347181900000E+02  0.324200000000E+01
   16254 -0.769059900000E+02  0.347187300000E+02  0.381200000000E+01
   16256 -0.769093700000E+02  0.347187400000E+02  0.113400000000E+01
   16259 -0.769101700000E+02  0.347187500000E+02  0.111200000000E+01
   16276 -0.769048600000E+02  0.347183500000E+02  0.387100000000E+01
   16277 -0.769052900000E+02  0.347188600000E+02  0.345400000000E+01
   16286 -0.769235200000E+02  0.347189000000E+02  0.597000000000E+00
   16298 -0.769178800000E+02  0.347188800000E+02  0.756000000000E+00
   16300 -0.769042500000E+02  0.347184600000E+02  0.390000000000E+01
   16301 -0.769046200000E+02  0.347189600000E+02  0.307200000000E+01
   16310 -0.769086300000E+02  0.347189900000E+02  0.110900000000E+01
   16313 -0.769078700000E+02  0.347190100000E+02  0.114300000000E+01
   16333 -0.769164400000E+02  0.347191100000E+02  0.773000000000E+00
   16336 -0.769223600000E+02  0.347191400000E+02  0.598000000000E+00
   16342 -0.769135400000E+02  0.347190700000E+02  0.949000000000E+00
   16347 -0.769071400000E+02  0.347192500000E+02  0.113600000000E+01
   16348 -0.769064000000E+02  0.347192500000E+02  0.120900000000E+01
   16380 -0.769124300000E+02  0.347194100000E+02  0.957000000000E+00
   16383 -0.769050100000E+02  0.347194400000E+02  0.133000000000E+01
   16384 -0.769208800000E+02  0.347194400000E+02  0.599000000000E+00
   16394 -0.769057100000E+02  0.347194600000E+02  0.124900000000E+01
   16408 -0.769148200000E+02  0.347195400000E+02  0.797000000000E+00
   16415 -0.769110500000E+02  0.347194900000E+02  0.976000000000E+00
   16448 -0.769095000000E+02  0.347197100000E+02  0.978000000000E+00
   16460 -0.769193000000E+02  0.347198300000E+02  0.587000000000E+00
   16501 -0.769079700000E+02  0.347199700000E+02  0.984000000000E+00
   16535 -0.769134200000E+02  0.347201400000E+02  0.786000000000E+00
   16545 -0.769064800000E+02  0.347201900000E+02  0.102800000000E+01
   16547 -0.769176700000E+02  0.347201500000E+02  0.592000000000E+00
   16568 -0.769050700000E+02  0.347203100000E+02  0.113600000000E+01
   16608 -0.769120000000E+02  0.347205100000E+02  0.796000000000E+00
   16624 -0.769160700000E+02  0.347205700000E+02  0.587000000000E+00
   16662 -0.769104600000E+02  0.347208400000E+02  0.780000000000E+00
   16698 -0.769146000000E+02  0.347209900000E+02  0.584000000000E+00
   16732 -0.769088600000E+02  0.347211800000E+02  0.791000000000E+00
   16803 -0.769131500000E+02  0.347213400000E+02  0.609000000000E+00
   16822 -0.769072600000E+02  0.347214900000E+02  0.811000000000E+00
   16863 -0.769058000000E+02  0.347215800000E+02  0.896000000000E+00
   16966 -0.769115000000E+02  0.347218400000E+02  0.605000000000E+00
   17127 -0.769098500000E+02  0.347222900000E+02  0.608000000000E+00
   17305 -0.769081300000E+02  0.347227900000E+02  0.608000000000E+00
   17421 -0.769063500000E+02  0.347232100000E+02  0.621000000000E+00
       1 3    13320    13375    13651
       2 3    13375    13447    13730
       3 3    13320    13651    13571
       4 3    13447    13510    13820
       5 3    13375    13730    13651
       6 3    13447    13820    13730
       7 3    13510    13572    13901
       8 3    13498    13571    13910
       9 3    13510    13901    13820
      10 3    13571    13651    13978
      11 3    13572    13658    13979
      12 3    13498    13910    13798
      13 3    13651    13730    14069
      14 3    13572    13979    13901
      15 3    13571    13978    13910
      16 3    13730    13820    14174
      17 3    13658    14098    13979
      18 3    13651    14069    13978
      19 3    13820    13901    14258
      20 3    13730    14174    14069
      21 3    13798    13910    14281
      22 3    13798    14281    14110
      23 3    13820    14258    14174
      24 3    13901    13979    14344
      25 3    13910    13978    14394
      26 3    13978    14069    14407
      27 3    13901    14344    14258
      28 3    13979    14098    14435
      29 3    14110    14281    14466
      30 3    14069    14174    14467
      31 3    14110    14466    14346
      32 3    13910    14394    14281
      33 3    13979    14435    14344
      34 3    13978    14407    14394
      35 3    14069    14467    14407
      36 3    14281    14558    14466
      37 3    14098    14520    14435
      38 3    14174    14258    14606
      39 3    14346    14466    14650
      40 3    14281    14394    14663
      41 3    14258    14344    14668
      42 3    14281    14663    14558
      43 3    14346    14650    14557
      44 3    14174    14606    14467
      45 3    14466    14558    14746
      46 3    14407    14756    14394
      47 3    14466    14746    14650
      48 3    14407    14467    14821
      49 3    14258    14668    14606
      50 3    14394    14836    14663
      51 3    14344    14435    14871
      52 3    14558    14663    14883
      53 3    14394    14756    14836
      54 3    14558    14883    14746
      55 3    14467    14606    14941
      56 3    14435    14520    14949
      57 3    14663    14950    14883
      58 3    14407    14821    14756
      59 3    14746    14981    14982
      60 3    14344    14871    14668
      61 3    14746    14883    14993
      62 3    14746    14993    14981
      63 3    14663    14836    15032
      64 3    14467    14941    14821
      65 3    14663    15032    14950
      66 3    14756    14821    15077
      67 3    14883    15080    14993
      68 3    14883    14950    15085
      69 3    14668    15092    14606
      70 3    14836    14756    15099
      71 3    15054    15102    15103
      72 3    14982    14981    15104
      73 3    14883    15085    15080
      74 3    14435    14949    14871
      75 3    15054    15103    15055
      76 3    14756    15077    15126
      77 3    14982    15104    15138
      78 3    14981    14993    15147
      79 3    14836    15148    15032
      80 3    14606    15149    14941
      81 3    14756    15126    15099
      82 3    14821    15153    15077
      83 3    15102    15159    15160
      84 3    14950    15032    15165
      85 3    14950    15165    15085
      86 3    14981    15147    15104
      87 3    15102    15160    15103
      88 3    14993    15080    15182
      89 3    14836    15099    15148
      90 3    15159    15138    15198
      91 3    14993    15182    15147
      92 3    15032    15212    15165
      93 3    14606    15092    15149
      94 3    15080    15085    15225
      95 3    15159    15198    15160
      96 3    14668    14871    15227
      97 3    15055    15103    15228
      98 3    14821    14941    15229
      99 3    15032    15148    15234
     100 3    15138    15104    15241
     101 3    15055    15228    15181
     102 3    15032    15234    15212
     103 3    14520    15192    14949
     104 3    15080    15225    15182
     105 3    15085    15165    15266
     106 3    15126    15077    15271
     107 3    15138    15241    15198
     108 3    15104    15147    15279
     109 3    14821    15229    15153
     110 3    15126    15285    15099
     111 3    15103    15160    15291
     112 3    14668    15227    15092
     113 3    15148    15099    15302
     114 3    15085    15266    15225
     115 3    15148    15314    15234
     116 3    15103    15291    15228
     117 3    15104    15279    15241
     118 3    15147    15182    15317
     119 3    15165    15212    15321
     120 3    15077    15153    15330
     121 3    15126    15271    15285
     122 3    15160    15198    15339
     123 3    15148    15302    15314
     124 3    15181    15228    15342
     125 3    15165    15321    15266
     126 3    15147    15317    15279
     127 3    14941    15149    15350
     128 3    15099    15285    15351
     129 3    15182    15225    15355
     130 3    15077    15330    15271
     131 3    15160    15339    15291
     132 3    15099    15351    15302
     133 3    15212    15234    15361
     134 3    14941    15350    15229
     135 3    15181    15342    15322
     136 3    15198    15241    15372
     137 3    15182    15355    15317
     138 3    15212    15361    15321
     139 3    15225    15266    15379
     140 3    15234    15314    15387
     141 3    14949    15389    14871
     142 3    15198    15372    15339
     143 3    15241    15279    15393
     144 3    15285    15271    15400
     145 3    15285    15406    15351
     146 3    15234    15387    15361
     147 3    15228    15291    15411
     148 3    15225    15379    15355
     149 3    15153    15423    15330
     150 3    15228    15411    15342
     151 3    15314    15302    15437
     152 3    15266    15321    15438
     153 3    14871    15450    15227
     154 3    15279    15317    15452
     155 3    15241    15393    15372
     156 3    15285    15400    15406
     157 3    15271    15330    15461
     158 3    15149    15465    15350
     159 3    15291    15339    15467
     160 3    15092    15470    15149
     161 3    15302    15351    15479
     162 3    15266    15438    15379
     163 3    15271    15461    15400
     164 3    15314    15437    15387
     165 3    15279    15452    15393
     166 3    15321    15361    15491
     167 3    15317    15355    15493
     168 3    15330    15423    15494
     169 3    15291    15467    15411
     170 3    15302    15479    15437
     171 3    15330    15498    15461
     172 3    15330    15494    15498
     173 3    15351    15406    15511
     174 3    14871    15389    15450
     175 3    15321    15491    15438
     176 3    15149    15470    15465
     177 3    15317    15493    15452
     178 3    14949    15192    15518
     179 3    15361    15387    15519
     180 3    15355    15379    15520
     181 3    15339    15372    15526
     182 3    15351    15511    15479
     183 3    15339    15526    15467
     184 3    15092    15227    15533
     185 3    15406    15400    15541
     186 3    15342    15542    15322
     187 3    15361    15519    15491
     188 3    15355    15520    15493
     189 3    15372    15393    15546
     190 3    15387    15437    15549
     191 3    15393    15452    15554
     192 3    15379    15438    15556
     193 3    15400    15461    15560
     194 3    15406    15541    15511
     195 3    15092    15533    15470
     196 3    14949    15518    15389
     197 3    15387    15549    15519
     198 3    15437    15479    15577
     199 3    15461    15498    15578
     200 3    15379    15556    15520
     201 3    15400    15560    15541
     202 3    15342    15411    15542
     203 3    15438    15491    15592
     204 3    15494    15423    15595
     205 3    15372    15546    15526
     206 3    15393    15554    15546
     207 3    15498    15494    15597
     208 3    15461    15578    15560
     209 3    15437    15577    15549
     210 3    15452    15493    15612
     211 3    15479    15511    15616
     212 3    15322    15542    15429
     213 3    15493    15520    15625
     214 3    15438    15592    15556
     215 3    15491    15519    15632
     216 3    15498    15597    15578
     217 3    15452    15612    15554
     218 3    15423    15642    15595
     219 3    15494    15595    15597
     220 3    15227    15450    15644
     221 3    15479    15616    15577
     222 3    15227    15644    15533
     223 3    15511    15541    15652
     224 3    15491    15632    15592
     225 3    15519    15549    15666
     226 3    15493    15625    15612
     227 3    15511    15652    15616
     228 3    15541    15560    15671
     229 3    15467    15676    15411
     230 3    15520    15556    15679
     231 3    15526    15546    15685
     232 3    15519    15666    15632
     233 3    15556    15592    15687
     234 3    15560    15578    15689
     235 3    15549    15577    15690
     236 3    15541    15671    15652
     237 3    15520    15679    15625
     238 3    15450    15708    15644
     239 3    15578    15597    15709
     240 3    15467    15526    15676
     241 3    15560    15689    15671
     242 3    15549    15690    15666
     243 3    15577    15616    15715
     244 3    15597    15595    15718
     245 3    15556    15687    15679
     246 3    15578    15709    15689
     247 3    15554    15738    15546
     248 3    15595    15642    15739
     249 3    15389    15740    15450
     250 3    15577    15715    15690
     251 3    15592    15632    15748
     252 3    15429    15542    15749
     253 3    15616    15652    15751
     254 3    15411    15676    15542
     255 3    15597    15718    15709
     256 3    15632    15666    15757
     257 3    15642    15761    15762
     258 3    15592    15748    15687
     259 3    15595    15739    15718
     260 3    15616    15751    15715
     261 3    15526    15685    15676
     262 3    15652    15671    15776
     263 3    15554    15612    15738
     264 3    15450    15740    15708
     265 3    15642    15762    15739
     266 3    15632    15757    15748
     267 3    15546    15738    15685
     268 3    15652    15776    15751
     269 3    15671    15689    15800
     270 3    15761    15803    15804
     271 3    15518    15810    15389
     272 3    15625    15811    15612
     273 3    15666    15690    15825
     274 3    15690    15715    15831
     275 3    15689    15709    15834
     276 3    15671    15800    15776
     277 3    15761    15804    15762
     278 3    15666    15825    15757
     279 3    15542    15851    15749
     280 3    15803    15852    15853
     281 3    15542    15676    15851
     282 3    15709    15718    15857
     283 3    15625    15679    15811
     284 3    15689    15834    15800
     285 3    15389    15810    15740
     286 3    15690    15831    15825
     287 3    15718    15739    15871
     288 3    15803    15853    15804
     289 3    15709    15857    15834
     290 3    15852    15877    15878
     291 3    15715    15751    15881
     292 3    15751    15776    15885
     293 3    15687    15889    15679
     294 3    15739    15762    15896
     295 3    15718    15871    15857
     296 3    15715    15881    15831
     297 3    15877    15907    15908
     298 3    15518    15868    15810
     299 3    15852    15878    15853
     300 3    15687    15748    15889
     301 3    15739    15896    15871
     302 3    15751    15885    15881
     303 3    15612    15811    15738
     304 3    15762    15804    15919
     305 3    15776    15800    15925
     306 3    15800    15834    15926
     307 3    15907    15928    15929
     308 3    15877    15908    15878
     309 3    15776    15925    15885
     310 3    15762    15919    15896
     311 3    15757    15951    15748
     312 3    15928    15952    15953
     313 3    15804    15853    15959
     314 3    15800    15926    15925
     315 3    15685    15963    15676
     316 3    15857    15871    15965
     317 3    15757    15825    15951
     318 3    15907    15929    15908
     319 3    15834    15857    15970
     320 3    15952    15977    15978
     321 3    15804    15959    15919
     322 3    15834    15970    15926
     323 3    15685    15738    15963
     324 3    15853    15878    15987
     325 3    15676    15990    15851
     326 3    15679    15889    15811
     327 3    15928    15953    15929
     328 3    15977    15995    15996
     329 3    15857    15965    15970
     330 3    15871    15896    16002
     331 3    15896    15919    16006
     332 3    15831    16007    15825
     333 3    15952    15978    15953
     334 3    15871    16002    15965
     335 3    15878    15908    16017
     336 3    15995    16018    16019
     337 3    15831    15881    16007
     338 3    15853    15987    15959
     339 3    15738    15811    16025
     340 3    15977    15996    15978
     341 3    15896    16006    16002
     342 3    15676    15963    15990
     343 3    15908    15929    16046
     344 3    15995    16019    15996
     345 3    15748    15951    15889
     346 3    15878    16017    15987
     347 3    15929    15953    16058
     348 3    15885    16060    15881
     349 3    15749    15851    16064
     350 3    15738    16025    15963
     351 3    15885    15925    16060
     352 3    15953    15978    16077
     353 3    15811    15889    16078
     354 3    15919    15959    16079
     355 3    15919    16079    16006
     356 3    15908    16046    16017
     357 3    16018    16093    16019
     358 3    15825    16007    15951
     359 3    15978    15996    16094
     360 3    16019    16100    15996
     361 3    15929    16058    16046
     362 3    15926    16102    15925
     363 3    16018    16107    16093
     364 3    16107    16109    16110
     365 3    15953    16077    16058
     366 3    15959    15987    16114
     367 3    15926    15970    16102
     368 3    15987    16017    16118
     369 3    15881    16060    16007
     370 3    16109    16134    16135
     371 3    15978    16094    16077
     372 3    16107    16110    16093
     373 3    15889    15951    16144
     374 3    15965    16148    15970
     375 3    15959    16114    16079
     376 3    15996    16100    16094
     377 3    16006    16156    16002
     378 3    15811    16078    16025
     379 3    15965    16002    16148
     380 3    16134    16167    16168
     381 3    16109    16135    16110
     382 3    16058    16077    16171
     383 3    15987    16118    16114
     384 3    16019    16093    16100
     385 3    16017    16046    16195
     386 3    15925    16102    16060
     387 3    16167    16203    16204
     388 3    16058    16205    16046
     389 3    15851    15990    16064
     390 3    16134    16168    16135
     391 3    16006    16079    16156
     392 3    16017    16195    16118
     393 3    16077    16094    16217
     394 3    16100    16093    16218
     395 3    16203    16226    16227
     396 3    15951    16007    16228
     397 3    16167    16204    16168
     398 3    15889    16144    16078
     399 3    16100    16240    16094
     400 3    16058    16171    16205
     401 3    15970    16148    16102
     402 3    16077    16217    16171
     403 3    16002    16156    16148
     404 3    16226    16253    16254
     405 3    16110    16135    16256
     406 3    16203    16227    16204
     407 3    16093    16110    16259
     408 3    16046    16205    16195
     409 3    16253    16276    16277
     410 3    16226    16254    16227
     411 3    16093    16259    16218
     412 3    16007    16060    16286
     413 3    16100    16218    16240
     414 3    15951    16228    16144
     415 3    16079    16114    16298
     416 3    16276    16300    16301
     417 3    16094    16240    16217
     418 3    16110    16256    16259
     419 3    16135    16168    16310
     420 3    16079    16298    16156
     421 3    16253    16277    16254
     422 3    16168    16204    16313
     423 3    16135    16310    16256
     424 3    16276    16301    16277
     425 3    16118    16333    16114
     426 3    16060    16102    16336
     427 3    16007    16286    16228
     428 3    16171    16342    16205
     429 3    16171    16217    16342
     430 3    16168    16313    16310
     431 3    16204    16227    16347
     432 3    16227    16254    16348
     433 3    16060    16336    16286
     434 3    16118    16195    16333
     435 3    16204    16347    16313
     436 3    16217    16240    16380
     437 3    16277    16301    16383
     438 3    16102    16148    16384
     439 3    16227    16348    16347
     440 3    16254    16277    16394
     441 3    16205    16408    16195
     442 3    16218    16415    16240
     443 3    16254    16394    16348
     444 3    16114    16333    16298
     445 3    16218    16259    16415
     446 3    16277    16383    16394
     447 3    16217    16380    16342
     448 3    16102    16384    16336
     449 3    16256    16448    16259
     450 3    16256    16310    16448
     451 3    16156    16460    16148
     452 3    16205    16342    16408
     453 3    16156    16298    16460
     454 3    16313    16501    16310
     455 3    16240    16415    16380
     456 3    16195    16408    16333
     457 3    16313    16347    16501
     458 3    16148    16460    16384
     459 3    16342    16380    16535
     460 3    16348    16545    16347
     461 3    16298    16333    16547
     462 3    16348    16394    16545
     463 3    16259    16448    16415
     464 3    16383    16568    16394
     465 3    16342    16535    16408
     466 3    16298    16547    16460
     467 3    16380    16415    16608
     468 3    16310    16501    16448
     469 3    16333    16408    16624
     470 3    16347    16545    16501
     471 3    16415    16448    16662
     472 3    16394    16568    16545
     473 3    16333    16624    16547
     474 3    16380    16608    16535
     475 3    16408    16535    16698
     476 3    16448    16501    16732
     477 3    16415    16662    16608
     478 3    16408    16698    16624
     479 3    16535    16608    16803
     480 3    16545    16822    16501
     481 3    16448    16732    16662
     482 3    16568    16863    16545
     483 3    16535    16803    16698
     484 3    16501    16822    16732
     485 3    16608    16662    16966
     486 3    16545    16863    16822
     487 3    16608    16966    16803
     488 3    16662    16732    17127
     489 3    16662    17127    16966
     490 3    16822    17305    16732
     491 3    16732    17305    17127
     492 3    16863    17421    16822
     493 3    16822    17421    17305
 0                                                                              
 0                                                                              
 3                                                                              
 61                                                                             
      19       0                                                                
   17421
   17305
   17127
   16966
   16803
   16698
   16624
   16547
   16460
   16384
   16336
   16286
   16228
   16144
   16078
   16025
   15963
   15990
   16064
       8       1                                                                
   15054
   15102
   15159
   15138
   14982
   14746
   14650
   14557
      33       1                                                                
   15153
   15423
   15642
   15761
   15803
   15852
   15877
   15907
   15928
   15952
   15977
   15995
   16018
   16107
   16109
   16134
   16167
   16203
   16226
   16253
   16276
   16300
   15868
   15810
   15740
   15708
   15644
   15533
   15470
   15465
   15350
   15229
   15153
