bi_1997_v2.grd                                                                  
     543     304
    7383 -0.766958200000E+02  0.346590800000E+02  0.148750000000E+02
    7395 -0.766981100000E+02  0.346592200000E+02  0.149790000000E+02
    7435 -0.766888900000E+02  0.346596300000E+02  0.112980000000E+02
    7438 -0.766946300000E+02  0.346596400000E+02  0.146840000000E+02
    7452 -0.766968700000E+02  0.346597800000E+02  0.147500000000E+02
    7462 -0.766911900000E+02  0.346599300000E+02  0.128830000000E+02
    7467 -0.766991400000E+02  0.346599800000E+02  0.149430000000E+02
    7480 -0.766875800000E+02  0.346601400000E+02  0.108760000000E+02
    7483 -0.766934400000E+02  0.346601800000E+02  0.143840000000E+02
    7498 -0.766956600000E+02  0.346603400000E+02  0.144690000000E+02
    7513 -0.766899300000E+02  0.346604500000E+02  0.127200000000E+02
    7521 -0.766979100000E+02  0.346605000000E+02  0.145830000000E+02
    7535 -0.766862400000E+02  0.346606900000E+02  0.104360000000E+02
    7537 -0.766922100000E+02  0.346607100000E+02  0.141890000000E+02
    7552 -0.766944600000E+02  0.346609000000E+02  0.142420000000E+02
    7559 -0.766886500000E+02  0.346609800000E+02  0.124000000000E+02
    7564 -0.766967000000E+02  0.346610500000E+02  0.144300000000E+02
    7579 -0.766989200000E+02  0.346612200000E+02  0.146180000000E+02
    7581 -0.766909800000E+02  0.346612400000E+02  0.126580000000E+02
    7583 -0.766848900000E+02  0.346612500000E+02  0.998200000000E+01
    7599 -0.766932500000E+02  0.346614500000E+02  0.139170000000E+02
    7608 -0.766873500000E+02  0.346615300000E+02  0.106060000000E+02
    7615 -0.766955000000E+02  0.346616100000E+02  0.140720000000E+02
    7630 -0.766977300000E+02  0.346617500000E+02  0.141900000000E+02
    7631 -0.766897200000E+02  0.346617800000E+02  0.123490000000E+02
    7635 -0.766835200000E+02  0.346618500000E+02  0.952100000000E+01
    7652 -0.766920200000E+02  0.346620000000E+02  0.135880000000E+02
    7665 -0.766860200000E+02  0.346621000000E+02  0.101470000000E+02
    7672 -0.766943000000E+02  0.346621700000E+02  0.138730000000E+02
    7688 -0.766965400000E+02  0.346623100000E+02  0.139210000000E+02
    7692 -0.766884400000E+02  0.346623400000E+02  0.119470000000E+02
    7702 -0.766987500000E+02  0.346624400000E+02  0.144240000000E+02
    7709 -0.766821400000E+02  0.346624800000E+02  0.906100000000E+01
    7719 -0.766907900000E+02  0.346625600000E+02  0.133210000000E+02
    7733 -0.766846800000E+02  0.346627000000E+02  0.969400000000E+01
    7738 -0.766930800000E+02  0.346627300000E+02  0.133460000000E+02
    7748 -0.766953400000E+02  0.346628700000E+02  0.136520000000E+02
    7755 -0.766871400000E+02  0.346629100000E+02  0.115680000000E+02
    7768 -0.766975700000E+02  0.346629900000E+02  0.139640000000E+02
    7784 -0.766895300000E+02  0.346631200000E+02  0.119170000000E+02
    7787 -0.766807600000E+02  0.346631400000E+02  0.845700000000E+01
    7797 -0.766918600000E+02  0.346633000000E+02  0.131440000000E+02
    7799 -0.766833300000E+02  0.346633100000E+02  0.923000000000E+01
    7810 -0.766941500000E+02  0.346634400000E+02  0.133070000000E+02
    7815 -0.766858400000E+02  0.346635100000E+02  0.988000000000E+01
    7819 -0.766964000000E+02  0.346635600000E+02  0.136900000000E+02
    7827 -0.766986100000E+02  0.346636500000E+02  0.142700000000E+02
    7830 -0.766882600000E+02  0.346637000000E+02  0.115900000000E+02
    7845 -0.766793700000E+02  0.346638200000E+02  0.785100000000E+01
    7852 -0.766906200000E+02  0.346638800000E+02  0.128440000000E+02
    7859 -0.766819800000E+02  0.346639600000E+02  0.878300000000E+01
    7863 -0.766929400000E+02  0.346640200000E+02  0.129840000000E+02
    7877 -0.766845100000E+02  0.346641300000E+02  0.941400000000E+01
    7878 -0.766952100000E+02  0.346641400000E+02  0.132110000000E+02
    7884 -0.766974500000E+02  0.346642200000E+02  0.137400000000E+02
    7896 -0.766869700000E+02  0.346643000000E+02  0.111420000000E+02
    7910 -0.766893700000E+02  0.346644700000E+02  0.126000000000E+02
    7921 -0.766779800000E+02  0.346645400000E+02  0.726100000000E+01
    7924 -0.766917100000E+02  0.346646100000E+02  0.124960000000E+02
    7931 -0.766806200000E+02  0.346646400000E+02  0.806500000000E+01
    7939 -0.766940200000E+02  0.346647300000E+02  0.127560000000E+02
    7943 -0.766831800000E+02  0.346647700000E+02  0.898800000000E+01
    7946 -0.766962800000E+02  0.346648100000E+02  0.131800000000E+02
    7953 -0.766985000000E+02  0.346648600000E+02  0.137430000000E+02
    7957 -0.766856800000E+02  0.346649200000E+02  0.105350000000E+02
    7969 -0.766881000000E+02  0.346650700000E+02  0.111540000000E+02
    7978 -0.766904800000E+02  0.346652100000E+02  0.123310000000E+02
    7988 -0.766766000000E+02  0.346652900000E+02  0.675200000000E+01
    7992 -0.766928100000E+02  0.346653300000E+02  0.122680000000E+02
    7994 -0.766792500000E+02  0.346653400000E+02  0.744100000000E+01
    7999 -0.766951000000E+02  0.346654100000E+02  0.127870000000E+02
    8003 -0.766818500000E+02  0.346654400000E+02  0.840100000000E+01
    8006 -0.766973500000E+02  0.346654600000E+02  0.131720000000E+02
    8021 -0.766843700000E+02  0.346655600000E+02  0.914700000000E+01
    8029 -0.766868300000E+02  0.346656900000E+02  0.105390000000E+02
    8036 -0.766892300000E+02  0.346658200000E+02  0.118850000000E+02
    8045 -0.766915900000E+02  0.346659300000E+02  0.120140000000E+02
    8050 -0.766939000000E+02  0.346660200000E+02  0.121470000000E+02
    8059 -0.766961800000E+02  0.346660700000E+02  0.127380000000E+02
    8061 -0.766752200000E+02  0.346660600000E+02  0.605600000000E+01
    8062 -0.766778900000E+02  0.346660700000E+02  0.696700000000E+01
    8063 -0.766984300000E+02  0.346660900000E+02  0.131850000000E+02
    8071 -0.766805000000E+02  0.346661300000E+02  0.770600000000E+01
    8078 -0.766830600000E+02  0.346662200000E+02  0.873500000000E+01
    8090 -0.766855500000E+02  0.346663200000E+02  0.984800000000E+01
    8099 -0.766879800000E+02  0.346664400000E+02  0.111570000000E+02
    8107 -0.766903600000E+02  0.346665400000E+02  0.117670000000E+02
    8115 -0.766927000000E+02  0.346666300000E+02  0.118580000000E+02
    8125 -0.766950100000E+02  0.346666900000E+02  0.122520000000E+02
    8128 -0.766972700000E+02  0.346667100000E+02  0.127720000000E+02
    8135 -0.766765400000E+02  0.346668200000E+02  0.651700000000E+01
    8136 -0.766791600000E+02  0.346668400000E+02  0.661700000000E+01
    8141 -0.766738400000E+02  0.346668600000E+02  0.667100000000E+01
    8142 -0.766817400000E+02  0.346669000000E+02  0.795800000000E+01
    8151 -0.766842500000E+02  0.346669800000E+02  0.916100000000E+01
    8164 -0.766867100000E+02  0.346670700000E+02  0.102880000000E+02
    8171 -0.766891200000E+02  0.346671700000E+02  0.111070000000E+02
    8177 -0.766914800000E+02  0.346672500000E+02  0.115340000000E+02
    8183 -0.766938100000E+02  0.346673100000E+02  0.118900000000E+02
    8186 -0.766983800000E+02  0.346673300000E+02  0.129880000000E+02
    8187 -0.766961100000E+02  0.346673400000E+02  0.122080000000E+02
    8208 -0.766778300000E+02  0.346675800000E+02  0.584600000000E+01
    8211 -0.766804200000E+02  0.346676000000E+02  0.661600000000E+01
    8212 -0.766751800000E+02  0.346676100000E+02  0.601600000000E+01
    8215 -0.766829500000E+02  0.346676500000E+02  0.813500000000E+01
    8220 -0.766854400000E+02  0.346677200000E+02  0.917700000000E+01
    8221 -0.766724900000E+02  0.346676900000E+02  0.129820000000E+02
    8228 -0.766878700000E+02  0.346678000000E+02  0.102300000000E+02
    8237 -0.766902500000E+02  0.346678800000E+02  0.110840000000E+02
    8244 -0.766926100000E+02  0.346679300000E+02  0.114870000000E+02
    8247 -0.766949300000E+02  0.346679700000E+02  0.118820000000E+02
    8249 -0.766972200000E+02  0.346679700000E+02  0.124450000000E+02
    8278 -0.766791000000E+02  0.346683300000E+02  0.600300000000E+01
    8280 -0.766816600000E+02  0.346683500000E+02  0.682000000000E+01
    8282 -0.766764900000E+02  0.346683500000E+02  0.552000000000E+01
    8287 -0.766841600000E+02  0.346683900000E+02  0.827800000000E+01
    8293 -0.766738400000E+02  0.346684200000E+02  0.674200000000E+01
    8294 -0.766866100000E+02  0.346684500000E+02  0.916200000000E+01
    8303 -0.766890300000E+02  0.346685100000E+02  0.101710000000E+02
    8312 -0.766914000000E+02  0.346685700000E+02  0.110040000000E+02
    8317 -0.766983500000E+02  0.346685800000E+02  0.123870000000E+02
    8318 -0.766937400000E+02  0.346686100000E+02  0.115650000000E+02
    8319 -0.766960500000E+02  0.346686100000E+02  0.116550000000E+02
    8360 -0.766803600000E+02  0.346690600000E+02  0.616100000000E+01
    8361 -0.766828800000E+02  0.346690800000E+02  0.728500000000E+01
    8363 -0.766777900000E+02  0.346690800000E+02  0.548100000000E+01
    8365 -0.766853600000E+02  0.346691200000E+02  0.813300000000E+01
    8371 -0.766751600000E+02  0.346691400000E+02  0.566400000000E+01
    8372 -0.766877800000E+02  0.346691700000E+02  0.911700000000E+01
    8378 -0.766901800000E+02  0.346692100000E+02  0.100780000000E+02
    8383 -0.766925400000E+02  0.346692500000E+02  0.110150000000E+02
    8384 -0.766971900000E+02  0.346692400000E+02  0.115750000000E+02
    8386 -0.766948700000E+02  0.346692600000E+02  0.114370000000E+02
    8387 -0.766725000000E+02  0.346692500000E+02  0.112710000000E+02
    8432 -0.766815900000E+02  0.346697800000E+02  0.627200000000E+01
    8433 -0.766840900000E+02  0.346698000000E+02  0.739800000000E+01
    8435 -0.766790500000E+02  0.346698000000E+02  0.564900000000E+01
    8440 -0.766865400000E+02  0.346698300000E+02  0.813900000000E+01
    8448 -0.766889500000E+02  0.346698600000E+02  0.919500000000E+01
    8450 -0.766983300000E+02  0.346698500000E+02  0.114360000000E+02
    8451 -0.766764800000E+02  0.346698500000E+02  0.495200000000E+01
    8452 -0.766913200000E+02  0.346698900000E+02  0.100960000000E+02
    8455 -0.766960100000E+02  0.346699000000E+02  0.109580000000E+02
    8456 -0.766936800000E+02  0.346699100000E+02  0.108820000000E+02
    8460 -0.766738400000E+02  0.346699500000E+02  0.626000000000E+01
    8513 -0.766828200000E+02  0.346704900000E+02  0.673500000000E+01
    8514 -0.766852900000E+02  0.346705000000E+02  0.730200000000E+01
    8517 -0.766803100000E+02  0.346705100000E+02  0.580600000000E+01
    8518 -0.766877100000E+02  0.346705200000E+02  0.816600000000E+01
    8520 -0.766971700000E+02  0.346705200000E+02  0.107160000000E+02
    8522 -0.766901100000E+02  0.346705500000E+02  0.924900000000E+01
    8523 -0.766924700000E+02  0.346705600000E+02  0.101430000000E+02
    8524 -0.766948200000E+02  0.346705600000E+02  0.107640000000E+02
    8526 -0.766777600000E+02  0.346705500000E+02  0.511200000000E+01
    8537 -0.766751700000E+02  0.346706400000E+02  0.495600000000E+01
    8547 -0.766725400000E+02  0.346707900000E+02  0.890000000000E+01
    8581 -0.766983300000E+02  0.346711400000E+02  0.107830000000E+02
    8586 -0.766840400000E+02  0.346711900000E+02  0.694500000000E+01
    8587 -0.766864800000E+02  0.346711900000E+02  0.722000000000E+01
    8589 -0.766959800000E+02  0.346712000000E+02  0.105500000000E+02
    8592 -0.766888900000E+02  0.346712100000E+02  0.813800000000E+01
    8594 -0.766815600000E+02  0.346712000000E+02  0.637900000000E+01
    8595 -0.766912700000E+02  0.346712200000E+02  0.921100000000E+01
    8596 -0.766936300000E+02  0.346712200000E+02  0.101720000000E+02
    8599 -0.766790300000E+02  0.346712500000E+02  0.532300000000E+01
    8613 -0.766764800000E+02  0.346713300000E+02  0.458400000000E+01
    8625 -0.766738700000E+02  0.346714600000E+02  0.565300000000E+01
    8686 -0.766971500000E+02  0.346718200000E+02  0.106090000000E+02
    8694 -0.766947900000E+02  0.346718600000E+02  0.103030000000E+02
    8695 -0.766876600000E+02  0.346718800000E+02  0.722200000000E+01
    8697 -0.766900600000E+02  0.346718800000E+02  0.816400000000E+01
    8698 -0.766924400000E+02  0.346718800000E+02  0.928900000000E+01
    8699 -0.766852400000E+02  0.346718800000E+02  0.658700000000E+01
    8706 -0.766827900000E+02  0.346718900000E+02  0.632800000000E+01
    8713 -0.766802900000E+02  0.346719300000E+02  0.554200000000E+01
    8728 -0.766777600000E+02  0.346720100000E+02  0.471500000000E+01
    8755 -0.766751900000E+02  0.346721300000E+02  0.460600000000E+01
    8799 -0.766725900000E+02  0.346723000000E+02  0.807100000000E+01
    8842 -0.766983300000E+02  0.346724400000E+02  0.109230000000E+02
    8856 -0.766959700000E+02  0.346725000000E+02  0.103170000000E+02
    8864 -0.766936000000E+02  0.346725300000E+02  0.940200000000E+01
    8867 -0.766912300000E+02  0.346725400000E+02  0.821900000000E+01
    8870 -0.766888400000E+02  0.346725500000E+02  0.726000000000E+01
    8871 -0.766864300000E+02  0.346725500000E+02  0.658200000000E+01
    8878 -0.766840000000E+02  0.346725700000E+02  0.604300000000E+01
    8884 -0.766815300000E+02  0.346726100000E+02  0.564000000000E+01
    8899 -0.766790300000E+02  0.346726800000E+02  0.490800000000E+01
    8929 -0.766764900000E+02  0.346727900000E+02  0.428500000000E+01
    8964 -0.766739200000E+02  0.346729400000E+02  0.546300000000E+01
    9004 -0.766971400000E+02  0.346731300000E+02  0.105840000000E+02
    9015 -0.766947700000E+02  0.346731700000E+02  0.956700000000E+01
    9020 -0.766924000000E+02  0.346731900000E+02  0.826400000000E+01
    9022 -0.766900200000E+02  0.346732100000E+02  0.730000000000E+01
    9027 -0.766876200000E+02  0.346732200000E+02  0.665300000000E+01
    9030 -0.766852000000E+02  0.346732400000E+02  0.605500000000E+01
    9044 -0.766827500000E+02  0.346732800000E+02  0.586100000000E+01
    9064 -0.766802800000E+02  0.346733500000E+02  0.519300000000E+01
    9084 -0.766777700000E+02  0.346734400000E+02  0.442900000000E+01
    9112 -0.766752300000E+02  0.346735900000E+02  0.427400000000E+01
    9158 -0.766983300000E+02  0.346737500000E+02  0.105170000000E+02
    9163 -0.766726600000E+02  0.346737900000E+02  0.623300000000E+01
    9174 -0.766959500000E+02  0.346738100000E+02  0.968200000000E+01
    9181 -0.766935700000E+02  0.346738400000E+02  0.836500000000E+01
    9191 -0.766911900000E+02  0.346738600000E+02  0.731300000000E+01
    9194 -0.766888000000E+02  0.346738800000E+02  0.667500000000E+01
    9201 -0.766864000000E+02  0.346739100000E+02  0.612800000000E+01
    9210 -0.766839800000E+02  0.346739500000E+02  0.569000000000E+01
    9223 -0.766815200000E+02  0.346740000000E+02  0.530500000000E+01
    9244 -0.766790400000E+02  0.346741000000E+02  0.477700000000E+01
    9277 -0.766765200000E+02  0.346742300000E+02  0.405000000000E+01
    9314 -0.766739800000E+02  0.346744100000E+02  0.471700000000E+01
    9322 -0.766971400000E+02  0.346744400000E+02  0.997800000000E+01
    9331 -0.766947600000E+02  0.346744800000E+02  0.867900000000E+01
    9333 -0.766923800000E+02  0.346745100000E+02  0.748500000000E+01
    9344 -0.766899900000E+02  0.346745400000E+02  0.675100000000E+01
    9348 -0.766875900000E+02  0.346745600000E+02  0.621000000000E+01
    9359 -0.766851800000E+02  0.346746000000E+02  0.573100000000E+01
    9369 -0.766827500000E+02  0.346746600000E+02  0.545300000000E+01
    9393 -0.766802900000E+02  0.346747400000E+02  0.500000000000E+01
    9434 -0.766778000000E+02  0.346748600000E+02  0.441200000000E+01
    9473 -0.766752900000E+02  0.346750300000E+02  0.372200000000E+01
    9488 -0.766983400000E+02  0.346750700000E+02  0.994900000000E+01
    9495 -0.766959400000E+02  0.346751200000E+02  0.899500000000E+01
    9501 -0.766935600000E+02  0.346751600000E+02  0.768600000000E+01
    9506 -0.766911700000E+02  0.346751800000E+02  0.688200000000E+01
    9511 -0.766887800000E+02  0.346752100000E+02  0.627000000000E+01
    9515 -0.766727400000E+02  0.346752500000E+02  0.563600000000E+01
    9521 -0.766863900000E+02  0.346752500000E+02  0.584200000000E+01
    9540 -0.766839700000E+02  0.346753000000E+02  0.542100000000E+01
    9564 -0.766815300000E+02  0.346753800000E+02  0.508000000000E+01
    9586 -0.766790600000E+02  0.346755000000E+02  0.472900000000E+01
    9623 -0.766765700000E+02  0.346756400000E+02  0.396200000000E+01
    9653 -0.766971400000E+02  0.346757600000E+02  0.925800000000E+01
    9663 -0.766947400000E+02  0.346757900000E+02  0.786000000000E+01
    9669 -0.766923500000E+02  0.346758200000E+02  0.701200000000E+01
    9672 -0.766740600000E+02  0.346758500000E+02  0.431300000000E+01
    9676 -0.766899700000E+02  0.346758600000E+02  0.635900000000E+01
    9690 -0.766875800000E+02  0.346759000000E+02  0.586000000000E+01
    9699 -0.766851700000E+02  0.346759500000E+02  0.549500000000E+01
    9715 -0.766827500000E+02  0.346760200000E+02  0.519600000000E+01
    9737 -0.766803100000E+02  0.346761200000E+02  0.488900000000E+01
    9770 -0.766778400000E+02  0.346762600000E+02  0.436000000000E+01
    9800 -0.766983400000E+02  0.346764000000E+02  0.921600000000E+01
    9802 -0.766753500000E+02  0.346764500000E+02  0.364100000000E+01
    9803 -0.766959300000E+02  0.346764300000E+02  0.809000000000E+01
    9807 -0.766935400000E+02  0.346764700000E+02  0.711300000000E+01
    9818 -0.766911500000E+02  0.346765000000E+02  0.654300000000E+01
    9824 -0.766887700000E+02  0.346765400000E+02  0.596400000000E+01
    9836 -0.766863700000E+02  0.346765900000E+02  0.559300000000E+01
    9847 -0.766839700000E+02  0.346766500000E+02  0.513900000000E+01
    9866 -0.766815400000E+02  0.346767500000E+02  0.469900000000E+01
    9898 -0.766790900000E+02  0.346768700000E+02  0.445200000000E+01
    9923 -0.766766300000E+02  0.346770400000E+02  0.360300000000E+01
    9937 -0.766971300000E+02  0.346770700000E+02  0.846500000000E+01
    9940 -0.766947300000E+02  0.346771000000E+02  0.722300000000E+01
    9944 -0.766923400000E+02  0.346771400000E+02  0.667200000000E+01
    9951 -0.766899600000E+02  0.346771700000E+02  0.610500000000E+01
    9957 -0.766875700000E+02  0.346772200000E+02  0.566000000000E+01
    9960 -0.766741400000E+02  0.346772600000E+02  0.396800000000E+01
    9965 -0.766851700000E+02  0.346772800000E+02  0.532400000000E+01
    9980 -0.766827600000E+02  0.346773700000E+02  0.487900000000E+01
   10008 -0.766803400000E+02  0.346774800000E+02  0.441400000000E+01
   10044 -0.766778900000E+02  0.346776400000E+02  0.395900000000E+01
   10067 -0.766959200000E+02  0.346777500000E+02  0.745200000000E+01
   10072 -0.766935300000E+02  0.346777700000E+02  0.663600000000E+01
   10076 -0.766911400000E+02  0.346778100000E+02  0.629800000000E+01
   10079 -0.766754200000E+02  0.346778400000E+02  0.320100000000E+01
   10086 -0.766887600000E+02  0.346778500000E+02  0.574200000000E+01
   10104 -0.766863700000E+02  0.346779100000E+02  0.543000000000E+01
   10116 -0.766839800000E+02  0.346779900000E+02  0.495400000000E+01
   10129 -0.766815600000E+02  0.346780900000E+02  0.442900000000E+01
   10162 -0.766791400000E+02  0.346782300000E+02  0.406300000000E+01
   10195 -0.766767000000E+02  0.346784200000E+02  0.344300000000E+01
   10197 -0.766947200000E+02  0.346784100000E+02  0.667200000000E+01
   10203 -0.766923300000E+02  0.346784400000E+02  0.636100000000E+01
   10216 -0.766899500000E+02  0.346784800000E+02  0.594900000000E+01
   10222 -0.766875700000E+02  0.346785300000E+02  0.552500000000E+01
   10237 -0.766851700000E+02  0.346786000000E+02  0.513400000000E+01
   10242 -0.766742300000E+02  0.346786500000E+02  0.322800000000E+01
   10255 -0.766827800000E+02  0.346787000000E+02  0.466400000000E+01
   10281 -0.766803700000E+02  0.346788300000E+02  0.403200000000E+01
   10316 -0.766779500000E+02  0.346790000000E+02  0.360800000000E+01
   10337 -0.766935200000E+02  0.346790800000E+02  0.629500000000E+01
   10344 -0.766911300000E+02  0.346791100000E+02  0.606300000000E+01
   10354 -0.766887500000E+02  0.346791600000E+02  0.556000000000E+01
   10359 -0.766755100000E+02  0.346792100000E+02  0.326900000000E+01
   10366 -0.766863700000E+02  0.346792200000E+02  0.530900000000E+01
   10389 -0.766839900000E+02  0.346793100000E+02  0.470600000000E+01
   10410 -0.766815900000E+02  0.346794200000E+02  0.418800000000E+01
   10431 -0.766791800000E+02  0.346795800000E+02  0.367200000000E+01
   10476 -0.766767700000E+02  0.346797700000E+02  0.352800000000E+01
   10483 -0.766899400000E+02  0.346797800000E+02  0.566700000000E+01
   10490 -0.766875700000E+02  0.346798400000E+02  0.524400000000E+01
   10508 -0.766851900000E+02  0.346799100000E+02  0.485800000000E+01
   10523 -0.766743400000E+02  0.346800200000E+02  0.309900000000E+01
   10527 -0.766828000000E+02  0.346800200000E+02  0.444900000000E+01
   10546 -0.766804100000E+02  0.346801600000E+02  0.392300000000E+01
   10581 -0.766780100000E+02  0.346803400000E+02  0.363200000000E+01
   10623 -0.766756000000E+02  0.346805600000E+02  0.331200000000E+01
   10633 -0.766840100000E+02  0.346806100000E+02  0.440100000000E+01
   10660 -0.766816300000E+02  0.346807400000E+02  0.405400000000E+01
   10680 -0.766792400000E+02  0.346809000000E+02  0.378400000000E+01
   10721 -0.766768500000E+02  0.346811100000E+02  0.362000000000E+01
   10784 -0.766804600000E+02  0.346814700000E+02  0.398400000000E+01
       1 3     7383     7438     7498
       2 3     7383     7498     7452
       3 3     7395     7452     7521
       4 3     7395     7521     7467
       5 3     7438     7483     7552
       6 3     7435     7480     7559
       7 3     7438     7552     7498
       8 3     7452     7498     7564
       9 3     7435     7559     7513
      10 3     7452     7564     7521
      11 3     7467     7521     7579
      12 3     7462     7513     7581
      13 3     7462     7581     7537
      14 3     7483     7537     7599
      15 3     7480     7535     7608
      16 3     7483     7599     7552
      17 3     7498     7552     7615
      18 3     7480     7608     7559
      19 3     7498     7615     7564
      20 3     7521     7564     7630
      21 3     7513     7559     7631
      22 3     7521     7630     7579
      23 3     7513     7631     7581
      24 3     7537     7581     7652
      25 3     7535     7583     7665
      26 3     7537     7652     7599
      27 3     7552     7599     7672
      28 3     7535     7665     7608
      29 3     7552     7672     7615
      30 3     7564     7615     7688
      31 3     7559     7608     7692
      32 3     7564     7688     7630
      33 3     7579     7630     7702
      34 3     7559     7692     7631
      35 3     7581     7631     7719
      36 3     7581     7719     7652
      37 3     7583     7635     7733
      38 3     7599     7652     7738
      39 3     7583     7733     7665
      40 3     7599     7738     7672
      41 3     7615     7672     7748
      42 3     7608     7665     7755
      43 3     7615     7748     7688
      44 3     7630     7688     7768
      45 3     7608     7755     7692
      46 3     7630     7768     7702
      47 3     7631     7692     7784
      48 3     7631     7784     7719
      49 3     7652     7719     7797
      50 3     7635     7709     7799
      51 3     7652     7797     7738
      52 3     7635     7799     7733
      53 3     7672     7738     7810
      54 3     7665     7733     7815
      55 3     7672     7810     7748
      56 3     7688     7748     7819
      57 3     7665     7815     7755
      58 3     7688     7819     7768
      59 3     7702     7768     7827
      60 3     7692     7755     7830
      61 3     7692     7830     7784
      62 3     7719     7784     7852
      63 3     7719     7852     7797
      64 3     7709     7787     7859
      65 3     7738     7797     7863
      66 3     7709     7859     7799
      67 3     7738     7863     7810
      68 3     7733     7799     7877
      69 3     7748     7810     7878
      70 3     7748     7878     7819
      71 3     7733     7877     7815
      72 3     7768     7819     7884
      73 3     7768     7884     7827
      74 3     7755     7815     7896
      75 3     7755     7896     7830
      76 3     7784     7830     7910
      77 3     7784     7910     7852
      78 3     7797     7852     7924
      79 3     7787     7845     7931
      80 3     7797     7924     7863
      81 3     7787     7931     7859
      82 3     7810     7863     7939
      83 3     7799     7859     7943
      84 3     7810     7939     7878
      85 3     7819     7878     7946
      86 3     7799     7943     7877
      87 3     7827     7884     7953
      88 3     7819     7946     7884
      89 3     7815     7877     7957
      90 3     7815     7957     7896
      91 3     7830     7896     7969
      92 3     7830     7969     7910
      93 3     7852     7910     7978
      94 3     7852     7978     7924
      95 3     7863     7924     7992
      96 3     7845     7921     7994
      97 3     7863     7992     7939
      98 3     7878     7939     7999
      99 3     7845     7994     7931
     100 3     7859     7931     8003
     101 3     7884     7946     8006
     102 3     7878     7999     7946
     103 3     7859     8003     7943
     104 3     7884     8006     7953
     105 3     7877     7943     8021
     106 3     7877     8021     7957
     107 3     7896     7957     8029
     108 3     7896     8029     7969
     109 3     7910     7969     8036
     110 3     7910     8036     7978
     111 3     7924     7978     8045
     112 3     7924     8045     7992
     113 3     7939     7992     8050
     114 3     7946     7999     8059
     115 3     7939     8050     7999
     116 3     7921     7988     8062
     117 3     7953     8006     8063
     118 3     7946     8059     8006
     119 3     7921     8062     7994
     120 3     7931     7994     8071
     121 3     7931     8071     8003
     122 3     7943     8003     8078
     123 3     7943     8078     8021
     124 3     7957     8021     8090
     125 3     7957     8090     8029
     126 3     7969     8029     8099
     127 3     7969     8099     8036
     128 3     7978     8036     8107
     129 3     7978     8107     8045
     130 3     7992     8045     8115
     131 3     7992     8115     8050
     132 3     7999     8050     8125
     133 3     8006     8059     8128
     134 3     7999     8125     8059
     135 3     8006     8128     8063
     136 3     7988     8061     8135
     137 3     7994     8062     8136
     138 3     7988     8135     8062
     139 3     7994     8136     8071
     140 3     8003     8071     8142
     141 3     8003     8142     8078
     142 3     8021     8078     8151
     143 3     8021     8151     8090
     144 3     8029     8090     8164
     145 3     8029     8164     8099
     146 3     8036     8099     8171
     147 3     8036     8171     8107
     148 3     8045     8107     8177
     149 3     8045     8177     8115
     150 3     8050     8115     8183
     151 3     8063     8128     8186
     152 3     8059     8125     8187
     153 3     8050     8183     8125
     154 3     8059     8187     8128
     155 3     8062     8135     8208
     156 3     8071     8136     8211
     157 3     8062     8208     8136
     158 3     8061     8141     8212
     159 3     8061     8212     8135
     160 3     8071     8211     8142
     161 3     8078     8142     8215
     162 3     8078     8215     8151
     163 3     8090     8151     8220
     164 3     8090     8220     8164
     165 3     8099     8164     8228
     166 3     8099     8228     8171
     167 3     8107     8171     8237
     168 3     8107     8237     8177
     169 3     8115     8177     8244
     170 3     8125     8183     8247
     171 3     8128     8187     8249
     172 3     8115     8244     8183
     173 3     8128     8249     8186
     174 3     8125     8247     8187
     175 3     8136     8208     8278
     176 3     8142     8211     8280
     177 3     8135     8212     8282
     178 3     8136     8278     8211
     179 3     8135     8282     8208
     180 3     8151     8215     8287
     181 3     8142     8280     8215
     182 3     8151     8287     8220
     183 3     8141     8293     8212
     184 3     8141     8221     8293
     185 3     8164     8220     8294
     186 3     8164     8294     8228
     187 3     8171     8228     8303
     188 3     8171     8303     8237
     189 3     8177     8237     8312
     190 3     8186     8249     8317
     191 3     8183     8244     8318
     192 3     8177     8312     8244
     193 3     8187     8247     8319
     194 3     8183     8318     8247
     195 3     8187     8319     8249
     196 3     8211     8278     8360
     197 3     8215     8280     8361
     198 3     8208     8282     8363
     199 3     8211     8360     8280
     200 3     8208     8363     8278
     201 3     8220     8287     8365
     202 3     8215     8361     8287
     203 3     8220     8365     8294
     204 3     8212     8293     8371
     205 3     8228     8294     8372
     206 3     8212     8371     8282
     207 3     8237     8303     8378
     208 3     8228     8372     8303
     209 3     8244     8312     8383
     210 3     8249     8319     8384
     211 3     8237     8378     8312
     212 3     8247     8318     8386
     213 3     8249     8384     8317
     214 3     8221     8387     8293
     215 3     8244     8383     8318
     216 3     8247     8386     8319
     217 3     8280     8360     8432
     218 3     8287     8361     8433
     219 3     8278     8363     8435
     220 3     8280     8432     8361
     221 3     8294     8365     8440
     222 3     8278     8435     8360
     223 3     8287     8433     8365
     224 3     8303     8372     8448
     225 3     8294     8440     8372
     226 3     8317     8384     8450
     227 3     8282     8371     8451
     228 3     8282     8451     8363
     229 3     8312     8378     8452
     230 3     8303     8448     8378
     231 3     8319     8386     8455
     232 3     8318     8383     8456
     233 3     8319     8455     8384
     234 3     8312     8452     8383
     235 3     8318     8456     8386
     236 3     8293     8460     8371
     237 3     8293     8387     8460
     238 3     8361     8432     8513
     239 3     8365     8433     8514
     240 3     8360     8435     8517
     241 3     8372     8440     8518
     242 3     8361     8513     8433
     243 3     8360     8517     8432
     244 3     8365     8514     8440
     245 3     8384     8455     8520
     246 3     8378     8448     8522
     247 3     8384     8520     8450
     248 3     8372     8518     8448
     249 3     8383     8452     8523
     250 3     8386     8456     8524
     251 3     8363     8451     8526
     252 3     8363     8526     8435
     253 3     8378     8522     8452
     254 3     8386     8524     8455
     255 3     8383     8523     8456
     256 3     8371     8537     8451
     257 3     8371     8460     8537
     258 3     8387     8547     8460
     259 3     8450     8520     8581
     260 3     8433     8513     8586
     261 3     8440     8514     8587
     262 3     8455     8524     8589
     263 3     8448     8518     8592
     264 3     8432     8517     8594
     265 3     8452     8522     8595
     266 3     8455     8589     8520
     267 3     8456     8523     8596
     268 3     8433     8586     8514
     269 3     8440     8587     8518
     270 3     8432     8594     8513
     271 3     8448     8592     8522
     272 3     8456     8596     8524
     273 3     8452     8595     8523
     274 3     8435     8526     8599
     275 3     8435     8599     8517
     276 3     8451     8613     8526
     277 3     8451     8537     8613
     278 3     8460     8625     8537
     279 3     8460     8547     8625
     280 3     8520     8589     8686
     281 3     8520     8686     8581
     282 3     8524     8596     8694
     283 3     8518     8587     8695
     284 3     8522     8592     8697
     285 3     8523     8595     8698
     286 3     8514     8586     8699
     287 3     8524     8694     8589
     288 3     8513     8594     8706
     289 3     8523     8698     8596
     290 3     8518     8695     8592
     291 3     8514     8699     8587
     292 3     8522     8697     8595
     293 3     8513     8706     8586
     294 3     8517     8599     8713
     295 3     8517     8713     8594
     296 3     8526     8728     8599
     297 3     8526     8613     8728
     298 3     8537     8755     8613
     299 3     8537     8625     8755
     300 3     8547     8799     8625
     301 3     8581     8686     8842
     302 3     8589     8694     8856
     303 3     8589     8856     8686
     304 3     8596     8698     8864
     305 3     8595     8697     8867
     306 3     8592     8695     8870
     307 3     8596     8864     8694
     308 3     8587     8699     8871
     309 3     8595     8867     8698
     310 3     8592     8870     8697
     311 3     8586     8706     8878
     312 3     8587     8871     8695
     313 3     8586     8878     8699
     314 3     8594     8713     8884
     315 3     8594     8884     8706
     316 3     8599     8899     8713
     317 3     8599     8728     8899
     318 3     8613     8929     8728
     319 3     8613     8755     8929
     320 3     8625     8964     8755
     321 3     8625     8799     8964
     322 3     8686     8856     9004
     323 3     8686     9004     8842
     324 3     8694     8864     9015
     325 3     8694     9015     8856
     326 3     8698     8867     9020
     327 3     8697     8870     9022
     328 3     8698     9020     8864
     329 3     8695     8871     9027
     330 3     8697     9022     8867
     331 3     8695     9027     8870
     332 3     8699     8878     9030
     333 3     8699     9030     8871
     334 3     8706     8884     9044
     335 3     8706     9044     8878
     336 3     8713     8899     9064
     337 3     8713     9064     8884
     338 3     8728     9084     8899
     339 3     8728     8929     9084
     340 3     8755     9112     8929
     341 3     8755     8964     9112
     342 3     8842     9004     9158
     343 3     8799     9163     8964
     344 3     8856     9015     9174
     345 3     8856     9174     9004
     346 3     8864     9020     9181
     347 3     8864     9181     9015
     348 3     8867     9022     9191
     349 3     8867     9191     9020
     350 3     8870     9027     9194
     351 3     8870     9194     9022
     352 3     8871     9030     9201
     353 3     8871     9201     9027
     354 3     8878     9044     9210
     355 3     8878     9210     9030
     356 3     8884     9064     9223
     357 3     8884     9223     9044
     358 3     8899     9244     9064
     359 3     8899     9084     9244
     360 3     8929     9277     9084
     361 3     8929     9112     9277
     362 3     8964     9314     9112
     363 3     8964     9163     9314
     364 3     9004     9174     9322
     365 3     9004     9322     9158
     366 3     9015     9181     9331
     367 3     9015     9331     9174
     368 3     9020     9191     9333
     369 3     9020     9333     9181
     370 3     9022     9194     9344
     371 3     9022     9344     9191
     372 3     9027     9201     9348
     373 3     9027     9348     9194
     374 3     9030     9210     9359
     375 3     9030     9359     9201
     376 3     9044     9223     9369
     377 3     9044     9369     9210
     378 3     9064     9393     9223
     379 3     9064     9244     9393
     380 3     9084     9434     9244
     381 3     9084     9277     9434
     382 3     9112     9473     9277
     383 3     9112     9314     9473
     384 3     9158     9322     9488
     385 3     9174     9331     9495
     386 3     9174     9495     9322
     387 3     9181     9333     9501
     388 3     9181     9501     9331
     389 3     9191     9344     9506
     390 3     9191     9506     9333
     391 3     9194     9348     9511
     392 3     9194     9511     9344
     393 3     9163     9515     9314
     394 3     9201     9359     9521
     395 3     9201     9521     9348
     396 3     9210     9369     9540
     397 3     9210     9540     9359
     398 3     9223     9564     9369
     399 3     9223     9393     9564
     400 3     9244     9586     9393
     401 3     9244     9434     9586
     402 3     9277     9623     9434
     403 3     9277     9473     9623
     404 3     9322     9495     9653
     405 3     9322     9653     9488
     406 3     9331     9501     9663
     407 3     9331     9663     9495
     408 3     9333     9506     9669
     409 3     9314     9672     9473
     410 3     9333     9669     9501
     411 3     9344     9511     9676
     412 3     9344     9676     9506
     413 3     9314     9515     9672
     414 3     9348     9521     9690
     415 3     9348     9690     9511
     416 3     9359     9540     9699
     417 3     9359     9699     9521
     418 3     9369     9715     9540
     419 3     9369     9564     9715
     420 3     9393     9737     9564
     421 3     9393     9586     9737
     422 3     9434     9770     9586
     423 3     9434     9623     9770
     424 3     9488     9653     9800
     425 3     9473     9802     9623
     426 3     9495     9663     9803
     427 3     9495     9803     9653
     428 3     9501     9669     9807
     429 3     9473     9672     9802
     430 3     9501     9807     9663
     431 3     9506     9676     9818
     432 3     9506     9818     9669
     433 3     9511     9690     9824
     434 3     9511     9824     9676
     435 3     9521     9699     9836
     436 3     9521     9836     9690
     437 3     9540     9847     9699
     438 3     9540     9715     9847
     439 3     9564     9866     9715
     440 3     9564     9737     9866
     441 3     9586     9898     9737
     442 3     9586     9770     9898
     443 3     9623     9923     9770
     444 3     9623     9802     9923
     445 3     9653     9803     9937
     446 3     9653     9937     9800
     447 3     9663     9807     9940
     448 3     9663     9940     9803
     449 3     9669     9818     9944
     450 3     9669     9944     9807
     451 3     9676     9824     9951
     452 3     9676     9951     9818
     453 3     9690     9836     9957
     454 3     9690     9957     9824
     455 3     9672     9960     9802
     456 3     9699     9965     9836
     457 3     9699     9847     9965
     458 3     9715     9980     9847
     459 3     9715     9866     9980
     460 3     9737    10008     9866
     461 3     9737     9898    10008
     462 3     9770    10044     9898
     463 3     9770     9923    10044
     464 3     9803     9940    10067
     465 3     9803    10067     9937
     466 3     9807     9944    10072
     467 3     9807    10072     9940
     468 3     9818     9951    10076
     469 3     9818    10076     9944
     470 3     9802    10079     9923
     471 3     9824     9957    10086
     472 3     9824    10086     9951
     473 3     9802     9960    10079
     474 3     9836     9965    10104
     475 3     9836    10104     9957
     476 3     9847    10116     9965
     477 3     9847     9980    10116
     478 3     9866    10129     9980
     479 3     9866    10008    10129
     480 3     9898    10162    10008
     481 3     9898    10044    10162
     482 3     9923    10195    10044
     483 3     9940    10072    10197
     484 3     9940    10197    10067
     485 3     9944    10076    10203
     486 3     9923    10079    10195
     487 3     9944    10203    10072
     488 3     9951    10086    10216
     489 3     9951    10216    10076
     490 3     9957    10104    10222
     491 3     9957    10222    10086
     492 3     9965    10237    10104
     493 3     9965    10116    10237
     494 3     9960    10242    10079
     495 3     9980    10255    10116
     496 3     9980    10129    10255
     497 3    10008    10281    10129
     498 3    10008    10162    10281
     499 3    10044    10316    10162
     500 3    10044    10195    10316
     501 3    10072    10203    10337
     502 3    10072    10337    10197
     503 3    10076    10216    10344
     504 3    10076    10344    10203
     505 3    10086    10222    10354
     506 3    10086    10354    10216
     507 3    10079    10359    10195
     508 3    10104    10366    10222
     509 3    10104    10237    10366
     510 3    10079    10242    10359
     511 3    10116    10389    10237
     512 3    10116    10255    10389
     513 3    10129    10410    10255
     514 3    10129    10281    10410
     515 3    10162    10431    10281
     516 3    10162    10316    10431
     517 3    10195    10476    10316
     518 3    10216    10354    10483
     519 3    10216    10483    10344
     520 3    10195    10359    10476
     521 3    10222    10490    10354
     522 3    10222    10366    10490
     523 3    10237    10508    10366
     524 3    10237    10389    10508
     525 3    10242    10523    10359
     526 3    10255    10527    10389
     527 3    10255    10410    10527
     528 3    10281    10546    10410
     529 3    10281    10431    10546
     530 3    10316    10581    10431
     531 3    10316    10476    10581
     532 3    10359    10623    10476
     533 3    10359    10523    10623
     534 3    10389    10633    10508
     535 3    10389    10527    10633
     536 3    10410    10660    10527
     537 3    10410    10546    10660
     538 3    10431    10680    10546
     539 3    10431    10581    10680
     540 3    10476    10721    10581
     541 3    10476    10623    10721
     542 3    10546    10784    10660
     543 3    10546    10680    10784
 0                                                                              
 0                                                                              
 0                                                                              
 0                                                                              
