FileFmt      1050624           0           0
NELG           58641         560         543
      -14293
      -14316
      -14329
      -14349
      -14392
      -14401
      -14406
      -14413
      -14424
      -14436
       14442
      -14445
      -14466
      -14488
      -14501
      -14507
       14515
      -14525
       14535
       14540
      -14543
       14551
      -14557
      -14577
      -14594
      -14595
       14607
      -14619
       14631
       14639
       14643
       14660
       14666
       14668
       14694
       14712
      -14718
       14727
      -14739
       14744
       14752
       14762
       14771
       14781
       14786
       14804
       14815
       14838
       14849
      -14852
       14862
      -14865
       14871
       14881
       14885
       14890
       14898
       14905
       14908
       14913
       14930
       14947
       14960
      -14961
       14969
      -14974
       14984
       14990
       14991
       14999
       15000
       15002
       15017
       15019
       15032
       15043
       15058
       15073
      -15083
       15092
      -15099
       15100
       15108
       15115
       15117
       15122
       15126
       15128
       15133
       15150
       15157
       15166
       15175
       15188
       15197
      -15202
       15206
       15210
      -15211
       15217
       15222
       15224
       15237
       15239
       15246
       15251
       15261
       15275
       15278
       15288
       15294
       15304
       15307
       15318
       15319
      -15325
       15328
       15334
      -15335
       15337
       15348
       15354
       15365
       15378
       15387
       15392
       15403
       15405
       15417
       15421
       15432
       15433
       15437
       15446
       15448
      -15457
       15459
      -15462
       15470
       15472
       15481
       15487
       15500
       15508
       15517
       15521
       15527
       15530
       15539
       15540
       15547
       15548
       15551
       15559
       15590
       15593
       15596
      -15597
      -15598
       15600
       15602
       15607
       15611
       15620
       15621
       15633
       15637
       15649
       15650
       15657
       15661
       15662
       15665
       15667
       15713
       15716
       15719
       15720
       15723
       15726
       15727
       15737
      -15738
      -15739
       15740
       15748
       15754
       15767
       15768
       15773
       15774
       15776
       15778
       15785
       15787
       15850
       15853
       15856
       15858
       15860
       15861
       15862
       15870
       15871
       15872
       15873
       15883
       15884
       15893
       15894
       15895
       15898
       15899
      -15900
       15902
       15904
       15991
       15993
       15995
       15997
       16001
       16002
       16004
       16010
       16012
       16013
       16014
       16015
       16019
       16021
       16024
       16025
       16028
       16029
       16035
       16037
       16038
       16125
       16126
       16129
       16130
       16132
       16135
       16136
       16137
       16141
       16142
       16144
       16145
       16146
       16148
       16151
       16153
       16156
       16157
       16171
       16172
       16194
       16254
       16262
       16263
       16266
       16269
       16271
       16272
       16274
       16275
       16276
       16277
       16278
       16282
       16283
       16284
       16286
       16289
       16310
       16311
       16329
       16334
       16420
       16422
       16430
       16431
       16433
       16434
       16435
       16437
       16445
       16447
       16448
       16449
       16450
       16453
       16459
       16462
       16481
       16482
       16521
       16527
       16584
       16657
       16682
       16690
       16695
       16698
       16701
       16704
       16707
       16712
       16716
       16721
       16722
       16730
       16737
       16742
       16764
       16765
       16806
       16811
       16869
       16882
       16941
       16944
       16956
       16962
       16966
       16971
       16976
       16980
       16982
       16986
       16990
       17000
       17012
       17016
       17041
       17042
       17078
       17084
       17119
       17128
       17197
       17205
       17217
       17222
       17232
       17244
       17248
       17256
       17258
       17266
       17271
       17276
       17288
       17294
       17311
       17313
       17342
       17351
       17401
       17416
       17473
       17484
       17488
       17491
       17504
       17507
       17510
       17521
       17524
       17530
       17533
       17540
       17552
       17554
       17568
       17570
       17603
       17607
       17650
       17656
       17723
       17740
       17753
       17766
       17769
       17778
       17781
       17784
       17788
       17793
       17798
       17801
       17810
       17818
       17835
       17839
       17871
       17874
       17916
       17923
       17971
       17986
       18020
       18022
       18037
       18044
       18052
       18055
       18059
       18067
       18074
       18080
       18094
       18096
       18111
       18113
       18138
       18140
       18175
       18180
       18230
       18236
       18288
       18294
       18297
       18302
       18305
       18309
       18317
       18326
       18329
       18338
       18342
       18359
       18362
       18380
       18382
       18413
       18417
       18466
       18471
       18517
       18540
       18544
       18548
       18555
       18556
       18563
       18568
       18575
       18579
       18591
       18594
       18601
       18610
       18613
       18636
       18638
       18673
       18682
       18731
       18739
       18770
       18773
       18782
       18784
       18791
       18794
       18796
       18806
       18807
       18815
       18829
       18830
       18850
       18852
       18878
       18888
       18934
       18948
       18998
       19004
       19007
       19014
       19016
       19020
       19038
       19039
       19054
       19055
       19076
       19080
       19087
       19110
       19114
       19150
       19156
       19210
       19222
       19245
       19247
       19260
       19263
       19276
       19278
       19285
       19297
       19299
       19306
       19331
       19333
       19373
       19380
       19419
       19429
       19488
       19501
       19503
       19507
       19517
       19519
       19547
       19552
       19575
       19582
       19585
       19623
       19634
       19683
       19694
       19765
       19781
       19784
       19787
       19831
       19843
       19871
       19889
       19948
       19969
       20066
       20079
NNODG          32218         319         304
       -7383
       -7395
       -7435
       -7438
       -7452
       -7462
       -7467
       -7480
       -7483
        7498
       -7513
        7521
       -7535
       -7537
        7552
        7559
        7564
       -7579
        7581
       -7583
        7599
        7608
        7615
        7630
        7631
       -7635
        7652
        7665
        7672
        7688
        7692
       -7702
       -7709
        7719
        7733
        7738
        7748
        7755
        7768
        7784
       -7787
        7797
        7799
        7810
        7815
        7819
       -7827
        7830
       -7845
        7852
        7859
        7863
        7877
        7878
        7884
        7896
        7910
       -7921
        7924
        7931
        7939
        7943
        7946
       -7953
        7957
        7969
        7978
       -7988
        7992
        7994
        7999
        8003
        8006
        8021
        8029
        8036
        8045
        8050
        8059
       -8061
        8062
       -8063
        8071
        8078
        8090
        8099
        8107
        8115
        8125
        8128
        8135
        8136
       -8141
        8142
        8151
        8164
        8171
        8177
        8183
       -8186
        8187
        8208
        8211
        8212
        8215
        8220
       -8221
        8228
        8237
        8244
        8247
        8249
        8278
        8280
        8282
        8287
        8293
        8294
        8303
        8312
       -8317
        8318
        8319
        8360
        8361
        8363
        8365
        8371
        8372
        8378
        8383
        8384
        8386
       -8387
        8432
        8433
        8435
        8440
        8448
       -8450
        8451
        8452
        8455
        8456
        8460
        8513
        8514
        8517
        8518
        8520
        8522
        8523
        8524
        8526
        8537
       -8547
       -8581
        8586
        8587
        8589
        8592
        8594
        8595
        8596
        8599
        8613
        8625
        8686
        8694
        8695
        8697
        8698
        8699
        8706
        8713
        8728
        8755
       -8799
       -8842
        8856
        8864
        8867
        8870
        8871
        8878
        8884
        8899
        8929
        8964
        9004
        9015
        9020
        9022
        9027
        9030
        9044
        9064
        9084
        9112
       -9158
       -9163
        9174
        9181
        9191
        9194
        9201
        9210
        9223
        9244
        9277
        9314
        9322
        9331
        9333
        9344
        9348
        9359
        9369
        9393
        9434
        9473
       -9488
        9495
        9501
        9506
        9511
       -9515
        9521
        9540
        9564
        9586
        9623
        9653
        9663
        9669
       -9672
        9676
        9690
        9699
        9715
        9737
        9770
       -9800
        9802
        9803
        9807
        9818
        9824
        9836
        9847
        9866
        9898
        9923
       -9937
        9940
        9944
        9951
        9957
       -9960
        9965
        9980
       10008
       10044
      -10067
       10072
       10076
       10079
       10086
       10104
       10116
       10129
       10162
       10195
      -10197
      -10203
       10216
       10222
       10237
      -10242
       10255
       10281
       10316
      -10337
      -10344
      -10354
       10359
      -10366
       10389
       10410
       10431
       10476
      -10483
      -10490
      -10508
      -10523
      -10527
       10546
      -10581
      -10623
      -10633
      -10660
      -10680
      -10721
      -10784
NFLUXF             0
NETA             128          29           0
NSTAE              0           0           0
NSTAV              0           0           0
NSTAM              0           0           0
NSTAC              0           0           0
RES NODE          33         241
                  10          12          15          16          17          19
                  21          22          23          24          25          27
                  28          29          30          31          34          35
                  36          37          38          39          40          42
                  43          44          45          46          48          50
                  51          52          53          54          55          56
                  57          59          60          61          62          63
                  65          66          67          69          70          71
                  72          73          74          75          76          77
                  78          79          81          83          84          85
                  86          87          88          89          90          91
                  92          94          95          96          97          98
                  99         101         102         103         104         105
                 106         108         109         110         111         112
                 113         114         115         116         117         118
                 119         120         122         123         124         125
                 126         127         128         129         130         131
                 132         133         135         136         137         138
                 139         141         142         143         144         145
                 146         147         148         149         150         151
                 152         153         154         155         158         159
                 160         161         162         163         164         165
                 166         167         168         169         170         171
                 172         173         174         175         176         177
                 180         181         182         183         184         185
                 186         187         188         189         190         191
                 192         193         194         195         196         197
                 198         199         202         203         204         205
                 206         207         208         209         210         211
                 212         213         214         215         216         217
                 218         219         220         221         223         224
                 225         226         228         229         230         231
                 232         233         234         235         237         238
                 239         240         241         242         244         245
                 246         247         248         249         250         251
                 252         253         255         256         257         258
                 260         261         262         263         265         266
                 267         268         269         270         271         272
                 273         276         277         278         280         281
                 282         286         288         289         290         291
                 297
COMM PE            4
RECV PE           32          21
                   1           2           3           4           5           6
                   8           9          11          13          14          20
                  26          33          41          49          58          68
                  80          93         107
RECV PE           34          10
                 134         156         178         201         227         236
                 259         279         295         299
RECV PE           35          17
                 264         274         275         283         284         285
                 287         292         293         294         296         298
                 300         301         302         303         304
RECV PE           37          15
                   7          18          32          47          64          82
                 100         121         140         157         179         200
                 222         243         254
SEND PE           32          20
                  10          12          15          16          17          19
                  21          22          25          27          28          35
                  43          51          60          70          81          91
                 104         117
SEND PE           34          10
                 117         145         167         189         211         221
                 244         267         286         291
SEND PE           35          17
                 245         255         256         265         266         268
                 269         276         277         278         280         282
                 288         289         290         291         297
SEND PE           37          14
                  12          24          39          55          73          90
                 112         132         150         168         190         212
                 233         245
