bi_1997_v2.grd                                                                  
     529     306
   25345 -0.759982500000E+02  0.351011800000E+02  0.312400000000E+01
   25361 -0.760023100000E+02  0.351027700000E+02  0.702000000000E+00
   25372 -0.759940300000E+02  0.351032500000E+02  0.390000000000E+01
   25375 -0.760062600000E+02  0.351036900000E+02  0.897000000000E+00
   25386 -0.760098800000E+02  0.351046600000E+02  0.986000000000E+00
   25390 -0.759897800000E+02  0.351045100000E+02  0.673000000000E+00
   25395 -0.760135200000E+02  0.351056600000E+02  0.994000000000E+00
   25401 -0.760170700000E+02  0.351063200000E+02  0.332500000000E+01
   25403 -0.759985800000E+02  0.351062700000E+02  0.220800000000E+01
   25405 -0.760036500000E+02  0.351068700000E+02  0.935000000000E+00
   25407 -0.760203600000E+02  0.351069900000E+02  0.751000000000E+00
   25409 -0.760073200000E+02  0.351070700000E+02  0.114900000000E+01
   25412 -0.760236500000E+02  0.351077700000E+02  0.585000000000E+00
   25416 -0.760696100000E+02  0.351079200000E+02  0.558000000000E+00
   25417 -0.760269600000E+02  0.351081900000E+02  0.201800000000E+01
   25420 -0.759935500000E+02  0.351081000000E+02  0.531100000000E+01
   25426 -0.760107000000E+02  0.351087800000E+02  0.123500000000E+01
   25428 -0.760184100000E+02  0.351092100000E+02  0.991000000000E+00
   25431 -0.760150400000E+02  0.351095300000E+02  0.280800000000E+01
   25433 -0.759902200000E+02  0.351096900000E+02  0.988000000000E+00
   25436 -0.760827600000E+02  0.351100300000E+02  0.690000000000E+00
   25437 -0.760012700000E+02  0.351101200000E+02  0.807000000000E+00
   25439 -0.760214400000E+02  0.351104000000E+02  0.717000000000E+00
   25442 -0.760286900000E+02  0.351109800000E+02  0.429200000000E+01
   25445 -0.760252800000E+02  0.351111200000E+02  0.199100000000E+01
   25447 -0.760060600000E+02  0.351113400000E+02  0.123500000000E+01
   25449 -0.759969300000E+02  0.351115800000E+02  0.339500000000E+01
   25455 -0.760623100000E+02  0.351113500000E+02  0.558000000000E+00
   25457 -0.760325800000E+02  0.351125500000E+02  0.115500000000E+01
   25458 -0.760389000000E+02  0.351124000000E+02  0.725000000000E+00
   25461 -0.760181400000E+02  0.351127400000E+02  0.116000000000E+01
   25464 -0.759917100000E+02  0.351133000000E+02  0.209600000000E+01
   25467 -0.760123700000E+02  0.351143900000E+02  0.953000000000E+00
   25470 -0.760228200000E+02  0.351144400000E+02  0.164900000000E+01
   25476 -0.760010800000E+02  0.351144900000E+02  0.134700000000E+01
   25477 -0.760281200000E+02  0.351148100000E+02  0.249200000000E+01
   25483 -0.760576200000E+02  0.351163200000E+02  0.106800000000E+01
   25492 -0.759954000000E+02  0.351172000000E+02  0.480200000000E+01
   25495 -0.760472100000E+02  0.351171500000E+02  0.688000000000E+00
   25497 -0.760059900000E+02  0.351175800000E+02  0.156500000000E+01
   25503 -0.760187500000E+02  0.351183400000E+02  0.209800000000E+01
   25505 -0.760686000000E+02  0.351188600000E+02  0.104700000000E+01
   25507 -0.760251900000E+02  0.351190600000E+02  0.753000000000E+00
   25515 -0.760007700000E+02  0.351190800000E+02  0.302200000000E+01
   25516 -0.759887200000E+02  0.351165400000E+02  0.817000000000E+00
   25517 -0.760991700000E+02  0.351181200000E+02  0.187000000000E+01
   25526 -0.760341900000E+02  0.351206300000E+02  0.707000000000E+00
   25533 -0.759976400000E+02  0.351223400000E+02  0.102500000000E+01
   25535 -0.760119100000E+02  0.351223100000E+02  0.134500000000E+01
   25539 -0.759909100000E+02  0.351229800000E+02  0.672000000000E+00
   25541 -0.759603500000E+02  0.351142900000E+02  0.565000000000E+00
   25542 -0.759531100000E+02  0.351183900000E+02  0.577000000000E+00
   25543 -0.759625200000E+02  0.351193500000E+02  0.573000000000E+00
   25548 -0.760037200000E+02  0.351237800000E+02  0.126700000000E+01
   25560 -0.760562100000E+02  0.351257000000E+02  0.154400000000E+01
   25564 -0.759680600000E+02  0.351171800000E+02  0.555000000000E+00
   25565 -0.759694800000E+02  0.351261600000E+02  0.202000000000E+01
   25566 -0.760220900000E+02  0.351269700000E+02  0.148500000000E+01
   25568 -0.759789300000E+02  0.351220400000E+02  0.654000000000E+00
   25574 -0.760835000000E+02  0.351265000000E+02  0.182500000000E+01
   25575 -0.761153900000E+02  0.351263800000E+02  0.386600000000E+01
   25578 -0.760446700000E+02  0.351276000000E+02  0.780000000000E+00
   25591 -0.759974200000E+02  0.351286100000E+02  0.950000000000E+00
   25592 -0.759601800000E+02  0.351292000000E+02  0.196100000000E+01
   25605 -0.759405100000E+02  0.351242400000E+02  0.564000000000E+00
   25606 -0.759501000000E+02  0.351308900000E+02  0.966000000000E+00
   25607 -0.759873700000E+02  0.351311200000E+02  0.116900000000E+01
   25609 -0.759776600000E+02  0.351318400000E+02  0.121000000000E+01
   25612 -0.760085400000E+02  0.351326900000E+02  0.768000000000E+00
   25625 -0.760347700000E+02  0.351343800000E+02  0.172100000000E+01
   25626 -0.760682400000E+02  0.351341100000E+02  0.203800000000E+01
   25636 -0.760991400000E+02  0.351348700000E+02  0.138200000000E+01
   25637 -0.761315000000E+02  0.351350200000E+02  0.376000000000E+01
   25648 -0.759695600000E+02  0.351373100000E+02  0.776000000000E+00
   25659 -0.759963400000E+02  0.351386700000E+02  0.861000000000E+00
   25663 -0.759403400000E+02  0.351395000000E+02  0.757000000000E+00
   25668 -0.759297900000E+02  0.351294300000E+02  0.568000000000E+00
   25669 -0.760510000000E+02  0.351400600000E+02  0.274800000000E+01
   25686 -0.760212800000E+02  0.351413100000E+02  0.267300000000E+01
   25688 -0.759830000000E+02  0.351425200000E+02  0.127200000000E+01
   25691 -0.759185700000E+02  0.351342100000E+02  0.555000000000E+00
   25692 -0.759266400000E+02  0.351427600000E+02  0.139200000000E+01
   25696 -0.759563900000E+02  0.351430600000E+02  0.932000000000E+00
   25708 -0.760831800000E+02  0.351429500000E+02  0.311700000000E+01
   25717 -0.761149800000E+02  0.351434800000E+02  0.580000000000E+00
   25719 -0.761474500000E+02  0.351437500000E+02  0.121100000000E+01
   25721 -0.759077100000E+02  0.351386100000E+02  0.555000000000E+00
   25722 -0.759161500000E+02  0.351450300000E+02  0.783000000000E+00
   25739 -0.760071000000E+02  0.351471200000E+02  0.148200000000E+01
   25765 -0.759946400000E+02  0.351498600000E+02  0.158900000000E+01
   25768 -0.760354000000E+02  0.351496100000E+02  0.290300000000E+01
   25774 -0.759337000000E+02  0.351517800000E+02  0.218400000000E+01
   25777 -0.759707000000E+02  0.351510300000E+02  0.289600000000E+01
   25778 -0.760669900000E+02  0.351505400000E+02  0.459800000000E+01
   25797 -0.760987000000E+02  0.351517700000E+02  0.292100000000E+01
   25798 -0.759065000000E+02  0.351529800000E+02  0.922000000000E+00
   25800 -0.758962000000E+02  0.351434700000E+02  0.555000000000E+00
   25804 -0.761308300000E+02  0.351521900000E+02  0.149400000000E+01
   25815 -0.759453700000E+02  0.351542700000E+02  0.286900000000E+01
   25842 -0.759213800000E+02  0.351565200000E+02  0.275400000000E+01
   25846 -0.758839300000E+02  0.351485100000E+02  0.555000000000E+00
   25847 -0.758930600000E+02  0.351567800000E+02  0.753000000000E+00
   25858 -0.760198300000E+02  0.351569800000E+02  0.339800000000E+01
   25861 -0.759848000000E+02  0.351577900000E+02  0.357500000000E+01
   25880 -0.760507700000E+02  0.351584000000E+02  0.514400000000E+01
   25881 -0.759585800000E+02  0.351591200000E+02  0.356900000000E+01
   25902 -0.760825000000E+02  0.351598400000E+02  0.372200000000E+01
   25910 -0.761143800000E+02  0.351605900000E+02  0.181700000000E+01
   25912 -0.758806000000E+02  0.351618700000E+02  0.557000000000E+00
   25916 -0.761466100000E+02  0.351609200000E+02  0.230700000000E+01
   25926 -0.760019800000E+02  0.351631500000E+02  0.384500000000E+01
   25939 -0.759005400000E+02  0.351642200000E+02  0.237700000000E+01
   25975 -0.759106400000E+02  0.351660700000E+02  0.372600000000E+01
   25977 -0.759349100000E+02  0.351657400000E+02  0.418400000000E+01
   25982 -0.759484400000E+02  0.351663300000E+02  0.400600000000E+01
   25992 -0.759719200000E+02  0.351662800000E+02  0.449500000000E+01
   26008 -0.760347800000E+02  0.351664800000E+02  0.481300000000E+01
   26026 -0.760663100000E+02  0.351678200000E+02  0.475200000000E+01
   26039 -0.758906300000E+02  0.351695400000E+02  0.250500000000E+01
   26043 -0.760980600000E+02  0.351688800000E+02  0.398100000000E+01
   26050 -0.761300800000E+02  0.351693900000E+02  0.514400000000E+01
   26056 -0.761623500000E+02  0.351695600000E+02  0.627100000000E+01
   26066 -0.759212300000E+02  0.351711600000E+02  0.432700000000E+01
   26097 -0.759587600000E+02  0.351736900000E+02  0.458100000000E+01
   26118 -0.759866600000E+02  0.351737900000E+02  0.514800000000E+01
   26128 -0.760184900000E+02  0.351741300000E+02  0.565400000000E+01
   26133 -0.759020000000E+02  0.351755900000E+02  0.419500000000E+01
   26138 -0.759123700000E+02  0.351758400000E+02  0.447200000000E+01
   26155 -0.760501800000E+02  0.351758500000E+02  0.595000000000E+01
   26171 -0.760818200000E+02  0.351770600000E+02  0.360900000000E+01
   26187 -0.761136600000E+02  0.351778100000E+02  0.496000000000E+01
   26190 -0.759446500000E+02  0.351787500000E+02  0.421600000000E+01
   26195 -0.761457700000E+02  0.351781300000E+02  0.578600000000E+01
   26219 -0.759297300000E+02  0.351812100000E+02  0.473800000000E+01
   26229 -0.759185400000E+02  0.351814300000E+02  0.468400000000E+01
   26248 -0.758905800000E+02  0.351820300000E+02  0.379300000000E+01
   26250 -0.759721000000E+02  0.351821800000E+02  0.554100000000E+01
   26256 -0.760023600000E+02  0.351823500000E+02  0.604600000000E+01
   26277 -0.760340700000E+02  0.351838500000E+02  0.643000000000E+01
   26280 -0.759095300000E+02  0.351848600000E+02  0.472300000000E+01
   26302 -0.760656400000E+02  0.351852000000E+02  0.465400000000E+01
   26308 -0.758998600000E+02  0.351863600000E+02  0.458400000000E+01
   26313 -0.760973400000E+02  0.351861600000E+02  0.430400000000E+01
   26325 -0.761292700000E+02  0.351866800000E+02  0.494600000000E+01
   26330 -0.761614400000E+02  0.351867700000E+02  0.718600000000E+01
   26350 -0.759569800000E+02  0.351893700000E+02  0.521000000000E+01
   26381 -0.759868800000E+02  0.351909400000E+02  0.603900000000E+01
   26395 -0.760180200000E+02  0.351919100000E+02  0.631900000000E+01
   26399 -0.758926500000E+02  0.351934100000E+02  0.476400000000E+01
   26416 -0.760495300000E+02  0.351933100000E+02  0.596200000000E+01
   26426 -0.759199300000E+02  0.351939900000E+02  0.512600000000E+01
   26432 -0.760811100000E+02  0.351944400000E+02  0.383300000000E+01
   26435 -0.759045900000E+02  0.351958200000E+02  0.511800000000E+01
   26437 -0.759392200000E+02  0.351960400000E+02  0.506800000000E+01
   26441 -0.761128600000E+02  0.351951800000E+02  0.511500000000E+01
   26450 -0.761448700000E+02  0.351954500000E+02  0.670800000000E+01
   26483 -0.759715100000E+02  0.351989200000E+02  0.578400000000E+01
   26499 -0.760021700000E+02  0.352001100000E+02  0.640200000000E+01
   26512 -0.760334900000E+02  0.352014100000E+02  0.660600000000E+01
   26524 -0.760649600000E+02  0.352026700000E+02  0.456500000000E+01
   26531 -0.760965600000E+02  0.352036000000E+02  0.465200000000E+01
   26538 -0.761283900000E+02  0.352041000000E+02  0.570400000000E+01
   26539 -0.761604900000E+02  0.352041000000E+02  0.525500000000E+01
   26548 -0.758947000000E+02  0.352054300000E+02  0.512500000000E+01
   26563 -0.759271600000E+02  0.352076000000E+02  0.575300000000E+01
   26571 -0.759557300000E+02  0.352065600000E+02  0.540900000000E+01
   26587 -0.759865400000E+02  0.352082400000E+02  0.633500000000E+01
   26599 -0.760175600000E+02  0.352095300000E+02  0.665100000000E+01
   26600 -0.759109000000E+02  0.352107900000E+02  0.567700000000E+01
   26612 -0.760488900000E+02  0.352108500000E+02  0.615400000000E+01
   26620 -0.760803500000E+02  0.352119500000E+02  0.368100000000E+01
   26629 -0.761120000000E+02  0.352126800000E+02  0.564200000000E+01
   26635 -0.761439100000E+02  0.352129200000E+02  0.614500000000E+01
   26643 -0.759404500000E+02  0.352147500000E+02  0.603900000000E+01
   26665 -0.759709200000E+02  0.352161600000E+02  0.631200000000E+01
   26677 -0.760017600000E+02  0.352176300000E+02  0.668600000000E+01
   26693 -0.760329200000E+02  0.352189900000E+02  0.655200000000E+01
   26705 -0.760642500000E+02  0.352202300000E+02  0.484600000000E+01
   26711 -0.758948800000E+02  0.352206400000E+02  0.530400000000E+01
   26712 -0.760957200000E+02  0.352211800000E+02  0.497400000000E+01
   26715 -0.761594600000E+02  0.352216100000E+02  0.625500000000E+01
   26717 -0.761274200000E+02  0.352216800000E+02  0.582000000000E+01
   26727 -0.759254100000E+02  0.352223500000E+02  0.600100000000E+01
   26743 -0.759553500000E+02  0.352240300000E+02  0.636200000000E+01
   26757 -0.759860500000E+02  0.352256400000E+02  0.676800000000E+01
   26768 -0.760170400000E+02  0.352271000000E+02  0.665100000000E+01
   26779 -0.760482400000E+02  0.352284500000E+02  0.609100000000E+01
   26784 -0.759097100000E+02  0.352296400000E+02  0.596900000000E+01
   26787 -0.760795600000E+02  0.352295800000E+02  0.363800000000E+01
   26795 -0.761110500000E+02  0.352303500000E+02  0.522700000000E+01
   26799 -0.761428400000E+02  0.352305800000E+02  0.634200000000E+01
   26805 -0.759399000000E+02  0.352318200000E+02  0.657000000000E+01
   26820 -0.759704000000E+02  0.352335300000E+02  0.675600000000E+01
   26836 -0.760012500000E+02  0.352351300000E+02  0.671900000000E+01
   26848 -0.760323300000E+02  0.352366000000E+02  0.641000000000E+01
   26852 -0.758940700000E+02  0.352376200000E+02  0.585200000000E+01
   26853 -0.760635100000E+02  0.352378900000E+02  0.545500000000E+01
   26860 -0.760948200000E+02  0.352389000000E+02  0.379500000000E+01
   26864 -0.759243800000E+02  0.352394000000E+02  0.635200000000E+01
   26865 -0.761583000000E+02  0.352393400000E+02  0.581800000000E+01
   26866 -0.761263400000E+02  0.352394500000E+02  0.490800000000E+01
   26877 -0.759547700000E+02  0.352413200000E+02  0.665100000000E+01
   26883 -0.759855200000E+02  0.352430700000E+02  0.695500000000E+01
   26889 -0.760164900000E+02  0.352446700000E+02  0.665000000000E+01
   26900 -0.760475800000E+02  0.352461100000E+02  0.653600000000E+01
   26902 -0.759086900000E+02  0.352469700000E+02  0.634400000000E+01
   26904 -0.760787300000E+02  0.352473300000E+02  0.372100000000E+01
   26908 -0.761100100000E+02  0.352481800000E+02  0.446700000000E+01
   26913 -0.761416200000E+02  0.352484700000E+02  0.508800000000E+01
   26916 -0.759391400000E+02  0.352489900000E+02  0.683700000000E+01
   26922 -0.759698000000E+02  0.352509000000E+02  0.684100000000E+01
   26930 -0.760007000000E+02  0.352526600000E+02  0.691500000000E+01
   26942 -0.760317200000E+02  0.352542500000E+02  0.640000000000E+01
   26945 -0.760627700000E+02  0.352556400000E+02  0.608300000000E+01
   26953 -0.759234300000E+02  0.352565600000E+02  0.665100000000E+01
   26954 -0.760938600000E+02  0.352567600000E+02  0.253400000000E+01
   26956 -0.761569400000E+02  0.352573600000E+02  0.381200000000E+01
   26958 -0.761251300000E+02  0.352574400000E+02  0.365400000000E+01
   26964 -0.759540900000E+02  0.352586100000E+02  0.665200000000E+01
   26976 -0.759849300000E+02  0.352605400000E+02  0.665200000000E+01
   26987 -0.760159100000E+02  0.352622900000E+02  0.677000000000E+01
   26989 -0.760469100000E+02  0.352638400000E+02  0.638600000000E+01
   26996 -0.760778700000E+02  0.352651800000E+02  0.320500000000E+01
   27001 -0.761088700000E+02  0.352662100000E+02  0.361300000000E+01
   27002 -0.759383200000E+02  0.352662100000E+02  0.678300000000E+01
   27004 -0.761402000000E+02  0.352666500000E+02  0.383600000000E+01
   27013 -0.759691600000E+02  0.352683000000E+02  0.676400000000E+01
   27025 -0.760001300000E+02  0.352702300000E+02  0.665100000000E+01
   27031 -0.760311100000E+02  0.352719500000E+02  0.665000000000E+01
   27042 -0.760620300000E+02  0.352734600000E+02  0.541200000000E+01
   27050 -0.760928500000E+02  0.352747600000E+02  0.381600000000E+01
   27054 -0.761237600000E+02  0.352756800000E+02  0.414900000000E+01
   27056 -0.761552600000E+02  0.352757900000E+02  0.364900000000E+01
   27059 -0.759533500000E+02  0.352759300000E+02  0.665900000000E+01
   27066 -0.759843300000E+02  0.352780500000E+02  0.665100000000E+01
   27077 -0.760153500000E+02  0.352799600000E+02  0.652200000000E+01
   27088 -0.760462700000E+02  0.352816300000E+02  0.573100000000E+01
   27096 -0.760770200000E+02  0.352831300000E+02  0.352700000000E+01
   27101 -0.761076400000E+02  0.352844100000E+02  0.417300000000E+01
   27104 -0.761384800000E+02  0.352851800000E+02  0.363600000000E+01
   27112 -0.759685000000E+02  0.352857300000E+02  0.665100000000E+01
   27125 -0.759995700000E+02  0.352878500000E+02  0.650200000000E+01
   27131 -0.760305600000E+02  0.352897100000E+02  0.464200000000E+01
   27139 -0.760613300000E+02  0.352913500000E+02  0.349300000000E+01
   27145 -0.760918400000E+02  0.352928800000E+02  0.356000000000E+01
   27152 -0.761222000000E+02  0.352941700000E+02  0.363200000000E+01
   27155 -0.761530500000E+02  0.352947600000E+02  0.333600000000E+01
   27165 -0.759837400000E+02  0.352956100000E+02  0.634700000000E+01
   27176 -0.760148300000E+02  0.352977000000E+02  0.599700000000E+01
   27182 -0.760457100000E+02  0.352994800000E+02  0.402500000000E+01
   27195 -0.760762300000E+02  0.353011200000E+02  0.330800000000E+01
   27201 -0.761063800000E+02  0.353027900000E+02  0.289200000000E+01
   27208 -0.761364100000E+02  0.353040400000E+02  0.187800000000E+01
   27214 -0.759990500000E+02  0.353055600000E+02  0.611900000000E+01
   27224 -0.760300800000E+02  0.353075400000E+02  0.575800000000E+01
   27228 -0.760607500000E+02  0.353092500000E+02  0.326900000000E+01
   27242 -0.760908800000E+02  0.353110500000E+02  0.314100000000E+01
   27252 -0.761205500000E+02  0.353129000000E+02  0.253200000000E+01
   27257 -0.759831800000E+02  0.353132600000E+02  0.631800000000E+01
   27258 -0.761499700000E+02  0.353142300000E+02  0.282200000000E+01
   27265 -0.760143900000E+02  0.353155400000E+02  0.604100000000E+01
   27274 -0.760452700000E+02  0.353173600000E+02  0.411600000000E+01
   27283 -0.760755800000E+02  0.353190800000E+02  0.330100000000E+01
   27293 -0.761051400000E+02  0.353213000000E+02  0.325000000000E+01
   27299 -0.761342400000E+02  0.353230000000E+02  0.254900000000E+01
   27301 -0.759986000000E+02  0.353233800000E+02  0.604100000000E+01
   27312 -0.760297400000E+02  0.353254900000E+02  0.514100000000E+01
   27322 -0.760603500000E+02  0.353271100000E+02  0.360300000000E+01
   27334 -0.760901200000E+02  0.353291500000E+02  0.249000000000E+01
   27339 -0.761462700000E+02  0.353307800000E+02  0.184200000000E+01
   27351 -0.761189300000E+02  0.353320700000E+02  0.268100000000E+01
   27367 -0.760140700000E+02  0.353335300000E+02  0.573900000000E+01
   27375 -0.760450400000E+02  0.353353200000E+02  0.300100000000E+01
   27380 -0.760752100000E+02  0.353367900000E+02  0.312900000000E+01
   27397 -0.761040000000E+02  0.353398800000E+02  0.255300000000E+01
   27406 -0.759982400000E+02  0.353413700000E+02  0.586200000000E+01
   27422 -0.761333200000E+02  0.353439900000E+02  0.193600000000E+01
   27425 -0.760295700000E+02  0.353436200000E+02  0.364900000000E+01
   27432 -0.760602200000E+02  0.353448500000E+02  0.284400000000E+01
   27447 -0.760898700000E+02  0.353467700000E+02  0.233800000000E+01
   27463 -0.761162900000E+02  0.353513800000E+02  0.237000000000E+01
   27474 -0.760138900000E+02  0.353518100000E+02  0.438900000000E+01
   27487 -0.760451000000E+02  0.353534600000E+02  0.226900000000E+01
   27491 -0.760751200000E+02  0.353537700000E+02  0.210900000000E+01
   27516 -0.761036900000E+02  0.353585900000E+02  0.808000000000E+00
   27531 -0.759979900000E+02  0.353596100000E+02  0.541200000000E+01
   27542 -0.761370200000E+02  0.353558000000E+02  0.181100000000E+01
   27545 -0.760296200000E+02  0.353621400000E+02  0.269400000000E+01
   27550 -0.760911300000E+02  0.353624500000E+02  0.810000000000E+00
   27551 -0.760605300000E+02  0.353626700000E+02  0.206700000000E+01
   27578 -0.760737300000E+02  0.353690900000E+02  0.129100000000E+01
   27588 -0.760138700000E+02  0.353705500000E+02  0.135000000000E+01
   27595 -0.760455900000E+02  0.353721500000E+02  0.207300000000E+01
   27648 -0.760296900000E+02  0.353812600000E+02  0.168800000000E+01
   27651 -0.760634200000E+02  0.353826800000E+02  0.140000000000E+01
   27705 -0.760141300000E+02  0.353902900000E+02  0.254900000000E+01
   27709 -0.760452000000E+02  0.353906700000E+02  0.268800000000E+01
   27750 -0.760587800000E+02  0.353985800000E+02  0.203200000000E+01
   27755 -0.760718800000E+02  0.353915900000E+02  0.144400000000E+01
   27774 -0.760297400000E+02  0.354017600000E+02  0.223200000000E+01
   27789 -0.760715100000E+02  0.354037700000E+02  0.124700000000E+01
   27810 -0.760439800000E+02  0.354075800000E+02  0.218000000000E+01
   27834 -0.760156200000E+02  0.354130000000E+02  0.154300000000E+01
   27850 -0.760567100000E+02  0.354152100000E+02  0.135600000000E+01
   27854 -0.760308000000E+02  0.354148400000E+02  0.856000000000E+00
   27900 -0.760426400000E+02  0.354244300000E+02  0.162600000000E+01
       1 3    25345    25403    25361
       2 3    25345    25372    25403
       3 3    25361    25405    25375
       4 3    25375    25409    25386
       5 3    25375    25405    25409
       6 3    25361    25403    25405
       7 3    25372    25390    25420
       8 3    25386    25426    25395
       9 3    25372    25420    25403
      10 3    25386    25409    25426
      11 3    25401    25428    25407
      12 3    25395    25431    25401
      13 3    25390    25433    25420
      14 3    25405    25403    25437
      15 3    25401    25431    25428
      16 3    25407    25439    25412
      17 3    25395    25426    25431
      18 3    25407    25428    25439
      19 3    25417    25412    25445
      20 3    25409    25405    25447
      21 3    25403    25420    25449
      22 3    25412    25439    25445
      23 3    25403    25449    25437
      24 3    25417    25445    25442
      25 3    25405    25437    25447
      26 3    25409    25447    25426
      27 3    25428    25431    25461
      28 3    25428    25461    25439
      29 3    25433    25464    25420
      30 3    25420    25464    25449
      31 3    25426    25467    25431
      32 3    25439    25470    25445
      33 3    25437    25449    25476
      34 3    25442    25445    25477
      35 3    25437    25476    25447
      36 3    25439    25461    25470
      37 3    25442    25477    25457
      38 3    25426    25447    25467
      39 3    25431    25467    25461
      40 3    25445    25470    25477
      41 3    25449    25464    25492
      42 3    25447    25476    25497
      43 3    25449    25492    25476
      44 3    25447    25497    25467
      45 3    25461    25503    25470
      46 3    25416    25455    25505
      47 3    25470    25507    25477
      48 3    25461    25467    25503
      49 3    25476    25492    25515
      50 3    25464    25516    25492
      51 3    25476    25515    25497
      52 3    25457    25526    25458
      53 3    25470    25503    25507
      54 3    25457    25477    25526
      55 3    25416    25505    25436
      56 3    25492    25533    25515
      57 3    25455    25483    25505
      58 3    25467    25497    25535
      59 3    25467    25535    25503
      60 3    25516    25539    25492
      61 3    25541    25542    25543
      62 3    25477    25507    25526
      63 3    25515    25548    25497
      64 3    25492    25539    25533
      65 3    25515    25533    25548
      66 3    25458    25526    25495
      67 3    25497    25548    25535
      68 3    25483    25495    25560
      69 3    25564    25543    25565
      70 3    25507    25503    25566
      71 3    25564    25565    25568
      72 3    25516    25568    25539
      73 3    25436    25505    25574
      74 3    25436    25574    25517
      75 3    25495    25526    25578
      76 3    25483    25560    25505
      77 3    25503    25535    25566
      78 3    25533    25591    25548
      79 3    25533    25539    25591
      80 3    25543    25542    25592
      81 3    25495    25578    25560
      82 3    25543    25592    25565
      83 3    25542    25605    25606
      84 3    25539    25568    25607
      85 3    25507    25566    25526
      86 3    25542    25606    25592
      87 3    25568    25565    25609
      88 3    25535    25548    25612
      89 3    25539    25607    25591
      90 3    25568    25609    25607
      91 3    25526    25625    25578
      92 3    25505    25560    25626
      93 3    25548    25591    25612
      94 3    25526    25566    25625
      95 3    25505    25626    25574
      96 3    25535    25612    25566
      97 3    25517    25574    25636
      98 3    25517    25636    25575
      99 3    25565    25648    25609
     100 3    25565    25592    25648
     101 3    25591    25607    25659
     102 3    25605    25663    25606
     103 3    25605    25668    25663
     104 3    25578    25669    25560
     105 3    25591    25659    25612
     106 3    25566    25612    25686
     107 3    25607    25609    25688
     108 3    25668    25691    25692
     109 3    25566    25686    25625
     110 3    25592    25606    25696
     111 3    25560    25669    25626
     112 3    25574    25626    25708
     113 3    25578    25625    25669
     114 3    25574    25708    25636
     115 3    25592    25696    25648
     116 3    25575    25636    25717
     117 3    25668    25692    25663
     118 3    25691    25721    25722
     119 3    25575    25717    25637
     120 3    25607    25688    25659
     121 3    25609    25648    25688
     122 3    25691    25722    25692
     123 3    25612    25659    25739
     124 3    25606    25663    25696
     125 3    25612    25739    25686
     126 3    25659    25688    25765
     127 3    25625    25686    25768
     128 3    25625    25768    25669
     129 3    25692    25774    25663
     130 3    25648    25777    25688
     131 3    25626    25669    25778
     132 3    25659    25765    25739
     133 3    25626    25778    25708
     134 3    25648    25696    25777
     135 3    25636    25708    25797
     136 3    25721    25798    25722
     137 3    25721    25800    25798
     138 3    25636    25797    25717
     139 3    25637    25717    25804
     140 3    25637    25804    25719
     141 3    25663    25815    25696
     142 3    25663    25774    25815
     143 3    25722    25842    25692
     144 3    25800    25846    25847
     145 3    25686    25739    25858
     146 3    25688    25861    25765
     147 3    25692    25842    25774
     148 3    25800    25847    25798
     149 3    25686    25858    25768
     150 3    25688    25777    25861
     151 3    25669    25768    25880
     152 3    25696    25881    25777
     153 3    25669    25880    25778
     154 3    25696    25815    25881
     155 3    25722    25798    25842
     156 3    25708    25778    25902
     157 3    25708    25902    25797
     158 3    25717    25797    25910
     159 3    25719    25804    25916
     160 3    25717    25910    25804
     161 3    25765    25926    25739
     162 3    25846    25912    25847
     163 3    25798    25847    25939
     164 3    25798    25975    25842
     165 3    25774    25977    25815
     166 3    25815    25982    25881
     167 3    25739    25926    25858
     168 3    25777    25992    25861
     169 3    25798    25939    25975
     170 3    25777    25881    25992
     171 3    25774    25842    25977
     172 3    25768    25858    26008
     173 3    25765    25861    25926
     174 3    25768    26008    25880
     175 3    25778    25880    26026
     176 3    25815    25977    25982
     177 3    25778    26026    25902
     178 3    25847    25912    26039
     179 3    25847    26039    25939
     180 3    25797    25902    26043
     181 3    25797    26043    25910
     182 3    25804    25910    26050
     183 3    25804    26050    25916
     184 3    25842    25975    26066
     185 3    25842    26066    25977
     186 3    25881    25982    26097
     187 3    25881    26097    25992
     188 3    25861    26118    25926
     189 3    25861    25992    26118
     190 3    25858    25926    26128
     191 3    25858    26128    26008
     192 3    25939    26133    25975
     193 3    25975    26138    26066
     194 3    25880    26008    26155
     195 3    25939    26039    26133
     196 3    25880    26155    26026
     197 3    25975    26133    26138
     198 3    25902    26026    26171
     199 3    25902    26171    26043
     200 3    25910    26043    26187
     201 3    25982    25977    26190
     202 3    25916    26050    26195
     203 3    25910    26187    26050
     204 3    25916    26195    26056
     205 3    25977    26066    26219
     206 3    26066    26138    26229
     207 3    25982    26190    26097
     208 3    26039    26248    26133
     209 3    25992    26097    26250
     210 3    25926    26118    26256
     211 3    25992    26250    26118
     212 3    25926    26256    26128
     213 3    25977    26219    26190
     214 3    26066    26229    26219
     215 3    26008    26128    26277
     216 3    26138    26133    26280
     217 3    26008    26277    26155
     218 3    26138    26280    26229
     219 3    26026    26155    26302
     220 3    26133    26248    26308
     221 3    26026    26302    26171
     222 3    26043    26171    26313
     223 3    26133    26308    26280
     224 3    26043    26313    26187
     225 3    26050    26187    26325
     226 3    26056    26195    26330
     227 3    26050    26325    26195
     228 3    26097    26190    26350
     229 3    26097    26350    26250
     230 3    26118    26250    26381
     231 3    26118    26381    26256
     232 3    26128    26256    26395
     233 3    26248    26399    26308
     234 3    26128    26395    26277
     235 3    26155    26277    26416
     236 3    26155    26416    26302
     237 3    26229    26280    26426
     238 3    26229    26426    26219
     239 3    26171    26302    26432
     240 3    26308    26435    26280
     241 3    26190    26219    26437
     242 3    26171    26432    26313
     243 3    26187    26313    26441
     244 3    26195    26325    26450
     245 3    26187    26441    26325
     246 3    26195    26450    26330
     247 3    26308    26399    26435
     248 3    26190    26437    26350
     249 3    26250    26350    26483
     250 3    26250    26483    26381
     251 3    26280    26435    26426
     252 3    26256    26381    26499
     253 3    26256    26499    26395
     254 3    26219    26426    26437
     255 3    26277    26395    26512
     256 3    26277    26512    26416
     257 3    26302    26416    26524
     258 3    26302    26524    26432
     259 3    26313    26432    26531
     260 3    26325    26441    26538
     261 3    26313    26531    26441
     262 3    26330    26450    26539
     263 3    26325    26538    26450
     264 3    26399    26548    26435
     265 3    26426    26563    26437
     266 3    26350    26437    26571
     267 3    26350    26571    26483
     268 3    26381    26483    26587
     269 3    26381    26587    26499
     270 3    26395    26499    26599
     271 3    26435    26600    26426
     272 3    26395    26599    26512
     273 3    26416    26512    26612
     274 3    26416    26612    26524
     275 3    26432    26524    26620
     276 3    26426    26600    26563
     277 3    26432    26620    26531
     278 3    26441    26531    26629
     279 3    26435    26548    26600
     280 3    26450    26538    26635
     281 3    26441    26629    26538
     282 3    26450    26635    26539
     283 3    26437    26563    26643
     284 3    26437    26643    26571
     285 3    26483    26571    26665
     286 3    26483    26665    26587
     287 3    26499    26587    26677
     288 3    26499    26677    26599
     289 3    26512    26599    26693
     290 3    26512    26693    26612
     291 3    26524    26612    26705
     292 3    26524    26705    26620
     293 3    26531    26620    26712
     294 3    26548    26711    26600
     295 3    26539    26635    26715
     296 3    26538    26629    26717
     297 3    26531    26712    26629
     298 3    26538    26717    26635
     299 3    26563    26600    26727
     300 3    26563    26727    26643
     301 3    26571    26643    26743
     302 3    26571    26743    26665
     303 3    26587    26665    26757
     304 3    26587    26757    26677
     305 3    26599    26677    26768
     306 3    26599    26768    26693
     307 3    26612    26693    26779
     308 3    26612    26779    26705
     309 3    26600    26711    26784
     310 3    26620    26705    26787
     311 3    26600    26784    26727
     312 3    26620    26787    26712
     313 3    26629    26712    26795
     314 3    26635    26717    26799
     315 3    26629    26795    26717
     316 3    26635    26799    26715
     317 3    26643    26727    26805
     318 3    26643    26805    26743
     319 3    26665    26743    26820
     320 3    26665    26820    26757
     321 3    26677    26757    26836
     322 3    26677    26836    26768
     323 3    26693    26768    26848
     324 3    26693    26848    26779
     325 3    26705    26779    26853
     326 3    26711    26852    26784
     327 3    26705    26853    26787
     328 3    26712    26787    26860
     329 3    26727    26784    26864
     330 3    26715    26799    26865
     331 3    26717    26795    26866
     332 3    26712    26860    26795
     333 3    26727    26864    26805
     334 3    26717    26866    26799
     335 3    26743    26805    26877
     336 3    26743    26877    26820
     337 3    26757    26820    26883
     338 3    26757    26883    26836
     339 3    26768    26836    26889
     340 3    26768    26889    26848
     341 3    26779    26848    26900
     342 3    26779    26900    26853
     343 3    26784    26852    26902
     344 3    26787    26853    26904
     345 3    26784    26902    26864
     346 3    26787    26904    26860
     347 3    26795    26860    26908
     348 3    26799    26866    26913
     349 3    26795    26908    26866
     350 3    26805    26864    26916
     351 3    26799    26913    26865
     352 3    26805    26916    26877
     353 3    26820    26877    26922
     354 3    26820    26922    26883
     355 3    26836    26883    26930
     356 3    26836    26930    26889
     357 3    26848    26889    26942
     358 3    26848    26942    26900
     359 3    26853    26900    26945
     360 3    26853    26945    26904
     361 3    26864    26902    26953
     362 3    26860    26904    26954
     363 3    26864    26953    26916
     364 3    26865    26913    26956
     365 3    26860    26954    26908
     366 3    26866    26908    26958
     367 3    26866    26958    26913
     368 3    26877    26916    26964
     369 3    26877    26964    26922
     370 3    26883    26922    26976
     371 3    26883    26976    26930
     372 3    26889    26930    26987
     373 3    26889    26987    26942
     374 3    26900    26942    26989
     375 3    26900    26989    26945
     376 3    26904    26945    26996
     377 3    26904    26996    26954
     378 3    26908    26954    27001
     379 3    26916    26953    27002
     380 3    26913    26958    27004
     381 3    26916    27002    26964
     382 3    26908    27001    26958
     383 3    26913    27004    26956
     384 3    26922    26964    27013
     385 3    26922    27013    26976
     386 3    26930    26976    27025
     387 3    26930    27025    26987
     388 3    26942    26987    27031
     389 3    26942    27031    26989
     390 3    26945    26989    27042
     391 3    26945    27042    26996
     392 3    26954    26996    27050
     393 3    26954    27050    27001
     394 3    26958    27001    27054
     395 3    26956    27004    27056
     396 3    26964    27002    27059
     397 3    26958    27054    27004
     398 3    26964    27059    27013
     399 3    26976    27013    27066
     400 3    26976    27066    27025
     401 3    26987    27025    27077
     402 3    26987    27077    27031
     403 3    26989    27031    27088
     404 3    26989    27088    27042
     405 3    26996    27042    27096
     406 3    26996    27096    27050
     407 3    27001    27050    27101
     408 3    27004    27054    27104
     409 3    27001    27101    27054
     410 3    27013    27059    27112
     411 3    27004    27104    27056
     412 3    27013    27112    27066
     413 3    27025    27066    27125
     414 3    27025    27125    27077
     415 3    27031    27077    27131
     416 3    27031    27131    27088
     417 3    27042    27088    27139
     418 3    27042    27139    27096
     419 3    27050    27096    27145
     420 3    27050    27145    27101
     421 3    27054    27101    27152
     422 3    27056    27104    27155
     423 3    27054    27152    27104
     424 3    27066    27112    27165
     425 3    27066    27165    27125
     426 3    27077    27125    27176
     427 3    27077    27176    27131
     428 3    27088    27131    27182
     429 3    27088    27182    27139
     430 3    27096    27139    27195
     431 3    27096    27195    27145
     432 3    27101    27145    27201
     433 3    27101    27201    27152
     434 3    27104    27152    27208
     435 3    27104    27208    27155
     436 3    27125    27165    27214
     437 3    27125    27214    27176
     438 3    27131    27176    27224
     439 3    27131    27224    27182
     440 3    27139    27182    27228
     441 3    27139    27228    27195
     442 3    27145    27195    27242
     443 3    27145    27242    27201
     444 3    27152    27201    27252
     445 3    27152    27252    27208
     446 3    27155    27208    27258
     447 3    27165    27257    27214
     448 3    27176    27214    27265
     449 3    27176    27265    27224
     450 3    27182    27224    27274
     451 3    27182    27274    27228
     452 3    27195    27228    27283
     453 3    27195    27283    27242
     454 3    27201    27242    27293
     455 3    27201    27293    27252
     456 3    27208    27252    27299
     457 3    27208    27299    27258
     458 3    27214    27257    27301
     459 3    27214    27301    27265
     460 3    27224    27265    27312
     461 3    27224    27312    27274
     462 3    27228    27274    27322
     463 3    27228    27322    27283
     464 3    27242    27283    27334
     465 3    27242    27334    27293
     466 3    27258    27299    27339
     467 3    27252    27293    27351
     468 3    27252    27351    27299
     469 3    27265    27301    27367
     470 3    27265    27367    27312
     471 3    27274    27312    27375
     472 3    27274    27375    27322
     473 3    27283    27322    27380
     474 3    27283    27380    27334
     475 3    27293    27334    27397
     476 3    27293    27397    27351
     477 3    27301    27406    27367
     478 3    27299    27422    27339
     479 3    27299    27351    27422
     480 3    27312    27367    27425
     481 3    27312    27425    27375
     482 3    27322    27432    27380
     483 3    27322    27375    27432
     484 3    27334    27447    27397
     485 3    27334    27380    27447
     486 3    27351    27397    27463
     487 3    27367    27406    27474
     488 3    27367    27474    27425
     489 3    27351    27463    27422
     490 3    27375    27487    27432
     491 3    27375    27425    27487
     492 3    27380    27432    27491
     493 3    27380    27491    27447
     494 3    27397    27516    27463
     495 3    27397    27447    27516
     496 3    27406    27531    27474
     497 3    27422    27463    27542
     498 3    27425    27545    27487
     499 3    27425    27474    27545
     500 3    27447    27550    27516
     501 3    27432    27551    27491
     502 3    27432    27487    27551
     503 3    27447    27491    27550
     504 3    27491    27551    27578
     505 3    27474    27588    27545
     506 3    27474    27531    27588
     507 3    27491    27578    27550
     508 3    27487    27595    27551
     509 3    27487    27545    27595
     510 3    27545    27648    27595
     511 3    27545    27588    27648
     512 3    27551    27651    27578
     513 3    27551    27595    27651
     514 3    27588    27705    27648
     515 3    27595    27648    27709
     516 3    27595    27709    27651
     517 3    27651    27709    27750
     518 3    27651    27750    27755
     519 3    27648    27774    27709
     520 3    27648    27705    27774
     521 3    27755    27750    27789
     522 3    27709    27774    27810
     523 3    27709    27810    27750
     524 3    27705    27834    27774
     525 3    27750    27810    27850
     526 3    27774    27854    27810
     527 3    27750    27850    27789
     528 3    27810    27854    27900
     529 3    27810    27900    27850
 0                                                                              
 0                                                                              
 2                                                                              
 31                                                                             
      15       0                                                                
   27834
   27774
   27854
   27900
   27850
   27789
   27755
   27651
   27578
   27550
   27516
   27463
   27542
   27422
   27339
      15       1                                                                
   25390
   25433
   25464
   25516
   25568
   25564
   25543
   25541
   25542
   25605
   25668
   25691
   25721
   25800
   25846
