bi_1997_v2.grd                                                                  
     504     298
   12429 -0.768802400000E+02  0.346903100000E+02  0.585000000000E+00
   12650 -0.768764000000E+02  0.346915100000E+02  0.555000000000E+00
   12651 -0.768786900000E+02  0.346947800000E+02  0.109300000000E+01
   12665 -0.768822900000E+02  0.346949100000E+02  0.105900000000E+01
   12681 -0.768677400000E+02  0.346931600000E+02  0.555000000000E+00
   12682 -0.768648600000E+02  0.346935400000E+02  0.602000000000E+00
   12683 -0.768667400000E+02  0.346949800000E+02  0.800000000000E+00
   12709 -0.768734600000E+02  0.346924700000E+02  0.555000000000E+00
   12710 -0.768753700000E+02  0.346953000000E+02  0.911000000000E+00
   12717 -0.768687500000E+02  0.346940500000E+02  0.614000000000E+00
   12768 -0.768708600000E+02  0.346933300000E+02  0.555000000000E+00
   12769 -0.768722900000E+02  0.346959000000E+02  0.824000000000E+00
   12775 -0.768608300000E+02  0.346940500000E+02  0.598000000000E+00
   12776 -0.768642200000E+02  0.346954700000E+02  0.988000000000E+00
   12842 -0.768690300000E+02  0.346963500000E+02  0.960000000000E+00
   12894 -0.768658800000E+02  0.346973300000E+02  0.129600000000E+01
   12898 -0.768578300000E+02  0.346944600000E+02  0.906000000000E+00
   12899 -0.768596700000E+02  0.346973800000E+02  0.650000000000E+00
   12915 -0.768628000000E+02  0.346974300000E+02  0.136000000000E+01
   12930 -0.768545500000E+02  0.346948800000E+02  0.835000000000E+00
   12931 -0.768565400000E+02  0.346976500000E+02  0.235800000000E+01
   12960 -0.768512300000E+02  0.346953400000E+02  0.695000000000E+00
   12961 -0.768533600000E+02  0.346980000000E+02  0.229200000000E+01
   12974 -0.768805600000E+02  0.346982400000E+02  0.965000000000E+00
   12983 -0.768772800000E+02  0.346983900000E+02  0.111500000000E+01
   12991 -0.768837900000E+02  0.346984300000E+02  0.108300000000E+01
   12996 -0.768479800000E+02  0.346957500000E+02  0.790000000000E+00
   12997 -0.768502000000E+02  0.346983900000E+02  0.905000000000E+00
   13016 -0.768740900000E+02  0.346987600000E+02  0.148700000000E+01
   13029 -0.768448600000E+02  0.346962000000E+02  0.890000000000E+00
   13030 -0.768471000000E+02  0.346988300000E+02  0.237300000000E+01
   13055 -0.768709300000E+02  0.346991900000E+02  0.134900000000E+01
   13078 -0.768415600000E+02  0.346966300000E+02  0.745000000000E+00
   13079 -0.768440500000E+02  0.346993200000E+02  0.885000000000E+00
   13093 -0.768677700000E+02  0.346996800000E+02  0.161500000000E+01
   13126 -0.768646500000E+02  0.347000700000E+02  0.188800000000E+01
   13134 -0.768411000000E+02  0.347000300000E+02  0.840000000000E+00
   13147 -0.768615600000E+02  0.347002600000E+02  0.134600000000E+01
   13163 -0.768584600000E+02  0.347004400000E+02  0.750000000000E+00
   13186 -0.768553700000E+02  0.347007100000E+02  0.173600000000E+01
   13224 -0.768522900000E+02  0.347010400000E+02  0.128600000000E+01
   13256 -0.768822300000E+02  0.347014500000E+02  0.927000000000E+00
   13258 -0.768492500000E+02  0.347014200000E+02  0.123300000000E+01
   13263 -0.768790800000E+02  0.347015100000E+02  0.654000000000E+00
   13265 -0.768852800000E+02  0.347015200000E+02  0.884000000000E+00
   13288 -0.768759200000E+02  0.347017200000E+02  0.918000000000E+00
   13304 -0.768462700000E+02  0.347018500000E+02  0.119600000000E+01
   13317 -0.768727600000E+02  0.347020300000E+02  0.122900000000E+01
   13351 -0.768696300000E+02  0.347023900000E+02  0.180000000000E+01
   13357 -0.768433800000E+02  0.347023800000E+02  0.111800000000E+01
   13393 -0.768665100000E+02  0.347027400000E+02  0.211300000000E+01
   13423 -0.768634100000E+02  0.347030000000E+02  0.144000000000E+01
   13454 -0.768603400000E+02  0.347032100000E+02  0.688000000000E+00
   13476 -0.768572900000E+02  0.347034300000E+02  0.703000000000E+00
   13503 -0.768542600000E+02  0.347037000000E+02  0.113800000000E+01
   13537 -0.768512800000E+02  0.347040100000E+02  0.109000000000E+01
   13589 -0.768483500000E+02  0.347043800000E+02  0.674000000000E+00
   13591 -0.768868500000E+02  0.347044300000E+02  0.106300000000E+01
   13598 -0.768838700000E+02  0.347044700000E+02  0.127800000000E+01
   13603 -0.768808100000E+02  0.347045400000E+02  0.109900000000E+01
   13627 -0.768776900000E+02  0.347047000000E+02  0.992000000000E+00
   13654 -0.768454900000E+02  0.347048000000E+02  0.139900000000E+01
   13664 -0.768745700000E+02  0.347049300000E+02  0.780000000000E+00
   13701 -0.768714400000E+02  0.347052100000E+02  0.615000000000E+00
   13727 -0.768427300000E+02  0.347052900000E+02  0.159400000000E+01
   13754 -0.768683400000E+02  0.347055000000E+02  0.148500000000E+01
   13786 -0.768652400000E+02  0.347057600000E+02  0.140000000000E+01
   13821 -0.768621700000E+02  0.347059700000E+02  0.620000000000E+00
   13856 -0.768591500000E+02  0.347061700000E+02  0.765000000000E+00
   13884 -0.768561600000E+02  0.347063700000E+02  0.954000000000E+00
   13915 -0.768532100000E+02  0.347066200000E+02  0.114000000000E+01
   13950 -0.768503200000E+02  0.347069200000E+02  0.105100000000E+01
   14013 -0.768474700000E+02  0.347072600000E+02  0.121600000000E+01
   14029 -0.768855600000E+02  0.347073800000E+02  0.129200000000E+01
   14048 -0.768825200000E+02  0.347075000000E+02  0.135700000000E+01
   14085 -0.768794400000E+02  0.347076400000E+02  0.144700000000E+01
   14097 -0.768447000000E+02  0.347076500000E+02  0.145200000000E+01
   14121 -0.768763400000E+02  0.347078400000E+02  0.139000000000E+01
   14163 -0.768732500000E+02  0.347080800000E+02  0.828000000000E+00
   14196 -0.768701500000E+02  0.347083300000E+02  0.898000000000E+00
   14232 -0.768670600000E+02  0.347085700000E+02  0.134500000000E+01
   14262 -0.768639800000E+02  0.347087700000E+02  0.130600000000E+01
   14282 -0.768609400000E+02  0.347089200000E+02  0.905000000000E+00
   14302 -0.768579600000E+02  0.347090700000E+02  0.941000000000E+00
   14325 -0.768550500000E+02  0.347092400000E+02  0.112400000000E+01
   14368 -0.768522000000E+02  0.347094700000E+02  0.126900000000E+01
   14413 -0.768493800000E+02  0.347097500000E+02  0.140200000000E+01
   14455 -0.768466100000E+02  0.347100700000E+02  0.120700000000E+01
   14493 -0.768842600000E+02  0.347104000000E+02  0.143900000000E+01
   14514 -0.768811900000E+02  0.347105400000E+02  0.102000000000E+01
   14543 -0.768781100000E+02  0.347107200000E+02  0.121800000000E+01
   14568 -0.768750200000E+02  0.347109500000E+02  0.104400000000E+01
   14627 -0.768719400000E+02  0.347111900000E+02  0.675000000000E+00
   14674 -0.768688500000E+02  0.347114300000E+02  0.121400000000E+01
   14706 -0.768657600000E+02  0.347116200000E+02  0.139900000000E+01
   14727 -0.768626900000E+02  0.347117500000E+02  0.125200000000E+01
   14749 -0.768596900000E+02  0.347118200000E+02  0.116400000000E+01
   14758 -0.768567900000E+02  0.347118800000E+02  0.116400000000E+01
   14789 -0.768539900000E+02  0.347120100000E+02  0.130600000000E+01
   14860 -0.768512300000E+02  0.347122600000E+02  0.149000000000E+01
   14927 -0.768484600000E+02  0.347125500000E+02  0.159200000000E+01
   15135 -0.768829300000E+02  0.347134100000E+02  0.116400000000E+01
   15174 -0.768798500000E+02  0.347135700000E+02  0.106500000000E+01
   15226 -0.768767900000E+02  0.347138000000E+02  0.105600000000E+01
   15296 -0.768737300000E+02  0.347140600000E+02  0.829000000000E+00
   15348 -0.768706600000E+02  0.347143100000E+02  0.818000000000E+00
   15385 -0.768675500000E+02  0.347145300000E+02  0.127400000000E+01
   15388 -0.768556400000E+02  0.347145300000E+02  0.130100000000E+01
   15401 -0.768583900000E+02  0.347146200000E+02  0.116400000000E+01
   15421 -0.768644300000E+02  0.347146700000E+02  0.126500000000E+01
   15439 -0.768613400000E+02  0.347147000000E+02  0.116400000000E+01
   15445 -0.768530100000E+02  0.347146900000E+02  0.151300000000E+01
   15528 -0.768503300000E+02  0.347150600000E+02  0.164400000000E+01
   15750 -0.768815800000E+02  0.347161800000E+02  0.115800000000E+01
   15801 -0.768846500000E+02  0.347164500000E+02  0.127300000000E+01
   15870 -0.768754700000E+02  0.347167400000E+02  0.116400000000E+01
   15876 -0.768785400000E+02  0.347167800000E+02  0.116400000000E+01
   15910 -0.768546300000E+02  0.347169500000E+02  0.140900000000E+01
   15918 -0.768570500000E+02  0.347170300000E+02  0.128800000000E+01
   15974 -0.768693700000E+02  0.347173000000E+02  0.864000000000E+00
   15984 -0.768725100000E+02  0.347173600000E+02  0.959000000000E+00
   15985 -0.768522300000E+02  0.347173200000E+02  0.136400000000E+01
   16027 -0.768630100000E+02  0.347175900000E+02  0.116400000000E+01
   16052 -0.768598600000E+02  0.347177400000E+02  0.116400000000E+01
   16073 -0.768662500000E+02  0.347178300000E+02  0.106600000000E+01
   16178 -0.768828000000E+02  0.347183400000E+02  0.116400000000E+01
   16229 -0.768806600000E+02  0.347185300000E+02  0.104500000000E+01
   16297 -0.768559100000E+02  0.347189400000E+02  0.128200000000E+01
   16334 -0.768766900000E+02  0.347191200000E+02  0.108300000000E+01
   16340 -0.768846500000E+02  0.347190800000E+02  0.116400000000E+01
   16352 -0.768539500000E+02  0.347192000000E+02  0.125300000000E+01
   16369 -0.768745300000E+02  0.347193000000E+02  0.868000000000E+00
   16381 -0.768578300000E+02  0.347193600000E+02  0.116700000000E+01
   16416 -0.768787600000E+02  0.347194900000E+02  0.108000000000E+01
   16468 -0.768833500000E+02  0.347198400000E+02  0.116500000000E+01
   16476 -0.768708700000E+02  0.347199200000E+02  0.675000000000E+00
   16481 -0.768683800000E+02  0.347198700000E+02  0.101700000000E+01
   16487 -0.768729100000E+02  0.347199000000E+02  0.713000000000E+00
   16490 -0.768819400000E+02  0.347199700000E+02  0.116500000000E+01
   16502 -0.768519300000E+02  0.347198400000E+02  0.117100000000E+01
   16534 -0.768850600000E+02  0.347202100000E+02  0.118700000000E+01
   16540 -0.768617600000E+02  0.347202200000E+02  0.904000000000E+00
   16561 -0.768842500000E+02  0.347203200000E+02  0.116700000000E+01
   16573 -0.768644000000E+02  0.347204100000E+02  0.873000000000E+00
   16588 -0.768566900000E+02  0.347204400000E+02  0.119000000000E+01
   16600 -0.768803600000E+02  0.347204300000E+02  0.911000000000E+00
   16603 -0.768665800000E+02  0.347204400000E+02  0.115500000000E+01
   16627 -0.768595900000E+02  0.347206500000E+02  0.814000000000E+00
   16630 -0.768835800000E+02  0.347206600000E+02  0.123800000000E+01
   16634 -0.768828500000E+02  0.347206900000E+02  0.122100000000E+01
   16635 -0.768553100000E+02  0.347206700000E+02  0.118700000000E+01
   16656 -0.768856500000E+02  0.347208200000E+02  0.237700000000E+01
   16683 -0.768821700000E+02  0.347209500000E+02  0.125300000000E+01
   16689 -0.768848300000E+02  0.347210000000E+02  0.290900000000E+01
   16707 -0.768814100000E+02  0.347210400000E+02  0.125800000000E+01
   16709 -0.768790400000E+02  0.347209900000E+02  0.581000000000E+00
   16725 -0.768840600000E+02  0.347211600000E+02  0.298200000000E+01
   16726 -0.768502100000E+02  0.347211600000E+02  0.116500000000E+01
   16727 -0.768772700000E+02  0.347211200000E+02  0.598000000000E+00
   16753 -0.768755500000E+02  0.347212800000E+02  0.624000000000E+00
   16760 -0.768833500000E+02  0.347212900000E+02  0.296700000000E+01
   16773 -0.768579100000E+02  0.347213200000E+02  0.928000000000E+00
   16791 -0.768740800000E+02  0.347213800000E+02  0.627000000000E+00
   16797 -0.768807200000E+02  0.347214000000E+02  0.124600000000E+01
   16810 -0.768826800000E+02  0.347214400000E+02  0.310500000000E+01
   16843 -0.768536800000E+02  0.347214300000E+02  0.844000000000E+00
   16849 -0.768862300000E+02  0.347215400000E+02  0.234300000000E+01
   16878 -0.768800000000E+02  0.347215800000E+02  0.104100000000E+01
   16902 -0.768820000000E+02  0.347216400000E+02  0.352700000000E+01
   16903 -0.768853900000E+02  0.347216700000E+02  0.207400000000E+01
   16911 -0.768725400000E+02  0.347215300000E+02  0.568000000000E+00
   16938 -0.768694300000E+02  0.347217900000E+02  0.673000000000E+00
   16941 -0.768845700000E+02  0.347218000000E+02  0.183400000000E+01
   16971 -0.768812600000E+02  0.347218700000E+02  0.373200000000E+01
   16975 -0.768838000000E+02  0.347218900000E+02  0.210200000000E+01
   16982 -0.768831600000E+02  0.347218900000E+02  0.272200000000E+01
   16984 -0.768709900000E+02  0.347216900000E+02  0.560000000000E+00
   17002 -0.768677700000E+02  0.347219500000E+02  0.750000000000E+00
   17007 -0.768520100000E+02  0.347217600000E+02  0.114900000000E+01
   17025 -0.768564700000E+02  0.347219200000E+02  0.985000000000E+00
   17056 -0.768805600000E+02  0.347220800000E+02  0.380500000000E+01
   17084 -0.768825800000E+02  0.347221600000E+02  0.181500000000E+01
   17117 -0.768551600000E+02  0.347221100000E+02  0.787000000000E+00
   17123 -0.768661300000E+02  0.347221100000E+02  0.713000000000E+00
   17134 -0.768793600000E+02  0.347223100000E+02  0.347300000000E+01
   17143 -0.768859300000E+02  0.347223200000E+02  0.134500000000E+01
   17150 -0.768799900000E+02  0.347222900000E+02  0.380900000000E+01
   17195 -0.768627200000E+02  0.347224000000E+02  0.575000000000E+00
   17196 -0.768818500000E+02  0.347224100000E+02  0.119400000000E+01
   17228 -0.768842500000E+02  0.347225200000E+02  0.120900000000E+01
   17234 -0.768529400000E+02  0.347225500000E+02  0.106300000000E+01
   17235 -0.768609700000E+02  0.347225500000E+02  0.595000000000E+00
   17236 -0.768643900000E+02  0.347222700000E+02  0.578000000000E+00
   17241 -0.768851200000E+02  0.347225700000E+02  0.129300000000E+01
   17246 -0.768544200000E+02  0.347226400000E+02  0.803000000000E+00
   17247 -0.768810700000E+02  0.347226300000E+02  0.116500000000E+01
   17254 -0.768511400000E+02  0.347226700000E+02  0.116500000000E+01
   17264 -0.768797200000E+02  0.347227100000E+02  0.220700000000E+01
   17266 -0.768537100000E+02  0.347226400000E+02  0.932000000000E+00
   17267 -0.768833500000E+02  0.347227100000E+02  0.116400000000E+01
   17271 -0.768592100000E+02  0.347227100000E+02  0.570000000000E+00
   17277 -0.768803200000E+02  0.347227400000E+02  0.116500000000E+01
   17290 -0.768501100000E+02  0.347226900000E+02  0.116500000000E+01
   17364 -0.768521300000E+02  0.347228700000E+02  0.116500000000E+01
   17366 -0.768576700000E+02  0.347228700000E+02  0.585000000000E+00
   17368 -0.768824500000E+02  0.347228900000E+02  0.116400000000E+01
   17373 -0.768785300000E+02  0.347224000000E+02  0.313500000000E+01
   17374 -0.768791300000E+02  0.347229100000E+02  0.152500000000E+01
   17388 -0.768551400000E+02  0.347229500000E+02  0.704000000000E+00
   17391 -0.768558900000E+02  0.347230300000E+02  0.576000000000E+00
   17399 -0.768777100000E+02  0.347224900000E+02  0.282100000000E+01
   17400 -0.768783100000E+02  0.347230800000E+02  0.161100000000E+01
   17401 -0.768566700000E+02  0.347229900000E+02  0.570000000000E+00
   17407 -0.768769700000E+02  0.347225600000E+02  0.262400000000E+01
   17408 -0.768774800000E+02  0.347231500000E+02  0.161600000000E+01
   17434 -0.768534000000E+02  0.347232700000E+02  0.105500000000E+01
   17442 -0.768540800000E+02  0.347233000000E+02  0.933000000000E+00
   17443 -0.768817200000E+02  0.347232700000E+02  0.116400000000E+01
   17460 -0.768506500000E+02  0.347233400000E+02  0.116500000000E+01
   17465 -0.768798200000E+02  0.347233000000E+02  0.116400000000E+01
   17469 -0.768527400000E+02  0.347233400000E+02  0.116500000000E+01
   17480 -0.768547700000E+02  0.347234100000E+02  0.826000000000E+00
   17485 -0.768517000000E+02  0.347234100000E+02  0.116500000000E+01
   17492 -0.768807300000E+02  0.347234300000E+02  0.116500000000E+01
   17510 -0.768861200000E+02  0.347234600000E+02  0.114400000000E+01
   17513 -0.768511800000E+02  0.347234600000E+02  0.116500000000E+01
   17517 -0.768522300000E+02  0.347235100000E+02  0.116500000000E+01
   17520 -0.768554800000E+02  0.347235600000E+02  0.758000000000E+00
   17548 -0.768844100000E+02  0.347236500000E+02  0.111300000000E+01
   17556 -0.768790100000E+02  0.347236800000E+02  0.116300000000E+01
   17570 -0.768564400000E+02  0.347234000000E+02  0.567000000000E+00
   17571 -0.768562100000E+02  0.347237600000E+02  0.725000000000E+00
   17574 -0.768780100000E+02  0.347238100000E+02  0.109300000000E+01
   17591 -0.768537800000E+02  0.347239000000E+02  0.199100000000E+01
   17592 -0.768531400000E+02  0.347239000000E+02  0.216100000000E+01
   17601 -0.768509300000E+02  0.347239300000E+02  0.284500000000E+01
   17604 -0.768525700000E+02  0.347239400000E+02  0.239900000000E+01
   17608 -0.768544200000E+02  0.347239500000E+02  0.196200000000E+01
   17613 -0.768827900000E+02  0.347239300000E+02  0.112100000000E+01
   17614 -0.768514800000E+02  0.347239600000E+02  0.282200000000E+01
   17617 -0.768520300000E+02  0.347239600000E+02  0.265300000000E+01
   17637 -0.768550800000E+02  0.347240500000E+02  0.219300000000E+01
   17638 -0.768568700000E+02  0.347236700000E+02  0.564000000000E+00
   17664 -0.768557400000E+02  0.347241700000E+02  0.257100000000E+01
   17676 -0.768567700000E+02  0.347241600000E+02  0.212200000000E+01
   17687 -0.768573800000E+02  0.347240200000E+02  0.803000000000E+00
   17693 -0.768814300000E+02  0.347243200000E+02  0.115800000000E+01
   17696 -0.768562800000E+02  0.347243100000E+02  0.345000000000E+01
   17700 -0.768800400000E+02  0.347243500000E+02  0.116300000000E+01
   17707 -0.768534900000E+02  0.347244100000E+02  0.389100000000E+01
   17708 -0.768523400000E+02  0.347244200000E+02  0.387900000000E+01
   17714 -0.768572000000E+02  0.347244300000E+02  0.390300000000E+01
   17724 -0.768547300000E+02  0.347245100000E+02  0.389300000000E+01
   17725 -0.768512000000E+02  0.347245100000E+02  0.378800000000E+01
   17727 -0.768529100000E+02  0.347245100000E+02  0.388500000000E+01
   17731 -0.768518300000E+02  0.347245200000E+02  0.388700000000E+01
   17734 -0.768541000000E+02  0.347245500000E+02  0.389900000000E+01
   17741 -0.768577200000E+02  0.347243700000E+02  0.369800000000E+01
   17754 -0.768787200000E+02  0.347246200000E+02  0.105100000000E+01
   17762 -0.768560000000E+02  0.347246700000E+02  0.385600000000E+01
   17763 -0.768553600000E+02  0.347246900000E+02  0.381200000000E+01
   17783 -0.768566900000E+02  0.347247700000E+02  0.355300000000E+01
   17793 -0.768574500000E+02  0.347248500000E+02  0.322100000000E+01
   17819 -0.768872500000E+02  0.347249800000E+02  0.880000000000E+00
   17834 -0.768515600000E+02  0.347250800000E+02  0.146700000000E+01
   17850 -0.768854900000E+02  0.347251200000E+02  0.856000000000E+00
   17857 -0.768507400000E+02  0.347251600000E+02  0.144400000000E+01
   17864 -0.768523800000E+02  0.347251700000E+02  0.139100000000E+01
   17868 -0.768838000000E+02  0.347252500000E+02  0.924000000000E+00
   17873 -0.768535000000E+02  0.347252200000E+02  0.123700000000E+01
   17885 -0.768546800000E+02  0.347252900000E+02  0.111900000000E+01
   17891 -0.768823400000E+02  0.347254100000E+02  0.982000000000E+00
   17900 -0.768559200000E+02  0.347254300000E+02  0.109900000000E+01
   17907 -0.768809600000E+02  0.347255200000E+02  0.961000000000E+00
   17911 -0.768571920000E+02  0.347256840000E+02  0.143900000000E+01
   17914 -0.768796100000E+02  0.347256000000E+02  0.948000000000E+00
   17928 -0.768782600000E+02  0.347256600000E+02  0.897000000000E+00
   17980 -0.768516300000E+02  0.347260500000E+02  0.118600000000E+01
   17986 -0.768540400000E+02  0.347262200000E+02  0.101100000000E+01
   17999 -0.768529000000E+02  0.347263900000E+02  0.107200000000E+01
   18007 -0.768551300000E+02  0.347264600000E+02  0.896000000000E+00
   18012 -0.768564100000E+02  0.347265200000E+02  0.906000000000E+00
   18013 -0.768503700000E+02  0.347265000000E+02  0.109800000000E+01
   18014 -0.768576300000E+02  0.347265400000E+02  0.976000000000E+00
   18015 -0.768882900000E+02  0.347265600000E+02  0.594000000000E+00
   18031 -0.768845800000E+02  0.347266800000E+02  0.622000000000E+00
   18034 -0.768832100000E+02  0.347267100000E+02  0.622000000000E+00
   18039 -0.768804900000E+02  0.347267100000E+02  0.639000000000E+00
   18042 -0.768792000000E+02  0.347267100000E+02  0.646000000000E+00
   18043 -0.768818300000E+02  0.347267400000E+02  0.622000000000E+00
   18044 -0.768777800000E+02  0.347267300000E+02  0.650000000000E+00
   18047 -0.768867800000E+02  0.347267300000E+02  0.595000000000E+00
   18107 -0.768581500000E+02  0.347274400000E+02  0.759000000000E+00
   18113 -0.768569000000E+02  0.347275400000E+02  0.754000000000E+00
   18115 -0.768556900000E+02  0.347275800000E+02  0.690000000000E+00
   18132 -0.768540000000E+02  0.347277100000E+02  0.710000000000E+00
   18146 -0.768518300000E+02  0.347279700000E+02  0.692000000000E+00
   18166 -0.768495300000E+02  0.347283800000E+02  0.638000000000E+00
       1 3    12650    12651    12429
       2 3    12681    12682    12683
       3 3    12650    12709    12710
       4 3    12681    12683    12717
       5 3    12429    12651    12665
       6 3    12650    12710    12651
       7 3    12768    12769    12709
       8 3    12682    12775    12776
       9 3    12682    12776    12683
      10 3    12709    12769    12710
      11 3    12717    12683    12842
      12 3    12717    12842    12768
      13 3    12768    12842    12769
      14 3    12683    12776    12894
      15 3    12775    12898    12899
      16 3    12776    12775    12915
      17 3    12898    12930    12931
      18 3    12930    12960    12961
      19 3    12775    12899    12915
      20 3    12683    12894    12842
      21 3    12665    12651    12974
      22 3    12898    12931    12899
      23 3    12651    12710    12983
      24 3    12960    12996    12997
      25 3    12776    12915    12894
      26 3    12930    12961    12931
      27 3    12710    12769    13016
      28 3    12996    13029    13030
      29 3    12651    12983    12974
      30 3    12960    12997    12961
      31 3    12665    12974    12991
      32 3    12769    12842    13055
      33 3    12710    13016    12983
      34 3    13029    13078    13079
      35 3    12996    13030    12997
      36 3    12842    12894    13093
      37 3    12769    13055    13016
      38 3    13029    13079    13030
      39 3    12894    12915    13126
      40 3    12842    13093    13055
      41 3    12915    12899    13147
      42 3    13078    13134    13079
      43 3    12899    12931    13163
      44 3    12931    12961    13186
      45 3    12894    13126    13093
      46 3    12915    13147    13126
      47 3    12961    12997    13224
      48 3    12899    13163    13147
      49 3    12931    13186    13163
      50 3    12991    12974    13256
      51 3    12997    13030    13258
      52 3    12974    12983    13263
      53 3    12961    13224    13186
      54 3    12983    13016    13288
      55 3    13030    13079    13304
      56 3    13016    13055    13317
      57 3    12997    13258    13224
      58 3    12974    13263    13256
      59 3    12991    13256    13265
      60 3    12983    13288    13263
      61 3    13055    13093    13351
      62 3    13030    13304    13258
      63 3    13079    13134    13357
      64 3    13016    13317    13288
      65 3    13093    13126    13393
      66 3    13079    13357    13304
      67 3    13126    13147    13423
      68 3    13055    13351    13317
      69 3    13147    13163    13454
      70 3    13093    13393    13351
      71 3    13163    13186    13476
      72 3    13186    13224    13503
      73 3    13126    13423    13393
      74 3    13147    13454    13423
      75 3    13224    13258    13537
      76 3    13163    13476    13454
      77 3    13186    13503    13476
      78 3    13258    13304    13589
      79 3    13265    13256    13598
      80 3    13256    13263    13603
      81 3    13224    13537    13503
      82 3    13263    13288    13627
      83 3    13304    13357    13654
      84 3    13288    13317    13664
      85 3    13258    13589    13537
      86 3    13265    13598    13591
      87 3    13317    13351    13701
      88 3    13256    13603    13598
      89 3    13304    13654    13589
      90 3    13263    13627    13603
      91 3    13351    13393    13754
      92 3    13288    13664    13627
      93 3    13393    13423    13786
      94 3    13357    13727    13654
      95 3    13317    13701    13664
      96 3    13423    13454    13821
      97 3    13351    13754    13701
      98 3    13454    13476    13856
      99 3    13476    13503    13884
     100 3    13393    13786    13754
     101 3    13503    13537    13915
     102 3    13423    13821    13786
     103 3    13454    13856    13821
     104 3    13537    13589    13950
     105 3    13476    13884    13856
     106 3    13503    13915    13884
     107 3    13589    13654    14013
     108 3    13591    13598    14029
     109 3    13598    13603    14048
     110 3    13537    13950    13915
     111 3    13603    13627    14085
     112 3    13654    13727    14097
     113 3    13589    14013    13950
     114 3    13627    13664    14121
     115 3    13664    13701    14163
     116 3    13654    14097    14013
     117 3    13598    14048    14029
     118 3    13701    13754    14196
     119 3    13603    14085    14048
     120 3    13627    14121    14085
     121 3    13754    13786    14232
     122 3    13664    14163    14121
     123 3    13786    13821    14262
     124 3    13821    13856    14282
     125 3    13701    14196    14163
     126 3    13856    13884    14302
     127 3    13884    13915    14325
     128 3    13754    14232    14196
     129 3    13786    14262    14232
     130 3    13915    13950    14368
     131 3    13821    14282    14262
     132 3    13856    14302    14282
     133 3    13950    14013    14413
     134 3    13884    14325    14302
     135 3    13915    14368    14325
     136 3    14013    14097    14455
     137 3    13950    14413    14368
     138 3    14029    14048    14493
     139 3    14048    14085    14514
     140 3    14013    14455    14413
     141 3    14085    14121    14543
     142 3    14121    14163    14568
     143 3    14163    14196    14627
     144 3    14048    14514    14493
     145 3    14085    14543    14514
     146 3    14196    14232    14674
     147 3    14232    14262    14706
     148 3    14121    14568    14543
     149 3    14262    14282    14727
     150 3    14282    14302    14749
     151 3    14163    14627    14568
     152 3    14302    14325    14758
     153 3    14325    14368    14789
     154 3    14196    14674    14627
     155 3    14368    14413    14860
     156 3    14232    14706    14674
     157 3    14262    14727    14706
     158 3    14282    14749    14727
     159 3    14413    14455    14927
     160 3    14302    14758    14749
     161 3    14325    14789    14758
     162 3    14368    14860    14789
     163 3    14413    14927    14860
     164 3    14493    14514    15135
     165 3    14514    14543    15174
     166 3    14543    14568    15226
     167 3    14568    14627    15296
     168 3    14514    15174    15135
     169 3    14627    14674    15348
     170 3    14543    15226    15174
     171 3    14674    14706    15385
     172 3    14758    14789    15388
     173 3    14749    14758    15401
     174 3    14706    14727    15421
     175 3    14727    14749    15439
     176 3    14789    14860    15445
     177 3    14568    15296    15226
     178 3    14627    15348    15296
     179 3    14860    14927    15528
     180 3    14674    15385    15348
     181 3    14758    15388    15401
     182 3    14789    15445    15388
     183 3    14706    15421    15385
     184 3    14749    15401    15439
     185 3    14727    15439    15421
     186 3    14860    15528    15445
     187 3    15135    15174    15750
     188 3    15226    15296    15870
     189 3    15174    15226    15876
     190 3    15388    15445    15910
     191 3    15401    15388    15918
     192 3    15135    15750    15801
     193 3    15174    15876    15750
     194 3    15348    15385    15974
     195 3    15296    15348    15984
     196 3    15445    15528    15985
     197 3    15226    15870    15876
     198 3    15388    15910    15918
     199 3    15421    15439    16027
     200 3    15439    15401    16052
     201 3    15445    15985    15910
     202 3    15296    15984    15870
     203 3    15385    15421    16073
     204 3    15348    15974    15984
     205 3    15401    15918    16052
     206 3    15750    16178    15801
     207 3    15385    16073    15974
     208 3    15439    16052    16027
     209 3    15421    16027    16073
     210 3    15750    15876    16229
     211 3    15918    15910    16297
     212 3    15750    16229    16178
     213 3    15870    16334    15876
     214 3    15801    16178    16340
     215 3    15910    15985    16352
     216 3    15870    15984    16369
     217 3    15918    16381    16052
     218 3    15910    16352    16297
     219 3    15876    16416    16229
     220 3    15918    16297    16381
     221 3    15870    16369    16334
     222 3    15876    16334    16416
     223 3    16178    16468    16340
     224 3    15974    16476    15984
     225 3    15974    16073    16481
     226 3    15984    16487    16369
     227 3    16178    16229    16490
     228 3    15985    16502    16352
     229 3    16178    16490    16468
     230 3    16027    16052    16540
     231 3    15984    16476    16487
     232 3    16340    16468    16561
     233 3    16340    16561    16534
     234 3    16027    16573    16073
     235 3    16297    16588    16381
     236 3    15974    16481    16476
     237 3    16229    16416    16600
     238 3    16073    16603    16481
     239 3    16229    16600    16490
     240 3    16052    16381    16627
     241 3    16468    16630    16561
     242 3    16468    16490    16634
     243 3    16297    16352    16635
     244 3    16468    16634    16630
     245 3    16073    16573    16603
     246 3    16297    16635    16588
     247 3    16052    16627    16540
     248 3    16027    16540    16573
     249 3    16490    16683    16634
     250 3    16534    16561    16689
     251 3    16490    16600    16707
     252 3    16416    16709    16600
     253 3    16490    16707    16683
     254 3    16534    16689    16656
     255 3    16561    16630    16725
     256 3    16334    16727    16416
     257 3    16561    16725    16689
     258 3    16369    16753    16334
     259 3    16630    16634    16760
     260 3    16381    16588    16773
     261 3    16369    16487    16791
     262 3    16600    16797    16707
     263 3    16634    16683    16810
     264 3    16630    16760    16725
     265 3    16381    16773    16627
     266 3    16416    16727    16709
     267 3    16352    16502    16843
     268 3    16352    16843    16635
     269 3    16634    16810    16760
     270 3    16334    16753    16727
     271 3    16369    16791    16753
     272 3    16600    16709    16878
     273 3    16600    16878    16797
     274 3    16683    16707    16902
     275 3    16656    16689    16903
     276 3    16487    16476    16911
     277 3    16683    16902    16810
     278 3    16481    16938    16476
     279 3    16689    16725    16941
     280 3    16487    16911    16791
     281 3    16656    16903    16849
     282 3    16707    16797    16971
     283 3    16725    16760    16975
     284 3    16760    16810    16982
     285 3    16476    16984    16911
     286 3    16481    16603    17002
     287 3    16707    16971    16902
     288 3    16689    16941    16903
     289 3    16502    17007    16843
     290 3    16502    16726    17007
     291 3    16588    16635    17025
     292 3    16476    16938    16984
     293 3    16760    16982    16975
     294 3    16725    16975    16941
     295 3    16797    16878    17056
     296 3    16588    17025    16773
     297 3    16810    16902    17084
     298 3    16797    17056    16971
     299 3    16810    17084    16982
     300 3    16481    17002    16938
     301 3    16635    16843    17117
     302 3    16603    16573    17123
     303 3    16878    16709    17134
     304 3    16635    17117    17025
     305 3    16849    16903    17143
     306 3    16878    17150    17056
     307 3    16878    17134    17150
     308 3    16540    17195    16573
     309 3    16902    16971    17196
     310 3    16603    17123    17002
     311 3    16902    17196    17084
     312 3    16941    16975    17228
     313 3    16843    17007    17234
     314 3    16540    16627    17235
     315 3    16573    17236    17123
     316 3    16903    16941    17241
     317 3    17117    16843    17246
     318 3    16573    17195    17236
     319 3    16971    17056    17247
     320 3    17007    16726    17254
     321 3    16903    17241    17143
     322 3    17150    17134    17264
     323 3    16843    17234    17266
     324 3    16982    17267    16975
     325 3    16627    16773    17271
     326 3    16843    17266    17246
     327 3    17150    17277    17056
     328 3    16971    17247    17196
     329 3    16941    17228    17241
     330 3    16540    17235    17195
     331 3    16982    17084    17267
     332 3    16726    17290    17254
     333 3    16975    17267    17228
     334 3    17007    17364    17234
     335 3    17056    17277    17247
     336 3    17150    17264    17277
     337 3    16773    17025    17366
     338 3    17084    17196    17368
     339 3    17134    17373    17374
     340 3    16627    17271    17235
     341 3    17117    17246    17388
     342 3    17007    17254    17364
     343 3    17134    17374    17264
     344 3    17025    17117    17391
     345 3    17084    17368    17267
     346 3    17373    17399    17400
     347 3    17025    17401    17366
     348 3    17117    17388    17391
     349 3    17025    17391    17401
     350 3    17399    17407    17408
     351 3    16773    17366    17271
     352 3    17373    17400    17374
     353 3    17266    17234    17434
     354 3    17246    17266    17442
     355 3    17196    17247    17443
     356 3    17254    17290    17460
     357 3    17196    17443    17368
     358 3    17264    17465    17277
     359 3    17234    17364    17469
     360 3    17399    17408    17400
     361 3    17388    17246    17480
     362 3    17364    17254    17485
     363 3    17277    17492    17247
     364 3    17234    17469    17434
     365 3    17264    17374    17465
     366 3    17266    17434    17442
     367 3    17254    17460    17513
     368 3    17254    17513    17485
     369 3    17246    17442    17480
     370 3    17364    17517    17469
     371 3    17388    17520    17391
     372 3    17364    17485    17517
     373 3    17143    17241    17510
     374 3    17228    17548    17241
     375 3    17247    17492    17443
     376 3    17277    17465    17492
     377 3    17388    17480    17520
     378 3    17374    17400    17556
     379 3    17570    17391    17571
     380 3    17374    17556    17465
     381 3    17400    17408    17574
     382 3    17228    17267    17548
     383 3    17391    17520    17571
     384 3    17442    17434    17591
     385 3    17434    17469    17592
     386 3    17513    17460    17601
     387 3    17469    17517    17604
     388 3    17480    17442    17608
     389 3    17368    17613    17267
     390 3    17485    17513    17614
     391 3    17517    17485    17617
     392 3    17480    17637    17520
     393 3    17570    17571    17638
     394 3    17434    17592    17591
     395 3    17469    17604    17592
     396 3    17442    17591    17608
     397 3    17485    17614    17617
     398 3    17400    17574    17556
     399 3    17513    17601    17614
     400 3    17517    17617    17604
     401 3    17368    17443    17613
     402 3    17520    17664    17571
     403 3    17480    17608    17637
     404 3    17638    17571    17676
     405 3    17241    17548    17510
     406 3    17638    17676    17687
     407 3    17520    17637    17664
     408 3    17443    17492    17693
     409 3    17571    17696    17676
     410 3    17465    17700    17492
     411 3    17571    17664    17696
     412 3    17267    17613    17548
     413 3    17591    17592    17707
     414 3    17604    17617    17708
     415 3    17687    17676    17714
     416 3    17608    17724    17637
     417 3    17614    17601    17725
     418 3    17592    17604    17727
     419 3    17617    17614    17731
     420 3    17465    17556    17700
     421 3    17608    17591    17734
     422 3    17687    17714    17741
     423 3    17617    17731    17708
     424 3    17604    17708    17727
     425 3    17592    17727    17707
     426 3    17556    17574    17754
     427 3    17591    17707    17734
     428 3    17443    17693    17613
     429 3    17696    17664    17762
     430 3    17637    17763    17664
     431 3    17614    17725    17731
     432 3    17608    17734    17724
     433 3    17676    17696    17783
     434 3    17637    17724    17763
     435 3    17676    17783    17714
     436 3    17714    17793    17741
     437 3    17492    17700    17693
     438 3    17664    17763    17762
     439 3    17556    17754    17700
     440 3    17696    17762    17783
     441 3    17731    17725    17834
     442 3    17510    17548    17850
     443 3    17714    17783    17793
     444 3    17708    17864    17727
     445 3    17708    17731    17864
     446 3    17548    17613    17868
     447 3    17707    17873    17734
     448 3    17707    17727    17873
     449 3    17724    17734    17885
     450 3    17724    17885    17763
     451 3    17731    17834    17864
     452 3    17725    17857    17834
     453 3    17613    17693    17891
     454 3    17762    17763    17900
     455 3    17510    17850    17819
     456 3    17693    17700    17907
     457 3    17762    17900    17783
     458 3    17793    17783    17911
     459 3    17700    17754    17914
     460 3    17548    17868    17850
     461 3    17727    17864    17873
     462 3    17613    17891    17868
     463 3    17734    17873    17885
     464 3    17693    17907    17891
     465 3    17700    17914    17907
     466 3    17763    17885    17900
     467 3    17783    17900    17911
     468 3    17754    17928    17914
     469 3    17834    17980    17864
     470 3    17873    17986    17885
     471 3    17834    17857    17980
     472 3    17864    17999    17873
     473 3    17885    18007    17900
     474 3    17900    18012    17911
     475 3    17873    17999    17986
     476 3    17864    17980    17999
     477 3    17885    17986    18007
     478 3    17868    18031    17850
     479 3    17857    18013    17980
     480 3    17868    17891    18034
     481 3    17907    17914    18039
     482 3    17914    17928    18042
     483 3    17891    17907    18043
     484 3    17819    17850    18047
     485 3    17900    18007    18012
     486 3    17911    18012    18014
     487 3    17819    18047    18015
     488 3    17868    18034    18031
     489 3    17914    18042    18039
     490 3    17891    18043    18034
     491 3    17907    18039    18043
     492 3    17928    18044    18042
     493 3    17850    18031    18047
     494 3    18012    18113    18014
     495 3    18007    18115    18012
     496 3    17986    17999    18132
     497 3    17986    18132    18007
     498 3    18014    18113    18107
     499 3    18012    18115    18113
     500 3    17980    18146    17999
     501 3    17980    18013    18146
     502 3    18007    18132    18115
     503 3    17999    18146    18132
     504 3    18013    18166    18146
 0                                                                              
 0                                                                              
 3                                                                              
 54                                                                             
      14       0                                                                
   18166
   18146
   18132
   18115
   18113
   18107
   18044
   18042
   18039
   18043
   18034
   18031
   18047
   18015
      14       1                                                                
   12429
   12650
   12709
   12768
   12717
   12681
   12682
   12775
   12898
   12930
   12960
   12996
   13029
   13078
      25       1                                                                
   16709
   17134
   17373
   17399
   17407
   17741
   17687
   17638
   17570
   17391
   17401
   17366
   17271
   17235
   17195
   17236
   17123
   17002
   16938
   16984
   16911
   16791
   16753
   16727
   16709
