bi_1997_v2.grd                                                                  
     560     319
    2198 -0.751140100000E+02  0.338987400000E+02  0.335446400000E+04
    2249 -0.750110900000E+02  0.339189300000E+02  0.346528200000E+04
    2308 -0.749081500000E+02  0.339435200000E+02  0.361318600000E+04
    2362 -0.751788500000E+02  0.339676600000E+02  0.304983400000E+04
    2373 -0.748055300000E+02  0.339723700000E+02  0.373337400000E+04
    2404 -0.750800400000E+02  0.339859700000E+02  0.319502500000E+04
    2450 -0.755209000000E+02  0.340086900000E+02  0.263613100000E+04
    2455 -0.749810300000E+02  0.340086300000E+02  0.333198800000E+04
    2470 -0.754282500000E+02  0.340145500000E+02  0.285698100000E+04
    2489 -0.753345400000E+02  0.340235900000E+02  0.298198200000E+04
    2521 -0.752400800000E+02  0.340362200000E+02  0.299485700000E+04
    2524 -0.748820300000E+02  0.340356400000E+02  0.354619900000E+04
    2562 -0.751451300000E+02  0.340528100000E+02  0.306135400000E+04
    2599 -0.747831500000E+02  0.340668400000E+02  0.366263500000E+04
    2606 -0.750499500000E+02  0.340736300000E+02  0.319723500000E+04
    2626 -0.755695600000E+02  0.340795300000E+02  0.240483900000E+04
    2638 -0.754797200000E+02  0.340848500000E+02  0.284647900000E+04
    2658 -0.753891200000E+02  0.340929700000E+02  0.291243800000E+04
    2675 -0.749546700000E+02  0.340988200000E+02  0.331431700000E+04
    2682 -0.752980000000E+02  0.341043400000E+02  0.298232700000E+04
    2717 -0.752065800000E+02  0.341193800000E+02  0.303475300000E+04
    2752 -0.748593200000E+02  0.341283600000E+02  0.346375200000E+04
    2776 -0.751150300000E+02  0.341384600000E+02  0.307917100000E+04
    2790 -0.757037400000E+02  0.341462800000E+02  0.128200000000E+04
    2795 -0.756168100000E+02  0.341492200000E+02  0.221368300000E+04
    2811 -0.755292400000E+02  0.341541700000E+02  0.253088900000E+04
    2827 -0.754412300000E+02  0.341616000000E+02  0.283980200000E+04
    2832 -0.750234200000E+02  0.341618500000E+02  0.320774100000E+04
    2837 -0.747638100000E+02  0.341620400000E+02  0.357248500000E+04
    2856 -0.753529700000E+02  0.341719400000E+02  0.294755400000E+04
    2889 -0.752646600000E+02  0.341856100000E+02  0.311882900000E+04
    2900 -0.749317200000E+02  0.341896900000E+02  0.333985400000E+04
    2927 -0.751764400000E+02  0.342030600000E+02  0.304559600000E+04
    2958 -0.757486200000E+02  0.342148500000E+02  0.100023100000E+04
    2963 -0.756629900000E+02  0.342178200000E+02  0.171007500000E+04
    2973 -0.755771600000E+02  0.342225100000E+02  0.267860900000E+04
    2978 -0.748397700000E+02  0.342218900000E+02  0.343550400000E+04
    2980 -0.750883500000E+02  0.342246700000E+02  0.305587800000E+04
    2992 -0.754912400000E+02  0.342294300000E+02  0.269669700000E+04
    3012 -0.754053600000E+02  0.342389500000E+02  0.279805000000E+04
    3042 -0.753197000000E+02  0.342514400000E+02  0.295973900000E+04
    3046 -0.750003000000E+02  0.342507500000E+02  0.321814700000E+04
    3069 -0.747472900000E+02  0.342581900000E+02  0.351346700000E+04
    3085 -0.752344100000E+02  0.342673600000E+02  0.308875500000E+04
    3121 -0.757937100000E+02  0.342828800000E+02  0.470830000000E+03
    3124 -0.749120300000E+02  0.342813600000E+02  0.343527800000E+04
    3126 -0.757083100000E+02  0.342855200000E+02  0.868557000000E+03
    3143 -0.751495700000E+02  0.342872000000E+02  0.302444600000E+04
    3146 -0.756237000000E+02  0.342898200000E+02  0.179999800000E+04
    3162 -0.755394900000E+02  0.342963400000E+02  0.257469500000E+04
    3191 -0.754555700000E+02  0.343052700000E+02  0.270648700000E+04
    3206 -0.750650400000E+02  0.343114400000E+02  0.303053200000E+04
    3220 -0.753720900000E+02  0.343168100000E+02  0.278866500000E+04
    3234 -0.748232200000E+02  0.343163500000E+02  0.334260700000E+04
    3262 -0.752892600000E+02  0.343313300000E+02  0.292438000000E+04
    3297 -0.749805200000E+02  0.343403500000E+02  0.364425200000E+04
    3327 -0.752072400000E+02  0.343493800000E+02  0.302023700000E+04
    3335 -0.757525400000E+02  0.343527400000E+02  0.411778000000E+03
    3340 -0.758416700000E+02  0.343532300000E+02  0.238565000000E+03
    3346 -0.756688200000E+02  0.343560300000E+02  0.125969500000E+04
    3356 -0.747335100000E+02  0.343553700000E+02  0.339877400000E+04
    3363 -0.755861700000E+02  0.343621300000E+02  0.222060900000E+04
    3407 -0.755039700000E+02  0.343707300000E+02  0.283034100000E+04
    3413 -0.751260100000E+02  0.343716100000E+02  0.301204300000E+04
    3434 -0.748955500000E+02  0.343738900000E+02  0.315501100000E+04
    3466 -0.754222600000E+02  0.343816600000E+02  0.269812500000E+04
    3533 -0.753413600000E+02  0.343950200000E+02  0.272948300000E+04
    3561 -0.750452200000E+02  0.343986200000E+02  0.299764600000E+04
    3605 -0.758492400000E+02  0.344105400000E+02  0.177418000000E+03
    3612 -0.752616000000E+02  0.344112700000E+02  0.289632600000E+04
    3630 -0.748096800000E+02  0.344117600000E+02  0.321009900000E+04
    3647 -0.757915300000E+02  0.344190300000E+02  0.199154000000E+03
    3654 -0.757117200000E+02  0.344206700000E+02  0.698686000000E+03
    3693 -0.756312800000E+02  0.344263600000E+02  0.148272700000E+04
    3717 -0.751831900000E+02  0.344312000000E+02  0.298349900000E+04
    3720 -0.749642500000E+02  0.344305800000E+02  0.300840000000E+04
    3727 -0.755508300000E+02  0.344349100000E+02  0.231262000000E+04
    3762 -0.758651000000E+02  0.344390200000E+02  0.131906000000E+03
    3790 -0.754707000000E+02  0.344458500000E+02  0.264655400000E+04
    3821 -0.758333100000E+02  0.344478100000E+02  0.159998000000E+03
    3837 -0.758915400000E+02  0.344519400000E+02  0.101634000000E+03
    3861 -0.751060200000E+02  0.344558300000E+02  0.299281000000E+04
    3867 -0.753912100000E+02  0.344584700000E+02  0.255326500000E+04
    3920 -0.758008600000E+02  0.344669300000E+02  0.165163000000E+03
    3937 -0.759207200000E+02  0.344678000000E+02  0.661480000000E+02
    3939 -0.748824200000E+02  0.344671900000E+02  0.305609300000E+04
    3943 -0.758623100000E+02  0.344678200000E+02  0.123216000000E+03
    3956 -0.753130200000E+02  0.344731100000E+02  0.268144700000E+04
    4007 -0.757518800000E+02  0.344819500000E+02  0.181488000000E+03
    4029 -0.758308900000E+02  0.344838800000E+02  0.151138000000E+03
    4033 -0.759499900000E+02  0.344834000000E+02  0.564710000000E+02
    4039 -0.758915200000E+02  0.344839700000E+02  0.780580000000E+02
    4049 -0.750293000000E+02  0.344859600000E+02  0.295676000000E+04
    4050 -0.756749700000E+02  0.344886900000E+02  0.417609000000E+03
    4066 -0.752366300000E+02  0.344905600000E+02  0.292544100000E+04
    4100 -0.755962600000E+02  0.344967700000E+02  0.141871600000E+04
    4123 -0.759791900000E+02  0.344986300000E+02  0.500290000000E+02
    4134 -0.759211300000E+02  0.344996800000E+02  0.589390000000E+02
    4144 -0.758615000000E+02  0.345005300000E+02  0.751940000000E+02
    4163 -0.757969500000E+02  0.345023700000E+02  0.134418000000E+03
    4179 -0.755179700000E+02  0.345088600000E+02  0.179280600000E+04
    4202 -0.751624800000E+02  0.345118400000E+02  0.292965400000E+04
    4227 -0.760083200000E+02  0.345135200000E+02  0.457310000000E+02
    4236 -0.759507500000E+02  0.345150700000E+02  0.512980000000E+02
    4248 -0.758917500000E+02  0.345162800000E+02  0.639510000000E+02
    4260 -0.758305500000E+02  0.345181100000E+02  0.105488000000E+03
    4268 -0.754394900000E+02  0.345219500000E+02  0.220071800000E+04
    4281 -0.749518100000E+02  0.345213300000E+02  0.295366700000E+04
    4299 -0.757677100000E+02  0.345261000000E+02  0.138722000000E+03
    4327 -0.760373600000E+02  0.345280300000E+02  0.426480000000E+02
    4348 -0.759803200000E+02  0.345301700000E+02  0.459140000000E+02
    4360 -0.759218100000E+02  0.345317100000E+02  0.526840000000E+02
    4370 -0.753621000000E+02  0.345350400000E+02  0.236093600000E+04
    4375 -0.758619000000E+02  0.345333800000E+02  0.654550000000E+02
    4404 -0.758000500000E+02  0.345375700000E+02  0.102080000000E+03
    4420 -0.750903500000E+02  0.345391800000E+02  0.291269200000E+04
    4437 -0.760663400000E+02  0.345421000000E+02  0.397840000000E+02
    4465 -0.760098400000E+02  0.345449600000E+02  0.426930000000E+02
    4490 -0.759517600000E+02  0.345469400000E+02  0.454270000000E+02
    4501 -0.757201700000E+02  0.345505500000E+02  0.161271000000E+03
    4503 -0.752868000000E+02  0.345504600000E+02  0.259662900000E+04
    4512 -0.758924600000E+02  0.345486000000E+02  0.578640000000E+02
    4534 -0.758321100000E+02  0.345511900000E+02  0.767450000000E+02
    4556 -0.756395100000E+02  0.345564800000E+02  0.322749000000E+03
    4563 -0.760953000000E+02  0.345555700000E+02  0.382760000000E+02
    4610 -0.757699300000E+02  0.345584400000E+02  0.111438000000E+03
    4611 -0.760393800000E+02  0.345593900000E+02  0.397790000000E+02
    4638 -0.759816700000E+02  0.345619700000E+02  0.414720000000E+02
    4641 -0.748728500000E+02  0.345610100000E+02  0.305028100000E+04
    4654 -0.755643400000E+02  0.345661000000E+02  0.104860100000E+04
    4657 -0.759227400000E+02  0.345638300000E+02  0.459280000000E+02
    4681 -0.758630100000E+02  0.345657500000E+02  0.581900000000E+02
    4682 -0.752140700000E+02  0.345679000000E+02  0.279643900000E+04
    4692 -0.761242800000E+02  0.345682400000E+02  0.370270000000E+02
    4722 -0.758032600000E+02  0.345695300000E+02  0.730170000000E+02
    4756 -0.760690100000E+02  0.345733400000E+02  0.386710000000E+02
    4775 -0.750181300000E+02  0.345734700000E+02  0.288258000000E+04
    4793 -0.760116400000E+02  0.345767400000E+02  0.393910000000E+02
    4825 -0.757508900000E+02  0.345798300000E+02  0.114662000000E+03
    4828 -0.761532800000E+02  0.345798200000E+02  0.368300000000E+02
    4834 -0.759529500000E+02  0.345790100000E+02  0.410900000000E+02
    4859 -0.758934600000E+02  0.345807900000E+02  0.546920000000E+02
    4887 -0.758339200000E+02  0.345830200000E+02  0.607460000000E+02
    4923 -0.760988000000E+02  0.345866300000E+02  0.371010000000E+02
    4928 -0.757778000000E+02  0.345873600000E+02  0.748900000000E+02
    4932 -0.754879400000E+02  0.345884900000E+02  0.128700800000E+04
    4949 -0.751456500000E+02  0.345890100000E+02  0.284016400000E+04
    4952 -0.761822100000E+02  0.345899300000E+02  0.363100000000E+02
    5004 -0.760417500000E+02  0.345911600000E+02  0.386620000000E+02
    5051 -0.754089400000E+02  0.345960700000E+02  0.197703400000E+04
    5055 -0.759832200000E+02  0.345940600000E+02  0.397080000000E+02
    5081 -0.762107300000E+02  0.345981200000E+02  0.349550000000E+02
    5087 -0.759238100000E+02  0.345960200000E+02  0.403770000000E+02
    5123 -0.761288800000E+02  0.345990200000E+02  0.358940000000E+02
    5125 -0.758641500000E+02  0.345977100000E+02  0.510300000000E+02
    5139 -0.757292800000E+02  0.346012600000E+02  0.114026000000E+03
    5160 -0.758059600000E+02  0.345998200000E+02  0.590180000000E+02
    5170 -0.757576900000E+02  0.346018700000E+02  0.806590000000E+02
    5249 -0.760721200000E+02  0.346051000000E+02  0.369930000000E+02
    5334 -0.761593100000E+02  0.346101000000E+02  0.362350000000E+02
    5341 -0.760136500000E+02  0.346089000000E+02  0.384510000000E+02
    5366 -0.753350500000E+02  0.346115200000E+02  0.213575300000E+04
    5382 -0.756783400000E+02  0.346122800000E+02  0.144534000000E+03
    5422 -0.759542400000E+02  0.346112900000E+02  0.393370000000E+02
    5483 -0.758944100000E+02  0.346129300000E+02  0.436640000000E+02
    5501 -0.749435600000E+02  0.346125200000E+02  0.301368000000E+04
    5510 -0.757793900000E+02  0.346148900000E+02  0.598360000000E+02
    5535 -0.758351300000E+02  0.346142900000E+02  0.519180000000E+02
    5612 -0.761900100000E+02  0.346192800000E+02  0.348090000000E+02
    5619 -0.761029300000E+02  0.346183800000E+02  0.336900000000E+02
    5746 -0.755417600000E+02  0.346214900000E+02  0.439668000000E+03
    5768 -0.750812900000E+02  0.346214500000E+02  0.282206400000E+04
    5791 -0.756042000000E+02  0.346249900000E+02  0.173812000000E+03
    5813 -0.760443600000E+02  0.346234400000E+02  0.366020000000E+02
    5825 -0.762203200000E+02  0.346256400000E+02  0.319280000000E+02
    5853 -0.752617400000E+02  0.346262400000E+02  0.254863600000E+04
    5911 -0.757513400000E+02  0.346261900000E+02  0.691750000000E+02
    5945 -0.759848500000E+02  0.346264900000E+02  0.384180000000E+02
    6020 -0.759248400000E+02  0.346283800000E+02  0.395540000000E+02
    6043 -0.761344100000E+02  0.346307000000E+02  0.347090000000E+02
    6067 -0.758649200000E+02  0.346295900000E+02  0.459500000000E+02
    6072 -0.758064600000E+02  0.346300300000E+02  0.511360000000E+02
    6271 -0.760755700000E+02  0.346375700000E+02  0.346090000000E+02
    6301 -0.757180400000E+02  0.346372200000E+02  0.899250000000E+02
    6337 -0.751926400000E+02  0.346410600000E+02  0.265439400000E+04
    6365 -0.761668500000E+02  0.346415100000E+02  0.337190000000E+02
    6417 -0.760157400000E+02  0.346415300000E+02  0.368160000000E+02
    6456 -0.754460800000E+02  0.346447800000E+02  0.131908500000E+04
    6529 -0.757773900000E+02  0.346443300000E+02  0.533680000000E+02
    6530 -0.759555100000E+02  0.346438600000E+02  0.387030000000E+02
    6612 -0.758951600000E+02  0.346452300000E+02  0.431660000000E+02
    6650 -0.758354000000E+02  0.346457600000E+02  0.454020000000E+02
    6727 -0.762004500000E+02  0.346499300000E+02  0.309590000000E+02
    6915 -0.761075400000E+02  0.346511200000E+02  0.349380000000E+02
    7066 -0.756883800000E+02  0.346539800000E+02  0.979320000000E+02
    7231 -0.751343600000E+02  0.346543800000E+02  0.280960300000E+04
    7333 -0.760470700000E+02  0.346563600000E+02  0.343000000000E+02
    7464 -0.757466700000E+02  0.346577700000E+02  0.578500000000E+02
    7562 -0.754995300000E+02  0.346608500000E+02  0.752011000000E+03
    7640 -0.759864400000E+02  0.346593200000E+02  0.375390000000E+02
    7725 -0.756500000000E+02  0.346618800000E+02  0.126829000000E+03
    7844 -0.759257400000E+02  0.346609900000E+02  0.386970000000E+02
    7853 -0.758056200000E+02  0.346612300000E+02  0.447800000000E+02
    7947 -0.758652400000E+02  0.346617400000E+02  0.402530000000E+02
    7956 -0.761407600000E+02  0.346637800000E+02  0.328430000000E+02
    8083 -0.750127900000E+02  0.346623500000E+02  0.287827900000E+04
    8754 -0.755543800000E+02  0.346672900000E+02  0.317220000000E+03
    8943 -0.760791000000E+02  0.346709300000E+02  0.336720000000E+02
    9035 -0.757148500000E+02  0.346720800000E+02  0.643220000000E+02
    9600 -0.761759900000E+02  0.346749600000E+02  0.299580000000E+02
    9657 -0.753849800000E+02  0.346752700000E+02  0.116685900000E+04
    9935 -0.760177600000E+02  0.346746900000E+02  0.358100000000E+02
   10208 -0.757751400000E+02  0.346760900000E+02  0.471840000000E+02
   10418 -0.759566400000E+02  0.346767800000E+02  0.367300000000E+02
   10657 -0.758350700000E+02  0.346778200000E+02  0.409520000000E+02
   10670 -0.758956500000E+02  0.346778200000E+02  0.383890000000E+02
   11681 -0.761122600000E+02  0.346851800000E+02  0.332890000000E+02
   11692 -0.753077400000E+02  0.346868600000E+02  0.217449000000E+04
   11986 -0.756814500000E+02  0.346866700000E+02  0.743230000000E+02
   12349 -0.756023600000E+02  0.346895800000E+02  0.145387000000E+03
   12370 -0.760496100000E+02  0.346899900000E+02  0.330560000000E+02
   12464 -0.757437200000E+02  0.346909000000E+02  0.500380000000E+02
   12711 -0.759878800000E+02  0.346925800000E+02  0.351190000000E+02
   12738 -0.755238900000E+02  0.346954500000E+02  0.550787000000E+03
   12802 -0.758044400000E+02  0.346934900000E+02  0.404940000000E+02
   12864 -0.759264400000E+02  0.346939400000E+02  0.359870000000E+02
   12913 -0.758652300000E+02  0.346943200000E+02  0.372150000000E+02
   13172 -0.761473100000E+02  0.346990100000E+02  0.305630000000E+02
   13184 -0.752359600000E+02  0.347005600000E+02  0.239248800000E+04
   13973 -0.754940900000E+02  0.347050400000E+02  0.645064000000E+03
   13992 -0.756462700000E+02  0.347039300000E+02  0.914870000000E+02
   13997 -0.754510200000E+02  0.347034000000E+02  0.904758000000E+03
   14073 -0.760822800000E+02  0.347052700000E+02  0.320390000000E+02
   14144 -0.749387700000E+02  0.347035800000E+02  0.300029800000E+04
   14209 -0.757114200000E+02  0.347061100000E+02  0.532660000000E+02
   14358 -0.751657100000E+02  0.347092800000E+02  0.255922400000E+04
   14597 -0.760195000000E+02  0.347083900000E+02  0.331920000000E+02
   14698 -0.757732300000E+02  0.347089600000E+02  0.420480000000E+02
   14714 -0.750874900000E+02  0.347115900000E+02  0.270610500000E+04
   15046 -0.759575700000E+02  0.347100900000E+02  0.341060000000E+02
   15107 -0.755560500000E+02  0.347114300000E+02  0.236152000000E+03
   15171 -0.758344700000E+02  0.347105100000E+02  0.375350000000E+02
   15270 -0.758959000000E+02  0.347107900000E+02  0.344870000000E+02
   17403 -0.761163500000E+02  0.347208500000E+02  0.305520000000E+02
   17713 -0.756194800000E+02  0.347241900000E+02  0.954350000000E+02
   17817 -0.756785100000E+02  0.347221700000E+02  0.554100000000E+02
   18067 -0.760516400000E+02  0.347242500000E+02  0.311390000000E+02
   18075 -0.757414000000E+02  0.347245200000E+02  0.442900000000E+02
   18218 -0.759890100000E+02  0.347262600000E+02  0.321720000000E+02
   18232 -0.758032900000E+02  0.347264800000E+02  0.375130000000E+02
   18297 -0.759269300000E+02  0.347272600000E+02  0.323890000000E+02
   18307 -0.758650200000E+02  0.347273600000E+02  0.339870000000E+02
   18485 -0.755171100000E+02  0.347325400000E+02  0.270063000000E+03
   18550 -0.755877600000E+02  0.347333900000E+02  0.121665000000E+03
   18586 -0.754808100000E+02  0.347328500000E+02  0.514939000000E+03
   18784 -0.753468300000E+02  0.347374700000E+02  0.127786500000E+04
   19008 -0.756467000000E+02  0.347391900000E+02  0.570780000000E+02
   19139 -0.757091100000E+02  0.347404400000E+02  0.455050000000E+02
   19161 -0.760844600000E+02  0.347403200000E+02  0.309100000000E+02
   19324 -0.757716500000E+02  0.347424000000E+02  0.398560000000E+02
   19344 -0.760207800000E+02  0.347425200000E+02  0.295830000000E+02
   19457 -0.758338100000E+02  0.347437100000E+02  0.350950000000E+02
   19459 -0.759582400000E+02  0.347437500000E+02  0.313440000000E+02
   19512 -0.758959600000E+02  0.347441400000E+02  0.315710000000E+02
   19537 -0.754018100000E+02  0.347468900000E+02  0.932496000000E+03
   19947 -0.755522800000E+02  0.347501800000E+02  0.146858000000E+03
   20192 -0.750082500000E+02  0.347520300000E+02  0.284949000000E+04
   20282 -0.756153200000E+02  0.347548800000E+02  0.699600000000E+02
   20346 -0.754517100000E+02  0.347578100000E+02  0.556036000000E+03
   20542 -0.761176500000E+02  0.347566700000E+02  0.281470000000E+02
   20607 -0.757396200000E+02  0.347584300000E+02  0.415040000000E+02
   20660 -0.760529200000E+02  0.347589500000E+02  0.308790000000E+02
   20732 -0.758022300000E+02  0.347599300000E+02  0.346680000000E+02
   20754 -0.759897900000E+02  0.347602900000E+02  0.300570000000E+02
   20801 -0.758646900000E+02  0.347607800000E+02  0.320130000000E+02
   20812 -0.759271900000E+02  0.347609100000E+02  0.312860000000E+02
   21018 -0.754913100000E+02  0.347652300000E+02  0.224049000000E+03
   21163 -0.755235600000E+02  0.347672300000E+02  0.164320000000E+03
   21240 -0.752059400000E+02  0.347698600000E+02  0.238151100000E+04
   21285 -0.752837900000E+02  0.347702300000E+02  0.921604000000E+03
   21355 -0.755822500000E+02  0.347699900000E+02  0.833840000000E+02
   21649 -0.760856200000E+02  0.347758200000E+02  0.293580000000E+02
   21657 -0.757703300000E+02  0.347761600000E+02  0.365510000000E+02
   21675 -0.751394400000E+02  0.347783600000E+02  0.250944800000E+04
   21677 -0.760215000000E+02  0.347769200000E+02  0.301030000000E+02
   21690 -0.758331200000E+02  0.347772700000E+02  0.319440000000E+02
   21700 -0.759586300000E+02  0.347777100000E+02  0.306330000000E+02
   21703 -0.758958700000E+02  0.347778100000E+02  0.301660000000E+02
   21791 -0.755483500000E+02  0.347863000000E+02  0.104591000000E+03
   21933 -0.760532200000E+02  0.347937300000E+02  0.304400000000E+02
   21948 -0.759902100000E+02  0.347945600000E+02  0.295130000000E+02
   21949 -0.758642700000E+02  0.347945200000E+02  0.310620000000E+02
   21959 -0.759272600000E+02  0.347948600000E+02  0.295680000000E+02
   21969 -0.754665500000E+02  0.347989000000E+02  0.199974000000E+03
   21974 -0.754204000000E+02  0.347991100000E+02  0.341114000000E+03
   22014 -0.755096800000E+02  0.348016500000E+02  0.140123000000E+03
   22045 -0.750718700000E+02  0.348029600000E+02  0.268180700000E+04
   22105 -0.753577000000E+02  0.348077500000E+02  0.444245000000E+03
   22153 -0.760217400000E+02  0.348113900000E+02  0.311240000000E+02
   22157 -0.758956200000E+02  0.348117600000E+02  0.286030000000E+02
   22158 -0.759588100000E+02  0.348119400000E+02  0.285550000000E+02
   22270 -0.751787300000E+02  0.348244900000E+02  0.208493600000E+04
   22352 -0.760527600000E+02  0.348280900000E+02  0.284710000000E+02
   22368 -0.759904400000E+02  0.348290200000E+02  0.294920000000E+02
   22372 -0.759271400000E+02  0.348290500000E+02  0.277760000000E+02
   22428 -0.752343800000E+02  0.348355300000E+02  0.103336200000E+04
   22470 -0.754456900000E+02  0.348400800000E+02  0.161136000000E+03
   22525 -0.754005800000E+02  0.348425400000E+02  0.218703000000E+03
   22585 -0.760220000000E+02  0.348459000000E+02  0.289710000000E+02
   22598 -0.759588100000E+02  0.348464300000E+02  0.289840000000E+02
   22653 -0.751284600000E+02  0.348511000000E+02  0.230762000000E+04
   22657 -0.752997500000E+02  0.348527800000E+02  0.575326000000E+03
   22682 -0.753689900000E+02  0.348551000000E+02  0.236946000000E+03
   22733 -0.753416800000E+02  0.348567200000E+02  0.419450000000E+03
   22834 -0.759907200000E+02  0.348638300000E+02  0.249190000000E+02
   23053 -0.753272000000E+02  0.348829000000E+02  0.392613000000E+03
   23130 -0.751871000000E+02  0.348864300000E+02  0.117363800000E+04
   23361 -0.753030000000E+02  0.349066000000E+02  0.382799000000E+03
   23381 -0.752526600000E+02  0.349081500000E+02  0.511365000000E+03
       1 3     2198     2249     2404
       2 3     2198     2404     2362
       3 3     2249     2308     2455
       4 3     2249     2455     2404
       5 3     2308     2373     2524
       6 3     2362     2404     2562
       7 3     2308     2524     2455
       8 3     2362     2562     2521
       9 3     2404     2455     2606
      10 3     2373     2599     2524
      11 3     2450     2470     2638
      12 3     2470     2489     2658
      13 3     2404     2606     2562
      14 3     2455     2524     2675
      15 3     2489     2521     2682
      16 3     2450     2638     2626
      17 3     2470     2658     2638
      18 3     2455     2675     2606
      19 3     2521     2562     2717
      20 3     2489     2682     2658
      21 3     2524     2599     2752
      22 3     2562     2606     2776
      23 3     2521     2717     2682
      24 3     2524     2752     2675
      25 3     2626     2638     2811
      26 3     2562     2776     2717
      27 3     2638     2658     2827
      28 3     2606     2675     2832
      29 3     2658     2682     2856
      30 3     2599     2837     2752
      31 3     2626     2811     2795
      32 3     2606     2832     2776
      33 3     2638     2827     2811
      34 3     2682     2717     2889
      35 3     2675     2752     2900
      36 3     2658     2856     2827
      37 3     2717     2776     2927
      38 3     2675     2900     2832
      39 3     2682     2889     2856
      40 3     2790     2795     2963
      41 3     2717     2927     2889
      42 3     2795     2811     2973
      43 3     2752     2837     2978
      44 3     2776     2832     2980
      45 3     2811     2827     2992
      46 3     2752     2978     2900
      47 3     2827     2856     3012
      48 3     2776     2980     2927
      49 3     2790     2963     2958
      50 3     2795     2973     2963
      51 3     2811     2992     2973
      52 3     2856     2889     3042
      53 3     2832     2900     3046
      54 3     2827     3012     2992
      55 3     2832     3046     2980
      56 3     2889     2927     3085
      57 3     2856     3042     3012
      58 3     2837     3069     2978
      59 3     2900     2978     3124
      60 3     2889     3085     3042
      61 3     2958     2963     3126
      62 3     2927     2980     3143
      63 3     2963     2973     3146
      64 3     2900     3124     3046
      65 3     2973     2992     3162
      66 3     2927     3143     3085
      67 3     2992     3012     3191
      68 3     2958     3126     3121
      69 3     2980     3046     3206
      70 3     2963     3146     3126
      71 3     3012     3042     3220
      72 3     2973     3162     3146
      73 3     2978     3069     3234
      74 3     2980     3206     3143
      75 3     2992     3191     3162
      76 3     2978     3234     3124
      77 3     3042     3085     3262
      78 3     3012     3220     3191
      79 3     3046     3124     3297
      80 3     3042     3262     3220
      81 3     3085     3143     3327
      82 3     3046     3297     3206
      83 3     3121     3126     3335
      84 3     3126     3146     3346
      85 3     3146     3162     3363
      86 3     3085     3327     3262
      87 3     3069     3356     3234
      88 3     3162     3191     3407
      89 3     3143     3206     3413
      90 3     3124     3234     3434
      91 3     3126     3346     3335
      92 3     3121     3335     3340
      93 3     3191     3220     3466
      94 3     3146     3363     3346
      95 3     3143     3413     3327
      96 3     3124     3434     3297
      97 3     3162     3407     3363
      98 3     3220     3262     3533
      99 3     3191     3466     3407
     100 3     3206     3297     3561
     101 3     3206     3561     3413
     102 3     3220     3533     3466
     103 3     3262     3327     3612
     104 3     3234     3356     3630
     105 3     3335     3647     3340
     106 3     3335     3346     3654
     107 3     3234     3630     3434
     108 3     3262     3612     3533
     109 3     3346     3363     3693
     110 3     3340     3647     3605
     111 3     3327     3413     3717
     112 3     3297     3434     3720
     113 3     3363     3407     3727
     114 3     3297     3720     3561
     115 3     3335     3654     3647
     116 3     3327     3717     3612
     117 3     3407     3466     3790
     118 3     3346     3693     3654
     119 3     3605     3647     3821
     120 3     3605     3821     3762
     121 3     3363     3727     3693
     122 3     3413     3561     3861
     123 3     3466     3533     3867
     124 3     3407     3790     3727
     125 3     3413     3861     3717
     126 3     3647     3920     3821
     127 3     3434     3630     3939
     128 3     3762     3821     3943
     129 3     3762     3943     3837
     130 3     3533     3612     3956
     131 3     3466     3867     3790
     132 3     3434     3939     3720
     133 3     3654     4007     3647
     134 3     3647     4007     3920
     135 3     3821     3920     4029
     136 3     3837     3943     4039
     137 3     3837     4039     3937
     138 3     3821     4029     3943
     139 3     3533     3956     3867
     140 3     3561     3720     4049
     141 3     3654     3693     4050
     142 3     3612     3717     4066
     143 3     3561     4049     3861
     144 3     3693     3727     4100
     145 3     3937     4134     4033
     146 3     3937     4039     4134
     147 3     3943     4029     4144
     148 3     3943     4144     4039
     149 3     3612     4066     3956
     150 3     3920     4163     4029
     151 3     3654     4050     4007
     152 3     3727     3790     4179
     153 3     3920     4007     4163
     154 3     3717     3861     4202
     155 3     3693     4100     4050
     156 3     4033     4236     4123
     157 3     4033     4134     4236
     158 3     4039     4248     4134
     159 3     4039     4144     4248
     160 3     4029     4260     4144
     161 3     4029     4163     4260
     162 3     3790     3867     4268
     163 3     3717     4202     4066
     164 3     3720     3939     4281
     165 3     3727     4179     4100
     166 3     4007     4299     4163
     167 3     3720     4281     4049
     168 3     4123     4348     4227
     169 3     4123     4236     4348
     170 3     4134     4360     4236
     171 3     4134     4248     4360
     172 3     3867     3956     4370
     173 3     4144     4375     4248
     174 3     4144     4260     4375
     175 3     3790     4268     4179
     176 3     4163     4404     4260
     177 3     3861     4049     4420
     178 3     4163     4299     4404
     179 3     4227     4465     4327
     180 3     3861     4420     4202
     181 3     4227     4348     4465
     182 3     4236     4490     4348
     183 3     4236     4360     4490
     184 3     3867     4370     4268
     185 3     4007     4050     4501
     186 3     3956     4066     4503
     187 3     4248     4512     4360
     188 3     4248     4375     4512
     189 3     4007     4501     4299
     190 3     4260     4534     4375
     191 3     4260     4404     4534
     192 3     4050     4100     4556
     193 3     4299     4610     4404
     194 3     4327     4611     4437
     195 3     4327     4465     4611
     196 3     3956     4503     4370
     197 3     4348     4638     4465
     198 3     4348     4490     4638
     199 3     4100     4179     4654
     200 3     4360     4657     4490
     201 3     4360     4512     4657
     202 3     3939     4641     4281
     203 3     4375     4681     4512
     204 3     4066     4202     4682
     205 3     4375     4534     4681
     206 3     4299     4501     4610
     207 3     4404     4722     4534
     208 3     4404     4610     4722
     209 3     4437     4756     4563
     210 3     4049     4281     4775
     211 3     4437     4611     4756
     212 3     4050     4556     4501
     213 3     4465     4793     4611
     214 3     4066     4682     4503
     215 3     4049     4775     4420
     216 3     4465     4638     4793
     217 3     4610     4501     4825
     218 3     4490     4834     4638
     219 3     4490     4657     4834
     220 3     4100     4654     4556
     221 3     4512     4859     4657
     222 3     4512     4681     4859
     223 3     4534     4887     4681
     224 3     4534     4722     4887
     225 3     4563     4923     4692
     226 3     4610     4928     4722
     227 3     4179     4268     4932
     228 3     4202     4420     4949
     229 3     4563     4756     4923
     230 3     4610     4825     4928
     231 3     4611     5004     4756
     232 3     4611     4793     5004
     233 3     4268     4370     5051
     234 3     4638     5055     4793
     235 3     4638     4834     5055
     236 3     4202     4949     4682
     237 3     4657     5087     4834
     238 3     4657     4859     5087
     239 3     4692     5123     4828
     240 3     4681     5125     4859
     241 3     4179     4932     4654
     242 3     4681     4887     5125
     243 3     4825     4501     5139
     244 3     4722     5160     4887
     245 3     4825     5170     4928
     246 3     4722     4928     5160
     247 3     4692     4923     5123
     248 3     4756     5249     4923
     249 3     4756     5004     5249
     250 3     4825     5139     5170
     251 3     4828     5334     4952
     252 3     4793     5341     5004
     253 3     4370     4503     5366
     254 3     4556     5382     4501
     255 3     4793     5055     5341
     256 3     4834     5422     5055
     257 3     4268     5051     4932
     258 3     4834     5087     5422
     259 3     4828     5123     5334
     260 3     4859     5483     5087
     261 3     4281     4641     5501
     262 3     4859     5125     5483
     263 3     4928     5170     5510
     264 3     4887     5535     5125
     265 3     4887     5160     5535
     266 3     4928     5510     5160
     267 3     4501     5382     5139
     268 3     4281     5501     4775
     269 3     4952     5612     5081
     270 3     4923     5619     5123
     271 3     4923     5249     5619
     272 3     4654     4932     5746
     273 3     4420     4775     5768
     274 3     4370     5366     5051
     275 3     4952     5334     5612
     276 3     4654     5791     4556
     277 3     5004     5813     5249
     278 3     4420     5768     4949
     279 3     4503     4682     5853
     280 3     5004     5341     5813
     281 3     5170     5139     5911
     282 3     5055     5945     5341
     283 3     5055     5422     5945
     284 3     5087     6020     5422
     285 3     5123     6043     5334
     286 3     5087     5483     6020
     287 3     5170     5911     5510
     288 3     5081     5612     5825
     289 3     5125     6067     5483
     290 3     5160     5510     6072
     291 3     5125     5535     6067
     292 3     5160     6072     5535
     293 3     5123     5619     6043
     294 3     5249     6271     5619
     295 3     4503     5853     5366
     296 3     4654     5746     5791
     297 3     5139     5382     6301
     298 3     4682     4949     6337
     299 3     4556     5791     5382
     300 3     5249     5813     6271
     301 3     5139     6301     5911
     302 3     5334     6365     5612
     303 3     5341     6417     5813
     304 3     5051     6456     4932
     305 3     5341     5945     6417
     306 3     5510     5911     6529
     307 3     5422     6530     5945
     308 3     5334     6043     6365
     309 3     5422     6020     6530
     310 3     5483     6612     6020
     311 3     5510     6529     6072
     312 3     5483     6067     6612
     313 3     5535     6072     6650
     314 3     5535     6650     6067
     315 3     5612     6727     5825
     316 3     5619     6915     6043
     317 3     4682     6337     5853
     318 3     5382     7066     6301
     319 3     5619     6271     6915
     320 3     5612     6365     6727
     321 3     4949     5768     7231
     322 3     5813     7333     6271
     323 3     5911     6301     7464
     324 3     5813     6417     7333
     325 3     4932     7562     5746
     326 3     5945     7640     6417
     327 3     5911     7464     6529
     328 3     5382     5791     7725
     329 3     4949     7231     6337
     330 3     5945     6530     7640
     331 3     6020     7844     6530
     332 3     6072     6529     7853
     333 3     6020     6612     7844
     334 3     6072     7853     6650
     335 3     6067     7947     6612
     336 3     6067     6650     7947
     337 3     6043     7956     6365
     338 3     4932     6456     7562
     339 3     5382     7725     7066
     340 3     4775     5501     8083
     341 3     4775     8083     5768
     342 3     6043     6915     7956
     343 3     5746     8754     5791
     344 3     6271     8943     6915
     345 3     6301     7066     9035
     346 3     6271     7333     8943
     347 3     6365     9600     6727
     348 3     6301     9035     7464
     349 3     5051     5366     9657
     350 3     6417     9935     7333
     351 3     6417     7640     9935
     352 3     6529     7464    10208
     353 3     6530    10418     7640
     354 3     6529    10208     7853
     355 3     5051     9657     6456
     356 3     6530     7844    10418
     357 3     6650     7853    10657
     358 3     5746     7562     8754
     359 3     6612    10670     7844
     360 3     6612     7947    10670
     361 3     6650    10657     7947
     362 3     6365     7956     9600
     363 3     6915    11681     7956
     364 3     5366     5853    11692
     365 3     7066     7725    11986
     366 3     6915     8943    11681
     367 3     7066    11986     9035
     368 3     5791    12349     7725
     369 3     7333    12370     8943
     370 3     5791     8754    12349
     371 3     7464     9035    12464
     372 3     7333     9935    12370
     373 3     7464    12464    10208
     374 3     7640    12711     9935
     375 3     7562    12738     8754
     376 3     7640    10418    12711
     377 3     7853    10208    12802
     378 3     7844    12864    10418
     379 3     7853    12802    10657
     380 3     7844    10670    12864
     381 3     7947    10657    12913
     382 3     7947    12913    10670
     383 3     7956    13172     9600
     384 3     5853     6337    13184
     385 3     5366    11692     9657
     386 3     7956    11681    13172
     387 3     7562    13973    12738
     388 3     7725    13992    11986
     389 3     6456    13997     7562
     390 3     8943    14073    11681
     391 3     9035    11986    14209
     392 3     7231    14358     6337
     393 3     8943    12370    14073
     394 3     7725    12349    13992
     395 3     5501    14144     8083
     396 3     9035    14209    12464
     397 3     9935    14597    12370
     398 3    10208    12464    14698
     399 3     5768    14714     7231
     400 3     9935    12711    14597
     401 3     7562    13997    13973
     402 3    10208    14698    12802
     403 3    10418    15046    12711
     404 3     8754    12738    15107
     405 3    10657    12802    15171
     406 3    10418    12864    15046
     407 3     5853    13184    11692
     408 3    10657    15171    12913
     409 3    10670    15270    12864
     410 3    10670    12913    15270
     411 3     6456     9657    13997
     412 3     8754    15107    12349
     413 3     5768     8083    14714
     414 3    11681    17403    13172
     415 3    12349    17713    13992
     416 3     6337    14358    13184
     417 3    11986    13992    17817
     418 3    11681    14073    17403
     419 3    11986    17817    14209
     420 3    12370    18067    14073
     421 3    12464    14209    18075
     422 3    12370    14597    18067
     423 3    12464    18075    14698
     424 3    12711    18218    14597
     425 3    12802    14698    18232
     426 3    12711    15046    18218
     427 3    12802    18232    15171
     428 3    12864    18297    15046
     429 3    12913    15171    18307
     430 3    12864    15270    18297
     431 3    12913    18307    15270
     432 3    12738    13973    18485
     433 3    12349    15107    18550
     434 3    13973    13997    18586
     435 3    12349    18550    17713
     436 3     7231    14714    14358
     437 3    11692    18784     9657
     438 3    12738    18485    15107
     439 3    13992    17713    19008
     440 3    13992    19008    17817
     441 3    14209    17817    19139
     442 3    14073    19161    17403
     443 3    14073    18067    19161
     444 3    14209    19139    18075
     445 3    13973    18586    18485
     446 3    14698    18075    19324
     447 3    14597    19344    18067
     448 3    14597    18218    19344
     449 3    14698    19324    18232
     450 3    15171    18232    19457
     451 3    15046    19459    18218
     452 3    15046    18297    19459
     453 3    15171    19457    18307
     454 3    15270    19512    18297
     455 3    15270    18307    19512
     456 3     9657    19537    13997
     457 3    15107    18485    19947
     458 3     9657    18784    19537
     459 3    15107    19947    18550
     460 3     8083    14144    20192
     461 3    17713    18550    20282
     462 3    13997    20346    18586
     463 3    17713    20282    19008
     464 3     8083    20192    14714
     465 3    17403    19161    20542
     466 3    18075    19139    20607
     467 3    18067    20660    19161
     468 3    18075    20607    19324
     469 3    18067    19344    20660
     470 3    18232    19324    20732
     471 3    18218    20754    19344
     472 3    18232    20732    19457
     473 3    18218    19459    20754
     474 3    18307    19457    20801
     475 3    18297    20812    19459
     476 3    18307    20801    19512
     477 3    18297    19512    20812
     478 3    13997    19537    20346
     479 3    18586    21018    18485
     480 3    18485    21163    19947
     481 3    13184    14358    21240
     482 3    11692    13184    21285
     483 3    18550    19947    21355
     484 3    18485    21018    21163
     485 3    18550    21355    20282
     486 3    11692    21285    18784
     487 3    18586    20346    21018
     488 3    19161    21649    20542
     489 3    19324    20607    21657
     490 3    19161    20660    21649
     491 3    19324    21657    20732
     492 3    14358    14714    21675
     493 3    19344    21677    20660
     494 3    19344    20754    21677
     495 3    19457    20732    21690
     496 3    19457    21690    20801
     497 3    19459    21700    20754
     498 3    19512    20801    21703
     499 3    19459    20812    21700
     500 3    19512    21703    20812
     501 3    19947    21163    21791
     502 3    19947    21791    21355
     503 3    14358    21675    21240
     504 3    13184    21240    21285
     505 3    20660    21677    21933
     506 3    20660    21933    21649
     507 3    20754    21948    21677
     508 3    20801    21690    21949
     509 3    20754    21700    21948
     510 3    20801    21949    21703
     511 3    20812    21959    21700
     512 3    20812    21703    21959
     513 3    20346    21969    21018
     514 3    19537    21974    20346
     515 3    21163    21018    22014
     516 3    14714    20192    22045
     517 3    14714    22045    21675
     518 3    18784    22105    19537
     519 3    21163    22014    21791
     520 3    20346    21974    21969
     521 3    21018    21969    22014
     522 3    21677    22153    21933
     523 3    21677    21948    22153
     524 3    21703    21949    22157
     525 3    21700    22158    21948
     526 3    21703    22157    21959
     527 3    21700    21959    22158
     528 3    18784    21285    22105
     529 3    19537    22105    21974
     530 3    21240    21675    22270
     531 3    21933    22153    22352
     532 3    21948    22368    22153
     533 3    21959    22157    22372
     534 3    21948    22158    22368
     535 3    21959    22372    22158
     536 3    21240    22428    21285
     537 3    21969    21974    22470
     538 3    21240    22270    22428
     539 3    21974    22105    22525
     540 3    22153    22585    22352
     541 3    22153    22368    22585
     542 3    22158    22598    22368
     543 3    22158    22372    22598
     544 3    21974    22525    22470
     545 3    21675    22653    22270
     546 3    21675    22045    22653
     547 3    21285    22657    22105
     548 3    22105    22682    22525
     549 3    22105    22733    22682
     550 3    21285    22428    22657
     551 3    22105    22657    22733
     552 3    22368    22834    22585
     553 3    22368    22598    22834
     554 3    22733    22657    23053
     555 3    22270    23130    22428
     556 3    22270    22653    23130
     557 3    23053    22657    23361
     558 3    22428    23381    22657
     559 3    22428    23130    23381
     560 3    22657    23381    23361
 0                                                                              
 0                                                                              
 0                                                                              
 0                                                                              
