Nodal attrs for bi_1997_v2.grd - 10/24/2013                                     
         284
           1
primitive_weighting_in_continuity_equation                                      
1                                                                               
           1
  0.300000000E-01
primitive_weighting_in_continuity_equation                                      
         284
       145    0.50000000E-02
       146    0.50000000E-02
       147    0.50000000E-02
       158    0.50000000E-02
       159    0.50000000E-02
       160    0.50000000E-02
       173    0.50000000E-02
       174    0.50000000E-02
       175    0.50000000E-02
       191    0.50000000E-02
       192    0.50000000E-02
       193    0.50000000E-02
       194    0.50000000E-02
       195    0.50000000E-02
       196    0.50000000E-02
       219    0.50000000E-02
       220    0.50000000E-02
       226    0.50000000E-02
       228    0.50000000E-02
       229    0.50000000E-02
       240    0.50000000E-02
       252    0.50000000E-02
       268    0.50000000E-02
       269    0.50000000E-02
       281    0.50000000E-02
       282    0.50000000E-02
       293    0.50000000E-02
       307    0.50000000E-02
       308    0.50000000E-02
       311    0.50000000E-02
       321    0.50000000E-02
       328    0.50000000E-02
       361    0.50000000E-02
       393    0.50000000E-02
       394    0.50000000E-02
       405    0.50000000E-02
       443    0.50000000E-02
       465    0.50000000E-02
       468    0.50000000E-02
       477    0.50000000E-02
       487    0.50000000E-02
       508    0.50000000E-02
       529    0.50000000E-02
       537    0.50000000E-02
       553    0.50000000E-02
       554    0.50000000E-02
       555    0.50000000E-02
       565    0.50000000E-02
       585    0.50000000E-02
       623    0.50000000E-02
       627    0.50000000E-02
       636    0.50000000E-02
       650    0.50000000E-02
       656    0.50000000E-02
       679    0.50000000E-02
       710    0.50000000E-02
       717    0.50000000E-02
       720    0.50000000E-02
       727    0.50000000E-02
       745    0.50000000E-02
       764    0.50000000E-02
       770    0.50000000E-02
       773    0.50000000E-02
       798    0.50000000E-02
       809    0.50000000E-02
       819    0.50000000E-02
       837    0.50000000E-02
       839    0.50000000E-02
       863    0.50000000E-02
       871    0.50000000E-02
       890    0.50000000E-02
       910    0.50000000E-02
       917    0.50000000E-02
       924    0.50000000E-02
       928    0.50000000E-02
       962    0.50000000E-02
       968    0.50000000E-02
       981    0.50000000E-02
       986    0.50000000E-02
      1011    0.50000000E-02
      1027    0.50000000E-02
      1030    0.50000000E-02
      1036    0.50000000E-02
      1058    0.50000000E-02
      1083    0.50000000E-02
      1089    0.50000000E-02
      1113    0.50000000E-02
      1127    0.50000000E-02
      1132    0.50000000E-02
      1146    0.50000000E-02
      1168    0.50000000E-02
      1180    0.50000000E-02
      1199    0.50000000E-02
      1200    0.50000000E-02
      1219    0.50000000E-02
      1240    0.50000000E-02
      1243    0.50000000E-02
      1260    0.50000000E-02
      1278    0.50000000E-02
      1306    0.50000000E-02
      1313    0.50000000E-02
      1320    0.50000000E-02
      1327    0.50000000E-02
      1362    0.50000000E-02
      1382    0.50000000E-02
      1401    0.50000000E-02
      1415    0.50000000E-02
      1434    0.50000000E-02
      1435    0.50000000E-02
      1451    0.50000000E-02
      1464    0.50000000E-02
      1484    0.50000000E-02
      1501    0.50000000E-02
      1518    0.50000000E-02
      1523    0.50000000E-02
      1535    0.50000000E-02
      1554    0.50000000E-02
      1571    0.50000000E-02
      1608    0.50000000E-02
      1625    0.50000000E-02
      1632    0.50000000E-02
      1633    0.50000000E-02
      1645    0.50000000E-02
      1687    0.50000000E-02
      1704    0.50000000E-02
      1719    0.50000000E-02
      1731    0.50000000E-02
      1735    0.50000000E-02
      1765    0.50000000E-02
      1767    0.50000000E-02
      1775    0.50000000E-02
      1819    0.50000000E-02
      1831    0.50000000E-02
      1845    0.50000000E-02
      1849    0.50000000E-02
      1870    0.50000000E-02
      1900    0.50000000E-02
      1904    0.50000000E-02
      1944    0.50000000E-02
      1959    0.50000000E-02
      1970    0.50000000E-02
      1973    0.50000000E-02
      1991    0.50000000E-02
      2036    0.50000000E-02
      2037    0.50000000E-02
      2052    0.50000000E-02
      2061    0.50000000E-02
      2093    0.50000000E-02
      2094    0.50000000E-02
      2102    0.50000000E-02
      2104    0.50000000E-02
      2149    0.50000000E-02
      2161    0.50000000E-02
      2165    0.50000000E-02
      2166    0.50000000E-02
      2209    0.50000000E-02
      2211    0.50000000E-02
      2220    0.50000000E-02
      2234    0.50000000E-02
      2257    0.50000000E-02
      2266    0.50000000E-02
      2272    0.50000000E-02
      2308    0.50000000E-02
      2315    0.50000000E-02
      2319    0.50000000E-02
      2321    0.50000000E-02
      2327    0.50000000E-02
      2360    0.50000000E-02
      2368    0.50000000E-02
      2371    0.50000000E-02
      2373    0.50000000E-02
      2401    0.50000000E-02
      2408    0.50000000E-02
      2414    0.50000000E-02
      2420    0.50000000E-02
      2451    0.50000000E-02
      2454    0.50000000E-02
      2479    0.50000000E-02
      2486    0.50000000E-02
      2494    0.50000000E-02
      2519    0.50000000E-02
      2524    0.50000000E-02
      2530    0.50000000E-02
      2545    0.50000000E-02
      2560    0.50000000E-02
      2576    0.50000000E-02
      2594    0.50000000E-02
      2595    0.50000000E-02
      2599    0.50000000E-02
      2628    0.50000000E-02
      2643    0.50000000E-02
      2648    0.50000000E-02
      2666    0.50000000E-02
      2689    0.50000000E-02
      2699    0.50000000E-02
      2711    0.50000000E-02
      2739    0.50000000E-02
      2741    0.50000000E-02
      2743    0.50000000E-02
      2752    0.50000000E-02
      2773    0.50000000E-02
      2780    0.50000000E-02
      2789    0.50000000E-02
      2816    0.50000000E-02
      2820    0.50000000E-02
      2837    0.50000000E-02
      2857    0.50000000E-02
      2858    0.50000000E-02
      2891    0.50000000E-02
      2895    0.50000000E-02
      2897    0.50000000E-02
      2929    0.50000000E-02
      2930    0.50000000E-02
      2932    0.50000000E-02
      2964    0.50000000E-02
      2970    0.50000000E-02
      2978    0.50000000E-02
      2996    0.50000000E-02
      3007    0.50000000E-02
      3023    0.50000000E-02
      3031    0.50000000E-02
      3043    0.50000000E-02
      3053    0.50000000E-02
      3069    0.50000000E-02
      3076    0.50000000E-02
      3094    0.50000000E-02
      3110    0.50000000E-02
      3130    0.50000000E-02
      3148    0.50000000E-02
      3172    0.50000000E-02
      3180    0.50000000E-02
      3194    0.50000000E-02
      3207    0.50000000E-02
      3234    0.50000000E-02
      3240    0.50000000E-02
      3246    0.50000000E-02
      3281    0.50000000E-02
      3284    0.50000000E-02
      3308    0.50000000E-02
      3329    0.50000000E-02
      3341    0.50000000E-02
      3356    0.50000000E-02
      3376    0.50000000E-02
      3418    0.50000000E-02
      3419    0.50000000E-02
      3479    0.50000000E-02
      3500    0.50000000E-02
      3523    0.50000000E-02
      3564    0.50000000E-02
      3565    0.50000000E-02
      3624    0.50000000E-02
      3680    0.50000000E-02
      3695    0.50000000E-02
      3723    0.50000000E-02
      3771    0.50000000E-02
      3772    0.50000000E-02
      3814    0.50000000E-02
      3840    0.50000000E-02
      3905    0.50000000E-02
      3971    0.50000000E-02
      3977    0.50000000E-02
      4016    0.50000000E-02
      4072    0.50000000E-02
      4090    0.50000000E-02
      4111    0.50000000E-02
      4167    0.50000000E-02
      4238    0.50000000E-02
      4311    0.50000000E-02
      4377    0.50000000E-02
      4435    0.50000000E-02
      4481    0.50000000E-02
      4485    0.50000000E-02
      4620    0.50000000E-02
      4729    0.50000000E-02
      4833    0.50000000E-02
      4939    0.50000000E-02
      5050    0.50000000E-02
      5132    0.50000000E-02
      5586    0.50000000E-02
      6175    0.50000000E-02
      6404    0.50000000E-02
      6716    0.50000000E-02
      7049    0.50000000E-02
     14300    0.50000000E-02
