FileFmt      1050624           0           0
NELG           58641         560         508
         178
         190
         214
         247
         249
         250
         287
         300
         305
         316
        -362
         387
         388
         394
         404
         426
         430
         435
         453
         457
         465
         469
         471
         498
         534
         537
         543
         604
         606
         608
         628
         649
         679
         684
         689
         698
        -737
         746
         750
         752
         765
         778
         782
         816
         826
        -827
         840
         847
         863
         879
         909
         913
         916
         917
         929
         935
         962
         975
         982
        1005
        1052
        1062
        1079
        1090
        1107
        1119
        1120
        1150
        1151
        1163
       -1174
        1209
        1224
        1231
        1247
        1259
        1280
        1294
        1298
        1301
        1304
       -1334
        1342
        1348
        1397
        1403
        1419
        1425
        1441
        1445
        1472
        1479
        1483
        1501
        1530
        1544
       -1552
        1576
        1586
        1612
        1621
        1629
        1642
        1645
        1648
        1655
        1700
        1717
       -1728
        1754
        1768
        1777
        1783
        1807
        1812
        1818
        1834
        1850
        1853
        1864
        1907
        1915
       -1943
        1957
        1962
        1971
        1973
        2007
        2020
        2025
        2048
        2052
        2058
        2078
        2106
        2118
       -2146
        2162
        2169
        2176
        2183
        2185
        2212
        2223
        2248
        2270
        2273
        2308
        2323
        2347
        2349
        2383
        2392
        2403
        2412
        2421
        2430
        2439
       -2469
        2477
        2505
        2540
        2541
        2553
        2582
        2599
        2609
        2610
        2611
        2646
        2650
        2680
       -2706
        2710
        2744
        2757
        2759
        2782
        2785
        2817
        2827
        2839
        2850
        2851
        2889
        2919
        2945
        2949
        2987
        2994
        3025
       -3026
        3027
        3037
        3038
        3056
        3062
        3097
        3144
        3164
        3179
        3186
        3204
        3209
        3234
        3242
        3246
        3277
       -3297
        3301
        3315
        3355
        3366
        3396
        3411
        3434
        3453
        3459
        3467
        3501
        3503
        3519
        3566
        3573
        3576
       -3614
        3615
        3639
        3653
        3686
        3705
        3714
        3719
        3747
        3759
        3764
        3781
        3806
        3838
        3840
        3872
        3876
       -3890
        3895
        3952
        3954
        3966
        3971
        3973
        3979
        4014
        4031
        4059
        4083
        4087
        4089
        4124
        4139
        4169
       -4172
        4186
        4192
        4196
        4205
        4234
        4253
        4254
        4286
        4303
        4315
        4316
        4336
        4344
        4349
       -4383
        4393
        4400
        4401
        4403
        4417
        4430
        4437
        4449
        4488
        4506
        4511
        4516
        4518
        4523
        4530
        4573
        4586
       -4593
        4600
        4610
        4622
        4628
        4643
        4666
        4671
        4714
        4722
        4730
        4734
        4736
        4740
        4750
        4801
        4811
       -4815
        4825
        4826
        4849
        4853
        4885
        4900
        4910
        4920
        4948
        4955
        4957
        4965
        4966
        5001
        5013
       -5034
        5044
        5045
        5055
        5069
        5093
        5094
        5120
        5137
        5154
        5178
        5180
        5198
        5204
        5244
        5248
        5250
       -5262
        5263
        5286
        5303
        5312
        5323
        5338
        5347
        5387
        5390
        5397
        5404
        5423
        5431
        5471
        5473
       -5486
        5492
        5503
        5542
        5548
        5551
        5554
        5573
        5575
        5615
        5616
        5619
        5631
        5642
        5667
        5687
        5698
        5714
       -5716
        5719
        5747
        5769
        5778
        5800
        5802
        5818
        5842
        5852
        5863
        5871
        5873
        5897
        5906
       -5937
        5939
        5941
        5966
        5974
        6001
        6016
        6042
        6049
        6070
        6089
        6106
        6127
        6131
        6141
        6151
        6165
        6207
       -6211
        6225
        6236
        6238
        6263
        6306
        6311
        6330
        6334
        6360
        6397
        6415
        6419
        6430
        6453
        6484
       -6515
        6527
        6570
        6571
        6587
        6641
        6684
        6722
        6725
        6755
        6776
        6824
        6853
        6864
        6883
        6927
        6970
        7005
        7083
        7111
        7112
        7131
        7171
        7228
        7269
        7270
        7286
        7310
        7345
        7404
        7406
        7443
        7537
        7580
        7659
       -7678
        7703
        7757
        7821
        7857
        7897
        7903
        7909
        7932
        7975
       -8052
       -8086
        8194
        8244
        8332
        8394
        8460
        8523
        8575
        8635
        8664
       -8672
       -8684
        8735
       -8933
       -8970
       -9140
       -9204
       -9352
       -9442
       -9555
       -9678
        9760
        9883
        9925
       10029
      -10762
      -10826
      -11884
      -12072
      -12326
      -12598
      -12879
      -13320
       13482
       13852
      -26332
      -27062
NNODG          32218         319         284
         145
         146
         147
         158
         159
         160
         173
         174
         175
         191
         192
         193
         194
         195
         196
         219
         220
         226
         228
         229
         240
        -252
         268
        -269
         281
         282
         293
         307
         308
         311
         321
         328
         361
         393
         394
         405
         443
         465
         468
         477
         487
        -508
         529
         537
         553
         554
         555
         565
         585
         623
         627
         636
         650
         656
         679
         710
        -717
         720
         727
         745
         764
         770
         773
         798
         809
         819
         837
         839
         863
         871
         890
         910
        -917
         924
         928
         962
         968
         981
         986
        1011
        1027
        1030
        1036
        1058
        1083
        1089
        1113
        1127
        1132
        1146
        1168
       -1180
        1199
        1200
        1219
        1240
        1243
        1260
        1278
        1306
        1313
        1320
        1327
        1362
        1382
        1401
        1415
        1434
        1435
        1451
       -1464
        1484
        1501
        1518
        1523
        1535
        1554
        1571
        1608
        1625
        1632
        1633
        1645
        1687
        1704
        1719
        1731
        1735
       -1765
        1767
        1775
        1819
        1831
        1845
        1849
        1870
        1900
        1904
        1944
        1959
        1970
        1973
        1991
        2036
        2037
        2052
       -2061
        2093
        2094
        2102
        2104
        2149
        2161
        2165
        2166
        2209
        2211
        2220
        2234
        2257
        2266
        2272
       -2308
        2315
        2319
        2321
        2327
        2360
        2368
        2371
        2373
        2401
        2408
        2414
        2420
        2451
        2454
        2479
        2486
        2494
        2519
       -2524
        2530
        2545
        2560
        2576
        2594
        2595
        2599
        2628
        2643
        2648
        2666
        2689
        2699
        2711
        2739
        2741
        2743
       -2752
        2773
        2780
        2789
        2816
        2820
        2837
        2857
        2858
        2891
        2895
        2897
        2929
        2930
        2932
        2964
        2970
       -2978
        2996
        3007
        3023
        3031
        3043
        3053
        3069
        3076
        3094
        3110
        3130
        3148
        3172
        3180
        3194
        3207
       -3234
        3240
        3246
        3281
        3284
        3308
        3329
        3341
       -3356
        3376
        3418
        3419
        3479
        3500
        3523
        3564
       -3565
        3624
        3680
        3695
        3723
        3771
        3772
       -3814
        3840
        3905
        3971
       -3977
        4016
        4072
        4090
       -4111
       -4167
        4238
        4311
        4377
        4435
       -4481
       -4485
       -4620
       -4729
       -4833
       -4939
        5050
       -5132
       -5586
       -6175
       -6404
       -6716
       -7049
      -14300
NFLUXF             0
NETA             128          29          27
          49
          50
          51
          52
          53
          54
          55
          56
          57
          58
          59
          60
          61
          62
          63
          64
          65
          66
          67
          68
          69
          70
          71
          72
          73
          74
          75
NSTAE              0           0           0
NSTAV              0           0           0
NSTAM              0           0           0
NSTAC              0           0           0
RES NODE          25         251
                   1           2           3           4           5           6
                   7           8           9          10          11          12
                  13          14          15          16          17          18
                  19          20          21          23          25          26
                  27          28          29          30          31          32
                  33          34          35          36          37          38
                  39          40          41          43          44          45
                  46          47          48          49          50          51
                  52          53          54          55          56          58
                  59          60          61          62          63          64
                  65          66          67          68          69          70
                  71          72          74          75          76          77
                  78          79          80          81          82          83
                  84          85          86          87          88          89
                  90          91          93          94          95          96
                  97          98          99         100         101         102
                 103         104         105         106         107         108
                 109         110         112         113         114         115
                 116         117         118         119         120         121
                 122         123         124         125         126         127
                 128         130         131         132         133         134
                 135         136         137         138         139         140
                 141         142         143         144         145         146
                 148         149         150         151         152         153
                 154         155         156         157         158         159
                 160         161         162         164         165         166
                 167         168         169         170         171         172
                 173         174         175         176         177         178
                 179         180         181         183         184         185
                 186         187         188         189         190         191
                 192         193         194         195         196         197
                 198         199         201         202         203         204
                 205         206         207         208         209         210
                 211         212         213         214         215         216
                 218         219         220         221         222         223
                 224         225         226         227         228         229
                 230         231         232         233         235         236
                 237         238         239         240         241         243
                 244         245         246         247         248         249
                 251         252         253         254         255         256
                 258         259         260         262         263         264
                 267         268         269         270         277
COMM PE            4
RECV PE            6          10
                  22          24          42          57          73          92
                 111         129         147         163
RECV PE            8           4
                 182         200         217         234
RECV PE           24          12
                 261         266         272         273         274         275
                 276         279         280         281         282         284
RECV PE           26           7
                 242         250         257         265         271         278
                 283
SEND PE            6          10
                  23          26          48          61          77          96
                 116         134         152         171
SEND PE            8           4
                 171         189         206         224
SEND PE           24          12
                 241         247         253         255         258         259
                 260         264         267         268         269         277
SEND PE           26           8
                 224         231         239         248         256         263
                 270         277
