bi_1997_v2.grd                                                                  
     508     284
     145 -0.733040000000E+02  0.331321000000E+02  0.498998800000E+04
     146 -0.731886900000E+02  0.331281800000E+02  0.514315300000E+04
     147 -0.732497900000E+02  0.331917600000E+02  0.498013100000E+04
     158 -0.735563000000E+02  0.331241000000E+02  0.467563600000E+04
     159 -0.736096000000E+02  0.331929800000E+02  0.470597200000E+04
     160 -0.736971100000E+02  0.331242600000E+02  0.471793000000E+04
     173 -0.738727000000E+02  0.331268800000E+02  0.458595700000E+04
     174 -0.739297600000E+02  0.331943600000E+02  0.455381600000E+04
     175 -0.740310500000E+02  0.331284600000E+02  0.448091900000E+04
     191 -0.741147400000E+02  0.332068300000E+02  0.465643500000E+04
     192 -0.742097200000E+02  0.331311300000E+02  0.475630500000E+04
     193 -0.734153800000E+02  0.331268800000E+02  0.482593000000E+04
     194 -0.735018100000E+02  0.332060900000E+02  0.461573000000E+04
     195 -0.730799300000E+02  0.331281800000E+02  0.509669100000E+04
     196 -0.731472900000E+02  0.332076300000E+02  0.511885600000E+04
     219 -0.744129400000E+02  0.331305400000E+02  0.442290900000E+04
     220 -0.743126200000E+02  0.332134900000E+02  0.469821800000E+04
     226 -0.738184400000E+02  0.332093500000E+02  0.467589300000E+04
     228 -0.746189200000E+02  0.331363400000E+02  0.438631100000E+04
     229 -0.745333300000E+02  0.332167700000E+02  0.467930800000E+04
     240 -0.733634400000E+02  0.332221100000E+02  0.475606900000E+04
     252 -0.751245800000E+02  0.331383500000E+02  0.371992100000E+04
     268 -0.749514200000E+02  0.331376600000E+02  0.396259900000E+04
     269 -0.750280100000E+02  0.332290000000E+02  0.374733700000E+04
     281 -0.747456900000E+02  0.331350500000E+02  0.423188900000E+04
     282 -0.748590200000E+02  0.332364500000E+02  0.411889400000E+04
     293 -0.740159600000E+02  0.332363000000E+02  0.463515500000E+04
     307 -0.729948800000E+02  0.331264900000E+02  0.501066000000E+04
     308 -0.729969300000E+02  0.332314000000E+02  0.493528800000E+04
     311 -0.737007600000E+02  0.332387500000E+02  0.481075700000E+04
     321 -0.746779500000E+02  0.332504800000E+02  0.429559800000E+04
     328 -0.742096900000E+02  0.332480200000E+02  0.484240700000E+04
     361 -0.744203900000E+02  0.332553300000E+02  0.477752700000E+04
     393 -0.739102300000E+02  0.332714100000E+02  0.469794500000E+04
     394 -0.735915200000E+02  0.332723600000E+02  0.478385200000E+04
     405 -0.732452900000E+02  0.332691200000E+02  0.479570900000E+04
     443 -0.741071600000E+02  0.332906400000E+02  0.480807100000E+04
     465 -0.734740400000E+02  0.332988600000E+02  0.469719400000E+04
     468 -0.737995400000E+02  0.333012800000E+02  0.471657000000E+04
     477 -0.731229000000E+02  0.332973900000E+02  0.501906000000E+04
     487 -0.743107500000E+02  0.333027900000E+02  0.463590800000E+04
     508 -0.749527300000E+02  0.333252100000E+02  0.375595400000E+04
     529 -0.745372500000E+02  0.333118300000E+02  0.456864600000E+04
     537 -0.740024300000E+02  0.333268700000E+02  0.476486700000E+04
     553 -0.733532600000E+02  0.333307400000E+02  0.474852300000E+04
     554 -0.736875800000E+02  0.333333000000E+02  0.483932100000E+04
     555 -0.729969300000E+02  0.333122400000E+02  0.492697500000E+04
     565 -0.747991600000E+02  0.333431400000E+02  0.408812800000E+04
     585 -0.742033200000E+02  0.333437800000E+02  0.464104100000E+04
     623 -0.744162700000E+02  0.333572400000E+02  0.474735700000E+04
     627 -0.738946500000E+02  0.333613700000E+02  0.472043200000E+04
     636 -0.735745300000E+02  0.333653600000E+02  0.482457600000E+04
     650 -0.732346100000E+02  0.333657700000E+02  0.487375800000E+04
     656 -0.746534500000E+02  0.333753800000E+02  0.414107400000E+04
     679 -0.740966900000E+02  0.333829100000E+02  0.462201000000E+04
     710 -0.737846900000E+02  0.333948900000E+02  0.465396200000E+04
     717 -0.750347000000E+02  0.334071200000E+02  0.362302100000E+04
     720 -0.734588900000E+02  0.333977000000E+02  0.473499500000E+04
     727 -0.743028800000E+02  0.333996800000E+02  0.453171500000E+04
     745 -0.731161300000E+02  0.333986400000E+02  0.492692700000E+04
     764 -0.748954900000E+02  0.334244000000E+02  0.389598500000E+04
     770 -0.745234100000E+02  0.334170900000E+02  0.441164500000E+04
     773 -0.739893900000E+02  0.334197700000E+02  0.474604100000E+04
     798 -0.736733800000E+02  0.334286900000E+02  0.475394800000E+04
     809 -0.733425700000E+02  0.334320600000E+02  0.485585700000E+04
     819 -0.741930600000E+02  0.334396500000E+02  0.450238200000E+04
     837 -0.747577200000E+02  0.334494800000E+02  0.399190300000E+04
     839 -0.730016400000E+02  0.334439600000E+02  0.483884200000E+04
     863 -0.738808400000E+02  0.334555200000E+02  0.470629400000E+04
     871 -0.744040400000E+02  0.334579700000E+02  0.450922600000E+04
     890 -0.735607600000E+02  0.334629000000E+02  0.466502700000E+04
     910 -0.732270200000E+02  0.334676200000E+02  0.485143300000E+04
     917 -0.751094000000E+02  0.334857500000E+02  0.353468000000E+04
     924 -0.740846700000E+02  0.334781000000E+02  0.461234500000E+04
     928 -0.746268200000E+02  0.334823800000E+02  0.402213600000E+04
     962 -0.737711300000E+02  0.334909800000E+02  0.462401500000E+04
     968 -0.749799100000E+02  0.335016100000E+02  0.366598000000E+04
     981 -0.742906600000E+02  0.334979000000E+02  0.442379900000E+04
     986 -0.734472000000E+02  0.334979600000E+02  0.465042500000E+04
    1011 -0.731134400000E+02  0.335054300000E+02  0.478330600000E+04
    1027 -0.739764500000E+02  0.335155200000E+02  0.475102200000E+04
    1030 -0.748501000000E+02  0.335233600000E+02  0.387083800000E+04
    1036 -0.745042300000E+02  0.335195700000E+02  0.410355800000E+04
    1058 -0.736604400000E+02  0.335267000000E+02  0.459863200000E+04
    1083 -0.741804800000E+02  0.335369700000E+02  0.447825400000E+04
    1089 -0.733336900000E+02  0.335340700000E+02  0.475163100000E+04
    1113 -0.747230300000E+02  0.335512300000E+02  0.393952300000E+04
    1127 -0.730039400000E+02  0.335443800000E+02  0.471290100000E+04
    1132 -0.738677700000E+02  0.335525400000E+02  0.467863200000E+04
    1146 -0.743881100000E+02  0.335580200000E+02  0.424099100000E+04
    1168 -0.735490000000E+02  0.335630000000E+02  0.458059900000E+04
    1180 -0.750568900000E+02  0.335769600000E+02  0.356166400000E+04
    1199 -0.740718000000E+02  0.335754600000E+02  0.459717200000E+04
    1200 -0.732212100000E+02  0.335709300000E+02  0.470211500000E+04
    1219 -0.746008600000E+02  0.335841000000E+02  0.401398700000E+04
    1240 -0.749340100000E+02  0.335962900000E+02  0.373479800000E+04
    1243 -0.737585000000E+02  0.335896700000E+02  0.459052000000E+04
    1260 -0.742762100000E+02  0.335968200000E+02  0.436587300000E+04
    1278 -0.734373500000E+02  0.336000200000E+02  0.456333100000E+04
    1306 -0.731104900000E+02  0.336077200000E+02  0.463828200000E+04
    1313 -0.739635700000E+02  0.336137100000E+02  0.476870400000E+04
    1320 -0.748119900000E+02  0.336209000000E+02  0.384725900000E+04
    1327 -0.744838400000E+02  0.336200900000E+02  0.408947400000E+04
    1362 -0.736486700000E+02  0.336272500000E+02  0.452044400000E+04
    1382 -0.741667900000E+02  0.336357200000E+02  0.447221100000E+04
    1401 -0.733261500000E+02  0.336375400000E+02  0.461851400000E+04
    1415 -0.746925400000E+02  0.336503600000E+02  0.395123100000E+04
    1434 -0.730010200000E+02  0.336437200000E+02  0.468635100000E+04
    1435 -0.738552400000E+02  0.336520700000E+02  0.464490400000E+04
    1451 -0.743710000000E+02  0.336577900000E+02  0.417365400000E+04
    1464 -0.750116200000E+02  0.336685400000E+02  0.362900800000E+04
    1484 -0.735385700000E+02  0.336654700000E+02  0.449477500000E+04
    1501 -0.740586200000E+02  0.336747600000E+02  0.460438700000E+04
    1518 -0.732160200000E+02  0.336745600000E+02  0.455640600000E+04
    1523 -0.745765300000E+02  0.336837000000E+02  0.402598800000E+04
    1535 -0.748947800000E+02  0.336905900000E+02  0.375577700000E+04
    1554 -0.737466300000E+02  0.336908600000E+02  0.444991100000E+04
    1571 -0.742610500000E+02  0.336964800000E+02  0.429299400000E+04
    1608 -0.734286400000E+02  0.337042700000E+02  0.447470100000E+04
    1625 -0.747790900000E+02  0.337173400000E+02  0.379802100000E+04
    1632 -0.731071500000E+02  0.337080300000E+02  0.460922400000E+04
    1633 -0.739508900000E+02  0.337140900000E+02  0.445504700000E+04
    1645 -0.744639200000E+02  0.337198000000E+02  0.410802300000E+04
    1687 -0.736377900000E+02  0.337302800000E+02  0.442961500000E+04
    1704 -0.741528600000E+02  0.337358600000E+02  0.435099100000E+04
    1719 -0.729989700000E+02  0.337249600000E+02  0.469808500000E+04
    1731 -0.746654600000E+02  0.337482500000E+02  0.393741000000E+04
    1735 -0.733194400000E+02  0.337432100000E+02  0.447045100000E+04
    1765 -0.749723300000E+02  0.337601500000E+02  0.360857400000E+04
    1767 -0.738431900000E+02  0.337539300000E+02  0.424386000000E+04
    1775 -0.743540400000E+02  0.337577700000E+02  0.432325600000E+04
    1819 -0.735290300000E+02  0.337704200000E+02  0.443208200000E+04
    1831 -0.740455500000E+02  0.337758600000E+02  0.425433100000E+04
    1845 -0.748608200000E+02  0.337845400000E+02  0.366340300000E+04
    1849 -0.745542300000E+02  0.337825500000E+02  0.409647500000E+04
    1870 -0.732114000000E+02  0.337812500000E+02  0.453356500000E+04
    1900 -0.737354000000E+02  0.337944400000E+02  0.436181500000E+04
    1904 -0.742460600000E+02  0.337970800000E+02  0.425821200000E+04
    1944 -0.747503900000E+02  0.338132300000E+02  0.377215900000E+04
    1959 -0.734207400000E+02  0.338111800000E+02  0.440514100000E+04
    1970 -0.739385800000E+02  0.338165400000E+02  0.431525100000E+04
    1973 -0.744452100000E+02  0.338194700000E+02  0.448516300000E+04
    1991 -0.731049600000E+02  0.338167000000E+02  0.460465200000E+04
    2036 -0.736276300000E+02  0.338357600000E+02  0.437745600000E+04
    2037 -0.741392100000E+02  0.338374400000E+02  0.423444900000E+04
    2052 -0.746414600000E+02  0.338457100000E+02  0.400607100000E+04
    2061 -0.749380700000E+02  0.338517600000E+02  0.354061200000E+04
    2093 -0.733133700000E+02  0.338523700000E+02  0.443087500000E+04
    2094 -0.730016400000E+02  0.338547800000E+02  0.466464700000E+04
    2102 -0.743379100000E+02  0.338583600000E+02  0.455247800000E+04
    2104 -0.738316600000E+02  0.338579800000E+02  0.438763700000E+04
    2149 -0.748312800000E+02  0.338783700000E+02  0.368764900000E+04
    2161 -0.740329000000E+02  0.338787200000E+02  0.437614900000E+04
    2165 -0.745340900000E+02  0.338813700000E+02  0.463936600000E+04
    2166 -0.735201800000E+02  0.338779600000E+02  0.448449300000E+04
    2209 -0.732073700000E+02  0.338939800000E+02  0.448571700000E+04
    2211 -0.742317400000E+02  0.338987800000E+02  0.440212800000E+04
    2220 -0.737247700000E+02  0.339003100000E+02  0.438059500000E+04
    2234 -0.747252900000E+02  0.339090300000E+02  0.383883600000E+04
    2257 -0.744280500000E+02  0.339195800000E+02  0.485927800000E+04
    2266 -0.739267700000E+02  0.339209400000E+02  0.440475400000E+04
    2272 -0.734134200000E+02  0.339210800000E+02  0.439669300000E+04
    2308 -0.749081500000E+02  0.339435200000E+02  0.361318600000E+04
    2315 -0.731032400000E+02  0.339379300000E+02  0.454540500000E+04
    2319 -0.741261800000E+02  0.339404700000E+02  0.437413600000E+04
    2321 -0.746202500000E+02  0.339433100000E+02  0.442574600000E+04
    2327 -0.736180800000E+02  0.339436300000E+02  0.439016100000E+04
    2360 -0.743229400000E+02  0.339598200000E+02  0.464411300000E+04
    2368 -0.738206800000E+02  0.339641300000E+02  0.439461800000E+04
    2371 -0.733077800000E+02  0.339653300000E+02  0.441137100000E+04
    2373 -0.748055300000E+02  0.339723700000E+02  0.373337400000E+04
    2401 -0.745160800000E+02  0.339806300000E+02  0.506618300000E+04
    2408 -0.740208500000E+02  0.339832900000E+02  0.433599800000E+04
    2414 -0.730010200000E+02  0.339890900000E+02  0.458317000000E+04
    2420 -0.735118900000E+02  0.339880400000E+02  0.470498200000E+04
    2451 -0.742183700000E+02  0.340017100000E+02  0.434860900000E+04
    2454 -0.747033800000E+02  0.340051500000E+02  0.375894800000E+04
    2479 -0.737147100000E+02  0.340083600000E+02  0.438859700000E+04
    2486 -0.732036100000E+02  0.340116000000E+02  0.443277200000E+04
    2494 -0.744125300000E+02  0.340204700000E+02  0.470068600000E+04
    2519 -0.739155700000E+02  0.340272000000E+02  0.428290000000E+04
    2524 -0.748820300000E+02  0.340356400000E+02  0.354619900000E+04
    2530 -0.734066000000E+02  0.340337000000E+02  0.446235200000E+04
    2545 -0.746016400000E+02  0.340414100000E+02  0.394625600000E+04
    2560 -0.741139800000E+02  0.340449800000E+02  0.424772300000E+04
    2576 -0.736090900000E+02  0.340537400000E+02  0.435845700000E+04
    2594 -0.743092800000E+02  0.340623700000E+02  0.429278300000E+04
    2595 -0.731010000000E+02  0.340620800000E+02  0.445432800000E+04
    2599 -0.747831500000E+02  0.340668400000E+02  0.366263500000E+04
    2628 -0.738103300000E+02  0.340722200000E+02  0.435441700000E+04
    2643 -0.745001500000E+02  0.340806500000E+02  0.425762500000E+04
    2648 -0.733025700000E+02  0.340809900000E+02  0.432332500000E+04
    2666 -0.740095700000E+02  0.340895000000E+02  0.416310000000E+04
    2689 -0.746843300000E+02  0.341018900000E+02  0.364881000000E+04
    2699 -0.735041400000E+02  0.341003700000E+02  0.462260800000E+04
    2711 -0.742060800000E+02  0.341059500000E+02  0.412494200000E+04
    2739 -0.737052600000E+02  0.341184000000E+02  0.432703000000E+04
    2741 -0.729989700000E+02  0.341213600000E+02  0.444026800000E+04
    2743 -0.743986800000E+02  0.341223700000E+02  0.412752000000E+04
    2752 -0.748593200000E+02  0.341283600000E+02  0.346375200000E+04
    2773 -0.732000800000E+02  0.341305000000E+02  0.433879300000E+04
    2780 -0.739051000000E+02  0.341352200000E+02  0.428434000000E+04
    2789 -0.745854200000E+02  0.341403300000E+02  0.363180800000E+04
    2816 -0.734002300000E+02  0.341484100000E+02  0.424068300000E+04
    2820 -0.741027200000E+02  0.341509800000E+02  0.408391100000E+04
    2837 -0.747638100000E+02  0.341620400000E+02  0.357248500000E+04
    2857 -0.742970000000E+02  0.341661100000E+02  0.401956600000E+04
    2858 -0.736006600000E+02  0.341658300000E+02  0.417800100000E+04
    2891 -0.744862100000E+02  0.341816700000E+02  0.379630300000E+04
    2895 -0.738006500000E+02  0.341821200000E+02  0.446662000000E+04
    2897 -0.730993400000E+02  0.341826400000E+02  0.434396300000E+04
    2929 -0.746679300000E+02  0.341995000000E+02  0.356449900000E+04
    2930 -0.739991500000E+02  0.341973200000E+02  0.422483200000E+04
    2932 -0.732977100000E+02  0.341979900000E+02  0.423775100000E+04
    2964 -0.741949700000E+02  0.342115500000E+02  0.401073000000E+04
    2970 -0.734968900000E+02  0.342145800000E+02  0.416202000000E+04
    2978 -0.748397700000E+02  0.342218900000E+02  0.343550400000E+04
    2996 -0.743865000000E+02  0.342254200000E+02  0.402613700000E+04
    3007 -0.736964600000E+02  0.342302600000E+02  0.429300500000E+04
    3023 -0.730017800000E+02  0.342343700000E+02  0.436051400000E+04
    3031 -0.745714600000E+02  0.342402700000E+02  0.364004500000E+04
    3043 -0.738954200000E+02  0.342448800000E+02  0.441076900000E+04
    3053 -0.731968600000E+02  0.342488600000E+02  0.426543900000E+04
    3069 -0.747472900000E+02  0.342581900000E+02  0.351346700000E+04
    3076 -0.740925100000E+02  0.342584400000E+02  0.401045200000E+04
    3094 -0.733943000000E+02  0.342646900000E+02  0.416724600000E+04
    3110 -0.742861600000E+02  0.342711400000E+02  0.401313800000E+04
    3130 -0.735928300000E+02  0.342796700000E+02  0.408749900000E+04
    3148 -0.744742100000E+02  0.342838400000E+02  0.386521800000E+04
    3172 -0.737917200000E+02  0.342936800000E+02  0.436405100000E+04
    3180 -0.746540200000E+02  0.342981800000E+02  0.356560000000E+04
    3194 -0.730977600000E+02  0.342992300000E+02  0.432632200000E+04
    3207 -0.739896800000E+02  0.343066400000E+02  0.421903900000E+04
    3234 -0.748232200000E+02  0.343163500000E+02  0.334260700000E+04
    3240 -0.732932400000E+02  0.343159900000E+02  0.420693600000E+04
    3246 -0.741851200000E+02  0.343185100000E+02  0.408418900000E+04
    3281 -0.743759900000E+02  0.343297000000E+02  0.398652000000E+04
    3284 -0.734901600000E+02  0.343304100000E+02  0.412589200000E+04
    3308 -0.745597000000E+02  0.343413500000E+02  0.360016400000E+04
    3329 -0.736883200000E+02  0.343437300000E+02  0.414882000000E+04
    3341 -0.729989700000E+02  0.343430300000E+02  0.430020100000E+04
    3356 -0.747335100000E+02  0.343553700000E+02  0.339877400000E+04
    3376 -0.738866100000E+02  0.343560800000E+02  0.432562600000E+04
    3418 -0.740834300000E+02  0.343673000000E+02  0.411025300000E+04
    3419 -0.731939100000E+02  0.343678500000E+02  0.418078900000E+04
    3479 -0.742767800000E+02  0.343774600000E+02  0.412366200000E+04
    3500 -0.733888200000E+02  0.343824200000E+02  0.414564400000E+04
    3523 -0.744641300000E+02  0.343871900000E+02  0.381802300000E+04
    3564 -0.735856100000E+02  0.343950800000E+02  0.399861200000E+04
    3565 -0.746425900000E+02  0.343979300000E+02  0.343542100000E+04
    3624 -0.737835800000E+02  0.344067500000E+02  0.403142400000E+04
    3680 -0.739812200000E+02  0.344173800000E+02  0.394467800000E+04
    3695 -0.730962800000E+02  0.344191700000E+02  0.424044600000E+04
    3723 -0.741765800000E+02  0.344268000000E+02  0.452540300000E+04
    3771 -0.732891400000E+02  0.344354900000E+02  0.411747600000E+04
    3772 -0.743672300000E+02  0.344352100000E+02  0.375374100000E+04
    3814 -0.745501900000E+02  0.344435300000E+02  0.343630600000E+04
    3840 -0.734839700000E+02  0.344477400000E+02  0.402739600000E+04
    3905 -0.736809100000E+02  0.344586800000E+02  0.388795400000E+04
    3971 -0.738787200000E+02  0.344686700000E+02  0.373066000000E+04
    3977 -0.730010200000E+02  0.344724500000E+02  0.422513000000E+04
    4016 -0.740755300000E+02  0.344775000000E+02  0.413245900000E+04
    4072 -0.742689700000E+02  0.344850200000E+02  0.374082500000E+04
    4090 -0.731912800000E+02  0.344893000000E+02  0.424413300000E+04
    4111 -0.744561300000E+02  0.344916600000E+02  0.350085300000E+04
    4167 -0.733838000000E+02  0.345016900000E+02  0.403575700000E+04
    4238 -0.735790200000E+02  0.345119000000E+02  0.389381900000E+04
    4311 -0.737762600000E+02  0.345211800000E+02  0.363017000000E+04
    4377 -0.739738300000E+02  0.345294300000E+02  0.361774300000E+04
    4435 -0.741694600000E+02  0.345363300000E+02  0.377956500000E+04
    4481 -0.743603400000E+02  0.345418500000E+02  0.339483700000E+04
    4485 -0.730953800000E+02  0.345436100000E+02  0.429021700000E+04
    4620 -0.732853900000E+02  0.345569300000E+02  0.409632200000E+04
    4729 -0.734783200000E+02  0.345664600000E+02  0.395558500000E+04
    4833 -0.736742200000E+02  0.345749300000E+02  0.377351900000E+04
    4939 -0.738718000000E+02  0.345825500000E+02  0.373407300000E+04
    5050 -0.740688900000E+02  0.345889200000E+02  0.376890800000E+04
    5132 -0.742628600000E+02  0.345937400000E+02  0.353550300000E+04
    5586 -0.731889300000E+02  0.346135900000E+02  0.481759700000E+04
    6175 -0.735730600000E+02  0.346299600000E+02  0.383898800000E+04
    6404 -0.737698000000E+02  0.346368300000E+02  0.366676700000E+04
    6716 -0.739675800000E+02  0.346426900000E+02  0.380905100000E+04
    7049 -0.741638500000E+02  0.346470200000E+02  0.372693600000E+04
   14300 -0.740635900000E+02  0.347014900000E+02  0.351434100000E+04
       1 3      145      146      147
       2 3      158      159      160
       3 3      173      174      175
       4 3      175      191      192
       5 3      158      193      194
       6 3      146      195      196
       7 3      219      192      220
       8 3      173      160      226
       9 3      228      219      229
      10 3      193      145      240
      11 3      268      269      252
      12 3      268      281      282
      13 3      146      196      147
      14 3      158      194      159
      15 3      175      174      293
      16 3      173      226      174
      17 3      307      308      195
      18 3      160      159      311
      19 3      175      293      191
      20 3      228      321      281
      21 3      145      147      240
      22 3      160      311      226
      23 3      192      191      328
      24 3      192      328      220
      25 3      219      220      361
      26 3      219      361      229
      27 3      193      240      194
      28 3      174      226      393
      29 3      159      194      394
      30 3      195      308      196
      31 3      147      196      405
      32 3      228      229      321
      33 3      147      405      240
      34 3      174      393      293
      35 3      159      394      311
      36 3      191      293      443
      37 3      268      282      269
      38 3      194      240      465
      39 3      191      443      328
      40 3      226      311      468
      41 3      196      308      477
      42 3      281      321      282
      43 3      220      328      487
      44 3      220      487      361
      45 3      226      468      393
      46 3      269      282      508
      47 3      194      465      394
      48 3      196      477      405
      49 3      229      361      529
      50 3      293      393      537
      51 3      229      529      321
      52 3      240      405      553
      53 3      311      394      554
      54 3      308      555      477
      55 3      293      537      443
      56 3      282      321      565
      57 3      240      553      465
      58 3      328      443      585
      59 3      311      554      468
      60 3      328      585      487
      61 3      361      487      623
      62 3      393      468      627
      63 3      394      465      636
      64 3      361      623      529
      65 3      405      477      650
      66 3      393      627      537
      67 3      321      529      656
      68 3      394      636      554
      69 3      405      650      553
      70 3      443      537      679
      71 3      282      565      508
      72 3      443      679      585
      73 3      468      554      710
      74 3      321      656      565
      75 3      465      553      720
      76 3      487      585      727
      77 3      468      710      627
      78 3      477      555      745
      79 3      487      727      623
      80 3      477      745      650
      81 3      465      720      636
      82 3      508      565      764
      83 3      529      623      770
      84 3      537      627      773
      85 3      554      636      798
      86 3      537      773      679
      87 3      529      770      656
      88 3      553      650      809
      89 3      585      679      819
      90 3      554      798      710
      91 3      553      809      720
      92 3      565      656      837
      93 3      555      839      745
      94 3      585      819      727
      95 3      627      710      863
      96 3      623      727      871
      97 3      508      764      717
      98 3      636      720      890
      99 3      627      863      773
     100 3      623      871      770
     101 3      650      745      910
     102 3      636      890      798
     103 3      565      837      764
     104 3      679      773      924
     105 3      650      910      809
     106 3      656      770      928
     107 3      679      924      819
     108 3      710      798      962
     109 3      717      764      968
     110 3      727      819      981
     111 3      720      809      986
     112 3      710      962      863
     113 3      656      928      837
     114 3      720      986      890
     115 3      727      981      871
     116 3      745      839     1011
     117 3      745     1011      910
     118 3      773      863     1027
     119 3      764      837     1030
     120 3      770      871     1036
     121 3      773     1027      924
     122 3      798      890     1058
     123 3      717      968      917
     124 3      770     1036      928
     125 3      819      924     1083
     126 3      809      910     1089
     127 3      798     1058      962
     128 3      809     1089      986
     129 3      837      928     1113
     130 3      819     1083      981
     131 3      839     1127     1011
     132 3      764     1030      968
     133 3      863      962     1132
     134 3      871      981     1146
     135 3      863     1132     1027
     136 3      890      986     1168
     137 3      917      968     1180
     138 3      871     1146     1036
     139 3      890     1168     1058
     140 3      837     1113     1030
     141 3      924     1027     1199
     142 3      910     1011     1200
     143 3      910     1200     1089
     144 3      928     1036     1219
     145 3      924     1199     1083
     146 3      968     1030     1240
     147 3      962     1058     1243
     148 3      981     1083     1260
     149 3      962     1243     1132
     150 3      986     1089     1278
     151 3      928     1219     1113
     152 3      981     1260     1146
     153 3      986     1278     1168
     154 3     1011     1127     1306
     155 3     1027     1132     1313
     156 3     1030     1113     1320
     157 3     1011     1306     1200
     158 3     1036     1146     1327
     159 3      968     1240     1180
     160 3     1027     1313     1199
     161 3     1058     1168     1362
     162 3     1036     1327     1219
     163 3     1083     1199     1382
     164 3     1058     1362     1243
     165 3     1089     1200     1401
     166 3     1030     1320     1240
     167 3     1113     1219     1415
     168 3     1083     1382     1260
     169 3     1089     1401     1278
     170 3     1127     1434     1306
     171 3     1132     1243     1435
     172 3     1146     1260     1451
     173 3     1180     1240     1464
     174 3     1132     1435     1313
     175 3     1168     1278     1484
     176 3     1113     1415     1320
     177 3     1146     1451     1327
     178 3     1199     1313     1501
     179 3     1168     1484     1362
     180 3     1200     1306     1518
     181 3     1219     1327     1523
     182 3     1200     1518     1401
     183 3     1240     1320     1535
     184 3     1199     1501     1382
     185 3     1243     1362     1554
     186 3     1260     1382     1571
     187 3     1219     1523     1415
     188 3     1243     1554     1435
     189 3     1278     1401     1608
     190 3     1260     1571     1451
     191 3     1320     1415     1625
     192 3     1240     1535     1464
     193 3     1278     1608     1484
     194 3     1306     1434     1632
     195 3     1313     1435     1633
     196 3     1306     1632     1518
     197 3     1327     1451     1645
     198 3     1313     1633     1501
     199 3     1362     1484     1687
     200 3     1327     1645     1523
     201 3     1382     1501     1704
     202 3     1320     1625     1535
     203 3     1362     1687     1554
     204 3     1434     1719     1632
     205 3     1415     1523     1731
     206 3     1382     1704     1571
     207 3     1401     1518     1735
     208 3     1401     1735     1608
     209 3     1464     1535     1765
     210 3     1435     1554     1767
     211 3     1451     1571     1775
     212 3     1435     1767     1633
     213 3     1415     1731     1625
     214 3     1451     1775     1645
     215 3     1484     1608     1819
     216 3     1501     1633     1831
     217 3     1484     1819     1687
     218 3     1535     1625     1845
     219 3     1523     1645     1849
     220 3     1501     1831     1704
     221 3     1518     1632     1870
     222 3     1518     1870     1735
     223 3     1554     1687     1900
     224 3     1571     1704     1904
     225 3     1523     1849     1731
     226 3     1535     1845     1765
     227 3     1554     1900     1767
     228 3     1571     1904     1775
     229 3     1625     1731     1944
     230 3     1608     1735     1959
     231 3     1633     1767     1970
     232 3     1645     1775     1973
     233 3     1608     1959     1819
     234 3     1632     1991     1870
     235 3     1632     1719     1991
     236 3     1633     1970     1831
     237 3     1625     1944     1845
     238 3     1645     1973     1849
     239 3     1687     1819     2036
     240 3     1704     1831     2037
     241 3     1731     1849     2052
     242 3     1687     2036     1900
     243 3     1765     1845     2061
     244 3     1704     2037     1904
     245 3     1735     1870     2093
     246 3     1719     2094     1991
     247 3     1775     1904     2102
     248 3     1767     1900     2104
     249 3     1735     2093     1959
     250 3     1731     2052     1944
     251 3     1767     2104     1970
     252 3     1775     2102     1973
     253 3     1845     1944     2149
     254 3     1831     1970     2161
     255 3     1849     1973     2165
     256 3     1819     1959     2166
     257 3     1819     2166     2036
     258 3     1831     2161     2037
     259 3     1849     2165     2052
     260 3     1845     2149     2061
     261 3     1870     1991     2209
     262 3     1904     2037     2211
     263 3     1870     2209     2093
     264 3     1900     2036     2220
     265 3     1944     2052     2234
     266 3     1900     2220     2104
     267 3     1904     2211     2102
     268 3     1973     2102     2257
     269 3     1970     2104     2266
     270 3     1944     2234     2149
     271 3     1959     2093     2272
     272 3     1959     2272     2166
     273 3     1970     2266     2161
     274 3     1973     2257     2165
     275 3     2061     2149     2308
     276 3     1991     2094     2315
     277 3     1991     2315     2209
     278 3     2037     2161     2319
     279 3     2052     2165     2321
     280 3     2036     2166     2327
     281 3     2037     2319     2211
     282 3     2036     2327     2220
     283 3     2052     2321     2234
     284 3     2102     2211     2360
     285 3     2104     2220     2368
     286 3     2093     2209     2371
     287 3     2149     2234     2373
     288 3     2102     2360     2257
     289 3     2093     2371     2272
     290 3     2104     2368     2266
     291 3     2165     2257     2401
     292 3     2161     2266     2408
     293 3     2149     2373     2308
     294 3     2094     2414     2315
     295 3     2166     2272     2420
     296 3     2165     2401     2321
     297 3     2161     2408     2319
     298 3     2166     2420     2327
     299 3     2211     2319     2451
     300 3     2234     2321     2454
     301 3     2220     2327     2479
     302 3     2211     2451     2360
     303 3     2209     2315     2486
     304 3     2209     2486     2371
     305 3     2220     2479     2368
     306 3     2234     2454     2373
     307 3     2257     2360     2494
     308 3     2266     2368     2519
     309 3     2257     2494     2401
     310 3     2308     2373     2524
     311 3     2266     2519     2408
     312 3     2272     2371     2530
     313 3     2272     2530     2420
     314 3     2321     2401     2545
     315 3     2319     2408     2560
     316 3     2321     2545     2454
     317 3     2319     2560     2451
     318 3     2327     2420     2576
     319 3     2327     2576     2479
     320 3     2360     2451     2594
     321 3     2315     2414     2595
     322 3     2315     2595     2486
     323 3     2373     2454     2599
     324 3     2360     2594     2494
     325 3     2368     2479     2628
     326 3     2373     2599     2524
     327 3     2368     2628     2519
     328 3     2401     2494     2643
     329 3     2371     2486     2648
     330 3     2371     2648     2530
     331 3     2401     2643     2545
     332 3     2408     2519     2666
     333 3     2408     2666     2560
     334 3     2454     2545     2689
     335 3     2420     2530     2699
     336 3     2451     2560     2711
     337 3     2420     2699     2576
     338 3     2454     2689     2599
     339 3     2451     2711     2594
     340 3     2479     2576     2739
     341 3     2414     2741     2595
     342 3     2494     2594     2743
     343 3     2524     2599     2752
     344 3     2479     2739     2628
     345 3     2494     2743     2643
     346 3     2486     2595     2773
     347 3     2486     2773     2648
     348 3     2519     2628     2780
     349 3     2545     2643     2789
     350 3     2519     2780     2666
     351 3     2545     2789     2689
     352 3     2530     2648     2816
     353 3     2560     2666     2820
     354 3     2530     2816     2699
     355 3     2560     2820     2711
     356 3     2599     2689     2837
     357 3     2594     2711     2857
     358 3     2576     2699     2858
     359 3     2599     2837     2752
     360 3     2576     2858     2739
     361 3     2594     2857     2743
     362 3     2643     2743     2891
     363 3     2628     2739     2895
     364 3     2595     2741     2897
     365 3     2595     2897     2773
     366 3     2628     2895     2780
     367 3     2643     2891     2789
     368 3     2689     2789     2929
     369 3     2666     2780     2930
     370 3     2648     2773     2932
     371 3     2648     2932     2816
     372 3     2666     2930     2820
     373 3     2689     2929     2837
     374 3     2711     2820     2964
     375 3     2699     2816     2970
     376 3     2711     2964     2857
     377 3     2752     2837     2978
     378 3     2699     2970     2858
     379 3     2743     2857     2996
     380 3     2739     2858     3007
     381 3     2743     2996     2891
     382 3     2741     3023     2897
     383 3     2739     3007     2895
     384 3     2789     2891     3031
     385 3     2780     2895     3043
     386 3     2789     3031     2929
     387 3     2773     2897     3053
     388 3     2780     3043     2930
     389 3     2773     3053     2932
     390 3     2837     2929     3069
     391 3     2820     2930     3076
     392 3     2837     3069     2978
     393 3     2820     3076     2964
     394 3     2816     2932     3094
     395 3     2816     3094     2970
     396 3     2857     2964     3110
     397 3     2857     3110     2996
     398 3     2858     2970     3130
     399 3     2891     2996     3148
     400 3     2858     3130     3007
     401 3     2891     3148     3031
     402 3     2895     3007     3172
     403 3     2929     3031     3180
     404 3     2895     3172     3043
     405 3     2897     3023     3194
     406 3     2897     3194     3053
     407 3     2929     3180     3069
     408 3     2930     3043     3207
     409 3     2930     3207     3076
     410 3     2978     3069     3234
     411 3     2932     3053     3240
     412 3     2932     3240     3094
     413 3     2964     3076     3246
     414 3     2964     3246     3110
     415 3     2996     3110     3281
     416 3     2970     3094     3284
     417 3     2970     3284     3130
     418 3     2996     3281     3148
     419 3     3031     3148     3308
     420 3     3007     3130     3329
     421 3     3031     3308     3180
     422 3     3023     3341     3194
     423 3     3007     3329     3172
     424 3     3069     3180     3356
     425 3     3043     3172     3376
     426 3     3069     3356     3234
     427 3     3043     3376     3207
     428 3     3076     3207     3418
     429 3     3053     3194     3419
     430 3     3053     3419     3240
     431 3     3076     3418     3246
     432 3     3110     3246     3479
     433 3     3094     3240     3500
     434 3     3110     3479     3281
     435 3     3094     3500     3284
     436 3     3148     3281     3523
     437 3     3148     3523     3308
     438 3     3130     3284     3564
     439 3     3180     3308     3565
     440 3     3130     3564     3329
     441 3     3180     3565     3356
     442 3     3172     3329     3624
     443 3     3172     3624     3376
     444 3     3207     3376     3680
     445 3     3194     3695     3419
     446 3     3194     3341     3695
     447 3     3207     3680     3418
     448 3     3246     3418     3723
     449 3     3246     3723     3479
     450 3     3240     3419     3771
     451 3     3281     3479     3772
     452 3     3240     3771     3500
     453 3     3281     3772     3523
     454 3     3308     3523     3814
     455 3     3308     3814     3565
     456 3     3284     3500     3840
     457 3     3284     3840     3564
     458 3     3329     3564     3905
     459 3     3329     3905     3624
     460 3     3376     3624     3971
     461 3     3341     3977     3695
     462 3     3376     3971     3680
     463 3     3418     3680     4016
     464 3     3418     4016     3723
     465 3     3479     3723     4072
     466 3     3419     3695     4090
     467 3     3479     4072     3772
     468 3     3419     4090     3771
     469 3     3523     3772     4111
     470 3     3523     4111     3814
     471 3     3500     3771     4167
     472 3     3500     4167     3840
     473 3     3564     3840     4238
     474 3     3564     4238     3905
     475 3     3624     3905     4311
     476 3     3624     4311     3971
     477 3     3680     3971     4377
     478 3     3680     4377     4016
     479 3     3723     4016     4435
     480 3     3723     4435     4072
     481 3     3772     4072     4481
     482 3     3695     3977     4485
     483 3     3695     4485     4090
     484 3     3772     4481     4111
     485 3     3771     4090     4620
     486 3     3771     4620     4167
     487 3     3840     4167     4729
     488 3     3840     4729     4238
     489 3     3905     4238     4833
     490 3     3905     4833     4311
     491 3     3971     4311     4939
     492 3     3971     4939     4377
     493 3     4016     4377     5050
     494 3     4016     5050     4435
     495 3     4072     4435     5132
     496 3     4072     5132     4481
     497 3     4090     4485     5586
     498 3     4090     5586     4620
     499 3     4238     4729     6175
     500 3     4238     6175     4833
     501 3     4311     4833     6404
     502 3     4311     6404     4939
     503 3     4377     4939     6716
     504 3     4377     6716     5050
     505 3     4435     5050     7049
     506 3     4435     7049     5132
     507 3     5050     6716    14300
     508 3     5050    14300     7049
 1                                                                              
 27                                                                             
 27                                                                             
         252
         268
         281
         228
         219
         192
         175
         173
         160
         158
         193
         145
         146
         195
         307
         308
         555
         839
        1127
        1434
        1719
        2094
        2414
        2741
        3023
        3341
        3977
 0                                                                              
 0                                                                              
