FileFmt      1050624           0           0
NELG           58641         560         491
       50164
       50172
       50247
       50258
       50269
       50282
       50289
       50305
       50313
       50335
       50341
       50355
       50362
       50376
       50387
       50403
       50414
       50419
       50433
       50439
       50451
       50458
       50473
       50483
       50497
       50503
       50508
       50509
       50525
       50531
       50544
       50551
       50572
       50579
       50589
       50606
       50609
       50611
       50617
       50624
       50630
       50645
       50649
       50666
       50675
       50679
       50683
       50693
       50701
       50702
       50718
       50720
       50724
       50746
       50749
       50751
       50755
       50763
       50767
       50768
       50772
       50775
       50781
       50787
       50800
       50805
       50814
       50819
       50830
       50839
       50842
       50845
       50849
       50858
       50859
       50862
       50872
       50879
       50888
       50890
       50900
       50904
       50911
       50918
       50927
       50928
       50931
       50937
       50939
       50944
       50958
       50963
       50965
       50972
       50980
       50982
       50984
       51001
       51006
       51014
       51015
       51018
       51030
       51031
       51036
       51037
       51048
       51049
       51052
       51055
       51068
       51075
       51077
       51089
       51096
       51097
       51100
       51102
       51104
       51109
       51110
       51113
       51118
       51122
       51124
       51125
       51128
       51131
       51132
       51140
       51142
       51145
       51151
       51152
       51159
       51162
       51163
       51166
       51175
       51178
       51179
       51181
       51186
       51188
       51192
       51193
       51199
       51200
       51204
       51208
       51211
       51213
       51215
       51216
       51218
       51220
       51228
       51232
       51234
       51236
       51237
       51247
       51248
       51257
       51262
       51266
       51267
       51268
       51271
       51274
       51275
       51277
       51278
       51280
       51282
       51286
       51290
       51292
       51293
       51302
       51305
       51306
       51309
       51310
       51311
       51317
       51321
       51326
       51334
       51335
       51338
       51347
       51348
       51349
       51351
       51354
       51356
       51360
       51361
       51362
       51364
       51365
       51366
       51367
       51368
       51372
       51376
       51380
       51384
       51389
       51392
       51396
       51397
       51399
       51401
       51411
       51414
       51418
       51420
       51421
       51423
       51425
       51426
       51427
       51433
       51436
       51439
       51441
       51445
       51447
       51452
       51453
       51459
       51460
       51461
       51463
       51464
       51466
       51472
       51473
       51477
       51479
       51480
       51481
       51483
       51486
       51493
       51499
       51500
       51503
       51505
       51511
       51513
       51517
       51519
       51521
       51524
       51525
       51526
       51527
       51528
       51530
       51533
       51535
       51536
       51537
       51540
       51548
       51550
       51558
       51559
       51563
       51564
       51568
       51569
       51572
       51575
       51577
       51578
       51581
       51584
       51585
       51586
       51588
       51590
       51591
       51592
       51593
       51598
       51599
       51618
       51626
       51631
       51633
       51636
       51640
       51645
       51647
       51652
       51654
       51658
       51661
       51662
       51663
       51664
       51665
       51666
       51667
       51668
       51670
       51675
       51687
       51703
       51705
       51706
       51708
       51712
       51718
       51721
       51724
       51727
       51730
       51731
       51732
       51733
       51734
       51736
       51739
       51740
       51743
       51744
       51747
       51759
       51780
      -51782
       51790
       51795
       51796
       51798
       51802
       51804
       51806
       51808
       51813
       51817
       51818
       51819
       51821
       51824
       51826
       51827
       51833
       51840
       51845
       51851
      -51856
       51858
       51860
       51864
       51866
       51869
       51870
       51871
       51872
       51873
       51875
       51876
       51877
       51879
       51880
       51881
       51908
      -51911
       51912
       51913
       51916
       51918
       51919
       51920
       51923
       51925
       51927
       51929
       51930
       51931
       51933
       51934
       51936
      -51957
      -51959
       51960
       51962
       51965
       51966
       51967
       51970
       51972
       51973
       51974
       51976
       51977
       51978
       51979
       51984
       51991
       52010
      -52013
       52014
      -52018
       52020
       52023
       52024
       52025
       52026
       52027
       52028
       52036
       52038
       52039
       52042
       52044
       52047
       52055
       52059
       52062
       52063
      -52067
       52069
       52073
      -52074
       52075
       52077
       52079
       52084
       52089
       52097
       52107
       52111
       52113
       52114
       52115
       52119
       52120
       52125
      -52127
       52128
       52142
       52145
       52146
       52150
       52155
       52158
       52159
       52160
       52161
       52165
       52168
       52171
       52172
       52174
      -52175
       52177
       52186
       52192
       52193
       52206
       52216
       52217
       52229
       52230
      -52233
       52236
       52237
       52239
      -52241
       52248
       52249
       52254
       52259
       52265
      -52268
      -52274
       52275
       52292
      -52298
       52299
       52306
       52316
       52333
       52341
       52358
NNODG          32218         319         286
      -27529
      -27572
      -27576
      -27586
      -27599
       27615
      -27628
      -27637
      -27657
      -27665
       27677
       27686
       27699
      -27712
       27714
       27726
       27738
       27752
      -27759
       27768
      -27772
       27782
       27794
       27809
       27812
       27822
      -27829
       27833
       27847
      -27852
      -27853
       27868
       27869
       27875
      -27883
       27884
       27893
       27903
       27913
      -27916
       27920
       27930
       27940
       27943
      -27945
       27951
       27953
       27961
       27972
       27975
      -27982
      -27989
       27994
       27999
       28004
       28010
       28011
       28019
       28033
      -28035
       28036
       28044
       28052
       28056
      -28060
       28065
       28070
      -28072
       28075
       28081
      -28084
       28092
       28094
       28099
      -28102
       28105
       28109
       28116
       28126
       28129
      -28135
       28137
       28142
       28144
       28148
       28149
       28151
      -28154
       28156
       28157
       28159
       28161
       28167
       28172
       28178
       28180
      -28181
       28186
       28194
       28196
       28199
       28204
       28205
       28207
       28208
       28210
       28219
       28221
       28227
       28228
       28235
       28236
       28237
       28241
       28242
       28246
       28248
       28258
       28259
       28261
       28265
       28267
       28274
       28275
      -28280
       28281
       28283
       28284
       28287
       28289
       28290
       28291
       28299
       28301
       28307
       28309
       28314
       28318
       28319
       28321
       28322
       28329
       28333
       28334
       28340
       28341
       28343
       28344
       28348
       28351
       28352
      -28358
       28362
       28363
       28369
       28372
       28375
       28376
       28377
       28378
       28380
       28381
       28388
       28393
       28396
       28397
       28402
       28403
       28405
       28408
       28409
       28410
       28411
       28419
      -28440
       28445
       28446
       28450
       28452
       28455
       28460
       28461
       28462
       28463
       28468
       28475
       28484
       28486
       28489
       28491
       28493
       28494
       28495
       28497
       28499
       28512
      -28525
       28526
       28532
       28535
       28537
       28538
       28540
       28541
       28544
       28546
       28549
       28557
       28560
       28564
       28568
       28569
       28570
       28571
       28573
       28586
      -28588
       28589
       28591
       28592
       28593
       28596
       28598
       28600
      -28613
       28614
       28615
       28616
       28617
       28620
       28621
       28623
       28629
       28641
      -28643
       28648
       28649
       28650
       28651
       28653
       28655
       28658
       28662
       28665
       28667
      -28669
       28672
       28679
       28685
       28691
       28693
       28694
       28695
       28698
       28701
       28703
       28710
       28712
       28717
       28719
       28720
       28721
       28723
       28725
       28727
      -28728
       28734
       28738
       28739
       28747
       28753
       28758
      -28759
       28761
       28762
       28768
       28771
       28775
      -28779
       28784
      -28798
       28799
       28801
       28807
       28821
       28830
NFLUXF             0
NETA             128          29           0
NSTAE              0           0           0
NSTAV              0           0           0
NSTAM              0           0           0
NSTAC              0           0           0
RES NODE          86         246
                   6          11          12          13          15          16
                  17          18          20          22          23          24
                  25          26          28          29          32          33
                  34          36          37          38          39          41
                  42          43          44          46          47          48
                  49          50          53          54          55          56
                  57          58          59          61          62          63
                  64          66          67          69          70          72
                  73          74          76          77          78          79
                  80          82          83          84          85          86
                  87          89          90          91          92          93
                  94          95          96          98          99         100
                 101         102         103         104         105         106
                 107         108         109         110         111         112
                 113         114         115         116         117         118
                 119         120         121         122         123         124
                 126         127         128         129         130         131
                 132         133         134         135         136         137
                 138         139         140         141         142         143
                 144         145         146         147         148         149
                 150         151         153         154         155         156
                 157         158         159         160         161         162
                 163         164         165         166         167         168
                 169         170         171         172         173         174
                 176         177         178         179         180         181
                 182         183         184         185         186         187
                 188         189         190         191         192         193
                 194         195         196         198         199         200
                 201         202         203         204         205         206
                 207         208         209         210         211         212
                 213         214         215         216         218         219
                 220         221         222         223         224         226
                 227         228         229         230         231         232
                 233         234         236         237         238         239
                 240         241         242         243         244         245
                 247         248         249         250         251         252
                 253         254         255         256         257         258
                 259         260         261         262         263         264
                 265         267         268         269         270         271
                 272         274         275         276         277         278
                 280         282         283         284         285         286
COMM PE            3
RECV PE           84           9
                 197         217         225         235         246         266
                 273         279         281
RECV PE           87          12
                   2          10          19          30          45          52
                  60          71          97         125         152         175
RECV PE           95          19
                   1           3           4           5           7           8
                   9          14          21          27          31          35
                  40          51          65          68          75          81
                  88
SEND PE           84           8
                 187         208         218         227         239         255
                 265         272
SEND PE           87          12
                   6          15          25          38          54          62
                  73          83         113         141         164         187
SEND PE           95          19
                   6          11          12          13          16          17
                  18          24          33          41          44          49
                  55          69          84          85          91          96
                 102
