bi_1997_v2.grd                                                                  
     445     299
    8411 -0.770693500000E+02  0.346695800000E+02  0.208000000000E+01
    8487 -0.770683400000E+02  0.346702800000E+02  0.208000000000E+01
    8564 -0.770691100000E+02  0.346710600000E+02  0.208000000000E+01
    8646 -0.770680600000E+02  0.346716800000E+02  0.208000000000E+01
    8855 -0.770686300000E+02  0.346725700000E+02  0.208000000000E+01
    8902 -0.770678500000E+02  0.346727100000E+02  0.208000000000E+01
    8986 -0.770742500000E+02  0.346730700000E+02  0.278100000000E+01
    8995 -0.770737000000E+02  0.346728200000E+02  0.919000000000E+00
    9018 -0.770681000000E+02  0.346732600000E+02  0.303200000000E+01
    9039 -0.770732400000E+02  0.346729400000E+02  0.117700000000E+01
    9040 -0.770735500000E+02  0.346733800000E+02  0.390600000000E+01
    9046 -0.770675000000E+02  0.346732000000E+02  0.222500000000E+01
    9047 -0.770728100000E+02  0.346729900000E+02  0.977000000000E+00
    9048 -0.770731000000E+02  0.346734000000E+02  0.390700000000E+01
    9049 -0.770745500000E+02  0.346734000000E+02  0.390800000000E+01
    9053 -0.770740500000E+02  0.346733900000E+02  0.390800000000E+01
    9054 -0.770724000000E+02  0.346730200000E+02  0.662000000000E+00
    9055 -0.770726500000E+02  0.346734200000E+02  0.390700000000E+01
    9061 -0.770720000000E+02  0.346730800000E+02  0.572000000000E+00
    9062 -0.770722400000E+02  0.346734500000E+02  0.386100000000E+01
    9066 -0.770715600000E+02  0.346731400000E+02  0.849000000000E+00
    9067 -0.770718000000E+02  0.346734800000E+02  0.390300000000E+01
    9070 -0.770678300000E+02  0.346735100000E+02  0.356200000000E+01
    9071 -0.770710400000E+02  0.346731800000E+02  0.164800000000E+01
    9072 -0.770713500000E+02  0.346735200000E+02  0.386700000000E+01
    9081 -0.770706600000E+02  0.346732400000E+02  0.241400000000E+01
    9082 -0.770709200000E+02  0.346735500000E+02  0.388400000000E+01
    9089 -0.770701900000E+02  0.346732600000E+02  0.303900000000E+01
    9090 -0.770704900000E+02  0.346735700000E+02  0.390200000000E+01
    9091 -0.770698200000E+02  0.346733200000E+02  0.340200000000E+01
    9092 -0.770700800000E+02  0.346736000000E+02  0.390200000000E+01
    9100 -0.770694000000E+02  0.346733700000E+02  0.345600000000E+01
    9101 -0.770696700000E+02  0.346736400000E+02  0.390600000000E+01
    9104 -0.770674200000E+02  0.346735600000E+02  0.320500000000E+01
    9106 -0.770682400000E+02  0.346734800000E+02  0.354300000000E+01
    9108 -0.770690400000E+02  0.346734200000E+02  0.351800000000E+01
    9109 -0.770692400000E+02  0.346736800000E+02  0.390300000000E+01
    9115 -0.770686600000E+02  0.346734500000E+02  0.353300000000E+01
    9116 -0.770688500000E+02  0.346737100000E+02  0.390800000000E+01
    9123 -0.770684500000E+02  0.346737500000E+02  0.390400000000E+01
    9129 -0.770680400000E+02  0.346737900000E+02  0.390400000000E+01
    9130 -0.770677000000E+02  0.346737800000E+02  0.390500000000E+01
    9136 -0.770670100000E+02  0.346736200000E+02  0.329000000000E+01
    9137 -0.770671400000E+02  0.346737900000E+02  0.390000000000E+01
    9141 -0.770743700000E+02  0.346738200000E+02  0.390800000000E+01
    9142 -0.770724900000E+02  0.346738300000E+02  0.378400000000E+01
    9143 -0.770666300000E+02  0.346736500000E+02  0.329900000000E+01
    9144 -0.770668300000E+02  0.346738300000E+02  0.390800000000E+01
    9145 -0.770729200000E+02  0.346738300000E+02  0.376600000000E+01
    9147 -0.770720500000E+02  0.346738400000E+02  0.370200000000E+01
    9150 -0.770733800000E+02  0.346738500000E+02  0.376300000000E+01
    9152 -0.770738700000E+02  0.346738500000E+02  0.379000000000E+01
    9153 -0.770716200000E+02  0.346738600000E+02  0.360700000000E+01
    9154 -0.770663800000E+02  0.346736500000E+02  0.315900000000E+01
    9155 -0.770665100000E+02  0.346738600000E+02  0.390800000000E+01
    9160 -0.770711800000E+02  0.346738800000E+02  0.351800000000E+01
    9165 -0.770707600000E+02  0.346738900000E+02  0.339800000000E+01
    9166 -0.770659600000E+02  0.346736900000E+02  0.321600000000E+01
    9167 -0.770661700000E+02  0.346739000000E+02  0.390800000000E+01
    9171 -0.770703500000E+02  0.346739000000E+02  0.312700000000E+01
    9175 -0.770673900000E+02  0.346739200000E+02  0.390000000000E+01
    9177 -0.770655900000E+02  0.346737000000E+02  0.310400000000E+01
    9178 -0.770658200000E+02  0.346739300000E+02  0.390000000000E+01
    9179 -0.770699500000E+02  0.346739200000E+02  0.321800000000E+01
    9186 -0.770695300000E+02  0.346739600000E+02  0.326300000000E+01
    9187 -0.770652900000E+02  0.346737400000E+02  0.314100000000E+01
    9188 -0.770654600000E+02  0.346739700000E+02  0.389200000000E+01
    9189 -0.770689900000E+02  0.346739600000E+02  0.371400000000E+01
    9197 -0.770687100000E+02  0.346740000000E+02  0.349700000000E+01
    9198 -0.770648600000E+02  0.346737800000E+02  0.312400000000E+01
    9199 -0.770650600000E+02  0.346740100000E+02  0.390700000000E+01
    9200 -0.770670300000E+02  0.346740100000E+02  0.389600000000E+01
    9207 -0.770643800000E+02  0.346738100000E+02  0.301900000000E+01
    9208 -0.770646200000E+02  0.346740500000E+02  0.390800000000E+01
    9211 -0.770666900000E+02  0.346740600000E+02  0.390800000000E+01
    9217 -0.770682100000E+02  0.346740800000E+02  0.300700000000E+01
    9218 -0.770639000000E+02  0.346738300000E+02  0.276200000000E+01
    9219 -0.770641600000E+02  0.346741000000E+02  0.389600000000E+01
    9220 -0.770663500000E+02  0.346741000000E+02  0.390800000000E+01
    9226 -0.770634500000E+02  0.346738700000E+02  0.243800000000E+01
    9227 -0.770637100000E+02  0.346741400000E+02  0.390100000000E+01
    9228 -0.770660200000E+02  0.346741400000E+02  0.390800000000E+01
    9231 -0.770677900000E+02  0.346741400000E+02  0.263200000000E+01
    9237 -0.770630300000E+02  0.346739000000E+02  0.215200000000E+01
    9238 -0.770632900000E+02  0.346741800000E+02  0.390800000000E+01
    9239 -0.770656900000E+02  0.346741800000E+02  0.389400000000E+01
    9245 -0.770672600000E+02  0.346742100000E+02  0.211200000000E+01
    9246 -0.770723000000E+02  0.346742100000E+02  0.201300000000E+01
    9247 -0.770702100000E+02  0.346742100000E+02  0.993000000000E+00
    9248 -0.770706000000E+02  0.346742100000E+02  0.110100000000E+01
    9251 -0.770718700000E+02  0.346742200000E+02  0.150400000000E+01
    9253 -0.770727400000E+02  0.346742200000E+02  0.241500000000E+01
    9254 -0.770710100000E+02  0.346742200000E+02  0.120000000000E+01
    9256 -0.770714300000E+02  0.346742300000E+02  0.138500000000E+01
    9258 -0.770626100000E+02  0.346739600000E+02  0.222100000000E+01
    9259 -0.770628600000E+02  0.346742300000E+02  0.390800000000E+01
    9260 -0.770653000000E+02  0.346742300000E+02  0.390700000000E+01
    9261 -0.770698400000E+02  0.346742300000E+02  0.702000000000E+00
    9262 -0.770668900000E+02  0.346742600000E+02  0.177400000000E+01
    9264 -0.770731900000E+02  0.346742600000E+02  0.233800000000E+01
    9267 -0.770648700000E+02  0.346742900000E+02  0.390800000000E+01
    9269 -0.770665000000E+02  0.346742900000E+02  0.175200000000E+01
    9270 -0.770621400000E+02  0.346740200000E+02  0.224100000000E+01
    9271 -0.770624200000E+02  0.346742900000E+02  0.390700000000E+01
    9279 -0.770662000000E+02  0.346743400000E+02  0.157500000000E+01
    9281 -0.770644100000E+02  0.346743400000E+02  0.384400000000E+01
    9286 -0.770616800000E+02  0.346741100000E+02  0.282000000000E+01
    9287 -0.770619800000E+02  0.346743600000E+02  0.389400000000E+01
    9290 -0.770694500000E+02  0.346743000000E+02  0.580000000000E+00
    9291 -0.770736500000E+02  0.346743900000E+02  0.186000000000E+01
    9293 -0.770659200000E+02  0.346743900000E+02  0.152300000000E+01
    9294 -0.770639600000E+02  0.346744000000E+02  0.382600000000E+01
    9296 -0.770611800000E+02  0.346741700000E+02  0.344100000000E+01
    9297 -0.770615700000E+02  0.346744000000E+02  0.389800000000E+01
    9299 -0.770635300000E+02  0.346744500000E+02  0.378100000000E+01
    9306 -0.770656000000E+02  0.346744400000E+02  0.154000000000E+01
    9308 -0.770701100000E+02  0.346744600000E+02  0.689000000000E+00
    9311 -0.770631200000E+02  0.346745000000E+02  0.377800000000E+01
    9313 -0.770651300000E+02  0.346745000000E+02  0.164000000000E+01
    9315 -0.770704300000E+02  0.346745100000E+02  0.761000000000E+00
    9319 -0.770708200000E+02  0.346745500000E+02  0.847000000000E+00
    9321 -0.770627000000E+02  0.346745500000E+02  0.371000000000E+01
    9324 -0.770646700000E+02  0.346745700000E+02  0.146900000000E+01
    9326 -0.770721200000E+02  0.346745800000E+02  0.828000000000E+00
    9327 -0.770725500000E+02  0.346745900000E+02  0.117700000000E+01
    9328 -0.770698100000E+02  0.346745500000E+02  0.583000000000E+00
    9329 -0.770712500000E+02  0.346745900000E+02  0.935000000000E+00
    9330 -0.770716900000E+02  0.346745900000E+02  0.906000000000E+00
    9332 -0.770729900000E+02  0.346746100000E+02  0.111000000000E+01
    9338 -0.770622600000E+02  0.346746200000E+02  0.354400000000E+01
    9346 -0.770612000000E+02  0.346746300000E+02  0.390500000000E+01
    9347 -0.770641600000E+02  0.346746600000E+02  0.122800000000E+01
    9349 -0.770734600000E+02  0.346746700000E+02  0.893000000000E+00
    9352 -0.770608200000E+02  0.346742100000E+02  0.348100000000E+01
    9353 -0.770603300000E+02  0.346742900000E+02  0.361000000000E+01
    9354 -0.770606200000E+02  0.346746800000E+02  0.390300000000E+01
    9357 -0.770637600000E+02  0.346747100000E+02  0.122700000000E+01
    9358 -0.770618000000E+02  0.346747100000E+02  0.356500000000E+01
    9364 -0.770599200000E+02  0.346743500000E+02  0.369800000000E+01
    9365 -0.770601100000E+02  0.346747500000E+02  0.390500000000E+01
    9371 -0.770633400000E+02  0.346747800000E+02  0.106700000000E+01
    9373 -0.770706400000E+02  0.346747900000E+02  0.707000000000E+00
    9376 -0.770629900000E+02  0.346747900000E+02  0.135000000000E+01
    9380 -0.770702400000E+02  0.346748200000E+02  0.597000000000E+00
    9402 -0.770625400000E+02  0.346748800000E+02  0.148000000000E+01
    9403 -0.770739400000E+02  0.346747200000E+02  0.699000000000E+00
    9413 -0.770719400000E+02  0.346749100000E+02  0.587000000000E+00
    9414 -0.770727800000E+02  0.346749200000E+02  0.559000000000E+00
    9419 -0.770621600000E+02  0.346749100000E+02  0.239400000000E+01
    9426 -0.770710200000E+02  0.346749500000E+02  0.751000000000E+00
    9433 -0.770723600000E+02  0.346749700000E+02  0.557000000000E+00
    9446 -0.770732200000E+02  0.346750100000E+02  0.562000000000E+00
    9447 -0.770619000000E+02  0.346750000000E+02  0.256200000000E+01
    9448 -0.770715300000E+02  0.346750100000E+02  0.602000000000E+00
    9451 -0.770737200000E+02  0.346750200000E+02  0.555000000000E+00
    9460 -0.770615000000E+02  0.346750900000E+02  0.228400000000E+01
    9461 -0.770603600000E+02  0.346750900000E+02  0.248200000000E+01
    9474 -0.770608700000E+02  0.346751300000E+02  0.219100000000E+01
    9485 -0.770706600000E+02  0.346751400000E+02  0.590000000000E+00
    9545 -0.770744300000E+02  0.346752400000E+02  0.555000000000E+00
    9546 -0.770719900000E+02  0.346754100000E+02  0.555000000000E+00
    9549 -0.770727900000E+02  0.346754000000E+02  0.555000000000E+00
    9559 -0.770735800000E+02  0.346754600000E+02  0.555000000000E+00
    9588 -0.770712500000E+02  0.346756100000E+02  0.555000000000E+00
    9592 -0.770620500000E+02  0.346754300000E+02  0.103400000000E+01
    9595 -0.770612000000E+02  0.346756300000E+02  0.874000000000E+00
    9612 -0.770603600000E+02  0.346756500000E+02  0.113200000000E+01
    9681 -0.770716800000E+02  0.346759800000E+02  0.555000000000E+00
    9686 -0.770723800000E+02  0.346759900000E+02  0.555000000000E+00
    9691 -0.770740800000E+02  0.346760200000E+02  0.555000000000E+00
    9700 -0.770732200000E+02  0.346760700000E+02  0.555000000000E+00
    9734 -0.770616100000E+02  0.346762200000E+02  0.791000000000E+00
    9738 -0.770749700000E+02  0.346758600000E+02  0.555000000000E+00
    9752 -0.770607600000E+02  0.346762800000E+02  0.103900000000E+01
    9767 -0.770623200000E+02  0.346761700000E+02  0.593000000000E+00
    9784 -0.770718200000E+02  0.346763500000E+02  0.555000000000E+00
    9838 -0.770746000000E+02  0.346767100000E+02  0.555000000000E+00
    9840 -0.770728000000E+02  0.346767300000E+02  0.555000000000E+00
    9856 -0.770736800000E+02  0.346768000000E+02  0.555000000000E+00
    9879 -0.770621700000E+02  0.346769100000E+02  0.708000000000E+00
    9880 -0.770625800000E+02  0.346767500000E+02  0.574000000000E+00
    9897 -0.770756200000E+02  0.346765300000E+02  0.555000000000E+00
    9978 -0.770751300000E+02  0.346774700000E+02  0.555000000000E+00
    9983 -0.770712100000E+02  0.346765500000E+02  0.555000000000E+00
    9984 -0.770716800000E+02  0.346775000000E+02  0.555000000000E+00
    9998 -0.770705100000E+02  0.346767300000E+02  0.555000000000E+00
    9999 -0.770710000000E+02  0.346775500000E+02  0.555000000000E+00
   10009 -0.770741200000E+02  0.346775900000E+02  0.555000000000E+00
   10012 -0.770724200000E+02  0.346775500000E+02  0.555000000000E+00
   10019 -0.770698400000E+02  0.346770000000E+02  0.555000000000E+00
   10020 -0.770703100000E+02  0.346776400000E+02  0.555000000000E+00
   10023 -0.770732600000E+02  0.346776400000E+02  0.555000000000E+00
   10036 -0.770661900000E+02  0.346770000000E+02  0.113700000000E+01
   10037 -0.770652500000E+02  0.346772600000E+02  0.116500000000E+01
   10038 -0.770659700000E+02  0.346776400000E+02  0.116500000000E+01
   10049 -0.770692600000E+02  0.346771600000E+02  0.555000000000E+00
   10050 -0.770696600000E+02  0.346777800000E+02  0.555000000000E+00
   10057 -0.770536400000E+02  0.346777800000E+02  0.816000000000E+00
   10075 -0.770668400000E+02  0.346772600000E+02  0.898000000000E+00
   10084 -0.770644400000E+02  0.346775200000E+02  0.116500000000E+01
   10085 -0.770650900000E+02  0.346779100000E+02  0.116500000000E+01
   10087 -0.770549700000E+02  0.346779600000E+02  0.101800000000E+01
   10090 -0.770685200000E+02  0.346774000000E+02  0.555000000000E+00
   10091 -0.770690200000E+02  0.346779800000E+02  0.555000000000E+00
   10115 -0.770667000000E+02  0.346780500000E+02  0.948000000000E+00
   10124 -0.770637100000E+02  0.346777100000E+02  0.116500000000E+01
   10125 -0.770642800000E+02  0.346781300000E+02  0.116500000000E+01
   10133 -0.770678300000E+02  0.346776100000E+02  0.555000000000E+00
   10134 -0.770682800000E+02  0.346782200000E+02  0.555000000000E+00
   10136 -0.770528300000E+02  0.346781500000E+02  0.585000000000E+00
   10151 -0.770542800000E+02  0.346782600000E+02  0.811000000000E+00
   10158 -0.770629700000E+02  0.346778900000E+02  0.116500000000E+01
   10159 -0.770635100000E+02  0.346783000000E+02  0.116500000000E+01
   10164 -0.770700700000E+02  0.346783500000E+02  0.555000000000E+00
   10171 -0.770657500000E+02  0.346783600000E+02  0.116500000000E+01
   10173 -0.770743700000E+02  0.346783200000E+02  0.555000000000E+00
   10174 -0.770554300000E+02  0.346783900000E+02  0.102800000000E+01
   10177 -0.770708100000E+02  0.346784100000E+02  0.555000000000E+00
   10182 -0.770714800000E+02  0.346784700000E+02  0.555000000000E+00
   10185 -0.770622900000E+02  0.346781000000E+02  0.116500000000E+01
   10186 -0.770627800000E+02  0.346784700000E+02  0.116500000000E+01
   10198 -0.770721500000E+02  0.346785200000E+02  0.555000000000E+00
   10199 -0.770674000000E+02  0.346785300000E+02  0.898000000000E+00
   10204 -0.770728300000E+02  0.346785600000E+02  0.555000000000E+00
   10206 -0.770694800000E+02  0.346785600000E+02  0.555000000000E+00
   10212 -0.770548100000E+02  0.346785500000E+02  0.852000000000E+00
   10217 -0.770648700000E+02  0.346785800000E+02  0.116500000000E+01
   10220 -0.770736900000E+02  0.346786200000E+02  0.555000000000E+00
   10221 -0.770577700000E+02  0.346786200000E+02  0.116500000000E+01
   10227 -0.770616000000E+02  0.346783200000E+02  0.116500000000E+01
   10228 -0.770620900000E+02  0.346786500000E+02  0.116500000000E+01
   10236 -0.770535700000E+02  0.346786700000E+02  0.586000000000E+00
   10241 -0.770558200000E+02  0.346787400000E+02  0.106900000000E+01
   10243 -0.770564200000E+02  0.346787500000E+02  0.116500000000E+01
   10245 -0.770640500000E+02  0.346787400000E+02  0.116500000000E+01
   10247 -0.770571100000E+02  0.346787400000E+02  0.116500000000E+01
   10251 -0.770689000000E+02  0.346787600000E+02  0.555000000000E+00
   10267 -0.770632700000E+02  0.346788600000E+02  0.116500000000E+01
   10269 -0.770664000000E+02  0.346788700000E+02  0.116500000000E+01
   10270 -0.770608800000E+02  0.346785000000E+02  0.116500000000E+01
   10271 -0.770614200000E+02  0.346788600000E+02  0.116500000000E+01
   10298 -0.770625500000E+02  0.346790000000E+02  0.116500000000E+01
   10305 -0.770680200000E+02  0.346790500000E+02  0.802000000000E+00
   10308 -0.770552000000E+02  0.346790700000E+02  0.861000000000E+00
   10318 -0.770542000000E+02  0.346790900000E+02  0.614000000000E+00
   10319 -0.770654600000E+02  0.346791200000E+02  0.116500000000E+01
   10324 -0.770601400000E+02  0.346787000000E+02  0.116500000000E+01
   10325 -0.770607400000E+02  0.346791000000E+02  0.116500000000E+01
   10340 -0.770619000000E+02  0.346791900000E+02  0.116500000000E+01
   10347 -0.770646100000E+02  0.346792300000E+02  0.116500000000E+01
   10349 -0.770560000000E+02  0.346792300000E+02  0.102600000000E+01
   10356 -0.770567700000E+02  0.346792900000E+02  0.116500000000E+01
   10361 -0.770637500000E+02  0.346793100000E+02  0.116500000000E+01
   10371 -0.770594600000E+02  0.346789100000E+02  0.116500000000E+01
   10372 -0.770599600000E+02  0.346793500000E+02  0.116500000000E+01
   10380 -0.770629700000E+02  0.346793800000E+02  0.116500000000E+01
   10386 -0.770671500000E+02  0.346793700000E+02  0.116500000000E+01
   10388 -0.770613000000E+02  0.346793600000E+02  0.116500000000E+01
   10390 -0.770577100000E+02  0.346793900000E+02  0.116500000000E+01
   10394 -0.770623300000E+02  0.346794400000E+02  0.116500000000E+01
   10408 -0.770587600000E+02  0.346791200000E+02  0.116500000000E+01
   10409 -0.770591400000E+02  0.346795300000E+02  0.116500000000E+01
   10432 -0.770580900000E+02  0.346792900000E+02  0.116500000000E+01
   10433 -0.770584000000E+02  0.346796800000E+02  0.116500000000E+01
   10440 -0.770546400000E+02  0.346797100000E+02  0.756000000000E+00
   10444 -0.770554900000E+02  0.346797500000E+02  0.941000000000E+00
   10457 -0.770659300000E+02  0.346798100000E+02  0.116500000000E+01
   10458 -0.770617100000E+02  0.346798100000E+02  0.116500000000E+01
   10459 -0.770642700000E+02  0.346798100000E+02  0.116500000000E+01
   10460 -0.770562800000E+02  0.346798100000E+02  0.111400000000E+01
   10464 -0.770633500000E+02  0.346798300000E+02  0.116500000000E+01
   10471 -0.770570800000E+02  0.346798300000E+02  0.116500000000E+01
   10472 -0.770577700000E+02  0.346797900000E+02  0.116500000000E+01
   10474 -0.770625200000E+02  0.346798300000E+02  0.116500000000E+01
   10478 -0.770652200000E+02  0.346798500000E+02  0.116500000000E+01
   10480 -0.770607300000E+02  0.346798500000E+02  0.116500000000E+01
   10506 -0.770595500000E+02  0.346800200000E+02  0.116500000000E+01
   10522 -0.770536600000E+02  0.346797300000E+02  0.555000000000E+00
   10524 -0.770587300000E+02  0.346801100000E+02  0.116500000000E+01
   10553 -0.770579400000E+02  0.346802400000E+02  0.116500000000E+01
   10559 -0.770573800000E+02  0.346803000000E+02  0.116500000000E+01
   10561 -0.770550600000E+02  0.346803100000E+02  0.837000000000E+00
   10569 -0.770542200000E+02  0.346803500000E+02  0.557000000000E+00
   10570 -0.770557700000E+02  0.346803500000E+02  0.105300000000E+01
   10578 -0.770565700000E+02  0.346804000000E+02  0.116500000000E+01
   10648 -0.770554000000E+02  0.346808100000E+02  0.893000000000E+00
   10672 -0.770548400000E+02  0.346808800000E+02  0.616000000000E+00
   10675 -0.770530200000E+02  0.346804400000E+02  0.555000000000E+00
   10694 -0.770558500000E+02  0.346810400000E+02  0.106200000000E+01
   10711 -0.770541300000E+02  0.346810200000E+02  0.555000000000E+00
   10761 -0.770535700000E+02  0.346814100000E+02  0.555000000000E+00
   10767 -0.770554500000E+02  0.346814400000E+02  0.793000000000E+00
   10770 -0.770547600000E+02  0.346813700000E+02  0.556000000000E+00
   10812 -0.770543700000E+02  0.346816800000E+02  0.555000000000E+00
   10839 -0.770550200000E+02  0.346818100000E+02  0.555000000000E+00
   10916 -0.770546900000E+02  0.346822300000E+02  0.555000000000E+00
   10926 -0.770540800000E+02  0.346822600000E+02  0.555000000000E+00
   10989 -0.770554800000E+02  0.346824500000E+02  0.555000000000E+00
   11043 -0.770544700000E+02  0.346829300000E+02  0.555000000000E+00
       1 3     8411     8487     8564
       2 3     8487     8646     8564
       3 3     8646     8855     8564
       4 3     8646     8902     8855
       5 3     8902     9018     8855
       6 3     8995     9039     9040
       7 3     8902     9046     9018
       8 3     9039     9047     9048
       9 3     8986     8995     9053
      10 3     9047     9054     9055
      11 3     9054     9061     9062
      12 3     9061     9066     9067
      13 3     8995     9040     9053
      14 3     9039     9048     9040
      15 3     9018     9046     9070
      16 3     9066     9071     9072
      17 3     9047     9055     9048
      18 3     9054     9062     9055
      19 3     9071     9081     9082
      20 3     9081     9089     9090
      21 3     9061     9067     9062
      22 3     8986     9053     9049
      23 3     9089     9091     9092
      24 3     9066     9072     9067
      25 3     9091     9100     9101
      26 3     9046     9104     9070
      27 3     9071     9082     9072
      28 3     9018     9070     9106
      29 3     9100     9108     9109
      30 3     9081     9090     9082
      31 3     9115     9116     9108
      32 3     9089     9092     9090
      33 3     9106     9123     9115
      34 3     9091     9101     9092
      35 3     9070     9129     9106
      36 3     9070     9104     9130
      37 3     9136     9137     9104
      38 3     9100     9109     9101
      39 3     9049     9053     9141
      40 3     9055     9062     9142
      41 3     9136     9143     9144
      42 3     9048     9055     9145
      43 3     9108     9116     9109
      44 3     9062     9067     9147
      45 3     9040     9048     9150
      46 3     9053     9040     9152
      47 3     9067     9072     9153
      48 3     9143     9154     9155
      49 3     9115     9123     9116
      50 3     9072     9082     9160
      51 3     9070     9130     9129
      52 3     9082     9090     9165
      53 3     9154     9166     9167
      54 3     9090     9092     9171
      55 3     9106     9129     9123
      56 3     9104     9137     9175
      57 3     9136     9144     9137
      58 3     9166     9177     9178
      59 3     9092     9101     9179
      60 3     9104     9175     9130
      61 3     9055     9142     9145
      62 3     9062     9147     9142
      63 3     9048     9145     9150
      64 3     9101     9109     9186
      65 3     9177     9187     9188
      66 3     9116     9189     9109
      67 3     9040     9150     9152
      68 3     9067     9153     9147
      69 3     9053     9152     9141
      70 3     9143     9155     9144
      71 3     9154     9167     9155
      72 3     9072     9160     9153
      73 3     9116     9123     9197
      74 3     9198     9199     9187
      75 3     9082     9165     9160
      76 3     9137     9144     9200
      77 3     9090     9171     9165
      78 3     9092     9179     9171
      79 3     9198     9207     9208
      80 3     9116     9197     9189
      81 3     9166     9178     9167
      82 3     9144     9155     9211
      83 3     9177     9188     9178
      84 3     9129     9217     9123
      85 3     9101     9186     9179
      86 3     9207     9218     9219
      87 3     9155     9167     9220
      88 3     9218     9226     9227
      89 3     9167     9178     9228
      90 3     9137     9200     9175
      91 3     9187     9199     9188
      92 3     9130     9231     9129
      93 3     9226     9237     9238
      94 3     9144     9211     9200
      95 3     9178     9188     9239
      96 3     9109     9189     9186
      97 3     9175     9200     9245
      98 3     9155     9220     9211
      99 3     9142     9147     9246
     100 3     9171     9179     9247
     101 3     9165     9171     9248
     102 3     9147     9153     9251
     103 3     9145     9142     9253
     104 3     9160     9165     9254
     105 3     9198     9208     9199
     106 3     9153     9160     9256
     107 3     9130     9175     9231
     108 3     9237     9258     9259
     109 3     9188     9199     9260
     110 3     9167     9228     9220
     111 3     9129     9231     9217
     112 3     9179     9186     9261
     113 3     9200     9211     9262
     114 3     9123     9217     9197
     115 3     9150     9145     9264
     116 3     9207     9219     9208
     117 3     9178     9239     9228
     118 3     9199     9208     9267
     119 3     9220     9269     9211
     120 3     9258     9270     9271
     121 3     9218     9227     9219
     122 3     9226     9238     9227
     123 3     9171     9247     9248
     124 3     9179     9261     9247
     125 3     9220     9228     9279
     126 3     9142     9246     9253
     127 3     9147     9251     9246
     128 3     9165     9248     9254
     129 3     9208     9219     9281
     130 3     9153     9256     9251
     131 3     9237     9259     9238
     132 3     9160     9254     9256
     133 3     9188     9260     9239
     134 3     9270     9286     9287
     135 3     9145     9253     9264
     136 3     9186     9189     9290
     137 3     9186     9290     9261
     138 3     9200     9262     9245
     139 3     9228     9239     9293
     140 3     9219     9227     9294
     141 3     9175     9245     9231
     142 3     9258     9271     9259
     143 3     9220     9279     9269
     144 3     9286     9296     9297
     145 3     9199     9267     9260
     146 3     9211     9269     9262
     147 3     9227     9238     9299
     148 3     9228     9293     9279
     149 3     9239     9260     9306
     150 3     9247     9261     9308
     151 3     9270     9287     9271
     152 3     9238     9259     9311
     153 3     9260     9267     9313
     154 3     9248     9247     9315
     155 3     9208     9281     9267
     156 3     9239     9306     9293
     157 3     9286     9297     9287
     158 3     9254     9248     9319
     159 3     9259     9271     9321
     160 3     9219     9294     9281
     161 3     9267     9281     9324
     162 3     9247     9308     9315
     163 3     9246     9251     9326
     164 3     9227     9299     9294
     165 3     9253     9246     9327
     166 3     9261     9328     9308
     167 3     9256     9254     9329
     168 3     9251     9256     9330
     169 3     9261     9290     9328
     170 3     9264     9253     9332
     171 3     9238     9311     9299
     172 3     9271     9287     9338
     173 3     9248     9315     9319
     174 3     9296     9346     9297
     175 3     9294     9347     9281
     176 3     9259     9321     9311
     177 3     9291     9264     9349
     178 3     9352     9353     9354
     179 3     9296     9352     9346
     180 3     9260     9313     9306
     181 3     9254     9319     9329
     182 3     9246     9326     9327
     183 3     9294     9299     9357
     184 3     9251     9330     9326
     185 3     9287     9297     9358
     186 3     9256     9329     9330
     187 3     9253     9327     9332
     188 3     9271     9338     9321
     189 3     9267     9324     9313
     190 3     9364     9365     9353
     191 3     9299     9311     9371
     192 3     9264     9332     9349
     193 3     9319     9315     9373
     194 3     9311     9321     9376
     195 3     9308     9380     9315
     196 3     9294     9357     9347
     197 3     9352     9354     9346
     198 3     9287     9358     9338
     199 3     9281     9347     9324
     200 3     9353     9365     9354
     201 3     9321     9338     9402
     202 3     9291     9349     9403
     203 3     9311     9376     9371
     204 3     9299     9371     9357
     205 3     9326     9330     9413
     206 3     9332     9327     9414
     207 3     9315     9380     9373
     208 3     9338     9358     9419
     209 3     9319     9426     9329
     210 3     9308     9328     9380
     211 3     9327     9326     9433
     212 3     9297     9346     9358
     213 3     9319     9373     9426
     214 3     9349     9332     9446
     215 3     9358     9447     9419
     216 3     9321     9402     9376
     217 3     9330     9329     9448
     218 3     9338     9419     9402
     219 3     9403     9349     9451
     220 3     9326     9413     9433
     221 3     9327     9433     9414
     222 3     9330     9448     9413
     223 3     9358     9346     9460
     224 3     9365     9461     9354
     225 3     9332     9414     9446
     226 3     9354     9474     9346
     227 3     9329     9426     9448
     228 3     9358     9460     9447
     229 3     9373     9485     9426
     230 3     9349     9446     9451
     231 3     9373     9380     9485
     232 3     9354     9461     9474
     233 3     9346     9474     9460
     234 3     9403     9451     9545
     235 3     9413     9546     9433
     236 3     9414     9549     9446
     237 3     9414     9433     9549
     238 3     9451     9446     9559
     239 3     9413     9448     9546
     240 3     9448     9426     9588
     241 3     9447     9460     9592
     242 3     9474     9595     9460
     243 3     9426     9485     9588
     244 3     9461     9612     9474
     245 3     9433     9546     9549
     246 3     9448     9588     9546
     247 3     9451     9559     9545
     248 3     9446     9549     9559
     249 3     9460     9595     9592
     250 3     9474     9612     9595
     251 3     9546     9588     9681
     252 3     9546     9686     9549
     253 3     9545     9559     9691
     254 3     9559     9549     9700
     255 3     9546     9681     9686
     256 3     9595     9734     9592
     257 3     9545     9691     9738
     258 3     9612     9752     9595
     259 3     9549     9686     9700
     260 3     9592     9734     9767
     261 3     9559     9700     9691
     262 3     9681     9784     9686
     263 3     9595     9752     9734
     264 3     9738     9691     9838
     265 3     9700     9686     9840
     266 3     9691     9700     9856
     267 3     9767     9879     9880
     268 3     9767     9734     9879
     269 3     9738     9838     9897
     270 3     9686     9784     9840
     271 3     9700     9840     9856
     272 3     9691     9856     9838
     273 3     9838     9978     9897
     274 3     9784     9983     9984
     275 3     9983     9998     9999
     276 3     9856    10009     9838
     277 3     9840     9784    10012
     278 3     9998    10019    10020
     279 3     9784     9984    10012
     280 3     9983     9999     9984
     281 3     9856     9840    10023
     282 3    10036    10037    10038
     283 3     9998    10020     9999
     284 3    10019    10049    10050
     285 3     9840    10012    10023
     286 3     9856    10023    10009
     287 3     9838    10009     9978
     288 3    10019    10050    10020
     289 3    10036    10038    10075
     290 3    10037    10084    10085
     291 3    10049    10090    10091
     292 3    10049    10091    10050
     293 3    10075    10038    10115
     294 3    10037    10085    10038
     295 3    10084    10124    10125
     296 3    10090    10133    10134
     297 3    10090    10134    10091
     298 3    10124    10158    10159
     299 3    10084    10125    10085
     300 3    10020    10050    10164
     301 3    10075    10115    10133
     302 3    10038    10085    10171
     303 3    10009    10173     9978
     304 3     9999    10020    10177
     305 3     9984     9999    10182
     306 3    10158    10185    10186
     307 3    10124    10159    10125
     308 3    10012     9984    10198
     309 3    10133    10115    10199
     310 3    10020    10164    10177
     311 3    10023    10012    10204
     312 3     9999    10177    10182
     313 3    10050    10091    10206
     314 3    10087    10151    10212
     315 3     9984    10182    10198
     316 3    10085    10125    10217
     317 3    10050    10206    10164
     318 3    10038    10171    10115
     319 3    10023    10220    10009
     320 3    10009    10220    10173
     321 3    10158    10186    10159
     322 3    10012    10198    10204
     323 3    10087    10212    10174
     324 3    10133    10199    10134
     325 3    10185    10227    10228
     326 3    10057    10136    10236
     327 3    10057    10236    10151
     328 3    10125    10159    10245
     329 3    10023    10204    10220
     330 3    10091    10134    10251
     331 3    10091    10251    10206
     332 3    10085    10217    10171
     333 3    10185    10228    10186
     334 3    10159    10186    10267
     335 3    10115    10171    10269
     336 3    10227    10270    10271
     337 3    10125    10245    10217
     338 3    10186    10228    10298
     339 3    10227    10271    10228
     340 3    10134    10199    10305
     341 3    10174    10212    10308
     342 3    10159    10267    10245
     343 3    10115    10269    10199
     344 3    10151    10236    10318
     345 3    10171    10217    10319
     346 3    10151    10318    10212
     347 3    10270    10324    10325
     348 3    10174    10308    10241
     349 3    10186    10298    10267
     350 3    10228    10271    10340
     351 3    10134    10305    10251
     352 3    10270    10325    10271
     353 3    10217    10245    10347
     354 3    10241    10349    10243
     355 3    10243    10356    10247
     356 3    10245    10267    10361
     357 3    10228    10340    10298
     358 3    10171    10319    10269
     359 3    10324    10371    10372
     360 3    10267    10298    10380
     361 3    10199    10269    10386
     362 3    10271    10325    10388
     363 3    10221    10247    10390
     364 3    10298    10340    10394
     365 3    10217    10347    10319
     366 3    10271    10388    10340
     367 3    10241    10308    10349
     368 3    10199    10386    10305
     369 3    10324    10372    10325
     370 3    10408    10409    10371
     371 3    10212    10318    10308
     372 3    10243    10349    10356
     373 3    10245    10361    10347
     374 3    10298    10394    10380
     375 3    10267    10380    10361
     376 3    10432    10433    10408
     377 3    10247    10356    10390
     378 3    10318    10440    10308
     379 3    10308    10444    10349
     380 3    10371    10409    10372
     381 3    10319    10457    10269
     382 3    10340    10388    10458
     383 3    10347    10361    10459
     384 3    10349    10460    10356
     385 3    10380    10464    10361
     386 3    10356    10471    10390
     387 3    10390    10472    10432
     388 3    10394    10474    10380
     389 3    10319    10347    10478
     390 3    10325    10480    10388
     391 3    10408    10433    10409
     392 3    10340    10458    10394
     393 3    10325    10372    10480
     394 3    10432    10472    10433
     395 3    10308    10440    10444
     396 3    10319    10478    10457
     397 3    10409    10506    10372
     398 3    10390    10471    10472
     399 3    10349    10444    10460
     400 3    10318    10522    10440
     401 3    10433    10524    10409
     402 3    10356    10460    10471
     403 3    10269    10457    10386
     404 3    10394    10458    10474
     405 3    10347    10459    10478
     406 3    10380    10474    10464
     407 3    10361    10464    10459
     408 3    10472    10553    10433
     409 3    10471    10559    10472
     410 3    10440    10561    10444
     411 3    10388    10480    10458
     412 3    10440    10522    10569
     413 3    10444    10570    10460
     414 3    10409    10524    10506
     415 3    10460    10578    10471
     416 3    10472    10559    10553
     417 3    10433    10553    10524
     418 3    10372    10506    10480
     419 3    10444    10561    10570
     420 3    10440    10569    10561
     421 3    10460    10570    10578
     422 3    10471    10578    10559
     423 3    10561    10648    10570
     424 3    10561    10569    10672
     425 3    10522    10675    10569
     426 3    10561    10672    10648
     427 3    10570    10648    10694
     428 3    10570    10694    10578
     429 3    10569    10711    10672
     430 3    10569    10675    10711
     431 3    10711    10675    10761
     432 3    10648    10767    10694
     433 3    10672    10711    10770
     434 3    10648    10672    10767
     435 3    10672    10770    10767
     436 3    10711    10812    10770
     437 3    10770    10839    10767
     438 3    10711    10761    10812
     439 3    10770    10812    10839
     440 3    10839    10812    10916
     441 3    10812    10761    10926
     442 3    10812    10926    10916
     443 3    10839    10916    10989
     444 3    10916    10926    11043
     445 3    10916    11043    10989
 0                                                                              
 0                                                                              
 5                                                                              
 137                                                                            
      33       0                                                                
   10989
   10839
   10767
   10694
   10578
   10559
   10553
   10524
   10506
   10480
   10458
   10474
   10464
   10459
   10478
   10457
   10386
   10305
   10251
   10206
   10164
   10177
   10182
   10198
   10204
   10220
   10173
    9978
    9897
    9738
    9545
    9403
    9291
      18       1                                                                
    8995
    9039
    9047
    9054
    9061
    9066
    9071
    9081
    9089
    9091
    9100
    9108
    9115
    9106
    9018
    8855
    8564
    8411
      23       1                                                                
    8487
    8646
    8902
    9046
    9104
    9136
    9143
    9154
    9166
    9177
    9187
    9198
    9207
    9218
    9226
    9237
    9258
    9270
    9286
    9296
    9352
    9353
    9364
      52       1                                                                
    9189
    9290
    9328
    9380
    9485
    9588
    9681
    9784
    9983
    9998
   10019
   10049
   10090
   10133
   10075
   10036
   10037
   10084
   10124
   10158
   10185
   10227
   10270
   10324
   10371
   10408
   10432
   10390
   10221
    9879
    9880
    9767
    9592
    9447
    9419
    9402
    9376
    9371
    9357
    9347
    9324
    9313
    9306
    9293
    9279
    9269
    9262
    9245
    9231
    9217
    9197
    9189
       8       1                                                                
   10136
   10236
   10318
   10522
   10675
   10761
   10926
   11043
