FileFmt      1050624           0           0
NELG           58641         560         445
      -16219
      -16366
      -16678
      -16768
       16964
      -17004
       17015
       17017
      -17022
       17025
       17034
       17046
      -17048
       17051
       17057
       17059
       17062
       17071
       17074
       17087
       17089
      -17090
       17095
       17103
       17106
       17109
       17111
       17113
       17115
       17122
       17125
       17126
       17142
       17145
       17155
       17156
       17163
       17165
      -17174
       17175
       17176
       17177
       17178
       17182
      -17188
      -17190
       17192
       17193
       17198
       17202
       17207
       17208
       17209
       17213
       17216
       17218
       17223
       17224
       17225
       17230
       17231
       17236
      -17240
       17242
       17243
       17245
      -17250
       17252
      -17253
       17254
       17260
       17261
       17264
       17265
       17268
       17269
       17275
       17279
       17282
       17283
       17285
       17289
       17298
       17299
       17300
       17302
       17303
       17317
       17318
       17321
       17322
       17323
       17332
       17333
       17334
       17343
       17344
       17345
       17346
       17347
       17348
       17352
       17354
       17355
       17357
       17358
       17359
       17361
       17362
       17363
       17366
       17368
       17369
       17370
      -17372
       17374
       17377
       17379
       17382
       17383
       17384
       17395
       17396
       17398
       17403
       17404
       17405
       17407
       17408
       17411
       17412
       17414
       17417
       17420
      -17421
       17424
       17426
       17427
       17431
       17432
       17436
       17438
       17439
       17442
       17448
       17449
       17450
       17452
       17458
       17460
       17464
       17469
       17472
       17474
       17477
       17479
       17480
       17483
       17486
       17489
       17493
       17494
       17497
       17499
       17500
       17501
       17502
       17503
       17506
      -17508
       17509
       17513
       17525
       17527
       17529
       17532
      -17534
       17537
       17538
       17541
       17543
       17545
       17547
       17548
       17551
       17553
       17558
       17560
       17561
      -17562
       17573
      -17574
       17576
       17583
       17588
       17592
       17597
       17601
       17606
      -17611
       17616
      -17617
       17618
       17621
       17626
       17627
       17633
       17634
       17638
       17642
       17649
       17658
       17664
       17668
       17670
       17671
       17672
       17675
      -17676
       17690
       17691
       17696
       17698
      -17699
       17709
       17724
       17731
       17738
       17747
       17757
       17767
      -17776
       17790
      -17842
       17844
       17850
       17858
       17864
       17867
       17918
       17922
       17927
       17956
      -17965
       17980
       17995
       17996
       17998
       18063
      -18070
       18075
       18081
       18098
       18114
       18158
      -18170
       18176
      -18194
       18206
      -18224
       18227
       18251
      -18295
       18363
       18369
       18395
      -18433
      -18450
       18464
       18479
       18484
       18486
       18632
       18640
       18660
       18674
       18677
       18688
       18689
       18693
       18695
       18719
       18726
       18742
       18747
       18763
       18765
       18772
       18788
       18803
       18813
       18836
       18849
       18858
       18864
       18887
       18929
       18930
       18933
       18939
       18940
       18955
       18957
       18963
       18980
       18984
       18992
       19005
       19006
       19013
       19015
       19018
       19019
      -19032
       19040
       19041
       19042
       19043
       19047
       19051
       19053
       19057
      -19062
       19063
       19066
      -19075
      -19077
       19090
       19097
       19099
       19105
       19111
       19115
       19128
       19131
       19132
       19164
       19182
       19186
       19198
      -19200
       19211
       19214
      -19216
       19217
      -19219
       19223
      -19227
       19248
       19251
       19256
       19265
       19267
      -19269
      -19281
       19288
       19300
       19302
       19307
       19316
       19327
       19330
      -19334
       19340
       19351
       19354
      -19357
       19365
       19367
       19371
       19375
      -19379
       19393
       19410
       19415
       19420
      -19425
       19431
       19438
       19446
       19461
       19462
       19463
       19464
       19470
       19481
       19482
       19484
       19490
       19495
       19500
       19508
       19516
       19521
       19531
       19534
       19542
       19545
       19560
       19574
       19576
       19577
       19590
       19605
       19606
       19610
       19615
       19629
       19639
       19642
       19653
       19658
       19661
       19668
       19676
       19681
       19701
       19712
       19725
       19751
       19760
       19766
       19809
       19856
       19861
       19869
       19896
       19927
       19928
       19967
       20024
       20036
       20042
       20064
       20072
       20103
       20151
       20179
       20233
       20300
       20324
       20361
      -20438
      -20535
      -20643
NNODG          32218         319         299
       -8411
       -8487
        8564
       -8646
        8855
        8902
       -8986
       -8995
        9018
        9039
        9040
        9046
        9047
        9048
       -9049
        9053
        9054
        9055
        9061
        9062
        9066
        9067
        9070
        9071
        9072
        9081
        9082
        9089
        9090
        9091
        9092
        9100
        9101
        9104
        9106
        9108
        9109
        9115
        9116
        9123
        9129
        9130
        9136
        9137
       -9141
        9142
        9143
        9144
        9145
        9147
       -9150
       -9152
        9153
        9154
        9155
        9160
        9165
        9166
        9167
        9171
        9175
        9177
        9178
        9179
        9186
        9187
        9188
        9189
        9197
        9198
        9199
        9200
        9207
        9208
        9211
        9217
        9218
        9219
        9220
        9226
        9227
        9228
        9231
        9237
        9238
        9239
        9245
        9246
        9247
        9248
        9251
        9253
        9254
        9256
        9258
        9259
        9260
        9261
        9262
       -9264
        9267
        9269
        9270
        9271
        9279
        9281
        9286
        9287
        9290
       -9291
        9293
        9294
        9296
        9297
        9299
        9306
        9308
        9311
        9313
        9315
        9319
        9321
        9324
        9326
        9327
        9328
        9329
        9330
        9332
        9338
        9346
        9347
        9349
        9352
        9353
        9354
        9357
        9358
       -9364
       -9365
        9371
        9373
        9376
        9380
        9402
       -9403
        9413
        9414
        9419
        9426
        9433
        9446
        9447
        9448
        9451
        9460
       -9461
        9474
        9485
        9545
        9546
        9549
        9559
        9588
        9592
        9595
       -9612
        9681
        9686
        9691
        9700
       -9734
        9738
       -9752
        9767
        9784
        9838
        9840
        9856
       -9879
       -9880
        9897
        9978
        9983
        9984
        9998
        9999
       10009
       10012
       10019
       10020
       10023
       10036
       10037
       10038
       10049
       10050
      -10057
       10075
       10084
       10085
      -10087
       10090
       10091
       10115
       10124
       10125
       10133
       10134
      -10136
      -10151
       10158
       10159
       10164
       10171
       10173
      -10174
       10177
       10182
       10185
       10186
       10198
       10199
       10204
       10206
       10212
       10217
       10220
      -10221
       10227
       10228
       10236
      -10241
      -10243
       10245
      -10247
       10251
       10267
       10269
       10270
       10271
       10298
       10305
       10308
       10318
       10319
       10324
       10325
       10340
       10347
       10349
       10356
       10361
       10371
       10372
       10380
       10386
       10388
       10390
       10394
       10408
       10409
       10432
       10433
       10440
       10444
       10457
       10458
       10459
       10460
       10464
       10471
       10472
       10474
       10478
       10480
       10506
       10522
       10524
       10553
       10559
       10561
       10569
       10570
       10578
       10648
       10672
       10675
       10694
       10711
       10761
       10767
       10770
       10812
       10839
       10916
       10926
      -10989
      -11043
NFLUXF             0
NETA             128          29           0
NSTAE              0           0           0
NSTAV              0           0           0
NSTAM              0           0           0
NSTAC              0           0           0
RES NODE         119         268
                   3           5           6           9          10          11
                  12          13          14          16          17          18
                  19          20          21          22          23          24
                  25          26          27          28          29          30
                  31          32          33          34          35          36
                  37          38          39          40          41          42
                  43          44          46          47          48          49
                  50          53          54          55          56          57
                  58          59          60          61          62          63
                  64          65          66          67          68          69
                  70          71          72          73          74          75
                  76          77          78          79          80          81
                  82          83          84          85          86          87
                  88          89          90          91          92          93
                  94          95          96          97          98          99
                 101         102         103         104         105         106
                 107         108         109         111         112         113
                 114         115         116         117         118         119
                 120         121         122         123         124         125
                 126         127         128         129         130         131
                 132         133         134         135         136         137
                 138         141         142         143         144         145
                 147         148         149         150         151         152
                 153         154         155         156         158         159
                 160         161         162         163         164         165
                 166         168         169         170         171         173
                 175         176         177         178         179         182
                 183         184         185         186         187         188
                 189         190         191         192         193         194
                 195         196         197         199         200         201
                 203         204         205         206         207         208
                 209         212         213         214         215         216
                 218         219         220         221         222         223
                 224         225         226         227         228         230
                 231         232         235         237         238         239
                 240         241         242         243         244         245
                 246         247         248         249         250         251
                 252         253         254         255         256         257
                 258         259         260         261         262         263
                 264         265         266         267         268         269
                 270         271         272         273         274         275
                 276         277         278         279         280         281
                 282         283         284         285         286         287
                 288         289         290         291         292         293
                 294         295         296         297
COMM PE            2
RECV PE           50          12
                   1           2           4           7           8          15
                  45          51          52         100         110         146
RECV PE          118          19
                 139         140         157         167         172         174
                 180         181         198         202         210         211
                 217         229         233         234         236         298
                 299
SEND PE           50          13
                   3           5           6          10          11          14
                  16          49          92         129         133         155
                 160
SEND PE          118          16
                 135         136         158         165         166         175
                 226         232         244         245         251         252
                 259         295         296         297
