FileFmt      1050624           0           0
NELG           58641         560         529
        9576
        9664
        9746
        9813
        9825
        9878
        9938
        9948
       10048
       10089
       10178
       10257
       10267
       10316
       10486
       10488
       10553
       10574
       10624
       10745
       10808
       10822
       10912
       10950
       11012
       11081
       11098
       11170
       11249
       11250
       11301
       11348
       11459
       11473
       11487
      -11495
       11524
       11548
      -11609
       11641
      -11656
       11665
      -11677
       11732
       11763
       11772
       11792
      -11835
       11861
      -11902
       11906
      -11918
       11921
      -11928
       11929
       11932
       12018
       12062
       12065
      -12066
      -12076
       12085
       12124
       12151
       12171
       12191
      -12193
      -12225
       12263
       12266
      -12271
       12291
       12306
       12324
       12358
      -12386
       12394
      -12415
       12463
       12494
      -12499
       12559
       12562
       12637
       12670
       12679
       12682
       12696
      -12700
       12761
       12783
      -12796
       12849
       12954
       12969
       12983
       12987
       12991
       13011
       13033
      -13059
       13070
      -13083
       13142
       13176
      -13234
       13251
       13404
       13407
       13416
      -13442
       13463
       13477
       13484
      -13486
       13581
       13590
       13620
       13661
      -13664
       13688
       13710
       13727
       13738
       13758
       13784
       13824
       13847
      -13926
       13941
       13983
       14024
       14038
       14055
       14073
       14082
      -14085
       14125
       14143
       14144
      -14158
       14177
       14197
       14248
       14310
       14319
       14346
       14358
       14364
       14379
      -14386
       14472
       14474
       14477
       14499
       14511
      -14541
       14549
       14585
       14597
       14599
       14635
      -14670
       14693
       14722
       14736
       14751
       14779
       14797
       14798
       14814
       14860
       14875
       14882
      -14903
       14907
       14914
       14928
       14973
       14980
       14982
       14983
       15024
       15047
       15057
      -15076
       15082
       15107
       15110
      -15142
       15171
       15178
       15184
       15200
       15203
       15208
       15215
       15221
       15247
       15283
      -15296
       15320
       15339
       15350
       15363
       15388
       15397
       15401
       15444
       15450
       15458
       15464
       15483
       15490
       15499
       15502
      -15503
       15549
       15550
       15570
       15575
       15585
       15591
       15601
       15631
       15660
       15669
       15680
       15687
      -15732
      -15752
       15779
       15784
       15811
       15816
       15820
       15821
       15867
       15876
       15878
       15881
       15918
       15925
       15966
       15994
       16006
      -16008
      -16026
       16031
       16050
       16057
       16079
       16081
       16093
       16103
       16105
       16134
       16160
       16217
       16221
       16232
       16235
       16253
      -16255
       16265
       16304
       16330
       16336
       16344
       16351
      -16371
       16439
       16466
       16495
       16514
       16535
       16628
       16641
       16685
       16744
       16752
      -16797
       16798
      -16816
       16852
       16883
       16936
       16972
       16996
       17064
       17079
      -17082
       17124
       17180
       17229
       17234
       17267
      -17335
      -17338
       17434
      -17470
       17478
       17490
       17604
       17609
       17625
       17669
      -17674
       17680
       17692
       17796
       17822
       17840
       17877
      -17910
       17917
       18003
       18021
       18065
      -18112
       18187
       18192
       18274
       18366
       18385
       18392
       18430
       18432
       18515
       18526
       18551
       18553
       18606
      -18622
       18644
       18670
       18730
      -18751
       18805
       18837
       18868
       18966
       18974
       19011
       19138
      -19159
       19160
      -19174
       19176
       19196
       19212
       19254
       19268
      -19305
       19319
       19370
       19418
       19444
       19526
       19538
       19611
       19677
       19682
      -19738
      -19792
       19800
       19803
       19851
       19878
       19901
       19932
       19954
       19977
       20055
       20061
       20084
       20178
       20192
       20226
       20305
      -20325
       20346
      -20416
       20419
       20482
       20492
       20537
       20540
       20581
       20595
       20647
       20672
       20710
      -20742
       20748
       20781
      -20834
       20853
       20881
      -20962
       20976
       20987
       21056
       21057
       21069
       21110
       21169
       21193
       21197
       21243
      -21244
       21261
       21360
       21363
       21429
       21452
       21522
       21539
      -21546
       21586
       21592
       21645
       21651
       21669
       21690
      -21718
       21730
       21787
       21808
       21819
       21872
       21902
       21938
      -21967
       21968
       22049
       22050
       22074
       22095
       22109
       22134
      -22139
       22220
       22225
       22230
       22287
       22302
       22344
       22357
       22409
       22420
      -22449
       22471
       22485
       22494
       22519
      -22530
       22614
       22621
       22631
       22672
       22685
       22691
      -22734
       22758
       22770
       22814
       22823
       22853
       22894
       22920
      -22921
       22930
       22954
       23016
       23095
       23097
       23122
       23133
       23162
       23173
       23241
       23244
       23262
       23271
       23319
      -23321
      -23365
       23414
       23417
       23451
       23461
       23475
       23478
       23505
       23513
       23543
       23569
      -23579
      -23586
       23593
       23626
       23685
       23697
       23706
       23738
       23754
       23783
       23792
       23825
       23830
       23870
       23878
       23891
       23897
       23943
       23961
       23993
       23999
      -24002
       24034
       24039
       24043
       24096
      -24173
       24289
       24418
       24424
       24550
NNODG          32218         319         298
       -4696
       -4755
       -4785
       -4847
       -4896
        4948
       -4962
       -4990
        5045
        5073
        5115
       -5177
        5201
       -5261
        5307
        5315
        5344
       -5457
        5486
        5576
        5616
        5664
        5684
       -5748
       -5760
        5843
        5844
        5869
        5957
       -5971
        5988
        5998
       -6032
        6059
        6094
        6114
        6125
       -6149
        6162
       -6183
        6187
       -6192
        6239
        6263
        6265
       -6266
        6295
        6310
        6333
       -6335
        6372
        6374
       -6378
        6387
        6420
       -6440
        6485
        6501
        6540
        6581
        6599
        6604
        6606
       -6616
        6656
        6669
        6780
        6783
        6804
       -6817
       -6831
        6882
        6921
        7007
        7010
        7013
        7038
        7045
        7051
        7052
       -7063
        7113
        7148
        7174
       -7268
        7288
        7298
        7322
        7342
        7361
        7372
        7377
        7405
       -7427
        7510
       -7512
        7516
        7530
        7538
        7547
        7549
        7593
        7606
        7612
        7634
        7658
        7666
        7667
        7718
        7736
        7747
        7767
       -7825
        7826
        7831
        7840
        7866
        7871
       -7926
        7930
        7942
        7944
        7985
        7993
        7995
        7998
        8001
        8046
        8060
        8072
        8076
        8097
        8104
        8139
        8152
        8158
        8160
       -8161
        8188
        8198
        8209
        8214
        8262
       -8301
        8320
        8322
        8338
        8341
        8368
        8375
        8394
        8434
        8443
       -8445
        8470
        8485
        8486
        8497
        8531
        8563
        8566
        8573
        8611
        8627
       -8650
        8703
        8738
        8750
        8765
        8833
       -8925
        8970
        9001
        9023
        9034
        9075
       -9085
        9182
       -9240
       -9312
        9317
        9323
        9394
        9397
        9412
        9543
        9568
        9587
        9639
        9675
        9750
        9851
        9854
        9878
        9921
       -9927
        9928
        9990
       10043
      -10056
       10108
       10178
       10201
      -10287
       10294
       10295
       10342
       10348
       10382
       10495
       10504
       10540
      -10591
       10642
       10643
       10669
       10696
       10777
       10782
       10798
       10918
      -10927
       10938
       10981
       11044
       11046
       11067
       11111
      -11150
       11167
       11213
      -11241
       11283
       11321
       11322
       11387
       11402
       11429
       11493
       11529
       11587
       11592
       11622
       11656
       11670
      -11687
       11737
       11744
       11806
      -11813
       11827
       11886
       11900
       11905
       11965
       11969
       12029
       12033
       12080
       12095
       12103
      -12130
       12179
       12185
       12212
      -12236
       12255
       12286
       12300
       12336
       12341
       12432
       12433
       12448
       12471
       12517
       12529
      -12539
      -12554
       12574
       12600
       12618
       12623
       12663
       12678
       12688
       12694
       12770
       12795
       12799
       12844
       12849
       12856
       12882
       12907
       12914
      -12917
       12938
NFLUXF             0
NETA             128          29           0
NSTAE              0           0           0
NSTAV              0           0           0
NSTAM              0           0           0
NSTAC              0           0           0
RES NODE          39         246
                   6           9          10          11          13          15
                  16          17          19          20          21          22
                  23          26          27          28          29          31
                  32          34          35          36          37          39
                  41          43          44          45          47          48
                  49          51          52          54          55          57
                  58          59          60          61          62          63
                  65          66          67          68          69          72
                  73          74          75          76          77          78
                  79          80          82          83          84          86
                  87          88          89          90          91          92
                  93          95          97          98          99         100
                 101         102         103         104         105         106
                 107         108         109         110         111         112
                 114         115         116         117         118         120
                 121         122         123         124         125         126
                 127         128         129         130         131         132
                 133         134         135         136         137         139
                 140         141         142         143         145         146
                 147         148         149         150         151         152
                 153         155         156         157         158         159
                 160         161         162         163         164         166
                 167         168         169         170         172         173
                 174         175         176         178         181         182
                 183         184         185         186         187         188
                 189         190         191         192         193         194
                 195         197         198         199         201         202
                 203         205         206         207         208         209
                 210         211         212         214         215         216
                 217         218         219         220         221         223
                 224         225         226         227         228         230
                 231         233         234         235         236         237
                 238         239         240         241         242         243
                 244         245         247         248         249         251
                 252         253         254         255         256         257
                 258         259         260         261         263         264
                 265         267         268         269         270         271
                 272         273         274         275         276         277
                 280         281         282         283         284         285
                 286         287         288         289         290         291
                 292         293         294         295         296         298
COMM PE            8
RECV PE           32           3
                  30          33          38
RECV PE           36          14
                 113         138         154         171         177         180
                 200         204         222         229         246         262
                 279         297
RECV PE           37           9
                  42          46          50          56          64          71
                  81          85          96
RECV PE           38          15
                  24          40          53          70          94         119
                 144         165         179         196         213         232
                 250         266         278
RECV PE           41           3
                   3           5           8
RECV PE           42           3
                  12          18          25
RECV PE           52           3
                   1           2           4
RECV PE           55           2
                   7          14
SEND PE           32           2
                  28          32
SEND PE           36          15
                 101         118         137         157         160         168
                 188         193         212         219         236         253
                 270         286         298
SEND PE           37          10
                  32          36          41          44          52          62
                  67          80          86         101
SEND PE           38          13
                  31          51          72          95         128         147
                 167         187         205         224         242         259
                 280
SEND PE           41           3
                   6           9          11
SEND PE           42           4
                  11          17          21          28
SEND PE           52           3
                   6          10          13
SEND PE           55           3
                  10          19          31
