bi_1997_v2.grd                                                                  
     447     276
   19468 -0.765977000000E+02  0.347469400000E+02  0.627000000000E+00
   19475 -0.766003500000E+02  0.347470500000E+02  0.724000000000E+00
   19627 -0.765963700000E+02  0.347491000000E+02  0.107400000000E+01
   19631 -0.765989900000E+02  0.347492000000E+02  0.109400000000E+01
   19646 -0.766016200000E+02  0.347492900000E+02  0.148000000000E+01
   19738 -0.765900500000E+02  0.347505600000E+02  0.709000000000E+00
   19778 -0.765924100000E+02  0.347511200000E+02  0.114300000000E+01
   19783 -0.765950000000E+02  0.347512500000E+02  0.584000000000E+00
   19790 -0.765976300000E+02  0.347513400000E+02  0.114800000000E+01
   19796 -0.766002700000E+02  0.347514300000E+02  0.157700000000E+01
   19805 -0.766028900000E+02  0.347515300000E+02  0.136300000000E+01
   19957 -0.765934800000E+02  0.347534000000E+02  0.815000000000E+00
   19965 -0.765962500000E+02  0.347534900000E+02  0.785000000000E+00
   19973 -0.765902900000E+02  0.347534300000E+02  0.677000000000E+00
   19974 -0.765989200000E+02  0.347535800000E+02  0.144200000000E+01
   19990 -0.766015500000E+02  0.347536700000E+02  0.157800000000E+01
   19999 -0.766041600000E+02  0.347537700000E+02  0.119700000000E+01
   20149 -0.765920600000E+02  0.347555100000E+02  0.920000000000E+00
   20157 -0.765948800000E+02  0.347556300000E+02  0.661000000000E+00
   20169 -0.765975900000E+02  0.347557300000E+02  0.133800000000E+01
   20176 -0.766002300000E+02  0.347558200000E+02  0.172300000000E+01
   20182 -0.766028500000E+02  0.347559100000E+02  0.131900000000E+01
   20189 -0.766054400000E+02  0.347559900000E+02  0.946000000000E+00
   20222 -0.765892300000E+02  0.347551400000E+02  0.678000000000E+00
   20328 -0.765909300000E+02  0.347576900000E+02  0.726000000000E+00
   20336 -0.765936000000E+02  0.347577800000E+02  0.954000000000E+00
   20342 -0.765872200000E+02  0.347563100000E+02  0.555000000000E+00
   20343 -0.765884600000E+02  0.347578600000E+02  0.555000000000E+00
   20345 -0.765962800000E+02  0.347578700000E+02  0.131100000000E+01
   20354 -0.765989400000E+02  0.347579700000E+02  0.161700000000E+01
   20363 -0.766015600000E+02  0.347580500000E+02  0.146400000000E+01
   20371 -0.766041600000E+02  0.347581300000E+02  0.107700000000E+01
   20381 -0.766067300000E+02  0.347582100000E+02  0.817000000000E+00
   20423 -0.765862800000E+02  0.347582000000E+02  0.555000000000E+00
   20500 -0.765898100000E+02  0.347599100000E+02  0.744000000000E+00
   20503 -0.765873100000E+02  0.347599100000E+02  0.556000000000E+00
   20505 -0.765923900000E+02  0.347599300000E+02  0.101000000000E+01
   20515 -0.765950200000E+02  0.347600200000E+02  0.129100000000E+01
   20521 -0.765976700000E+02  0.347601200000E+02  0.125800000000E+01
   20531 -0.766003000000E+02  0.347602000000E+02  0.161100000000E+01
   20535 -0.766029000000E+02  0.347602800000E+02  0.102700000000E+01
   20538 -0.766054800000E+02  0.347603500000E+02  0.743000000000E+00
   20549 -0.766080200000E+02  0.347604200000E+02  0.611000000000E+00
   20586 -0.765846300000E+02  0.347596100000E+02  0.502000000000E+00
   20590 -0.765776600000E+02  0.347588400000E+02  0.579000000000E+00
   20591 -0.765787300000E+02  0.347609600000E+02  0.642000000000E+00
   20592 -0.765803200000E+02  0.347590200000E+02  0.632000000000E+00
   20655 -0.765860400000E+02  0.347619300000E+02  0.665000000000E+00
   20658 -0.765807400000E+02  0.347619400000E+02  0.742000000000E+00
   20659 -0.765822700000E+02  0.347599000000E+02  0.638000000000E+00
   20662 -0.765834800000E+02  0.347619700000E+02  0.660000000000E+00
   20663 -0.765886200000E+02  0.347619900000E+02  0.127500000000E+01
   20668 -0.765911900000E+02  0.347620500000E+02  0.137100000000E+01
   20675 -0.765937900000E+02  0.347621600000E+02  0.119100000000E+01
   20680 -0.765964200000E+02  0.347622700000E+02  0.911000000000E+00
   20689 -0.765990400000E+02  0.347623600000E+02  0.145600000000E+01
   20694 -0.766016500000E+02  0.347624400000E+02  0.109100000000E+01
   20701 -0.766042400000E+02  0.347625000000E+02  0.720000000000E+00
   20704 -0.766068100000E+02  0.347625500000E+02  0.555000000000E+00
   20708 -0.766093400000E+02  0.347626000000E+02  0.758000000000E+00
   20758 -0.765782500000E+02  0.347626700000E+02  0.633000000000E+00
   20803 -0.765873900000E+02  0.347640200000E+02  0.118600000000E+01
   20808 -0.765899400000E+02  0.347640900000E+02  0.119000000000E+01
   20809 -0.765848600000E+02  0.347641000000E+02  0.106800000000E+01
   20820 -0.765925400000E+02  0.347642500000E+02  0.103000000000E+01
   20826 -0.765823200000E+02  0.347643200000E+02  0.831000000000E+00
   20836 -0.765951800000E+02  0.347644100000E+02  0.927000000000E+00
   20847 -0.765978100000E+02  0.347645300000E+02  0.122600000000E+01
   20858 -0.766004200000E+02  0.347646100000E+02  0.128200000000E+01
   20865 -0.766030100000E+02  0.347646600000E+02  0.826000000000E+00
   20868 -0.766056000000E+02  0.347647000000E+02  0.607000000000E+00
   20871 -0.766081600000E+02  0.347647200000E+02  0.683000000000E+00
   20872 -0.766106800000E+02  0.347647300000E+02  0.990000000000E+00
   20873 -0.766131100000E+02  0.347647500000E+02  0.100900000000E+01
   20876 -0.765798300000E+02  0.347647600000E+02  0.718000000000E+00
   20889 -0.766155100000E+02  0.347649500000E+02  0.614000000000E+00
   20891 -0.766179400000E+02  0.347649600000E+02  0.555000000000E+00
   20944 -0.765775500000E+02  0.347654800000E+02  0.613000000000E+00
   20967 -0.765886800000E+02  0.347660000000E+02  0.825000000000E+00
   20968 -0.765861900000E+02  0.347660100000E+02  0.638000000000E+00
   20982 -0.765912600000E+02  0.347662400000E+02  0.945000000000E+00
   20991 -0.765837300000E+02  0.347663300000E+02  0.755000000000E+00
   21009 -0.765939300000E+02  0.347665400000E+02  0.731000000000E+00
   21012 -0.766142700000E+02  0.347665800000E+02  0.556000000000E+00
   21021 -0.765965800000E+02  0.347667300000E+02  0.899000000000E+00
   21023 -0.766120900000E+02  0.347667700000E+02  0.706000000000E+00
   21029 -0.765992100000E+02  0.347668100000E+02  0.129900000000E+01
   21030 -0.765812800000E+02  0.347668300000E+02  0.108600000000E+01
   21033 -0.766017900000E+02  0.347668600000E+02  0.979000000000E+00
   21034 -0.766095600000E+02  0.347668600000E+02  0.842000000000E+00
   21037 -0.766043800000E+02  0.347668800000E+02  0.787000000000E+00
   21038 -0.766069700000E+02  0.347668900000E+02  0.780000000000E+00
   21040 -0.766192100000E+02  0.347669500000E+02  0.555000000000E+00
   21068 -0.765788800000E+02  0.347673400000E+02  0.785000000000E+00
   21088 -0.765874100000E+02  0.347676700000E+02  0.595000000000E+00
   21090 -0.766167900000E+02  0.347677200000E+02  0.555000000000E+00
   21105 -0.765898700000E+02  0.347679400000E+02  0.721000000000E+00
   21108 -0.765850600000E+02  0.347679700000E+02  0.555000000000E+00
   21113 -0.765767700000E+02  0.347675400000E+02  0.586000000000E+00
   21149 -0.765926000000E+02  0.347685900000E+02  0.598000000000E+00
   21157 -0.765826700000E+02  0.347687300000E+02  0.643000000000E+00
   21166 -0.766138500000E+02  0.347687300000E+02  0.589000000000E+00
   21174 -0.766110700000E+02  0.347689800000E+02  0.102400000000E+01
   21176 -0.765865200000E+02  0.347689700000E+02  0.555000000000E+00
   21177 -0.765953700000E+02  0.347690200000E+02  0.589000000000E+00
   21182 -0.766083800000E+02  0.347690600000E+02  0.714000000000E+00
   21183 -0.765980200000E+02  0.347690600000E+02  0.102600000000E+01
   21184 -0.766005900000E+02  0.347690800000E+02  0.107800000000E+01
   21185 -0.766057400000E+02  0.347690900000E+02  0.860000000000E+00
   21186 -0.766031500000E+02  0.347690900000E+02  0.861000000000E+00
   21197 -0.765881700000E+02  0.347691500000E+02  0.557000000000E+00
   21214 -0.765802200000E+02  0.347694800000E+02  0.752000000000E+00
   21243 -0.765776400000E+02  0.347699600000E+02  0.827000000000E+00
   21245 -0.765910600000E+02  0.347700200000E+02  0.555000000000E+00
   21250 -0.765838500000E+02  0.347700900000E+02  0.567000000000E+00
   21264 -0.765729400000E+02  0.347684200000E+02  0.555000000000E+00
   21265 -0.765749100000E+02  0.347703400000E+02  0.172800000000E+01
   21317 -0.766127000000E+02  0.347711900000E+02  0.915000000000E+00
   21318 -0.766162000000E+02  0.347711400000E+02  0.555000000000E+00
   21324 -0.766098100000E+02  0.347712600000E+02  0.598000000000E+00
   21326 -0.766071100000E+02  0.347713000000E+02  0.757000000000E+00
   21327 -0.766044800000E+02  0.347713200000E+02  0.860000000000E+00
   21328 -0.766019200000E+02  0.347713200000E+02  0.931000000000E+00
   21329 -0.765994300000E+02  0.347713300000E+02  0.114100000000E+01
   21337 -0.765969500000E+02  0.347713900000E+02  0.663000000000E+00
   21357 -0.765819100000E+02  0.347716800000E+02  0.583000000000E+00
   21363 -0.765717000000E+02  0.347708900000E+02  0.555000000000E+00
   21364 -0.765941200000E+02  0.347717900000E+02  0.555000000000E+00
   21392 -0.765789000000E+02  0.347723300000E+02  0.621000000000E+00
   21411 -0.765741900000E+02  0.347724900000E+02  0.120900000000E+01
   21415 -0.765761900000E+02  0.347727400000E+02  0.650000000000E+00
   21453 -0.766111800000E+02  0.347735000000E+02  0.792000000000E+00
   21454 -0.766084400000E+02  0.347735200000E+02  0.734000000000E+00
   21458 -0.766057700000E+02  0.347735400000E+02  0.861000000000E+00
   21459 -0.766141000000E+02  0.347735100000E+02  0.665000000000E+00
   21460 -0.766031900000E+02  0.347735600000E+02  0.966000000000E+00
   21461 -0.765983800000E+02  0.347735500000E+02  0.733000000000E+00
   21462 -0.766006900000E+02  0.347735600000E+02  0.114500000000E+01
   21474 -0.765964300000E+02  0.347736100000E+02  0.607000000000E+00
   21475 -0.765726500000E+02  0.347738500000E+02  0.557000000000E+00
   21487 -0.765701100000E+02  0.347723000000E+02  0.555000000000E+00
   21504 -0.765754800000E+02  0.347746200000E+02  0.555000000000E+00
   21506 -0.766174900000E+02  0.347736100000E+02  0.555000000000E+00
   21543 -0.765973700000E+02  0.347756100000E+02  0.645000000000E+00
   21550 -0.766096900000E+02  0.347757500000E+02  0.859000000000E+00
   21551 -0.766070300000E+02  0.347757600000E+02  0.808000000000E+00
   21552 -0.766044100000E+02  0.347757800000E+02  0.898000000000E+00
   21555 -0.766123300000E+02  0.347757800000E+02  0.831000000000E+00
   21556 -0.765994000000E+02  0.347758000000E+02  0.770000000000E+00
   21557 -0.766018400000E+02  0.347758100000E+02  0.110500000000E+01
   21560 -0.765710500000E+02  0.347759900000E+02  0.555000000000E+00
   21568 -0.765687000000E+02  0.347752500000E+02  0.555000000000E+00
   21570 -0.766146900000E+02  0.347758500000E+02  0.707000000000E+00
   21591 -0.765733900000E+02  0.347767900000E+02  0.437000000000E+00
   21608 -0.765755500000E+02  0.347772800000E+02  0.555000000000E+00
   21622 -0.766082700000E+02  0.347779700000E+02  0.707000000000E+00
   21623 -0.766108700000E+02  0.347779800000E+02  0.859000000000E+00
   21624 -0.766056200000E+02  0.347780000000E+02  0.586000000000E+00
   21627 -0.766029800000E+02  0.347780500000E+02  0.744000000000E+00
   21629 -0.766134200000E+02  0.347780800000E+02  0.764000000000E+00
   21633 -0.766003600000E+02  0.347781100000E+02  0.789000000000E+00
   21636 -0.765977400000E+02  0.347781800000E+02  0.579000000000E+00
   21637 -0.766194700000E+02  0.347762200000E+02  0.555000000000E+00
   21643 -0.765695800000E+02  0.347786600000E+02  0.555000000000E+00
   21647 -0.765672100000E+02  0.347766600000E+02  0.555000000000E+00
   21652 -0.766160800000E+02  0.347783800000E+02  0.595000000000E+00
   21660 -0.765718800000E+02  0.347791300000E+02  0.555000000000E+00
   21671 -0.765737700000E+02  0.347798400000E+02  0.555000000000E+00
   21681 -0.766095000000E+02  0.347801400000E+02  0.953000000000E+00
   21682 -0.766120300000E+02  0.347801700000E+02  0.753000000000E+00
   21683 -0.766068700000E+02  0.347801800000E+02  0.891000000000E+00
   21684 -0.766041800000E+02  0.347802500000E+02  0.649000000000E+00
   21687 -0.765756600000E+02  0.347801300000E+02  0.555000000000E+00
   21688 -0.766145000000E+02  0.347803300000E+02  0.561000000000E+00
   21689 -0.766014600000E+02  0.347803200000E+02  0.686000000000E+00
   21692 -0.765987500000E+02  0.347804800000E+02  0.566000000000E+00
   21706 -0.766170800000E+02  0.347807600000E+02  0.566000000000E+00
   21716 -0.766107400000E+02  0.347822300000E+02  0.783000000000E+00
   21717 -0.766131500000E+02  0.347822400000E+02  0.594000000000E+00
   21718 -0.766081800000E+02  0.347823100000E+02  0.116300000000E+01
   21719 -0.766152300000E+02  0.347823300000E+02  0.724000000000E+00
   21720 -0.766054900000E+02  0.347824200000E+02  0.111500000000E+01
   21723 -0.766026500000E+02  0.347825200000E+02  0.555000000000E+00
   21724 -0.765998200000E+02  0.347825400000E+02  0.586000000000E+00
   21737 -0.766170800000E+02  0.347841700000E+02  0.530000000000E+00
   21738 -0.766143800000E+02  0.347841800000E+02  0.791000000000E+00
   21740 -0.766120100000E+02  0.347842100000E+02  0.830000000000E+00
   21745 -0.766095600000E+02  0.347843300000E+02  0.105400000000E+01
   21749 -0.766069600000E+02  0.347845400000E+02  0.104500000000E+01
   21750 -0.766040800000E+02  0.347847400000E+02  0.736000000000E+00
   21752 -0.766008700000E+02  0.347848800000E+02  0.555000000000E+00
   21777 -0.766155400000E+02  0.347860100000E+02  0.694000000000E+00
   21779 -0.766132800000E+02  0.347860800000E+02  0.869000000000E+00
   21782 -0.766109200000E+02  0.347862200000E+02  0.986000000000E+00
   21785 -0.766172000000E+02  0.347861000000E+02  0.496000000000E+00
   21786 -0.766085400000E+02  0.347864800000E+02  0.784000000000E+00
   21789 -0.766058700000E+02  0.347869800000E+02  0.624000000000E+00
   21794 -0.766026700000E+02  0.347870800000E+02  0.555000000000E+00
   21798 -0.766167100000E+02  0.347875100000E+02  0.474000000000E+00
   21799 -0.766122400000E+02  0.347878800000E+02  0.781000000000E+00
   21801 -0.766145900000E+02  0.347880100000E+02  0.550000000000E+00
   21806 -0.766098900000E+02  0.347883500000E+02  0.637000000000E+00
   21811 -0.766080600000E+02  0.347884400000E+02  0.637000000000E+00
   21815 -0.766045400000E+02  0.347888900000E+02  0.697000000000E+00
   21817 -0.766062200000E+02  0.347886700000E+02  0.769000000000E+00
   21826 -0.766112100000E+02  0.347897000000E+02  0.548000000000E+00
   21832 -0.766131500000E+02  0.347892000000E+02  0.521000000000E+00
   21838 -0.766089400000E+02  0.347898800000E+02  0.723000000000E+00
   21844 -0.766149600000E+02  0.347888700000E+02  0.431000000000E+00
   21845 -0.766150600000E+02  0.347907100000E+02  0.496000000000E+00
   21846 -0.766169600000E+02  0.347886700000E+02  0.431000000000E+00
   21847 -0.766172600000E+02  0.347907500000E+02  0.517000000000E+00
   21849 -0.766125900000E+02  0.347912900000E+02  0.421000000000E+00
   21857 -0.766104000000E+02  0.347916000000E+02  0.726000000000E+00
   21861 -0.766072300000E+02  0.347899300000E+02  0.850000000000E+00
   21862 -0.766083600000E+02  0.347917600000E+02  0.975000000000E+00
   21864 -0.766039800000E+02  0.347903400000E+02  0.680000000000E+00
   21865 -0.766047100000E+02  0.347918100000E+02  0.766000000000E+00
   21866 -0.766059300000E+02  0.347900500000E+02  0.829000000000E+00
   21867 -0.766064900000E+02  0.347918500000E+02  0.907000000000E+00
   21879 -0.766164700000E+02  0.347930600000E+02  0.555000000000E+00
   21880 -0.766140400000E+02  0.347931600000E+02  0.731000000000E+00
   21883 -0.766117400000E+02  0.347933900000E+02  0.653000000000E+00
   21887 -0.766096000000E+02  0.347935700000E+02  0.102700000000E+01
   21890 -0.766198600000E+02  0.347915800000E+02  0.513000000000E+00
   21891 -0.766193500000E+02  0.347933200000E+02  0.555000000000E+00
   21892 -0.766075300000E+02  0.347937200000E+02  0.102300000000E+01
   21896 -0.766051800000E+02  0.347938700000E+02  0.798000000000E+00
   21909 -0.766177700000E+02  0.347952000000E+02  0.555000000000E+00
   21910 -0.766153400000E+02  0.347952200000E+02  0.628000000000E+00
   21912 -0.766130100000E+02  0.347953000000E+02  0.791000000000E+00
   21915 -0.766108100000E+02  0.347954100000E+02  0.850000000000E+00
   21917 -0.766087300000E+02  0.347955400000E+02  0.104700000000E+01
   21920 -0.766068300000E+02  0.347957000000E+02  0.868000000000E+00
   21921 -0.766200900000E+02  0.347951500000E+02  0.555000000000E+00
   21926 -0.766053600000E+02  0.347960100000E+02  0.718000000000E+00
   21937 -0.766188600000E+02  0.347972100000E+02  0.555000000000E+00
   21938 -0.766165400000E+02  0.347972800000E+02  0.568000000000E+00
   21939 -0.766142100000E+02  0.347973000000E+02  0.671000000000E+00
   21940 -0.766119500000E+02  0.347973200000E+02  0.589000000000E+00
   21941 -0.766098100000E+02  0.347973700000E+02  0.694000000000E+00
   21943 -0.766078500000E+02  0.347974900000E+02  0.879000000000E+00
   21946 -0.766062900000E+02  0.347976000000E+02  0.731000000000E+00
   21947 -0.766209600000E+02  0.347969800000E+02  0.555000000000E+00
   21972 -0.766086900000E+02  0.347992100000E+02  0.610000000000E+00
   21973 -0.766108100000E+02  0.347992300000E+02  0.555000000000E+00
   21977 -0.766201100000E+02  0.347992700000E+02  0.555000000000E+00
   21980 -0.766130800000E+02  0.347993200000E+02  0.555000000000E+00
   21981 -0.766153600000E+02  0.347993500000E+02  0.555000000000E+00
   21982 -0.766176900000E+02  0.347993800000E+02  0.555000000000E+00
   21984 -0.766220300000E+02  0.347987900000E+02  0.555000000000E+00
   21985 -0.766067700000E+02  0.347994900000E+02  0.690000000000E+00
   22001 -0.766074700000E+02  0.348008100000E+02  0.566000000000E+00
   22002 -0.766094200000E+02  0.348008600000E+02  0.555000000000E+00
   22007 -0.766119300000E+02  0.348013100000E+02  0.555000000000E+00
   22008 -0.766142000000E+02  0.348013800000E+02  0.555000000000E+00
   22010 -0.766164700000E+02  0.348014800000E+02  0.555000000000E+00
   22012 -0.766187900000E+02  0.348016800000E+02  0.555000000000E+00
   22024 -0.766212600000E+02  0.348023500000E+02  0.555000000000E+00
   22031 -0.766130700000E+02  0.348033800000E+02  0.555000000000E+00
   22033 -0.766152600000E+02  0.348034500000E+02  0.555000000000E+00
   22035 -0.766175300000E+02  0.348036500000E+02  0.555000000000E+00
   22038 -0.766110300000E+02  0.348036900000E+02  0.555000000000E+00
   22040 -0.766196700000E+02  0.348039300000E+02  0.555000000000E+00
   22051 -0.766119800000E+02  0.348051800000E+02  0.555000000000E+00
   22052 -0.766140100000E+02  0.348052600000E+02  0.555000000000E+00
   22055 -0.766162800000E+02  0.348055200000E+02  0.555000000000E+00
   22056 -0.766104600000E+02  0.348053000000E+02  0.555000000000E+00
   22060 -0.766187100000E+02  0.348058700000E+02  0.555000000000E+00
   22063 -0.766220900000E+02  0.348061100000E+02  0.555000000000E+00
   22070 -0.766124800000E+02  0.348066900000E+02  0.555000000000E+00
   22071 -0.766108200000E+02  0.348067500000E+02  0.555000000000E+00
   22078 -0.766150200000E+02  0.348073400000E+02  0.555000000000E+00
   22084 -0.766171400000E+02  0.348075800000E+02  0.555000000000E+00
   22095 -0.766195600000E+02  0.348084000000E+02  0.555000000000E+00
   22103 -0.766221000000E+02  0.348090400000E+02  0.555000000000E+00
       1 3    19468    19631    19475
       2 3    19468    19627    19631
       3 3    19475    19631    19646
       4 3    19627    19790    19631
       5 3    19631    19796    19646
       6 3    19627    19783    19790
       7 3    19631    19790    19796
       8 3    19646    19796    19805
       9 3    19778    19957    19783
      10 3    19783    19965    19790
      11 3    19738    19973    19778
      12 3    19790    19974    19796
      13 3    19805    19796    19990
      14 3    19783    19957    19965
      15 3    19790    19965    19974
      16 3    19796    19974    19990
      17 3    19778    19973    19957
      18 3    19805    19990    19999
      19 3    19957    19973    20149
      20 3    19965    19957    20157
      21 3    19974    19965    20169
      22 3    19990    19974    20176
      23 3    19999    19990    20182
      24 3    19973    20222    20149
      25 3    19957    20149    20157
      26 3    19965    20157    20169
      27 3    19974    20169    20176
      28 3    19990    20176    20182
      29 3    19999    20182    20189
      30 3    20149    20222    20328
      31 3    20157    20149    20336
      32 3    20342    20343    20222
      33 3    20169    20157    20345
      34 3    20176    20169    20354
      35 3    20182    20176    20363
      36 3    20189    20182    20371
      37 3    20222    20343    20328
      38 3    20149    20328    20336
      39 3    20157    20336    20345
      40 3    20169    20345    20354
      41 3    20342    20423    20343
      42 3    20176    20354    20363
      43 3    20182    20363    20371
      44 3    20189    20371    20381
      45 3    20328    20343    20500
      46 3    20423    20503    20343
      47 3    20336    20328    20505
      48 3    20345    20336    20515
      49 3    20354    20345    20521
      50 3    20363    20354    20531
      51 3    20371    20363    20535
      52 3    20381    20371    20538
      53 3    20328    20500    20505
      54 3    20343    20503    20500
      55 3    20336    20505    20515
      56 3    20345    20515    20521
      57 3    20423    20586    20503
      58 3    20354    20521    20531
      59 3    20590    20591    20592
      60 3    20363    20531    20535
      61 3    20371    20535    20538
      62 3    20381    20538    20549
      63 3    20503    20586    20655
      64 3    20592    20658    20659
      65 3    20659    20662    20586
      66 3    20500    20503    20663
      67 3    20592    20591    20658
      68 3    20505    20500    20668
      69 3    20515    20505    20675
      70 3    20521    20515    20680
      71 3    20531    20521    20689
      72 3    20535    20531    20694
      73 3    20538    20535    20701
      74 3    20549    20538    20704
      75 3    20586    20662    20655
      76 3    20503    20655    20663
      77 3    20500    20663    20668
      78 3    20659    20658    20662
      79 3    20505    20668    20675
      80 3    20515    20675    20680
      81 3    20521    20680    20689
      82 3    20531    20689    20694
      83 3    20535    20694    20701
      84 3    20538    20701    20704
      85 3    20549    20704    20708
      86 3    20591    20758    20658
      87 3    20663    20655    20803
      88 3    20668    20663    20808
      89 3    20655    20662    20809
      90 3    20675    20668    20820
      91 3    20662    20658    20826
      92 3    20680    20675    20836
      93 3    20689    20680    20847
      94 3    20694    20689    20858
      95 3    20701    20694    20865
      96 3    20704    20701    20868
      97 3    20708    20704    20871
      98 3    20658    20758    20876
      99 3    20655    20809    20803
     100 3    20663    20803    20808
     101 3    20662    20826    20809
     102 3    20668    20808    20820
     103 3    20675    20820    20836
     104 3    20658    20876    20826
     105 3    20680    20836    20847
     106 3    20689    20847    20858
     107 3    20694    20858    20865
     108 3    20701    20865    20868
     109 3    20704    20868    20871
     110 3    20708    20871    20872
     111 3    20758    20944    20876
     112 3    20808    20803    20967
     113 3    20803    20809    20968
     114 3    20820    20808    20982
     115 3    20809    20826    20991
     116 3    20836    20820    21009
     117 3    20873    21012    20889
     118 3    20847    20836    21021
     119 3    20803    20968    20967
     120 3    20873    20872    21023
     121 3    20858    20847    21029
     122 3    20826    20876    21030
     123 3    20865    20858    21033
     124 3    20872    20871    21034
     125 3    20868    20865    21037
     126 3    20871    20868    21038
     127 3    20809    20991    20968
     128 3    20808    20967    20982
     129 3    20820    20982    21009
     130 3    20826    21030    20991
     131 3    20873    21023    21012
     132 3    20944    21068    20876
     133 3    20836    21009    21021
     134 3    20847    21021    21029
     135 3    20872    21034    21023
     136 3    20858    21029    21033
     137 3    20865    21033    21037
     138 3    20871    21038    21034
     139 3    20868    21037    21038
     140 3    20968    21088    20967
     141 3    20891    20889    21090
     142 3    20876    21068    21030
     143 3    20967    21105    20982
     144 3    20968    20991    21108
     145 3    20944    21113    21068
     146 3    20891    21090    21040
     147 3    20889    21012    21090
     148 3    21009    20982    21149
     149 3    20968    21108    21088
     150 3    20967    21088    21105
     151 3    20991    21030    21157
     152 3    21012    21023    21166
     153 3    21023    21034    21174
     154 3    21088    21108    21176
     155 3    21021    21009    21177
     156 3    21034    21038    21182
     157 3    21029    21021    21183
     158 3    21033    21029    21184
     159 3    21038    21037    21185
     160 3    21037    21033    21186
     161 3    20991    21157    21108
     162 3    21088    21197    21105
     163 3    20982    21105    21149
     164 3    21012    21166    21090
     165 3    21068    21214    21030
     166 3    21088    21176    21197
     167 3    21009    21149    21177
     168 3    21023    21174    21166
     169 3    21029    21183    21184
     170 3    21021    21177    21183
     171 3    21033    21184    21186
     172 3    21037    21186    21185
     173 3    21030    21214    21157
     174 3    21034    21182    21174
     175 3    21038    21185    21182
     176 3    21113    21243    21068
     177 3    21105    21245    21149
     178 3    21157    21250    21108
     179 3    21264    21265    21113
     180 3    21068    21243    21214
     181 3    21113    21265    21243
     182 3    21108    21250    21176
     183 3    21105    21197    21245
     184 3    21166    21174    21317
     185 3    21090    21166    21318
     186 3    21174    21182    21324
     187 3    21182    21185    21326
     188 3    21185    21186    21327
     189 3    21186    21184    21328
     190 3    21184    21183    21329
     191 3    21183    21177    21337
     192 3    21157    21214    21357
     193 3    21157    21357    21250
     194 3    21264    21363    21265
     195 3    21177    21149    21364
     196 3    21184    21329    21328
     197 3    21183    21337    21329
     198 3    21186    21328    21327
     199 3    21185    21327    21326
     200 3    21182    21326    21324
     201 3    21174    21324    21317
     202 3    21149    21245    21364
     203 3    21243    21392    21214
     204 3    21166    21317    21318
     205 3    21177    21364    21337
     206 3    21265    21363    21411
     207 3    21265    21415    21243
     208 3    21214    21392    21357
     209 3    21265    21411    21415
     210 3    21243    21415    21392
     211 3    21324    21453    21317
     212 3    21326    21454    21324
     213 3    21327    21458    21326
     214 3    21317    21459    21318
     215 3    21328    21460    21327
     216 3    21329    21337    21461
     217 3    21328    21329    21462
     218 3    21337    21364    21474
     219 3    21411    21363    21475
     220 3    21337    21474    21461
     221 3    21363    21487    21475
     222 3    21329    21461    21462
     223 3    21328    21462    21460
     224 3    21327    21460    21458
     225 3    21326    21458    21454
     226 3    21324    21454    21453
     227 3    21317    21453    21459
     228 3    21415    21411    21504
     229 3    21318    21459    21506
     230 3    21411    21475    21504
     231 3    21474    21543    21461
     232 3    21454    21550    21453
     233 3    21458    21551    21454
     234 3    21460    21552    21458
     235 3    21453    21555    21459
     236 3    21461    21556    21462
     237 3    21462    21557    21460
     238 3    21475    21487    21560
     239 3    21487    21568    21560
     240 3    21461    21543    21556
     241 3    21459    21570    21506
     242 3    21459    21555    21570
     243 3    21462    21556    21557
     244 3    21453    21550    21555
     245 3    21460    21557    21552
     246 3    21454    21551    21550
     247 3    21458    21552    21551
     248 3    21475    21591    21504
     249 3    21475    21560    21591
     250 3    21504    21591    21608
     251 3    21551    21622    21550
     252 3    21550    21623    21555
     253 3    21552    21624    21551
     254 3    21557    21627    21552
     255 3    21555    21629    21570
     256 3    21556    21633    21557
     257 3    21543    21636    21556
     258 3    21506    21570    21637
     259 3    21560    21568    21643
     260 3    21550    21622    21623
     261 3    21555    21623    21629
     262 3    21551    21624    21622
     263 3    21568    21647    21643
     264 3    21552    21627    21624
     265 3    21557    21633    21627
     266 3    21556    21636    21633
     267 3    21570    21629    21652
     268 3    21591    21560    21660
     269 3    21560    21643    21660
     270 3    21591    21671    21608
     271 3    21591    21660    21671
     272 3    21622    21681    21623
     273 3    21623    21682    21629
     274 3    21624    21683    21622
     275 3    21627    21684    21624
     276 3    21608    21671    21687
     277 3    21629    21688    21652
     278 3    21633    21689    21627
     279 3    21636    21692    21633
     280 3    21623    21681    21682
     281 3    21622    21683    21681
     282 3    21629    21682    21688
     283 3    21624    21684    21683
     284 3    21627    21689    21684
     285 3    21633    21692    21689
     286 3    21652    21688    21706
     287 3    21681    21716    21682
     288 3    21682    21717    21688
     289 3    21683    21718    21681
     290 3    21688    21719    21706
     291 3    21684    21720    21683
     292 3    21689    21723    21684
     293 3    21692    21724    21689
     294 3    21688    21717    21719
     295 3    21682    21716    21717
     296 3    21681    21718    21716
     297 3    21683    21720    21718
     298 3    21684    21723    21720
     299 3    21689    21724    21723
     300 3    21706    21719    21737
     301 3    21719    21717    21738
     302 3    21717    21716    21740
     303 3    21716    21718    21745
     304 3    21718    21720    21749
     305 3    21723    21750    21720
     306 3    21717    21740    21738
     307 3    21724    21752    21723
     308 3    21716    21745    21740
     309 3    21719    21738    21737
     310 3    21718    21749    21745
     311 3    21720    21750    21749
     312 3    21723    21752    21750
     313 3    21738    21777    21737
     314 3    21738    21740    21779
     315 3    21740    21745    21782
     316 3    21737    21777    21785
     317 3    21745    21749    21786
     318 3    21738    21779    21777
     319 3    21740    21782    21779
     320 3    21749    21750    21789
     321 3    21745    21786    21782
     322 3    21750    21752    21794
     323 3    21749    21789    21786
     324 3    21785    21777    21798
     325 3    21779    21782    21799
     326 3    21777    21779    21801
     327 3    21750    21794    21789
     328 3    21782    21786    21806
     329 3    21777    21801    21798
     330 3    21786    21789    21811
     331 3    21779    21799    21801
     332 3    21786    21811    21806
     333 3    21782    21806    21799
     334 3    21789    21794    21815
     335 3    21789    21817    21811
     336 3    21789    21815    21817
     337 3    21799    21806    21826
     338 3    21799    21826    21832
     339 3    21806    21838    21826
     340 3    21844    21832    21845
     341 3    21844    21845    21846
     342 3    21846    21845    21847
     343 3    21832    21826    21849
     344 3    21826    21838    21857
     345 3    21838    21861    21862
     346 3    21832    21849    21845
     347 3    21864    21865    21866
     348 3    21866    21867    21861
     349 3    21826    21857    21849
     350 3    21838    21862    21857
     351 3    21866    21865    21867
     352 3    21861    21867    21862
     353 3    21847    21845    21879
     354 3    21845    21849    21880
     355 3    21849    21857    21883
     356 3    21857    21862    21887
     357 3    21890    21847    21891
     358 3    21862    21867    21892
     359 3    21845    21880    21879
     360 3    21865    21896    21867
     361 3    21849    21883    21880
     362 3    21847    21879    21891
     363 3    21857    21887    21883
     364 3    21862    21892    21887
     365 3    21867    21896    21892
     366 3    21879    21909    21891
     367 3    21879    21880    21910
     368 3    21880    21883    21912
     369 3    21883    21887    21915
     370 3    21887    21892    21917
     371 3    21892    21896    21920
     372 3    21891    21909    21921
     373 3    21879    21910    21909
     374 3    21880    21912    21910
     375 3    21883    21915    21912
     376 3    21887    21917    21915
     377 3    21892    21920    21917
     378 3    21896    21926    21920
     379 3    21909    21937    21921
     380 3    21910    21938    21909
     381 3    21910    21912    21939
     382 3    21912    21915    21940
     383 3    21917    21941    21915
     384 3    21917    21920    21943
     385 3    21920    21926    21946
     386 3    21921    21937    21947
     387 3    21920    21946    21943
     388 3    21909    21938    21937
     389 3    21917    21943    21941
     390 3    21915    21941    21940
     391 3    21910    21939    21938
     392 3    21912    21940    21939
     393 3    21943    21972    21941
     394 3    21941    21973    21940
     395 3    21947    21937    21977
     396 3    21940    21980    21939
     397 3    21939    21981    21938
     398 3    21938    21982    21937
     399 3    21947    21977    21984
     400 3    21946    21985    21943
     401 3    21941    21972    21973
     402 3    21943    21985    21972
     403 3    21940    21973    21980
     404 3    21939    21980    21981
     405 3    21938    21981    21982
     406 3    21937    21982    21977
     407 3    21985    22001    21972
     408 3    21972    22002    21973
     409 3    21980    21973    22007
     410 3    21980    22008    21981
     411 3    21972    22001    22002
     412 3    21981    22010    21982
     413 3    21982    22012    21977
     414 3    21973    22002    22007
     415 3    21980    22007    22008
     416 3    21981    22008    22010
     417 3    21982    22010    22012
     418 3    21977    22012    22024
     419 3    22008    22007    22031
     420 3    22008    22033    22010
     421 3    22010    22035    22012
     422 3    22007    22002    22038
     423 3    22012    22040    22024
     424 3    22008    22031    22033
     425 3    22007    22038    22031
     426 3    22010    22033    22035
     427 3    22012    22035    22040
     428 3    22038    22051    22031
     429 3    22031    22052    22033
     430 3    22033    22055    22035
     431 3    22038    22056    22051
     432 3    22031    22051    22052
     433 3    22040    22035    22060
     434 3    22033    22052    22055
     435 3    22024    22040    22063
     436 3    22035    22055    22060
     437 3    22051    22070    22052
     438 3    22056    22071    22051
     439 3    22051    22071    22070
     440 3    22040    22060    22063
     441 3    22052    22078    22055
     442 3    22055    22084    22060
     443 3    22052    22070    22078
     444 3    22055    22078    22084
     445 3    22060    22095    22063
     446 3    22060    22084    22095
     447 3    22063    22095    22103
 0                                                                              
 0                                                                              
 1                                                                              
 88                                                                             
      87       1                                                                
   19738
   19973
   20222
   20342
   20423
   20586
   20659
   20592
   20590
   20591
   20758
   20944
   21113
   21264
   21363
   21487
   21568
   21647
   21643
   21660
   21671
   21687
   21608
   21504
   21415
   21392
   21357
   21250
   21176
   21197
   21245
   21364
   21474
   21543
   21636
   21692
   21724
   21752
   21794
   21815
   21817
   21811
   21806
   21838
   21861
   21866
   21864
   21865
   21896
   21926
   21946
   21985
   22001
   22002
   22038
   22056
   22071
   22070
   22078
   22084
   22095
   22103
   22063
   22024
   21977
   21984
   21947
   21921
   21891
   21890
   21847
   21846
   21844
   21832
   21799
   21801
   21798
   21785
   21737
   21706
   21652
   21570
   21637
   21506
   21318
   21090
   21040
