Nodal attrs for bi_1997_v2.grd - 10/24/2013                                     
         292
           1
primitive_weighting_in_continuity_equation                                      
1                                                                               
           1
  0.300000000E-01
primitive_weighting_in_continuity_equation                                      
         290
       699    0.50000000E-02
       739    0.50000000E-02
       744    0.50000000E-02
       776    0.50000000E-02
       781    0.50000000E-02
       788    0.50000000E-02
       806    0.50000000E-02
       813    0.50000000E-02
       822    0.50000000E-02
       842    0.50000000E-02
       851    0.50000000E-02
       865    0.50000000E-02
       874    0.50000000E-02
       878    0.50000000E-02
       892    0.50000000E-02
       902    0.50000000E-02
       912    0.50000000E-02
       913    0.50000000E-02
       922    0.50000000E-02
       923    0.50000000E-02
       939    0.50000000E-02
       955    0.50000000E-02
       959    0.50000000E-02
       967    0.50000000E-02
       971    0.50000000E-02
       975    0.50000000E-02
       989    0.50000000E-02
       993    0.50000000E-02
      1000    0.50000000E-02
      1002    0.50000000E-02
      1016    0.50000000E-02
      1022    0.50000000E-02
      1025    0.50000000E-02
      1039    0.50000000E-02
      1041    0.50000000E-02
      1055    0.50000000E-02
      1057    0.50000000E-02
      1070    0.50000000E-02
      1071    0.50000000E-02
      1072    0.50000000E-02
      1074    0.50000000E-02
      1088    0.50000000E-02
      1100    0.50000000E-02
      1110    0.50000000E-02
      1114    0.50000000E-02
      1115    0.50000000E-02
      1118    0.50000000E-02
      1126    0.50000000E-02
      1133    0.50000000E-02
      1140    0.50000000E-02
      1152    0.50000000E-02
      1158    0.50000000E-02
      1165    0.50000000E-02
      1167    0.50000000E-02
      1177    0.50000000E-02
      1178    0.50000000E-02
      1179    0.50000000E-02
      1192    0.50000000E-02
      1196    0.50000000E-02
      1203    0.50000000E-02
      1209    0.50000000E-02
      1222    0.50000000E-02
      1224    0.50000000E-02
      1226    0.50000000E-02
      1228    0.50000000E-02
      1234    0.50000000E-02
      1238    0.50000000E-02
      1245    0.50000000E-02
      1256    0.50000000E-02
      1257    0.50000000E-02
      1262    0.50000000E-02
      1264    0.50000000E-02
      1285    0.50000000E-02
      1286    0.50000000E-02
      1287    0.50000000E-02
      1289    0.50000000E-02
      1294    0.50000000E-02
      1295    0.50000000E-02
      1305    0.50000000E-02
      1316    0.50000000E-02
      1318    0.50000000E-02
      1324    0.50000000E-02
      1332    0.50000000E-02
      1337    0.50000000E-02
      1341    0.50000000E-02
      1345    0.50000000E-02
      1353    0.50000000E-02
      1356    0.50000000E-02
      1360    0.50000000E-02
      1370    0.20000000E-01
      1372    0.50000000E-02
      1374    0.50000000E-02
      1378    0.50000000E-02
      1379    0.50000000E-02
      1396    0.20000000E-01
      1397    0.50000000E-02
      1399    0.50000000E-02
      1405    0.50000000E-02
      1406    0.50000000E-02
      1419    0.50000000E-02
      1422    0.50000000E-02
      1430    0.50000000E-02
      1437    0.50000000E-02
      1440    0.50000000E-02
      1442    0.50000000E-02
      1445    0.50000000E-02
      1456    0.50000000E-02
      1457    0.50000000E-02
      1461    0.50000000E-02
      1468    0.50000000E-02
      1472    0.20000000E-01
      1475    0.50000000E-02
      1476    0.50000000E-02
      1480    0.50000000E-02
      1487    0.50000000E-02
      1489    0.50000000E-02
      1490    0.20000000E-01
      1499    0.50000000E-02
      1510    0.50000000E-02
      1512    0.50000000E-02
      1515    0.50000000E-02
      1524    0.50000000E-02
      1530    0.50000000E-02
      1533    0.50000000E-02
      1539    0.50000000E-02
      1544    0.50000000E-02
      1545    0.50000000E-02
      1551    0.50000000E-02
      1555    0.50000000E-02
      1562    0.50000000E-02
      1565    0.50000000E-02
      1570    0.20000000E-01
      1572    0.50000000E-02
      1582    0.50000000E-02
      1587    0.20000000E-01
      1590    0.50000000E-02
      1591    0.50000000E-02
      1594    0.50000000E-02
      1604    0.50000000E-02
      1607    0.50000000E-02
      1613    0.50000000E-02
      1616    0.50000000E-02
      1628    0.50000000E-02
      1635    0.50000000E-02
      1640    0.50000000E-02
      1649    0.50000000E-02
      1654    0.50000000E-02
      1656    0.50000000E-02
      1658    0.50000000E-02
      1661    0.50000000E-02
      1665    0.50000000E-02
      1667    0.20000000E-01
      1672    0.50000000E-02
      1675    0.50000000E-02
      1681    0.20000000E-01
      1682    0.50000000E-02
      1688    0.50000000E-02
      1691    0.50000000E-02
      1697    0.50000000E-02
      1703    0.50000000E-02
      1706    0.50000000E-02
      1708    0.50000000E-02
      1715    0.50000000E-02
      1722    0.50000000E-02
      1734    0.50000000E-02
      1738    0.50000000E-02
      1740    0.50000000E-02
      1746    0.50000000E-02
      1748    0.20000000E-01
      1749    0.50000000E-02
      1752    0.50000000E-02
      1754    0.50000000E-02
      1762    0.20000000E-01
      1768    0.50000000E-02
      1770    0.20000000E-01
      1776    0.50000000E-02
      1781    0.50000000E-02
      1783    0.50000000E-02
      1788    0.50000000E-02
      1789    0.50000000E-02
      1800    0.50000000E-02
      1808    0.50000000E-02
      1810    0.50000000E-02
      1816    0.50000000E-02
      1817    0.50000000E-02
      1830    0.50000000E-02
      1832    0.50000000E-02
      1837    0.50000000E-02
      1838    0.20000000E-01
      1841    0.50000000E-02
      1842    0.50000000E-02
      1846    0.50000000E-02
      1848    0.50000000E-02
      1855    0.50000000E-02
      1860    0.20000000E-01
      1868    0.50000000E-02
      1869    0.50000000E-02
      1877    0.50000000E-02
      1881    0.50000000E-02
      1885    0.50000000E-02
      1893    0.50000000E-02
      1899    0.50000000E-02
      1911    0.50000000E-02
      1913    0.50000000E-02
      1915    0.50000000E-02
      1916    0.50000000E-02
      1917    0.50000000E-02
      1918    0.50000000E-02
      1920    0.20000000E-01
      1921    0.20000000E-01
      1927    0.50000000E-02
      1928    0.50000000E-02
      1942    0.50000000E-02
      1943    0.50000000E-02
      1947    0.20000000E-01
      1948    0.50000000E-02
      1949    0.50000000E-02
      1965    0.50000000E-02
      1967    0.50000000E-02
      1971    0.20000000E-01
      1976    0.20000000E-01
      1978    0.50000000E-02
      1980    0.50000000E-02
      1982    0.20000000E-01
      1983    0.50000000E-02
      1988    0.50000000E-02
      1992    0.50000000E-02
      1997    0.20000000E-01
      2000    0.50000000E-02
      2001    0.20000000E-01
      2009    0.50000000E-02
      2018    0.50000000E-02
      2019    0.50000000E-02
      2029    0.50000000E-02
      2030    0.20000000E-01
      2038    0.50000000E-02
      2041    0.50000000E-02
      2044    0.20000000E-01
      2047    0.50000000E-02
      2048    0.50000000E-02
      2054    0.20000000E-01
      2056    0.50000000E-02
      2058    0.50000000E-02
      2060    0.50000000E-02
      2064    0.20000000E-01
      2071    0.50000000E-02
      2079    0.20000000E-01
      2083    0.50000000E-02
      2087    0.50000000E-02
      2105    0.50000000E-02
      2109    0.50000000E-02
      2110    0.20000000E-01
      2115    0.50000000E-02
      2118    0.20000000E-01
      2121    0.20000000E-01
      2123    0.50000000E-02
      2127    0.50000000E-02
      2136    0.50000000E-02
      2140    0.50000000E-02
      2142    0.50000000E-02
      2145    0.50000000E-02
      2162    0.20000000E-01
      2163    0.50000000E-02
      2170    0.50000000E-02
      2175    0.20000000E-01
      2183    0.50000000E-02
      2193    0.50000000E-02
      2194    0.20000000E-01
      2195    0.50000000E-02
      2202    0.50000000E-02
      2204    0.20000000E-01
      2207    0.20000000E-01
      2216    0.50000000E-02
      2221    0.50000000E-02
      2224    0.20000000E-01
      2237    0.50000000E-02
      2245    0.50000000E-02
      2252    0.50000000E-02
      2259    0.50000000E-02
      2271    0.50000000E-02
      2283    0.50000000E-02
      2292    0.20000000E-01
      2297    0.50000000E-02
      2320    0.50000000E-02
      2325    0.50000000E-02
      2335    0.50000000E-02
      2354    0.50000000E-02
      2359    0.50000000E-02
      2367    0.50000000E-02
      2376    0.50000000E-02
