FileFmt      1050624           0           0
NELG           58641         560         514
       -1368
       -1373
       -1434
       -1444
        1450
        1463
       -1508
       -1517
        1532
        1543
        1549
       -1583
       -1589
        1602
        1618
        1624
        1635
       -1644
       -1660
        1673
        1689
        1699
       -1710
        1714
        1727
       -1730
        1735
        1738
        1762
        1772
        1788
       -1792
        1797
        1800
        1816
        1823
        1829
        1842
        1844
        1860
       -1874
        1877
        1887
        1894
        1906
        1911
        1926
        1927
        1936
        1940
        1942
       -1955
        1964
        1969
        1988
        1990
        2008
        2012
        2024
       -2029
        2033
        2037
        2043
        2047
        2057
        2059
        2071
        2079
        2096
        2101
       -2113
        2116
        2129
        2137
        2142
        2145
        2149
        2151
        2155
        2159
        2172
        2180
       -2194
        2205
        2215
        2227
        2232
        2234
        2240
        2242
        2249
        2255
        2265
        2266
        2274
        2276
       -2281
        2301
        2304
        2310
        2314
        2326
        2333
        2335
        2344
       -2356
        2358
        2359
        2372
        2373
        2374
        2388
        2391
        2395
        2402
        2414
        2416
        2429
        2435
       -2444
        2454
        2455
        2463
        2473
        2474
        2476
        2489
        2492
        2498
        2501
        2508
        2513
        2516
        2525
       -2527
        2528
        2535
        2537
        2552
        2555
        2573
        2574
        2576
        2581
        2587
        2588
        2595
       -2605
        2612
        2618
        2621
        2623
        2627
        2636
        2641
        2652
        2655
        2663
        2667
        2668
        2670
        2674
        2677
       -2690
        2691
        2700
        2701
        2713
        2717
        2724
        2725
        2727
        2740
        2749
        2752
        2754
        2755
        2761
       -2765
        2772
        2774
        2777
        2788
        2790
        2798
        2801
        2803
        2805
        2812
        2825
        2828
        2841
        2842
       -2848
        2853
        2856
        2859
        2860
        2872
        2873
        2874
       -2880
        2883
        2887
        2890
        2899
        2904
        2918
        2920
        2921
        2932
        2934
        2948
        2955
       -2956
        2957
        2961
        2964
        2966
        2975
        2980
        2985
        2991
        2992
        3003
        3004
        3009
        3014
        3017
        3030
        3040
        3042
       -3046
        3052
        3067
        3068
        3072
        3078
        3081
        3084
        3087
        3088
        3092
        3099
        3100
        3105
        3111
       -3116
        3128
        3130
        3131
        3135
        3138
        3151
        3168
        3169
        3170
        3171
        3177
        3182
        3183
        3187
        3191
        3197
        3202
       -3206
        3210
        3214
        3219
        3222
        3236
        3240
        3245
        3249
        3252
        3267
        3268
        3272
        3273
        3276
        3279
       -3280
        3290
        3293
        3298
        3303
        3305
        3308
        3316
        3323
        3327
       -3330
        3341
        3342
        3346
        3348
        3350
        3351
        3363
        3368
        3373
        3381
        3388
        3389
        3394
        3399
        3400
        3405
       -3406
        3416
        3423
        3425
        3432
        3442
        3443
        3446
        3449
        3451
        3452
        3460
        3466
        3475
        3483
       -3488
        3491
        3498
        3500
        3502
        3515
        3518
        3521
        3526
        3527
        3532
        3534
        3545
        3547
        3549
        3550
        3555
        3556
        3557
       -3564
        3580
        3588
        3590
        3596
        3597
        3600
        3601
        3606
        3607
        3611
        3617
        3619
        3622
       -3636
        3643
        3648
        3651
        3652
        3656
        3657
        3658
        3659
        3662
        3664
        3675
        3683
        3691
        3693
        3698
        3699
        3702
        3708
        3712
        3718
        3723
        3725
       -3730
        3732
        3733
        3740
        3741
        3745
        3748
        3752
        3757
        3761
        3763
        3765
        3766
       -3773
        3776
        3784
        3787
        3792
        3795
        3798
        3800
        3802
        3805
        3820
        3822
        3823
        3825
        3841
        3844
        3848
        3853
        3854
        3855
        3858
        3862
       -3863
        3870
        3875
        3878
        3880
        3883
        3888
        3889
        3891
        3894
        3912
        3916
        3923
        3924
        3927
        3931
        3933
        3938
       -3939
        3951
        3953
        3972
        3974
        3975
        3983
        3985
        3986
        3995
        4000
        4005
        4007
        4009
        4011
       -4019
        4020
        4028
        4038
        4040
        4047
        4053
        4054
        4062
        4071
        4081
        4084
        4085
       -4088
        4093
        4098
        4111
        4114
        4122
        4132
        4135
        4142
        4155
        4156
        4157
        4173
        4174
       -4176
        4181
        4188
        4189
        4199
        4206
        4208
        4211
        4225
       -4239
        4241
        4246
        4258
        4265
        4276
        4278
        4288
        4290
        4313
        4314
        4338
        4339
        4346
        4356
        4361
        4364
        4402
        4411
        4412
        4429
        4431
        4434
        4475
        4478
        4487
        4504
        4505
        4521
        4529
        4568
NNODG          32218         319         292
        -699
        -739
        -744
        -776
         781
        -788
        -806
         813
         822
        -842
         851
         865
        -874
        -878
         892
         902
        -912
         913
        -922
         923
         939
         955
         959
         967
         971
        -975
         989
        -993
        1000
        1002
        1016
        1022
       -1025
        1039
        1041
        1055
        1057
       -1070
        1071
       -1072
        1074
        1088
        1100
        1110
        1114
       -1115
        1118
        1126
        1133
        1140
       -1152
        1158
       -1165
        1167
        1177
        1178
        1179
        1192
        1196
        1203
       -1209
        1222
        1224
        1226
        1228
       -1234
        1238
       -1245
        1256
        1257
        1262
        1264
        1285
        1286
        1287
       -1289
        1294
        1295
        1305
        1316
       -1318
        1324
       -1332
        1337
        1341
        1345
        1353
        1356
        1360
        1370
        1372
       -1374
        1378
        1379
        1396
        1397
       -1399
        1405
        1406
        1419
        1422
        1430
        1437
        1440
        1442
        1445
        1456
        1457
        1461
        1468
        1472
       -1475
       -1476
        1480
        1487
        1489
        1490
        1499
        1510
        1512
        1515
        1524
        1530
       -1533
        1539
        1544
        1545
        1551
        1555
        1562
        1565
        1570
        1572
       -1582
        1587
        1590
        1591
        1594
        1604
        1607
       -1613
        1616
        1628
        1635
        1640
        1649
        1654
        1656
        1658
        1661
        1665
        1667
        1672
        1675
        1681
        1682
       -1688
        1691
       -1697
        1703
        1706
        1708
        1715
        1722
        1734
        1738
        1740
        1746
        1748
        1749
       -1752
       -1754
        1762
        1768
        1770
        1776
        1781
        1783
        1788
        1789
        1800
        1808
        1810
       -1816
        1817
        1830
       -1832
        1837
        1838
        1841
        1842
        1846
        1848
        1855
        1860
        1868
        1869
        1877
        1881
       -1885
        1893
        1899
        1911
        1913
       -1915
        1916
        1917
        1918
        1920
        1921
        1927
        1928
        1942
        1943
        1947
        1948
       -1949
        1965
        1967
        1971
        1975
        1976
        1978
       -1980
        1982
        1983
        1988
        1992
        1997
        2000
        2001
       -2009
        2015
        2018
        2019
        2029
        2030
        2038
        2041
        2044
        2047
        2048
        2054
        2056
        2058
       -2060
        2064
       -2071
        2079
        2083
        2087
        2105
        2109
        2110
        2115
        2118
        2121
        2123
        2127
       -2136
       -2140
        2142
        2145
        2162
        2163
       -2170
        2175
        2183
       -2193
        2194
        2195
        2202
        2204
       -2207
        2216
       -2221
        2224
        2237
        2245
        2252
        2259
       -2271
        2283
        2292
        2297
        2320
       -2325
       -2335
       -2354
       -2359
       -2367
       -2376
NFLUXF             0
NETA             128          29           0
NSTAE              0           0           0
NSTAV              0           0           0
NSTAM              0           0           0
NSTAC              0           0           0
RES NODE          60         234
                   5           8           9          11          12          15
                  16          18          20          21          22          23
                  24          25          27          29          30          31
                  32          34          35          36          37          39
                  41          42          43          44          45          47
                  48          49          50          52          54          55
                  56          57          58          59          60          62
                  63          64          65          67          69          70
                  71          72          73          74          75          77
                  78          79          80          82          84          85
                  86          87          88          89          90          91
                  93          94          95          96          98          99
                 100         101         102         103         104         105
                 106         107         108         109         110         111
                 114         115         116         117         118         119
                 120         121         122         123         125         126
                 127         128         129         130         131         132
                 133         135         136         137         138         139
                 140         142         143         144         145         146
                 147         148         149         150         151         152
                 153         154         155         156         158         160
                 161         162         163         164         165         166
                 167         168         169         170         173         174
                 175         176         177         178         179         180
                 181         182         183         185         186         188
                 189         190         191         192         193         194
                 195         196         197         198         199         201
                 202         203         204         206         207         208
                 209         210         211         212         213         214
                 215         216         218         219         220         221
                 222         223         225         226         227         228
                 229         230         231         233         234         235
                 236         237         238         239         240         241
                 242         243         244         245         247         249
                 250         251         252         253         254         255
                 256         257         258         259         262         263
                 264         265         267         268         270         271
                 272         273         275         277         278         279
                 280         281         283         284         285         286
COMM PE            5
RECV PE           58          17
                  28          38          51          66          81          97
                 112         124         141         159         172         187
                 205         224         246         261         274
RECV PE           59           7
                   1           2           4           7          10          14
                  17
RECV PE           61          17
                 171         184         200         217         232         248
                 260         266         269         276         282         287
                 288         289         290         291         292
RECV PE           62           4
                  92         113         134         157
RECV PE           63          13
                   3           6          13          19          26          33
                  40          46          53          61          68          76
                  83
SEND PE           58          17
                  23          34          47          60          73          91
                 107         119         136         154         165         185
                 202         218         242         259         273
SEND PE           59           6
                   5           8          11          15          20          23
SEND PE           61          17
                 146         163         178         191         204         223
                 241         251         253         263         272         280
                 281         283         284         285         286
SEND PE           62           3
                 103         125         146
SEND PE           63          14
                   5           9          18          24          31          39
                  48          56          62          72          79          88
                  96         103
