bi_1997_v2.grd                                                                  
     458     295
   28865 -0.757355300000E+02  0.356353500000E+02  0.151400000000E+01
   28877 -0.757218200000E+02  0.356460800000E+02  0.356300000000E+01
   28903 -0.757065800000E+02  0.356544300000E+02  0.334100000000E+01
   28909 -0.757438800000E+02  0.356501900000E+02  0.101600000000E+01
   28916 -0.757545800000E+02  0.356504400000E+02  0.645000000000E+00
   28917 -0.757506300000E+02  0.356602000000E+02  0.167400000000E+01
   28922 -0.757229800000E+02  0.356594500000E+02  0.279900000000E+01
   28925 -0.757627000000E+02  0.356558900000E+02  0.584000000000E+00
   28927 -0.756914800000E+02  0.356619900000E+02  0.383300000000E+01
   28934 -0.757368200000E+02  0.356654800000E+02  0.250200000000E+01
   28937 -0.757589800000E+02  0.356669300000E+02  0.148700000000E+01
   28938 -0.757681500000E+02  0.356639800000E+02  0.635000000000E+00
   28943 -0.757067300000E+02  0.356677300000E+02  0.283500000000E+01
   28945 -0.756761200000E+02  0.356691000000E+02  0.416200000000E+01
   28951 -0.757669100000E+02  0.356712900000E+02  0.823000000000E+00
   28953 -0.757468300000E+02  0.356722600000E+02  0.231800000000E+01
   28959 -0.757220400000E+02  0.356728000000E+02  0.246000000000E+01
   28962 -0.756906100000E+02  0.356754500000E+02  0.322200000000E+01
   28964 -0.756607500000E+02  0.356761300000E+02  0.421200000000E+01
   28966 -0.757586400000E+02  0.356779800000E+02  0.878000000000E+00
   28967 -0.757346000000E+02  0.356779800000E+02  0.190600000000E+01
   28977 -0.756744900000E+02  0.356825800000E+02  0.382200000000E+01
   28979 -0.757067200000E+02  0.356822600000E+02  0.266700000000E+01
   28980 -0.757243700000E+02  0.356839000000E+02  0.167500000000E+01
   28981 -0.756456500000E+02  0.356833100000E+02  0.441700000000E+01
   28982 -0.757413200000E+02  0.356849800000E+02  0.891000000000E+00
   28993 -0.757733100000E+02  0.356814000000E+02  0.860000000000E+00
   28994 -0.757668200000E+02  0.356885600000E+02  0.102800000000E+01
   28996 -0.756881000000E+02  0.356890600000E+02  0.316700000000E+01
   28998 -0.757154200000E+02  0.356910300000E+02  0.156800000000E+01
   28999 -0.756591000000E+02  0.356897000000E+02  0.416200000000E+01
   29002 -0.756308400000E+02  0.356907100000E+02  0.458800000000E+01
   29004 -0.757549300000E+02  0.356921400000E+02  0.116400000000E+01
   29005 -0.757781400000E+02  0.356907400000E+02  0.644000000000E+00
   29012 -0.756997500000E+02  0.356958500000E+02  0.286100000000E+01
   29016 -0.756722900000E+02  0.356960000000E+02  0.400400000000E+01
   29018 -0.756441900000E+02  0.356969800000E+02  0.440900000000E+01
   29024 -0.756163400000E+02  0.356983400000E+02  0.332000000000E+01
   29025 -0.757395900000E+02  0.356966500000E+02  0.647000000000E+00
   29028 -0.757690900000E+02  0.357005400000E+02  0.732000000000E+00
   29034 -0.757074300000E+02  0.357024500000E+02  0.246800000000E+01
   29037 -0.756847700000E+02  0.357022300000E+02  0.341800000000E+01
   29042 -0.756572900000E+02  0.357031800000E+02  0.421200000000E+01
   29047 -0.756296100000E+02  0.357044600000E+02  0.373400000000E+01
   29048 -0.757181400000E+02  0.357047500000E+02  0.127700000000E+01
   29050 -0.757541100000E+02  0.357041200000E+02  0.798000000000E+00
   29055 -0.756022300000E+02  0.357061700000E+02  0.318800000000E+01
   29057 -0.756961100000E+02  0.357080900000E+02  0.294100000000E+01
   29061 -0.756700300000E+02  0.357092700000E+02  0.413300000000E+01
   29063 -0.756426600000E+02  0.357105400000E+02  0.406400000000E+01
   29067 -0.756153300000E+02  0.357121100000E+02  0.360100000000E+01
   29068 -0.757077300000E+02  0.357125500000E+02  0.209200000000E+01
   29073 -0.756823400000E+02  0.357151100000E+02  0.348300000000E+01
   29079 -0.756554700000E+02  0.357165700000E+02  0.419100000000E+01
   29084 -0.757218300000E+02  0.357152600000E+02  0.639000000000E+00
   29085 -0.756283300000E+02  0.357180500000E+02  0.264900000000E+01
   29093 -0.756013600000E+02  0.357199000000E+02  0.254100000000E+01
   29095 -0.756946600000E+02  0.357203300000E+02  0.317200000000E+01
   29101 -0.756680300000E+02  0.357225000000E+02  0.364100000000E+01
   29105 -0.756411400000E+02  0.357239800000E+02  0.475800000000E+01
   29108 -0.757081800000E+02  0.357243900000E+02  0.280900000000E+01
   29110 -0.756142000000E+02  0.357257400000E+02  0.246600000000E+01
   29114 -0.756804700000E+02  0.357282100000E+02  0.382800000000E+01
   29120 -0.756537400000E+02  0.357299300000E+02  0.411800000000E+01
   29125 -0.757255200000E+02  0.357257700000E+02  0.619000000000E+00
   29128 -0.756270600000E+02  0.357314500000E+02  0.271900000000E+01
   29133 -0.756931500000E+02  0.357335900000E+02  0.360100000000E+01
   29141 -0.756661700000E+02  0.357359000000E+02  0.390800000000E+01
   29149 -0.756396400000E+02  0.357373000000E+02  0.397900000000E+01
   29152 -0.757062300000E+02  0.357388600000E+02  0.296800000000E+01
   29159 -0.756785400000E+02  0.357418400000E+02  0.360300000000E+01
   29165 -0.756520200000E+02  0.357433400000E+02  0.422300000000E+01
   29171 -0.756258400000E+02  0.357445800000E+02  0.269800000000E+01
   29173 -0.757173500000E+02  0.357467300000E+02  0.233600000000E+01
   29176 -0.757311600000E+02  0.357403200000E+02  0.734000000000E+00
   29183 -0.756908100000E+02  0.357479000000E+02  0.357500000000E+01
   29189 -0.756642700000E+02  0.357495300000E+02  0.380300000000E+01
   29192 -0.756380800000E+02  0.357505200000E+02  0.387300000000E+01
   29205 -0.757024100000E+02  0.357547800000E+02  0.384200000000E+01
   29212 -0.756764000000E+02  0.357558700000E+02  0.360300000000E+01
   29215 -0.757259700000E+02  0.357575600000E+02  0.259900000000E+01
   29216 -0.756502200000E+02  0.357568200000E+02  0.376300000000E+01
   29219 -0.757367900000E+02  0.357548700000E+02  0.750000000000E+00
   29222 -0.756244700000E+02  0.357574200000E+02  0.223900000000E+01
   29241 -0.756881600000E+02  0.357624700000E+02  0.352900000000E+01
   29242 -0.757128000000E+02  0.357630800000E+02  0.365500000000E+01
   29246 -0.756623100000E+02  0.357634100000E+02  0.341100000000E+01
   29248 -0.756364000000E+02  0.357636400000E+02  0.257500000000E+01
   29250 -0.756109600000E+02  0.357641200000E+02  0.950000000000E+00
   29276 -0.757351000000E+02  0.357681000000E+02  0.216000000000E+01
   29283 -0.756991400000E+02  0.357696300000E+02  0.333000000000E+01
   29292 -0.756743200000E+02  0.357700500000E+02  0.360300000000E+01
   29295 -0.756229700000E+02  0.357698900000E+02  0.149900000000E+01
   29298 -0.756038200000E+02  0.357706100000E+02  0.861000000000E+00
   29299 -0.756482800000E+02  0.357704500000E+02  0.367700000000E+01
   29305 -0.757226100000E+02  0.357722500000E+02  0.359200000000E+01
   29338 -0.756108700000E+02  0.357752700000E+02  0.104600000000E+01
   29364 -0.756858600000E+02  0.357765500000E+02  0.334300000000E+01
   29368 -0.756343800000E+02  0.357767000000E+02  0.258400000000E+01
   29371 -0.756003000000E+02  0.357775700000E+02  0.557000000000E+00
   29373 -0.757093100000E+02  0.357775200000E+02  0.309000000000E+01
   29384 -0.756604100000E+02  0.357777400000E+02  0.354700000000E+01
   29441 -0.757334000000E+02  0.357813400000E+02  0.108900000000E+01
   29450 -0.756207800000E+02  0.357822000000E+02  0.154000000000E+01
   29463 -0.756963600000E+02  0.357833400000E+02  0.343900000000E+01
   29479 -0.756460100000E+02  0.357843700000E+02  0.267900000000E+01
   29481 -0.755933600000E+02  0.357849000000E+02  0.928000000000E+00
   29482 -0.756728600000E+02  0.357842400000E+02  0.354400000000E+01
   29495 -0.757191000000E+02  0.357859000000E+02  0.369800000000E+01
   29504 -0.756064200000E+02  0.357872200000E+02  0.862000000000E+00
   29534 -0.756318900000E+02  0.357896400000E+02  0.208100000000E+01
   29537 -0.756843300000E+02  0.357896000000E+02  0.295900000000E+01
   29541 -0.757058600000E+02  0.357909000000E+02  0.378300000000E+01
   29549 -0.755871500000E+02  0.357913900000E+02  0.765000000000E+00
   29571 -0.757285900000E+02  0.357942900000E+02  0.149100000000E+01
   29573 -0.756586700000E+02  0.357939100000E+02  0.324600000000E+01
   29574 -0.756181700000E+02  0.357944500000E+02  0.201100000000E+01
   29582 -0.756936500000E+02  0.357958600000E+02  0.339600000000E+01
   29584 -0.755945600000E+02  0.357960200000E+02  0.721000000000E+00
   29592 -0.756424400000E+02  0.357978100000E+02  0.301800000000E+01
   29594 -0.756735700000E+02  0.357975600000E+02  0.290800000000E+01
   29599 -0.757148500000E+02  0.357991000000E+02  0.212100000000E+01
   29603 -0.756069300000E+02  0.358001400000E+02  0.103000000000E+01
   29604 -0.756837400000E+02  0.358000000000E+02  0.250900000000E+01
   29612 -0.756295500000E+02  0.358023100000E+02  0.247000000000E+01
   29615 -0.757018900000E+02  0.358037000000E+02  0.430100000000E+01
   29623 -0.756134400000E+02  0.358051800000E+02  0.160000000000E+01
   29627 -0.756000700000E+02  0.358072700000E+02  0.872000000000E+00
   29628 -0.757237900000E+02  0.358072400000E+02  0.287400000000E+01
   29629 -0.756509600000E+02  0.358073900000E+02  0.300900000000E+01
   29630 -0.756897100000E+02  0.358076200000E+02  0.353300000000E+01
   29637 -0.756644300000E+02  0.358082500000E+02  0.208500000000E+01
   29642 -0.756375500000E+02  0.358092000000E+02  0.280000000000E+01
   29644 -0.756774100000E+02  0.358093800000E+02  0.232100000000E+01
   29648 -0.756089200000E+02  0.358107200000E+02  0.171600000000E+01
   29653 -0.757098800000E+02  0.358125800000E+02  0.338900000000E+01
   29656 -0.756158100000E+02  0.358125000000E+02  0.152400000000E+01
   29665 -0.756974000000E+02  0.358161000000E+02  0.427200000000E+01
   29666 -0.756455400000E+02  0.358160800000E+02  0.301700000000E+01
   29671 -0.756027700000E+02  0.358188800000E+02  0.125800000000E+01
   29672 -0.756571700000E+02  0.358191100000E+02  0.306100000000E+01
   29673 -0.755950800000E+02  0.358132900000E+02  0.745000000000E+00
   29677 -0.756842200000E+02  0.358206800000E+02  0.206000000000E+01
   29680 -0.756144900000E+02  0.358203500000E+02  0.141100000000E+01
   29683 -0.756688000000E+02  0.358221400000E+02  0.219800000000E+01
   29685 -0.755948600000E+02  0.358218900000E+02  0.261500000000E+01
   29688 -0.757168700000E+02  0.358239000000E+02  0.322800000000E+01
   29691 -0.757044900000E+02  0.358254800000E+02  0.312700000000E+01
   29695 -0.757294800000E+02  0.358230300000E+02  0.188900000000E+01
   29700 -0.756941500000E+02  0.358265100000E+02  0.397100000000E+01
   29706 -0.756076700000E+02  0.358289100000E+02  0.136200000000E+01
   29707 -0.756755800000E+02  0.358292100000E+02  0.334500000000E+01
   29709 -0.756150200000E+02  0.358282000000E+02  0.137700000000E+01
   29710 -0.755983100000E+02  0.358297200000E+02  0.128800000000E+01
   29719 -0.756864800000E+02  0.358338200000E+02  0.360300000000E+01
   29722 -0.755932600000E+02  0.358318100000E+02  0.751000000000E+00
   29725 -0.756982000000E+02  0.358364900000E+02  0.374500000000E+01
   29726 -0.756116600000E+02  0.358368700000E+02  0.198800000000E+01
   29727 -0.757104600000E+02  0.358372700000E+02  0.398100000000E+01
   29728 -0.755853600000E+02  0.358376300000E+02  0.555000000000E+00
   29729 -0.757231100000E+02  0.358377800000E+02  0.343300000000E+01
   29735 -0.756037400000E+02  0.358394500000E+02  0.268800000000E+01
   29736 -0.756181600000E+02  0.358397200000E+02  0.299300000000E+01
   29738 -0.757351800000E+02  0.358388100000E+02  0.161600000000E+01
   29742 -0.755911900000E+02  0.358424100000E+02  0.555000000000E+00
   29743 -0.755977900000E+02  0.358395700000E+02  0.680000000000E+00
   29745 -0.756765300000E+02  0.358432100000E+02  0.240300000000E+01
   29746 -0.756647000000E+02  0.358371700000E+02  0.183300000000E+01
   29751 -0.756901600000E+02  0.358467800000E+02  0.303500000000E+01
   29755 -0.756137100000E+02  0.358480900000E+02  0.225200000000E+01
   29757 -0.757034600000E+02  0.358491100000E+02  0.299300000000E+01
   29760 -0.757166700000E+02  0.358508800000E+02  0.378000000000E+01
   29765 -0.756016400000E+02  0.358504500000E+02  0.555000000000E+00
   29766 -0.757299900000E+02  0.358528200000E+02  0.309200000000E+01
   29768 -0.755942900000E+02  0.358539000000E+02  0.555000000000E+00
   29772 -0.756616100000E+02  0.358546200000E+02  0.880000000000E+00
   29776 -0.757439700000E+02  0.358555600000E+02  0.264700000000E+01
   29777 -0.756806300000E+02  0.358576600000E+02  0.299300000000E+01
   29781 -0.756956800000E+02  0.358603900000E+02  0.299300000000E+01
   29786 -0.757095900000E+02  0.358628500000E+02  0.346900000000E+01
   29789 -0.755995400000E+02  0.358643200000E+02  0.555000000000E+00
   29791 -0.756171200000E+02  0.358596100000E+02  0.221500000000E+01
   29792 -0.757233800000E+02  0.358654100000E+02  0.324800000000E+01
   29796 -0.757376300000E+02  0.358684700000E+02  0.253000000000E+01
   29799 -0.756718400000E+02  0.358692100000E+02  0.275800000000E+01
   29804 -0.756879700000E+02  0.358717400000E+02  0.273600000000E+01
   29807 -0.756050500000E+02  0.358726900000E+02  0.583000000000E+00
   29808 -0.757022400000E+02  0.358742200000E+02  0.299300000000E+01
   29809 -0.757527600000E+02  0.358723200000E+02  0.130500000000E+01
   29813 -0.757161100000E+02  0.358770900000E+02  0.346700000000E+01
   29815 -0.756226300000E+02  0.358692900000E+02  0.121300000000E+01
   29823 -0.757303100000E+02  0.358803900000E+02  0.248200000000E+01
   29824 -0.756103000000E+02  0.358808000000E+02  0.579000000000E+00
   29828 -0.756820700000E+02  0.358838000000E+02  0.280500000000E+01
   29829 -0.757453300000E+02  0.358843100000E+02  0.210600000000E+01
   29831 -0.756953600000E+02  0.358851800000E+02  0.305100000000E+01
   29833 -0.756257700000E+02  0.358810700000E+02  0.289300000000E+01
   29836 -0.757087300000E+02  0.358880700000E+02  0.349400000000E+01
   29838 -0.756184200000E+02  0.358895400000E+02  0.555000000000E+00
   29843 -0.757224200000E+02  0.358915700000E+02  0.336200000000E+01
   29845 -0.757615500000E+02  0.358890800000E+02  0.721000000000E+00
   29853 -0.756892500000E+02  0.358951000000E+02  0.106500000000E+01
   29854 -0.757369900000E+02  0.358954800000E+02  0.222000000000E+01
   29857 -0.756331200000E+02  0.358910100000E+02  0.136200000000E+01
   29859 -0.757019000000E+02  0.358981400000E+02  0.229400000000E+01
   29865 -0.757527700000E+02  0.359001000000E+02  0.266300000000E+01
   29868 -0.756257700000E+02  0.359009500000E+02  0.675000000000E+00
   29871 -0.757143800000E+02  0.359022100000E+02  0.342500000000E+01
   29878 -0.756399400000E+02  0.358991200000E+02  0.266900000000E+01
   29880 -0.757279900000E+02  0.359061900000E+02  0.418900000000E+01
   29882 -0.756964400000E+02  0.359063800000E+02  0.987000000000E+00
   29886 -0.756364500000E+02  0.359082100000E+02  0.108200000000E+01
   29887 -0.757703500000E+02  0.359058300000E+02  0.121400000000E+01
   29891 -0.757431200000E+02  0.359103600000E+02  0.467800000000E+01
   29895 -0.757072200000E+02  0.359118900000E+02  0.191200000000E+01
   29898 -0.757592500000E+02  0.359155200000E+02  0.251100000000E+01
   29900 -0.756265600000E+02  0.359167400000E+02  0.762000000000E+00
   29902 -0.757179900000E+02  0.359174000000E+02  0.171600000000E+01
   29907 -0.756134900000E+02  0.359180800000E+02  0.567000000000E+00
   29909 -0.757330200000E+02  0.359200800000E+02  0.177500000000E+01
   29919 -0.757757400000E+02  0.359217800000E+02  0.176200000000E+01
   29922 -0.757486600000E+02  0.359248000000E+02  0.376100000000E+01
   29924 -0.756350600000E+02  0.359255700000E+02  0.966000000000E+00
   29927 -0.756486100000E+02  0.359179600000E+02  0.130800000000E+01
   29932 -0.757224200000E+02  0.359284100000E+02  0.742000000000E+00
   29934 -0.757648500000E+02  0.359302800000E+02  0.316400000000E+01
   29936 -0.756220300000E+02  0.359309100000E+02  0.689000000000E+00
   29939 -0.757379400000E+02  0.359333300000E+02  0.321100000000E+01
   29943 -0.756451800000E+02  0.359346900000E+02  0.226000000000E+01
   29948 -0.756596200000E+02  0.359231400000E+02  0.860000000000E+00
   29953 -0.757538100000E+02  0.359391800000E+02  0.261800000000E+01
   29955 -0.757268400000E+02  0.359394200000E+02  0.189200000000E+01
   29956 -0.757818500000E+02  0.359357900000E+02  0.239100000000E+01
   29959 -0.756573400000E+02  0.359404300000E+02  0.256100000000E+01
   29960 -0.756706500000E+02  0.359283200000E+02  0.860000000000E+00
   29965 -0.756315500000E+02  0.359449000000E+02  0.156000000000E+01
   29967 -0.756711000000E+02  0.359444400000E+02  0.250000000000E+01
   29968 -0.756824700000E+02  0.359341400000E+02  0.964000000000E+00
   29969 -0.757697600000E+02  0.359446000000E+02  0.274200000000E+01
   29976 -0.757428700000E+02  0.359481200000E+02  0.245800000000E+01
   29980 -0.756847000000E+02  0.359487800000E+02  0.250000000000E+01
   29981 -0.756942900000E+02  0.359399600000E+02  0.992000000000E+00
   29983 -0.757847700000E+02  0.359495900000E+02  0.245000000000E+01
   29984 -0.757921600000E+02  0.359426500000E+02  0.244500000000E+01
   29991 -0.756995700000E+02  0.359521800000E+02  0.328700000000E+01
   29992 -0.757105600000E+02  0.359396900000E+02  0.140600000000E+01
   29996 -0.757588000000E+02  0.359539400000E+02  0.292800000000E+01
   29997 -0.757156100000E+02  0.359546900000E+02  0.286500000000E+01
   30011 -0.756389000000E+02  0.359561300000E+02  0.947000000000E+00
   30012 -0.756585900000E+02  0.359558900000E+02  0.206400000000E+01
   30020 -0.758005100000E+02  0.359529300000E+02  0.180200000000E+01
   30021 -0.757318200000E+02  0.359587700000E+02  0.222900000000E+01
   30022 -0.757744500000E+02  0.359588100000E+02  0.356000000000E+01
   30024 -0.756728400000E+02  0.359590600000E+02  0.268500000000E+01
   30040 -0.757899100000E+02  0.359627600000E+02  0.446000000000E+01
   30041 -0.756879200000E+02  0.359628900000E+02  0.260200000000E+01
   30044 -0.757479500000E+02  0.359640800000E+02  0.130700000000E+01
   30046 -0.756498200000E+02  0.359652000000E+02  0.120200000000E+01
   30049 -0.758050600000E+02  0.359656100000E+02  0.356900000000E+01
   30050 -0.758132800000E+02  0.359563600000E+02  0.791000000000E+00
   30058 -0.757043000000E+02  0.359670300000E+02  0.291400000000E+01
   30061 -0.757638900000E+02  0.359688600000E+02  0.208600000000E+01
   30065 -0.756615300000E+02  0.359701100000E+02  0.119400000000E+01
   30070 -0.757206000000E+02  0.359710600000E+02  0.231300000000E+01
   30080 -0.757795700000E+02  0.359730600000E+02  0.313300000000E+01
   30085 -0.756732300000E+02  0.359722400000E+02  0.136800000000E+01
   30088 -0.757370000000E+02  0.359752200000E+02  0.186400000000E+01
   30093 -0.757950400000E+02  0.359765800000E+02  0.390100000000E+01
   30098 -0.756928600000E+02  0.359780700000E+02  0.205900000000E+01
   30101 -0.757532900000E+02  0.359795300000E+02  0.132900000000E+01
   30116 -0.757092400000E+02  0.359833200000E+02  0.314000000000E+01
   30119 -0.757692200000E+02  0.359837300000E+02  0.186200000000E+01
   30137 -0.757256200000E+02  0.359873100000E+02  0.165600000000E+01
   30141 -0.757848700000E+02  0.359876000000E+02  0.257800000000E+01
   30145 -0.756826300000E+02  0.359889700000E+02  0.201600000000E+01
   30153 -0.756709700000E+02  0.359872400000E+02  0.605000000000E+00
   30154 -0.757426900000E+02  0.359906000000E+02  0.207300000000E+01
   30165 -0.756998700000E+02  0.359939300000E+02  0.659000000000E+00
   30173 -0.757589800000E+02  0.359946600000E+02  0.177500000000E+01
   30196 -0.757747000000E+02  0.359986300000E+02  0.233000000000E+01
   30205 -0.757320700000E+02  0.360011400000E+02  0.199600000000E+01
   30215 -0.757121500000E+02  0.360025100000E+02  0.681000000000E+00
   30227 -0.757491700000E+02  0.360057300000E+02  0.191500000000E+01
   30250 -0.757647600000E+02  0.360097000000E+02  0.227200000000E+01
   30288 -0.757410800000E+02  0.360174500000E+02  0.177100000000E+01
   30294 -0.757289400000E+02  0.360161200000E+02  0.137800000000E+01
   30305 -0.757554200000E+02  0.360208400000E+02  0.219800000000E+01
   30343 -0.757340200000E+02  0.360290000000E+02  0.215400000000E+01
   30349 -0.757248400000E+02  0.360266000000E+02  0.205400000000E+01
   30357 -0.757468600000E+02  0.360318700000E+02  0.200000000000E+01
   30384 -0.757130500000E+02  0.360229300000E+02  0.667000000000E+00
   30385 -0.757127700000E+02  0.360361600000E+02  0.146900000000E+01
   30397 -0.757232200000E+02  0.360398200000E+02  0.154900000000E+01
   30406 -0.757391700000E+02  0.360421200000E+02  0.128900000000E+01
   30437 -0.757124900000E+02  0.360494000000E+02  0.278900000000E+01
       1 3    28865    28877    28909
       2 3    28916    28909    28917
       3 3    28877    28903    28922
       4 3    28916    28917    28925
       5 3    28877    28922    28909
       6 3    28909    28922    28934
       7 3    28925    28917    28937
       8 3    28909    28934    28917
       9 3    28925    28937    28938
      10 3    28903    28927    28943
      11 3    28903    28943    28922
      12 3    28938    28937    28951
      13 3    28917    28934    28953
      14 3    28917    28953    28937
      15 3    28922    28943    28959
      16 3    28922    28959    28934
      17 3    28927    28945    28962
      18 3    28927    28962    28943
      19 3    28937    28966    28951
      20 3    28934    28959    28967
      21 3    28937    28953    28966
      22 3    28934    28967    28953
      23 3    28945    28964    28977
      24 3    28943    28979    28959
      25 3    28959    28980    28967
      26 3    28943    28962    28979
      27 3    28967    28982    28953
      28 3    28945    28977    28962
      29 3    28993    28966    28994
      30 3    28959    28979    28980
      31 3    28962    28977    28996
      32 3    28953    28982    28966
      33 3    28979    28998    28980
      34 3    28964    28981    28999
      35 3    28964    28999    28977
      36 3    28966    28982    29004
      37 3    28966    29004    28994
      38 3    28993    28994    29005
      39 3    28962    28996    28979
      40 3    28979    28996    29012
      41 3    28977    28999    29016
      42 3    28981    29002    29018
      43 3    28977    29016    28996
      44 3    28979    29012    28998
      45 3    28981    29018    28999
      46 3    28982    29025    29004
      47 3    28994    29028    29005
      48 3    29012    29034    28998
      49 3    28996    29016    29037
      50 3    28994    29004    29028
      51 3    28999    29018    29042
      52 3    28996    29037    29012
      53 3    29002    29024    29047
      54 3    28999    29042    29016
      55 3    28998    29034    29048
      56 3    29004    29025    29050
      57 3    29002    29047    29018
      58 3    29004    29050    29028
      59 3    29012    29037    29057
      60 3    29012    29057    29034
      61 3    29016    29042    29061
      62 3    29018    29047    29063
      63 3    29016    29061    29037
      64 3    29018    29063    29042
      65 3    29024    29055    29067
      66 3    29034    29068    29048
      67 3    29024    29067    29047
      68 3    29034    29057    29068
      69 3    29037    29061    29073
      70 3    29037    29073    29057
      71 3    29042    29063    29079
      72 3    29042    29079    29061
      73 3    29048    29068    29084
      74 3    29047    29067    29085
      75 3    29047    29085    29063
      76 3    29057    29073    29095
      77 3    29055    29093    29067
      78 3    29057    29095    29068
      79 3    29061    29079    29101
      80 3    29061    29101    29073
      81 3    29063    29085    29105
      82 3    29063    29105    29079
      83 3    29068    29108    29084
      84 3    29068    29095    29108
      85 3    29067    29093    29110
      86 3    29067    29110    29085
      87 3    29073    29101    29114
      88 3    29073    29114    29095
      89 3    29079    29105    29120
      90 3    29084    29108    29125
      91 3    29079    29120    29101
      92 3    29085    29110    29128
      93 3    29085    29128    29105
      94 3    29095    29114    29133
      95 3    29095    29133    29108
      96 3    29101    29120    29141
      97 3    29101    29141    29114
      98 3    29105    29128    29149
      99 3    29105    29149    29120
     100 3    29108    29133    29152
     101 3    29114    29141    29159
     102 3    29120    29149    29165
     103 3    29114    29159    29133
     104 3    29108    29152    29125
     105 3    29120    29165    29141
     106 3    29152    29173    29125
     107 3    29128    29171    29149
     108 3    29125    29173    29176
     109 3    29133    29159    29183
     110 3    29141    29165    29189
     111 3    29133    29183    29152
     112 3    29149    29171    29192
     113 3    29141    29189    29159
     114 3    29149    29192    29165
     115 3    29152    29183    29205
     116 3    29159    29189    29212
     117 3    29152    29205    29173
     118 3    29173    29215    29176
     119 3    29165    29192    29216
     120 3    29159    29212    29183
     121 3    29176    29215    29219
     122 3    29165    29216    29189
     123 3    29171    29222    29192
     124 3    29183    29212    29241
     125 3    29173    29205    29242
     126 3    29189    29216    29246
     127 3    29173    29242    29215
     128 3    29192    29222    29248
     129 3    29183    29241    29205
     130 3    29189    29246    29212
     131 3    29192    29248    29216
     132 3    29219    29215    29276
     133 3    29205    29241    29283
     134 3    29212    29246    29292
     135 3    29222    29250    29295
     136 3    29216    29248    29299
     137 3    29205    29283    29242
     138 3    29212    29292    29241
     139 3    29222    29295    29248
     140 3    29215    29242    29305
     141 3    29216    29299    29246
     142 3    29215    29305    29276
     143 3    29250    29298    29338
     144 3    29250    29338    29295
     145 3    29241    29292    29364
     146 3    29248    29295    29368
     147 3    29242    29283    29373
     148 3    29241    29364    29283
     149 3    29246    29299    29384
     150 3    29248    29368    29299
     151 3    29242    29373    29305
     152 3    29246    29384    29292
     153 3    29298    29371    29338
     154 3    29276    29305    29441
     155 3    29295    29338    29450
     156 3    29283    29364    29463
     157 3    29295    29450    29368
     158 3    29299    29368    29479
     159 3    29283    29463    29373
     160 3    29292    29384    29482
     161 3    29292    29482    29364
     162 3    29305    29373    29495
     163 3    29299    29479    29384
     164 3    29371    29504    29338
     165 3    29305    29495    29441
     166 3    29368    29450    29534
     167 3    29364    29482    29537
     168 3    29338    29504    29450
     169 3    29364    29537    29463
     170 3    29373    29463    29541
     171 3    29371    29481    29504
     172 3    29368    29534    29479
     173 3    29373    29541    29495
     174 3    29441    29495    29571
     175 3    29384    29479    29573
     176 3    29450    29504    29574
     177 3    29384    29573    29482
     178 3    29463    29537    29582
     179 3    29481    29549    29584
     180 3    29450    29574    29534
     181 3    29481    29584    29504
     182 3    29463    29582    29541
     183 3    29479    29534    29592
     184 3    29482    29594    29537
     185 3    29495    29541    29599
     186 3    29482    29573    29594
     187 3    29504    29603    29574
     188 3    29537    29604    29582
     189 3    29537    29594    29604
     190 3    29479    29592    29573
     191 3    29495    29599    29571
     192 3    29504    29584    29603
     193 3    29534    29574    29612
     194 3    29541    29582    29615
     195 3    29534    29612    29592
     196 3    29574    29603    29623
     197 3    29541    29615    29599
     198 3    29603    29584    29627
     199 3    29571    29599    29628
     200 3    29592    29629    29573
     201 3    29604    29630    29582
     202 3    29573    29637    29594
     203 3    29592    29612    29642
     204 3    29594    29644    29604
     205 3    29582    29630    29615
     206 3    29574    29623    29612
     207 3    29623    29603    29648
     208 3    29573    29629    29637
     209 3    29603    29627    29648
     210 3    29594    29637    29644
     211 3    29599    29615    29653
     212 3    29592    29642    29629
     213 3    29604    29644    29630
     214 3    29623    29648    29656
     215 3    29599    29653    29628
     216 3    29615    29630    29665
     217 3    29629    29642    29666
     218 3    29615    29665    29653
     219 3    29627    29671    29648
     220 3    29629    29672    29637
     221 3    29627    29673    29671
     222 3    29630    29644    29677
     223 3    29629    29666    29672
     224 3    29656    29648    29680
     225 3    29637    29683    29644
     226 3    29673    29685    29671
     227 3    29630    29677    29665
     228 3    29648    29671    29680
     229 3    29637    29672    29683
     230 3    29653    29688    29628
     231 3    29665    29691    29653
     232 3    29628    29688    29695
     233 3    29644    29683    29677
     234 3    29665    29677    29700
     235 3    29653    29691    29688
     236 3    29665    29700    29691
     237 3    29671    29706    29680
     238 3    29683    29707    29677
     239 3    29680    29706    29709
     240 3    29685    29710    29671
     241 3    29671    29710    29706
     242 3    29677    29719    29700
     243 3    29677    29707    29719
     244 3    29700    29725    29691
     245 3    29706    29726    29709
     246 3    29691    29727    29688
     247 3    29688    29729    29695
     248 3    29700    29719    29725
     249 3    29706    29710    29735
     250 3    29709    29726    29736
     251 3    29706    29735    29726
     252 3    29691    29725    29727
     253 3    29688    29727    29729
     254 3    29695    29729    29738
     255 3    29722    29728    29742
     256 3    29722    29742    29743
     257 3    29707    29745    29719
     258 3    29707    29746    29745
     259 3    29719    29751    29725
     260 3    29736    29726    29755
     261 3    29725    29757    29727
     262 3    29719    29745    29751
     263 3    29726    29735    29755
     264 3    29729    29727    29760
     265 3    29725    29751    29757
     266 3    29743    29742    29765
     267 3    29735    29765    29755
     268 3    29738    29729    29766
     269 3    29727    29757    29760
     270 3    29742    29768    29765
     271 3    29729    29760    29766
     272 3    29746    29772    29745
     273 3    29738    29766    29776
     274 3    29745    29777    29751
     275 3    29751    29781    29757
     276 3    29745    29772    29777
     277 3    29760    29757    29786
     278 3    29751    29777    29781
     279 3    29768    29789    29765
     280 3    29755    29765    29791
     281 3    29766    29760    29792
     282 3    29757    29781    29786
     283 3    29760    29786    29792
     284 3    29765    29789    29791
     285 3    29776    29766    29796
     286 3    29777    29772    29799
     287 3    29766    29792    29796
     288 3    29781    29777    29804
     289 3    29789    29807    29791
     290 3    29786    29781    29808
     291 3    29776    29796    29809
     292 3    29777    29799    29804
     293 3    29792    29786    29813
     294 3    29781    29804    29808
     295 3    29791    29807    29815
     296 3    29786    29808    29813
     297 3    29796    29792    29823
     298 3    29807    29824    29815
     299 3    29792    29813    29823
     300 3    29804    29799    29828
     301 3    29809    29796    29829
     302 3    29808    29804    29831
     303 3    29815    29824    29833
     304 3    29796    29823    29829
     305 3    29804    29828    29831
     306 3    29813    29808    29836
     307 3    29833    29824    29838
     308 3    29808    29831    29836
     309 3    29823    29813    29843
     310 3    29809    29829    29845
     311 3    29813    29836    29843
     312 3    29831    29828    29853
     313 3    29829    29823    29854
     314 3    29833    29838    29857
     315 3    29823    29843    29854
     316 3    29836    29831    29859
     317 3    29845    29829    29865
     318 3    29831    29853    29859
     319 3    29857    29838    29868
     320 3    29836    29871    29843
     321 3    29829    29854    29865
     322 3    29836    29859    29871
     323 3    29857    29868    29878
     324 3    29843    29880    29854
     325 3    29859    29853    29882
     326 3    29843    29871    29880
     327 3    29878    29868    29886
     328 3    29845    29865    29887
     329 3    29854    29891    29865
     330 3    29871    29859    29895
     331 3    29859    29882    29895
     332 3    29854    29880    29891
     333 3    29865    29898    29887
     334 3    29868    29900    29886
     335 3    29871    29902    29880
     336 3    29871    29895    29902
     337 3    29865    29891    29898
     338 3    29868    29907    29900
     339 3    29880    29909    29891
     340 3    29880    29902    29909
     341 3    29887    29898    29919
     342 3    29891    29922    29898
     343 3    29900    29924    29886
     344 3    29886    29924    29927
     345 3    29891    29909    29922
     346 3    29902    29932    29909
     347 3    29898    29934    29919
     348 3    29900    29907    29936
     349 3    29900    29936    29924
     350 3    29909    29939    29922
     351 3    29898    29922    29934
     352 3    29927    29924    29943
     353 3    29927    29943    29948
     354 3    29909    29932    29939
     355 3    29922    29953    29934
     356 3    29932    29955    29939
     357 3    29919    29934    29956
     358 3    29948    29943    29959
     359 3    29948    29959    29960
     360 3    29922    29939    29953
     361 3    29924    29936    29965
     362 3    29960    29967    29968
     363 3    29934    29969    29956
     364 3    29924    29965    29943
     365 3    29960    29959    29967
     366 3    29934    29953    29969
     367 3    29939    29976    29953
     368 3    29968    29980    29981
     369 3    29956    29983    29984
     370 3    29968    29967    29980
     371 3    29939    29955    29976
     372 3    29956    29969    29983
     373 3    29981    29991    29992
     374 3    29953    29996    29969
     375 3    29992    29997    29955
     376 3    29981    29980    29991
     377 3    29965    30011    29943
     378 3    29959    30012    29967
     379 3    29953    29976    29996
     380 3    29992    29991    29997
     381 3    29984    29983    30020
     382 3    29955    30021    29976
     383 3    29969    30022    29983
     384 3    29943    30011    29959
     385 3    29967    30024    29980
     386 3    29955    29997    30021
     387 3    29959    30011    30012
     388 3    29967    30012    30024
     389 3    29969    29996    30022
     390 3    29983    30040    30020
     391 3    29980    30041    29991
     392 3    29976    30044    29996
     393 3    30012    30011    30046
     394 3    30020    30049    30050
     395 3    29980    30024    30041
     396 3    29983    30022    30040
     397 3    29976    30021    30044
     398 3    29991    30058    29997
     399 3    29996    30061    30022
     400 3    30020    30040    30049
     401 3    29991    30041    30058
     402 3    30012    30065    30024
     403 3    29997    30070    30021
     404 3    30012    30046    30065
     405 3    29996    30044    30061
     406 3    30022    30080    30040
     407 3    30024    30065    30085
     408 3    29997    30058    30070
     409 3    30024    30085    30041
     410 3    30021    30088    30044
     411 3    30022    30061    30080
     412 3    30040    30093    30049
     413 3    30021    30070    30088
     414 3    30041    30098    30058
     415 3    30044    30101    30061
     416 3    30040    30080    30093
     417 3    30044    30088    30101
     418 3    30041    30085    30098
     419 3    30058    30116    30070
     420 3    30061    30119    30080
     421 3    30058    30098    30116
     422 3    30061    30101    30119
     423 3    30070    30137    30088
     424 3    30080    30141    30093
     425 3    30098    30085    30145
     426 3    30085    30153    30145
     427 3    30070    30116    30137
     428 3    30088    30154    30101
     429 3    30080    30119    30141
     430 3    30116    30098    30165
     431 3    30088    30137    30154
     432 3    30101    30173    30119
     433 3    30098    30145    30165
     434 3    30101    30154    30173
     435 3    30119    30196    30141
     436 3    30137    30205    30154
     437 3    30119    30173    30196
     438 3    30116    30165    30215
     439 3    30116    30215    30137
     440 3    30154    30227    30173
     441 3    30137    30215    30205
     442 3    30154    30205    30227
     443 3    30173    30250    30196
     444 3    30173    30227    30250
     445 3    30227    30205    30288
     446 3    30205    30294    30288
     447 3    30227    30305    30250
     448 3    30227    30288    30305
     449 3    30294    30343    30288
     450 3    30294    30349    30343
     451 3    30288    30357    30305
     452 3    30288    30343    30357
     453 3    30384    30385    30349
     454 3    30349    30385    30397
     455 3    30349    30397    30343
     456 3    30343    30406    30357
     457 3    30343    30397    30406
     458 3    30385    30437    30397
 0                                                                              
 0                                                                              
 3                                                                              
 109                                                                            
      63       0                                                                
   29728
   29742
   29768
   29789
   29807
   29824
   29838
   29868
   29907
   29936
   29965
   30011
   30046
   30065
   30085
   30153
   30145
   30165
   30215
   30205
   30294
   30349
   30384
   30385
   30437
   30397
   30406
   30050
   30020
   29984
   29956
   29919
   29887
   29845
   29809
   29776
   29738
   29695
   29628
   29571
   29441
   29276
   29219
   29176
   29125
   29084
   29048
   28998
   28980
   28967
   28982
   29025
   29050
   29028
   29005
   28993
   28966
   28951
   28938
   28925
   28916
   28909
   28865
      10       1                                                                
   29549
   29584
   29627
   29673
   29685
   29710
   29735
   29765
   29743
   29722
      35       1                                                                
   29612
   29642
   29666
   29672
   29683
   29707
   29746
   29772
   29799
   29828
   29853
   29882
   29895
   29902
   29932
   29955
   29992
   29981
   29968
   29960
   29948
   29927
   29886
   29878
   29857
   29833
   29815
   29791
   29755
   29736
   29709
   29680
   29656
   29623
   29612
