FileFmt      1050624           0           0
NELG           58641         560         458
       52507
       52521
       52533
       52536
       52539
       52555
       52562
       52563
       52564
       52573
       52574
       52586
       52589
       52595
       52599
       52601
       52610
       52615
       52616
       52620
       52622
       52624
       52638
       52641
       52642
       52643
       52645
       52646
       52665
       52667
       52670
       52671
       52675
       52676
       52682
       52686
       52687
       52688
       52689
       52700
       52709
       52712
       52719
       52722
       52723
       52725
       52730
       52737
       52741
       52747
       52748
       52752
       52756
       52757
       52758
       52760
       52763
       52766
       52777
       52780
       52783
       52787
       52788
       52794
       52796
       52799
       52801
       52803
       52810
       52817
       52819
       52826
       52827
       52828
       52835
       52844
       52846
       52850
       52859
       52864
       52865
       52869
       52870
       52871
       52876
       52877
       52884
       52894
       52897
       52902
       52905
       52908
       52911
       52919
       52926
       52932
       52944
       52945
       52950
       52952
       52964
       52974
       52975
       52977
       52986
       52994
       52996
       52999
       53010
       53018
       53022
       53028
       53029
       53041
       53053
       53063
       53066
       53070
       53071
       53076
       53077
       53085
       53088
       53115
       53117
       53125
       53128
       53130
       53131
       53144
       53147
       53176
       53188
       53201
       53205
       53210
       53212
       53222
       53224
       53226
       53233
       53254
       53282
       53320
       53324
       53330
       53339
       53347
       53355
       53372
       53385
       53398
       53441
       53462
       53477
       53504
       53526
       53535
       53539
       53541
       53556
       53565
       53576
       53586
       53612
       53643
       53649
       53651
       53656
       53657
       53660
       53676
       53692
       53719
       53723
       53726
       53728
       53736
       53739
       53748
       53753
       53756
       53759
       53762
       53772
       53780
       53782
       53784
       53786
       53788
       53789
       53790
       53802
       53805
       53812
       53815
       53823
       53828
       53829
       53830
       53832
       53839
       53846
       53849
       53850
       53856
       53858
       53861
       53865
       53872
       53873
       53874
       53877
       53882
       53888
       53896
       53897
       53903
       53907
       53910
       53911
       53917
       53920
       53921
       53928
       53930
       53932
       53935
       53936
       53939
       53945
       53950
       53951
       53957
       53963
       53967
       53969
       53971
       53974
       53975
       53980
       53992
       53996
       54003
       54004
       54007
       54010
       54017
       54019
       54021
       54022
       54023
       54024
       54027
       54034
       54035
       54037
       54040
       54050
       54055
       54057
       54059
       54061
       54066
       54070
       54073
       54074
       54075
       54078
       54081
       54084
       54090
       54095
       54096
       54103
       54109
       54110
       54115
       54117
       54120
       54122
       54124
       54131
       54132
       54133
       54136
       54141
       54144
       54151
       54153
       54154
       54157
       54161
       54163
       54165
       54176
       54179
       54180
       54186
       54189
       54190
       54192
       54196
       54200
       54202
       54203
       54206
       54208
       54213
       54215
       54224
       54232
       54234
       54237
       54241
       54242
       54248
       54251
       54255
       54258
       54259
       54265
       54276
       54278
       54280
       54286
       54288
       54289
       54294
       54299
       54302
       54304
       54309
       54312
       54315
       54317
       54320
       54326
       54328
       54339
       54344
       54346
       54349
       54354
       54358
       54364
       54368
       54371
       54375
       54379
       54380
       54385
       54391
       54392
       54399
       54406
       54408
       54412
       54414
       54415
       54422
       54424
       54426
       54430
       54432
       54437
       54441
       54447
       54449
       54454
       54457
       54463
       54464
       54471
       54474
       54481
       54484
       54485
       54487
       54492
       54496
       54497
       54499
       54500
       54503
       54509
       54511
       54513
       54518
       54525
       54528
       54532
       54536
       54540
       54541
       54546
       54549
       54557
       54564
       54567
       54573
       54574
       54580
       54581
       54586
       54594
       54599
       54600
       54603
       54605
       54609
       54613
       54620
       54622
       54630
       54636
       54655
       54662
       54663
       54665
       54681
       54685
       54692
       54695
       54700
       54708
       54710
       54712
       54713
       54729
       54734
       54740
       54774
       54777
       54783
       54799
       54804
       54814
       54816
       54831
       54854
       54867
       54871
       54894
       54941
       54951
       54965
       54986
       55048
       55057
       55073
       55089
       55123
       55149
       55157
       55167
       55196
       55226
NNODG          32218         319         295
      -28865
      -28877
      -28903
       28909
       28916
       28917
       28922
       28925
      -28927
       28934
       28937
       28938
       28943
      -28945
       28951
       28953
       28959
       28962
      -28964
       28966
       28967
       28977
       28979
       28980
      -28981
       28982
       28993
       28994
       28996
       28998
       28999
      -29002
       29004
       29005
       29012
       29016
       29018
      -29024
       29025
       29028
       29034
       29037
       29042
       29047
       29048
       29050
      -29055
       29057
       29061
       29063
       29067
       29068
       29073
       29079
       29084
       29085
      -29093
       29095
       29101
       29105
       29108
      -29110
       29114
       29120
       29125
      -29128
       29133
       29141
       29149
       29152
       29159
       29165
      -29171
       29173
       29176
       29183
       29189
       29192
       29205
       29212
       29215
       29216
       29219
      -29222
       29241
       29242
       29246
       29248
      -29250
       29276
       29283
       29292
       29295
      -29298
       29299
       29305
       29338
       29364
       29368
      -29371
       29373
       29384
       29441
       29450
       29463
       29479
      -29481
       29482
       29495
       29504
       29534
       29537
       29541
      -29549
       29571
       29573
       29574
       29582
       29584
       29592
       29594
       29599
       29603
       29604
       29612
       29615
       29623
       29627
       29628
       29629
       29630
       29637
       29642
       29644
       29648
       29653
       29656
       29665
       29666
       29671
       29672
       29673
       29677
       29680
       29683
       29685
       29688
       29691
       29695
       29700
       29706
       29707
       29709
       29710
       29719
      -29722
       29725
       29726
       29727
      -29728
       29729
       29735
       29736
       29738
       29742
       29743
       29745
       29746
       29751
       29755
       29757
       29760
       29765
       29766
       29768
       29772
       29776
       29777
       29781
       29786
       29789
       29791
       29792
       29796
       29799
       29804
       29807
       29808
       29809
       29813
       29815
       29823
       29824
       29828
       29829
       29831
       29833
       29836
       29838
       29843
       29845
       29853
       29854
       29857
       29859
       29865
       29868
       29871
       29878
       29880
       29882
       29886
       29887
       29891
       29895
       29898
       29900
       29902
       29907
       29909
       29919
       29922
       29924
       29927
       29932
       29934
       29936
       29939
       29943
       29948
       29953
       29955
       29956
       29959
       29960
       29965
       29967
       29968
       29969
       29976
       29980
       29981
       29983
       29984
       29991
       29992
       29996
       29997
       30011
       30012
       30020
       30021
       30022
       30024
       30040
       30041
       30044
       30046
      -30049
      -30050
       30058
       30061
       30065
       30070
       30080
       30085
       30088
      -30093
       30098
       30101
       30116
       30119
       30137
      -30141
       30145
       30153
       30154
       30165
       30173
      -30196
       30205
       30215
       30227
      -30250
       30288
       30294
      -30305
       30343
       30349
      -30357
       30384
       30385
       30397
      -30406
       30437
NFLUXF             0
NETA             128          29           0
NSTAE              0           0           0
NSTAV              0           0           0
NSTAM              0           0           0
NSTAC              0           0           0
RES NODE          80         264
                   4           5           6           7           8          10
                  11          12          13          15          16          17
                  18          20          21          22          23          24
                  26          27          28          29          30          31
                  33          34          35          36          37          39
                  40          41          42          43          44          45
                  46          48          49          50          51          52
                  53          54          55          56          58          59
                  60          61          63          64          65          67
                  68          69          70          71          72          74
                  75          76          77          78          79          80
                  81          82          83          85          86          87
                  88          90          91          92          93          95
                  96          97          98          99         101         102
                 103         104         105         106         108         109
                 110         111         112         113         115         116
                 117         118         119         120         121         122
                 123         124         125         126         127         128
                 129         130         131         132         133         134
                 135         136         137         138         139         140
                 141         142         143         144         145         146
                 147         148         149         150         151         152
                 153         154         155         157         158         159
                 161         162         163         164         165         166
                 167         168         169         170         171         172
                 173         174         175         176         177         178
                 179         180         181         182         183         184
                 185         186         187         188         189         190
                 191         192         193         194         195         196
                 197         198         199         200         201         202
                 203         204         205         206         207         208
                 209         210         211         212         213         214
                 215         216         217         218         219         220
                 221         222         223         224         225         226
                 227         228         229         230         231         232
                 233         234         235         236         237         238
                 239         240         241         242         243         244
                 245         246         247         248         249         250
                 251         252         253         254         255         256
                 257         258         261         262         263         264
                 265         266         267         269         270         271
                 272         273         275         276         277         278
                 279         281         282         283         285         286
                 288         289         291         292         293         295
COMM PE            3
RECV PE           81           9
                 259         260         268         274         280         284
                 287         290         294
RECV PE           84          10
                   1           2           3           9          14          19
                  25          32          38          47
RECV PE           85          12
                  57          62          66          73          84          89
                  94         100         107         114         156         160
SEND PE           81           9
                 251         255         265         272         279         283
                 285         288         293
SEND PE           84           9
                   4           7          13          18          22          31
                  37          44          51
SEND PE           85          12
                  51          56          60          69          78          88
                  93          97         110         119         165         166
