FileFmt      1050624           0           0
NELG           58641         560         506
       -7899
       -7917
       -8068
       -8089
       -8106
       -8125
       -8245
       -8267
        8285
        8320
       -8365
       -8368
       -8430
       -8458
        8490
        8522
        8528
       -8573
        8601
       -8627
       -8667
        8712
       -8716
        8757
        8776
        8801
        8810
       -8832
        8854
       -8889
       -8901
        8944
        8988
       -9015
        9038
        9068
       -9079
        9089
        9132
        9139
       -9174
        9247
       -9257
        9260
       -9281
       -9286
        9287
        9289
        9364
        9373
        9388
        9397
        9440
        9441
       -9452
       -9491
        9542
        9579
        9585
        9586
        9588
       -9599
        9608
        9609
        9620
        9622
        9645
       -9660
        9667
        9709
       -9720
        9758
        9775
        9788
        9809
        9822
        9826
        9845
       -9866
        9882
        9909
        9932
       -9938
        9939
        9944
        9946
       -9949
        9976
        9994
       10027
       10030
       10032
       10040
      -10066
       10078
       10091
      -10100
       10119
       10123
       10127
       10139
       10151
       10157
       10159
       10170
       10174
       10176
       10208
      -10219
       10241
       10253
       10261
       10262
       10264
      -10270
       10305
       10307
       10310
       10312
       10337
       10361
       10365
       10381
       10384
      -10396
       10405
       10414
       10421
       10427
       10429
      -10441
       10447
       10468
       10482
      -10487
       10501
       10503
       10504
       10519
       10533
       10538
       10542
       10550
       10572
      -10574
      -10580
       10607
       10612
       10622
      -10626
       10627
       10630
      -10638
       10654
       10657
       10658
       10659
       10662
       10663
       10697
       10698
      -10706
      -10711
       10725
       10734
       10735
       10742
       10755
      -10775
       10785
       10791
       10796
       10798
       10807
      -10808
       10811
       10832
      -10837
       10844
       10848
      -10866
       10873
       10892
       10894
      -10901
       10907
       10916
       10921
       10924
       10932
       10938
       10943
       10963
       10968
      -10970
       10971
       10972
       10975
      -10976
       10986
      -10990
       11008
       11014
       11021
       11025
       11032
       11038
      -11048
       11067
       11069
       11076
      -11077
       11078
       11083
       11092
       11096
       11105
       11126
       11132
      -11135
      -11155
       11157
       11162
       11164
       11169
       11186
       11197
       11201
       11214
      -11216
       11230
       11239
       11251
       11252
       11271
      -11274
       11277
       11299
       11305
       11309
       11317
       11333
       11337
       11339
      -11344
       11352
       11360
       11376
       11382
      -11389
      -11391
       11392
      -11397
       11400
       11403
      -11425
       11426
       11428
       11454
       11457
       11478
       11481
       11489
       11490
       11501
       11506
       11509
      -11519
       11521
       11522
      -11524
       11528
      -11538
       11552
       11562
       11565
       11569
       11571
      -11582
       11588
       11606
       11610
       11618
       11619
       11632
       11642
      -11645
       11655
       11661
      -11664
       11675
      -11677
       11684
       11687
       11688
      -11691
       11693
       11697
      -11698
       11704
       11713
       11719
       11721
       11743
       11755
       11756
       11758
      -11762
       11765
       11773
       11786
       11787
       11788
      -11801
       11806
       11810
       11822
       11826
       11828
       11840
       11842
      -11845
       11854
       11860
      -11863
       11867
      -11870
       11874
       11875
       11892
       11893
       11903
       11919
       11930
       11931
      -11950
       11953
       11956
       11967
       11970
       11974
       11979
       11981
       11982
       11991
       12000
       12014
      -12020
       12021
       12022
       12026
       12038
       12046
       12047
      -12061
       12064
       12067
       12086
       12087
       12093
       12102
       12104
       12108
       12121
       12128
       12133
       12137
       12144
       12146
      -12153
       12155
      -12164
       12175
       12177
       12189
       12197
       12203
       12206
       12216
       12228
       12232
       12234
       12238
       12240
       12261
       12262
       12284
       12288
       12295
       12310
       12313
       12315
      -12316
       12320
       12335
       12340
       12342
       12351
      -12353
      -12356
       12370
       12372
       12378
       12390
       12407
       12408
       12414
       12420
       12431
      -12449
       12451
       12467
       12472
      -12474
       12476
       12479
       12496
       12498
       12504
       12521
       12522
       12523
       12544
       12568
       12583
       12586
       12619
       12622
       12626
       12636
       12648
       12660
       12665
       12680
      -12687
       12697
       12699
       12720
       12744
       12750
       12765
       12790
       12800
       12810
       12815
       12838
       12839
       12880
       12885
       12908
      -12928
       12933
       12939
       12948
       12978
       13047
       13052
       13075
       13099
       13100
       13103
       13114
       13116
       13183
       13188
       13205
       13218
      -13258
       13267
       13275
       13281
       13330
       13374
       13396
       13410
       13423
       13428
       13436
      -13535
       13537
       13548
       13564
       13572
       13612
       13617
       13633
       13686
       13717
       13737
       13741
       13764
       13805
      -13899
       13910
       13913
       13945
       14009
       14027
      -14092
       14120
       14140
       14301
       14322
       14376
      -14521
      -14725
NNODG          32218         319         288
       -3907
       -3991
       -4006
       -4076
        4092
       -4106
       -4158
        4178
       -4190
        4197
       -4239
        4267
        4289
       -4329
        4333
        4362
       -4390
        4391
        4416
       -4419
        4463
        4506
        4507
       -4508
        4542
        4551
        4569
       -4602
        4626
        4660
        4676
        4698
       -4724
        4728
       -4755
        4778
        4783
        4801
        4804
       -4837
        4854
        4861
        4881
        4884
        4950
        4953
        4954
       -4961
        4962
        4971
        4981
        4998
        5000
        5057
        5060
       -5073
        5078
        5095
       -5105
        5109
        5127
        5136
        5141
        5146
        5164
        5172
        5192
        5211
        5215
       -5218
        5222
        5238
        5241
        5256
        5261
        5270
       -5277
        5284
        5288
        5305
        5310
        5311
       -5354
        5356
        5371
        5374
        5385
        5391
        5400
        5405
        5408
        5414
        5436
       -5438
        5443
        5455
        5462
        5467
       -5486
       -5489
        5506
        5508
        5513
       -5515
        5517
       -5524
        5533
        5534
        5550
        5551
       -5553
        5565
        5571
        5594
        5600
        5602
        5608
        5610
       -5626
       -5641
        5654
        5655
        5662
        5667
        5673
        5681
        5690
        5695
        5698
        5700
        5713
        5717
        5724
       -5730
       -5740
        5742
        5747
       -5748
        5758
        5759
        5781
        5792
        5796
        5808
        5816
        5819
        5836
        5845
        5857
        5867
        5874
        5887
        5889
       -5892
        5895
        5910
       -5914
       -5916
        5922
       -5934
        5935
        5950
        5960
        5962
        5966
        5974
        5978
        5986
       -5988
        6006
        6009
        6012
       -6018
        6021
        6033
        6049
       -6051
        6058
        6068
        6073
        6074
       -6076
        6079
       -6080
        6089
        6104
        6105
        6107
        6115
        6122
        6137
        6145
        6146
        6154
        6156
        6161
       -6164
        6168
        6184
        6196
        6197
       -6208
        6211
        6214
        6216
        6221
        6236
       -6240
        6241
        6243
        6250
        6255
        6275
        6279
        6285
        6287
        6293
        6299
        6308
        6311
       -6316
        6322
        6331
        6341
        6348
        6354
        6359
        6384
        6389
        6396
        6399
       -6400
        6401
        6409
       -6418
        6428
        6432
        6444
        6454
        6457
        6464
        6489
        6492
        6503
        6507
        6519
        6531
        6557
        6571
        6572
        6588
        6594
       -6609
        6615
        6632
        6645
        6677
        6682
        6694
        6717
        6720
        6762
        6778
        6811
        6825
        6839
        6846
        6848
        6896
       -6926
        6940
        7001
        7011
        7016
        7082
        7090
        7099
        7103
        7123
        7163
        7199
       -7272
        7279
        7301
        7334
        7414
        7503
       -7619
NFLUXF             0
NETA             128          29           0
NSTAE              0           0           0
NSTAV              0           0           0
NSTAM              0           0           0
NSTAC              0           0           0
RES NODE          55         236
                   5           8          10          12          13          15
                  16          18          19          21          22          23
                  25          26          27          29          30          31
                  32          34          36          37          38          39
                  41          42          43          44          45          46
                  47          49          50          51          52          53
                  54          55          57          58          60          61
                  62          63          64          65          66          67
                  68          69          71          72          73          74
                  75          76          78          79          80          81
                  82          84          85          86          87          88
                  89          90          91          92          93          95
                  96          97          98         101         102         103
                 105         107         108         109         110         112
                 113         114         115         116         117         118
                 121         122         123         124         125         126
                 127         128         129         130         131         132
                 133         136         137         139         140         141
                 142         143         144         145         146         147
                 148         149         150         151         152         153
                 155         156         159         161         162         163
                 164         165         166         167         168         170
                 171         172         174         175         176         178
                 179         180         181         183         185         186
                 187         188         189         190         191         192
                 193         194         195         196         198         199
                 200         201         203         204         205         206
                 207         209         210         211         212         213
                 214         215         216         217         218         219
                 220         222         223         224         225         226
                 227         228         229         230         231         233
                 234         236         237         238         239         240
                 241         242         243         244         245         246
                 247         248         249         250         251         252
                 254         255         256         257         258         259
                 260         261         262         263         264         265
                 266         267         268         269         271         272
                 273         274         275         276         277         278
                 279         280         281         283         284         285
                 286         287
COMM PE            6
RECV PE           38           5
                 106         138         160         177         197
RECV PE           39           3
                  56          99         169
RECV PE           48           4
                 182         202         221         235
RECV PE           51          15
                  94         104         111         119         134         154
                 158         173         184         208         232         253
                 270         282         288
RECV PE           52          11
                   1           2           3           4           6           7
                  11          14          20          24          35
RECV PE           54          14
                   9          17          28          33          40          48
                  59          70          77          83         100         120
                 135         157
SEND PE           38           5
                  58          61          75          87         131
SEND PE           39           2
                  49          75
SEND PE           48           5
                 163         188         209         214         230
SEND PE           51          16
                  63          65          74          76          98         108
                 128         131         165         192         217         240
                 259         273         284         287
SEND PE           52          10
                   5           8          10          12          15          16
                  21          27          30          49
SEND PE           54          14
                  15          23          34          38          44          52
                  60          68          79          88         107         126
                 142         163
