bi_1997_v2.grd                                                                  
     506     288
    3907 -0.769881300000E+02  0.344633200000E+02  0.208520000000E+02
    3991 -0.769589200000E+02  0.344771300000E+02  0.214760000000E+02
    4006 -0.770157300000E+02  0.344791100000E+02  0.190270000000E+02
    4076 -0.769300400000E+02  0.344906100000E+02  0.213190000000E+02
    4092 -0.769860800000E+02  0.344931100000E+02  0.192280000000E+02
    4106 -0.770436900000E+02  0.344948700000E+02  0.184340000000E+02
    4158 -0.769016100000E+02  0.345037200000E+02  0.205570000000E+02
    4178 -0.769566500000E+02  0.345066900000E+02  0.193260000000E+02
    4190 -0.770719200000E+02  0.345084700000E+02  0.175940000000E+02
    4197 -0.770135700000E+02  0.345094800000E+02  0.180890000000E+02
    4239 -0.768737300000E+02  0.345164300000E+02  0.199890000000E+02
    4267 -0.769275800000E+02  0.345199000000E+02  0.193970000000E+02
    4289 -0.769834000000E+02  0.345228600000E+02  0.180400000000E+02
    4329 -0.768465000000E+02  0.345284900000E+02  0.196840000000E+02
    4333 -0.770428500000E+02  0.345278800000E+02  0.174140000000E+02
    4362 -0.768989800000E+02  0.345325900000E+02  0.189250000000E+02
    4390 -0.770756500000E+02  0.345373700000E+02  0.169110000000E+02
    4391 -0.769538800000E+02  0.345365900000E+02  0.181760000000E+02
    4416 -0.770096000000E+02  0.345389600000E+02  0.171620000000E+02
    4419 -0.768202100000E+02  0.345395800000E+02  0.195140000000E+02
    4463 -0.768708400000E+02  0.345451300000E+02  0.185980000000E+02
    4506 -0.769244000000E+02  0.345492400000E+02  0.180460000000E+02
    4507 -0.770539500000E+02  0.345505100000E+02  0.169570000000E+02
    4508 -0.767953600000E+02  0.345498600000E+02  0.188180000000E+02
    4542 -0.769806000000E+02  0.345523300000E+02  0.171380000000E+02
    4551 -0.770314000000E+02  0.345553900000E+02  0.165020000000E+02
    4569 -0.768430100000E+02  0.345561900000E+02  0.186170000000E+02
    4602 -0.770699600000E+02  0.345607000000E+02  0.161670000000E+02
    4626 -0.768958100000E+02  0.345611900000E+02  0.177790000000E+02
    4660 -0.768164400000E+02  0.345654300000E+02  0.183880000000E+02
    4676 -0.770056900000E+02  0.345657500000E+02  0.160970000000E+02
    4698 -0.769506900000E+02  0.345685000000E+02  0.173490000000E+02
    4724 -0.770828700000E+02  0.345717700000E+02  0.155050000000E+02
    4728 -0.770498200000E+02  0.345711400000E+02  0.157600000000E+02
    4755 -0.767918600000E+02  0.345741100000E+02  0.180420000000E+02
    4778 -0.768671700000E+02  0.345759600000E+02  0.180360000000E+02
    4783 -0.769195300000E+02  0.345766900000E+02  0.169550000000E+02
    4801 -0.770675900000E+02  0.345772800000E+02  0.155500000000E+02
    4804 -0.770264700000E+02  0.345780500000E+02  0.154090000000E+02
    4837 -0.770920500000E+02  0.345819100000E+02  0.152690000000E+02
    4854 -0.768370400000E+02  0.345825600000E+02  0.179550000000E+02
    4861 -0.769803200000E+02  0.345813300000E+02  0.160890000000E+02
    4881 -0.770567600000E+02  0.345850400000E+02  0.153750000000E+02
    4884 -0.770789500000E+02  0.345849900000E+02  0.152080000000E+02
    4950 -0.770057400000E+02  0.345883900000E+02  0.152210000000E+02
    4953 -0.768940000000E+02  0.345875200000E+02  0.168590000000E+02
    4954 -0.770671600000E+02  0.345899800000E+02  0.154870000000E+02
    4961 -0.770987300000E+02  0.345910800000E+02  0.150410000000E+02
    4962 -0.768112500000E+02  0.345902900000E+02  0.173670000000E+02
    4971 -0.770425300000E+02  0.345909200000E+02  0.149500000000E+02
    4981 -0.769583300000E+02  0.345903800000E+02  0.162650000000E+02
    4998 -0.770874600000E+02  0.345927400000E+02  0.148420000000E+02
    5000 -0.769378500000E+02  0.345929300000E+02  0.160940000000E+02
    5057 -0.770765400000E+02  0.345961800000E+02  0.146610000000E+02
    5060 -0.770566600000E+02  0.345958600000E+02  0.156340000000E+02
    5073 -0.767870400000E+02  0.345973100000E+02  0.167500000000E+02
    5078 -0.770235900000E+02  0.345967300000E+02  0.147320000000E+02
    5095 -0.768752700000E+02  0.345985000000E+02  0.173160000000E+02
    5105 -0.771031400000E+02  0.345993000000E+02  0.147740000000E+02
    5109 -0.770939300000E+02  0.345994900000E+02  0.146100000000E+02
    5127 -0.768543500000E+02  0.346006100000E+02  0.172040000000E+02
    5136 -0.770664200000E+02  0.346004500000E+02  0.151900000000E+02
    5141 -0.769902600000E+02  0.346015800000E+02  0.152280000000E+02
    5146 -0.769145400000E+02  0.346007400000E+02  0.158670000000E+02
    5164 -0.769709600000E+02  0.346024200000E+02  0.154760000000E+02
    5172 -0.770845900000E+02  0.346027100000E+02  0.143130000000E+02
    5192 -0.770486900000E+02  0.346040700000E+02  0.154680000000E+02
    5211 -0.770980800000E+02  0.346048600000E+02  0.145690000000E+02
    5215 -0.770584100000E+02  0.346046700000E+02  0.154310000000E+02
    5218 -0.771031600000E+02  0.346050100000E+02  0.147830000000E+02
    5222 -0.770357100000E+02  0.346054800000E+02  0.151440000000E+02
    5238 -0.770746400000E+02  0.346061900000E+02  0.145400000000E+02
    5241 -0.770915600000E+02  0.346062100000E+02  0.142880000000E+02
    5256 -0.769518800000E+02  0.346066900000E+02  0.154690000000E+02
    5261 -0.768301200000E+02  0.346068600000E+02  0.167220000000E+02
    5270 -0.770080900000E+02  0.346068800000E+02  0.146900000000E+02
    5277 -0.771059300000E+02  0.346081800000E+02  0.147590000000E+02
    5284 -0.770866600000E+02  0.346086000000E+02  0.140260000000E+02
    5288 -0.771010400000E+02  0.346090600000E+02  0.146000000000E+02
    5305 -0.770814000000E+02  0.346095000000E+02  0.142750000000E+02
    5310 -0.770651200000E+02  0.346097800000E+02  0.148560000000E+02
    5311 -0.770957400000E+02  0.346100400000E+02  0.143110000000E+02
    5354 -0.771089800000E+02  0.346115500000E+02  0.144380000000E+02
    5356 -0.770904200000E+02  0.346115200000E+02  0.139830000000E+02
    5371 -0.770767400000E+02  0.346118500000E+02  0.141910000000E+02
    5374 -0.770229900000E+02  0.346106600000E+02  0.147960000000E+02
    5385 -0.768918200000E+02  0.346120400000E+02  0.164790000000E+02
    5391 -0.771041900000E+02  0.346125800000E+02  0.144580000000E+02
    5400 -0.770716900000E+02  0.346128000000E+02  0.142500000000E+02
    5405 -0.770853500000E+02  0.346130500000E+02  0.140900000000E+02
    5408 -0.770551400000E+02  0.346131700000E+02  0.152400000000E+02
    5414 -0.770992200000E+02  0.346136600000E+02  0.142410000000E+02
    5436 -0.770436700000E+02  0.346143200000E+02  0.154310000000E+02
    5438 -0.769953200000E+02  0.346137900000E+02  0.146130000000E+02
    5443 -0.770804200000E+02  0.346145900000E+02  0.142050000000E+02
    5455 -0.770941400000E+02  0.346149000000E+02  0.138840000000E+02
    5462 -0.770672200000E+02  0.346151100000E+02  0.143240000000E+02
    5467 -0.769322300000E+02  0.346145700000E+02  0.153380000000E+02
    5486 -0.768050600000E+02  0.346154200000E+02  0.160870000000E+02
    5489 -0.771074100000E+02  0.346159400000E+02  0.140470000000E+02
    5506 -0.770755800000E+02  0.346161500000E+02  0.139390000000E+02
    5508 -0.770891000000E+02  0.346162900000E+02  0.137730000000E+02
    5513 -0.770622800000E+02  0.346160400000E+02  0.146680000000E+02
    5515 -0.769812200000E+02  0.346166600000E+02  0.146860000000E+02
    5517 -0.770327500000E+02  0.346162000000E+02  0.152650000000E+02
    5524 -0.768691000000E+02  0.346162800000E+02  0.165910000000E+02
    5533 -0.771025900000E+02  0.346170800000E+02  0.139060000000E+02
    5534 -0.770144000000E+02  0.346171300000E+02  0.144680000000E+02
    5550 -0.770708500000E+02  0.346177000000E+02  0.140320000000E+02
    5551 -0.770841500000E+02  0.346177400000E+02  0.139210000000E+02
    5553 -0.769638000000E+02  0.346178500000E+02  0.148860000000E+02
    5565 -0.770582700000E+02  0.346182300000E+02  0.147210000000E+02
    5571 -0.770976700000E+02  0.346182900000E+02  0.136660000000E+02
    5594 -0.770499000000E+02  0.346191300000E+02  0.150790000000E+02
    5600 -0.770547600000E+02  0.346191400000E+02  0.148860000000E+02
    5602 -0.770793000000E+02  0.346192200000E+02  0.138690000000E+02
    5608 -0.770662000000E+02  0.346192400000E+02  0.142240000000E+02
    5610 -0.770927300000E+02  0.346195800000E+02  0.135580000000E+02
    5626 -0.770042900000E+02  0.346198800000E+02  0.143980000000E+02
    5641 -0.771059600000E+02  0.346204000000E+02  0.109430000000E+02
    5654 -0.770617100000E+02  0.346207100000E+02  0.144840000000E+02
    5655 -0.770745400000E+02  0.346207100000E+02  0.137620000000E+02
    5662 -0.770878100000E+02  0.346209400000E+02  0.135400000000E+02
    5667 -0.770446800000E+02  0.346209000000E+02  0.152700000000E+02
    5673 -0.770388300000E+02  0.346213300000E+02  0.153680000000E+02
    5681 -0.771011400000E+02  0.346216200000E+02  0.129540000000E+02
    5690 -0.770574700000E+02  0.346220900000E+02  0.147310000000E+02
    5695 -0.770234200000E+02  0.346215700000E+02  0.147050000000E+02
    5698 -0.770698600000E+02  0.346221900000E+02  0.139210000000E+02
    5700 -0.770829600000E+02  0.346223500000E+02  0.135850000000E+02
    5713 -0.769118700000E+02  0.346206400000E+02  0.156630000000E+02
    5717 -0.770962700000E+02  0.346228700000E+02  0.128370000000E+02
    5724 -0.770530200000E+02  0.346230700000E+02  0.147740000000E+02
    5730 -0.769482200000E+02  0.346220000000E+02  0.149480000000E+02
    5740 -0.771093700000E+02  0.346236700000E+02  0.964700000000E+01
    5742 -0.770652800000E+02  0.346236400000E+02  0.142190000000E+02
    5747 -0.770781800000E+02  0.346237800000E+02  0.134550000000E+02
    5748 -0.768475300000E+02  0.346234500000E+02  0.162010000000E+02
    5758 -0.770481200000E+02  0.346242000000E+02  0.150100000000E+02
    5759 -0.770913900000E+02  0.346241700000E+02  0.129570000000E+02
    5781 -0.770318600000E+02  0.346238500000E+02  0.150670000000E+02
    5792 -0.771045800000E+02  0.346249000000E+02  0.957800000000E+01
    5796 -0.770607900000E+02  0.346250300000E+02  0.145440000000E+02
    5808 -0.770734700000E+02  0.346252200000E+02  0.135960000000E+02
    5816 -0.770865600000E+02  0.346255200000E+02  0.130340000000E+02
    5819 -0.770428400000E+02  0.346255300000E+02  0.150440000000E+02
    5836 -0.770997500000E+02  0.346261400000E+02  0.981100000000E+01
    5845 -0.770562900000E+02  0.346263200000E+02  0.146000000000E+02
    5857 -0.770688400000E+02  0.346266400000E+02  0.138770000000E+02
    5867 -0.770817700000E+02  0.346268900000E+02  0.130090000000E+02
    5874 -0.770271100000E+02  0.346272500000E+02  0.147320000000E+02
    5887 -0.770372200000E+02  0.346272100000E+02  0.149810000000E+02
    5889 -0.770949200000E+02  0.346274100000E+02  0.118510000000E+02
    5892 -0.770132600000E+02  0.346267100000E+02  0.144260000000E+02
    5895 -0.770516100000E+02  0.346275900000E+02  0.147340000000E+02
    5910 -0.770642700000E+02  0.346280400000E+02  0.142920000000E+02
    5914 -0.771080600000E+02  0.346281800000E+02  0.820400000000E+01
    5916 -0.769370700000E+02  0.346279200000E+02  0.149550000000E+02
    5922 -0.770770500000E+02  0.346282800000E+02  0.129470000000E+02
    5934 -0.768809200000E+02  0.346288200000E+02  0.162300000000E+02
    5935 -0.770901100000E+02  0.346287000000E+02  0.118740000000E+02
    5950 -0.770466700000E+02  0.346289700000E+02  0.147860000000E+02
    5960 -0.771032300000E+02  0.346294100000E+02  0.850000000000E+01
    5962 -0.770597200000E+02  0.346294100000E+02  0.143120000000E+02
    5966 -0.770215800000E+02  0.346292200000E+02  0.144910000000E+02
    5974 -0.770723800000E+02  0.346296800000E+02  0.132530000000E+02
    5978 -0.770318200000E+02  0.346295600000E+02  0.148910000000E+02
    5986 -0.770853300000E+02  0.346300300000E+02  0.120720000000E+02
    5988 -0.768254900000E+02  0.346287500000E+02  0.156690000000E+02
    6006 -0.770984200000E+02  0.346306500000E+02  0.860600000000E+01
    6009 -0.770415300000E+02  0.346305800000E+02  0.147690000000E+02
    6012 -0.770551200000E+02  0.346307700000E+02  0.144250000000E+02
    6018 -0.769243300000E+02  0.346310400000E+02  0.151500000000E+02
    6021 -0.770677800000E+02  0.346310700000E+02  0.137310000000E+02
    6033 -0.770805900000E+02  0.346313800000E+02  0.122590000000E+02
    6049 -0.770936300000E+02  0.346319000000E+02  0.829200000000E+01
    6051 -0.768972200000E+02  0.346316600000E+02  0.158230000000E+02
    6058 -0.770504000000E+02  0.346322000000E+02  0.144560000000E+02
    6068 -0.770632200000E+02  0.346324500000E+02  0.139910000000E+02
    6073 -0.770364000000E+02  0.346324500000E+02  0.147300000000E+02
    6074 -0.770268400000E+02  0.346320800000E+02  0.146670000000E+02
    6076 -0.771067100000E+02  0.346327100000E+02  0.461600000000E+01
    6079 -0.770759000000E+02  0.346327500000E+02  0.124350000000E+02
    6080 -0.770168800000E+02  0.346328700000E+02  0.143800000000E+02
    6089 -0.770888400000E+02  0.346331700000E+02  0.855100000000E+01
    6104 -0.770455300000E+02  0.346337800000E+02  0.143610000000E+02
    6105 -0.770586500000E+02  0.346338300000E+02  0.137570000000E+02
    6107 -0.771018900000E+02  0.346339100000E+02  0.494200000000E+01
    6115 -0.770712700000E+02  0.346341200000E+02  0.128620000000E+02
    6122 -0.770841000000E+02  0.346344900000E+02  0.872500000000E+01
    6137 -0.770315300000E+02  0.346345700000E+02  0.147250000000E+02
    6145 -0.770220200000E+02  0.346348600000E+02  0.144400000000E+02
    6146 -0.770971100000E+02  0.346351400000E+02  0.423600000000E+01
    6154 -0.770540600000E+02  0.346352700000E+02  0.139990000000E+02
    6156 -0.770667000000E+02  0.346354900000E+02  0.133160000000E+02
    6161 -0.770405500000E+02  0.346355600000E+02  0.143730000000E+02
    6164 -0.769111600000E+02  0.346337000000E+02  0.153480000000E+02
    6168 -0.770793900000E+02  0.346358400000E+02  0.901100000000E+01
    6184 -0.770923400000E+02  0.346363300000E+02  0.732800000000E+01
    6196 -0.770621700000E+02  0.346368600000E+02  0.132890000000E+02
    6197 -0.770494000000E+02  0.346368200000E+02  0.139720000000E+02
    6208 -0.771052700000E+02  0.346371800000E+02  0.339300000000E+01
    6211 -0.770747400000E+02  0.346372000000E+02  0.928900000000E+01
    6214 -0.770269900000E+02  0.346370400000E+02  0.145050000000E+02
    6216 -0.770357300000E+02  0.346372300000E+02  0.143840000000E+02
    6221 -0.770875900000E+02  0.346376000000E+02  0.744000000000E+01
    6236 -0.770576600000E+02  0.346382600000E+02  0.133920000000E+02
    6240 -0.770172000000E+02  0.346380400000E+02  0.142500000000E+02
    6241 -0.771006000000E+02  0.346384200000E+02  0.316200000000E+01
    6243 -0.770701500000E+02  0.346385500000E+02  0.946800000000E+01
    6250 -0.770446300000E+02  0.346385800000E+02  0.140940000000E+02
    6255 -0.770828700000E+02  0.346389300000E+02  0.767600000000E+01
    6275 -0.770314300000E+02  0.346391300000E+02  0.145660000000E+02
    6279 -0.770958400000E+02  0.346395800000E+02  0.224200000000E+01
    6285 -0.770531500000E+02  0.346397400000E+02  0.135040000000E+02
    6287 -0.770656300000E+02  0.346398900000E+02  0.945400000000E+01
    6293 -0.770226400000E+02  0.346399300000E+02  0.142650000000E+02
    6299 -0.770781800000E+02  0.346402900000E+02  0.806100000000E+01
    6308 -0.770910300000E+02  0.346406200000E+02  0.249500000000E+01
    6311 -0.770395000000E+02  0.346407500000E+02  0.141190000000E+02
    6316 -0.771037200000E+02  0.346409100000E+02  0.239300000000E+01
    6322 -0.770349400000E+02  0.346409400000E+02  0.142340000000E+02
    6331 -0.770611600000E+02  0.346412500000E+02  0.944200000000E+01
    6341 -0.770486400000E+02  0.346413600000E+02  0.135300000000E+02
    6348 -0.770735500000E+02  0.346416300000E+02  0.809800000000E+01
    6354 -0.770275100000E+02  0.346417100000E+02  0.141740000000E+02
    6359 -0.770863400000E+02  0.346420100000E+02  0.265000000000E+01
    6384 -0.770567500000E+02  0.346426400000E+02  0.946300000000E+01
    6389 -0.770690200000E+02  0.346429500000E+02  0.818000000000E+01
    6396 -0.770941900000E+02  0.346431800000E+02  0.104100000000E+01
    6399 -0.770319100000E+02  0.346432700000E+02  0.141200000000E+02
    6400 -0.770184800000E+02  0.346432300000E+02  0.139340000000E+02
    6401 -0.770816200000E+02  0.346433800000E+02  0.288900000000E+01
    6409 -0.770442000000E+02  0.346432200000E+02  0.135960000000E+02
    6418 -0.770997700000E+02  0.346438100000E+02  0.988000000000E+00
    6428 -0.770523800000E+02  0.346441000000E+02  0.947500000000E+01
    6432 -0.770645800000E+02  0.346442600000E+02  0.817200000000E+01
    6444 -0.770361500000E+02  0.346443300000E+02  0.137900000000E+02
    6454 -0.770769000000E+02  0.346447300000E+02  0.289600000000E+01
    6457 -0.770236400000E+02  0.346447500000E+02  0.138390000000E+02
    6464 -0.770898600000E+02  0.346450300000E+02  0.963000000000E+00
    6489 -0.770403100000E+02  0.346454700000E+02  0.133840000000E+02
    6492 -0.770602200000E+02  0.346455700000E+02  0.814300000000E+01
    6503 -0.770480800000E+02  0.346457000000E+02  0.934500000000E+01
    6507 -0.770723100000E+02  0.346460600000E+02  0.276300000000E+01
    6519 -0.770284500000E+02  0.346461900000E+02  0.136990000000E+02
    6531 -0.770851000000E+02  0.346464900000E+02  0.110600000000E+01
    6557 -0.770559400000E+02  0.346469000000E+02  0.813500000000E+01
    6571 -0.770678900000E+02  0.346473200000E+02  0.267200000000E+01
    6572 -0.770330000000E+02  0.346473500000E+02  0.133220000000E+02
    6588 -0.770440100000E+02  0.346474500000E+02  0.904400000000E+01
    6594 -0.770803000000E+02  0.346478200000E+02  0.109200000000E+01
    6609 -0.770198900000E+02  0.346480600000E+02  0.135530000000E+02
    6615 -0.770372500000E+02  0.346482000000E+02  0.928700000000E+01
    6632 -0.770517200000E+02  0.346482800000E+02  0.825400000000E+01
    6645 -0.770635300000E+02  0.346485900000E+02  0.262200000000E+01
    6677 -0.770407300000E+02  0.346489000000E+02  0.869200000000E+01
    6682 -0.770754700000E+02  0.346492400000E+02  0.940000000000E+00
    6694 -0.770248900000E+02  0.346494000000E+02  0.133240000000E+02
    6717 -0.770593500000E+02  0.346498100000E+02  0.257500000000E+01
    6720 -0.770475500000E+02  0.346498000000E+02  0.794400000000E+01
    6762 -0.770710500000E+02  0.346504600000E+02  0.853000000000E+00
    6778 -0.770297600000E+02  0.346506600000E+02  0.888100000000E+01
    6811 -0.770552400000E+02  0.346509900000E+02  0.266100000000E+01
    6825 -0.770344800000E+02  0.346514600000E+02  0.839200000000E+01
    6839 -0.770432400000E+02  0.346516200000E+02  0.746700000000E+01
    6846 -0.770388300000E+02  0.346517400000E+02  0.775500000000E+01
    6848 -0.770668600000E+02  0.346516200000E+02  0.830000000000E+00
    6896 -0.770511200000E+02  0.346522100000E+02  0.266300000000E+01
    6926 -0.770213400000E+02  0.346527600000E+02  0.874500000000E+01
    6940 -0.770623000000E+02  0.346529500000E+02  0.775000000000E+00
    7001 -0.770471000000E+02  0.346535100000E+02  0.244600000000E+01
    7011 -0.770263000000E+02  0.346540000000E+02  0.807600000000E+01
    7016 -0.770588500000E+02  0.346538600000E+02  0.826000000000E+00
    7082 -0.770406600000E+02  0.346549800000E+02  0.235100000000E+01
    7090 -0.770544800000E+02  0.346548800000E+02  0.102000000000E+01
    7099 -0.770438500000E+02  0.346549400000E+02  0.210700000000E+01
    7103 -0.770365900000E+02  0.346552700000E+02  0.675500000000E+01
    7123 -0.770314500000E+02  0.346555700000E+02  0.735700000000E+01
    7163 -0.770506200000E+02  0.346558300000E+02  0.108800000000E+01
    7199 -0.770462400000E+02  0.346567100000E+02  0.109400000000E+01
    7272 -0.770228400000E+02  0.346577500000E+02  0.721800000000E+01
    7279 -0.770420000000E+02  0.346578600000E+02  0.961000000000E+00
    7301 -0.770275000000E+02  0.346578400000E+02  0.203000000000E+01
    7334 -0.770394300000E+02  0.346584600000E+02  0.903000000000E+00
    7414 -0.770347100000E+02  0.346594100000E+02  0.864000000000E+00
    7503 -0.770308200000E+02  0.346603600000E+02  0.757000000000E+00
    7619 -0.770260900000E+02  0.346615200000E+02  0.633000000000E+00
       1 3     3907     3991     4092
       2 3     3907     4092     4006
       3 3     3991     4076     4178
       4 3     3991     4178     4092
       5 3     4006     4092     4197
       6 3     4006     4197     4106
       7 3     4076     4158     4267
       8 3     4076     4267     4178
       9 3     4092     4178     4289
      10 3     4092     4289     4197
      11 3     4106     4197     4333
      12 3     4106     4333     4190
      13 3     4158     4239     4362
      14 3     4158     4362     4267
      15 3     4178     4267     4391
      16 3     4178     4391     4289
      17 3     4197     4289     4416
      18 3     4190     4333     4390
      19 3     4197     4416     4333
      20 3     4239     4329     4463
      21 3     4239     4463     4362
      22 3     4267     4362     4506
      23 3     4333     4507     4390
      24 3     4267     4506     4391
      25 3     4289     4391     4542
      26 3     4333     4416     4551
      27 3     4289     4542     4416
      28 3     4329     4419     4569
      29 3     4333     4551     4507
      30 3     4329     4569     4463
      31 3     4390     4507     4602
      32 3     4362     4463     4626
      33 3     4362     4626     4506
      34 3     4419     4508     4660
      35 3     4416     4542     4676
      36 3     4416     4676     4551
      37 3     4419     4660     4569
      38 3     4391     4506     4698
      39 3     4391     4698     4542
      40 3     4507     4551     4728
      41 3     4507     4728     4602
      42 3     4463     4569     4778
      43 3     4508     4755     4660
      44 3     4506     4626     4783
      45 3     4602     4801     4724
      46 3     4602     4728     4801
      47 3     4551     4676     4804
      48 3     4463     4778     4626
      49 3     4551     4804     4728
      50 3     4506     4783     4698
      51 3     4569     4660     4854
      52 3     4542     4861     4676
      53 3     4728     4881     4801
      54 3     4542     4698     4861
      55 3     4724     4801     4884
      56 3     4724     4884     4837
      57 3     4569     4854     4778
      58 3     4676     4950     4804
      59 3     4626     4778     4953
      60 3     4801     4881     4954
      61 3     4626     4953     4783
      62 3     4660     4755     4962
      63 3     4728     4804     4971
      64 3     4801     4954     4884
      65 3     4728     4971     4881
      66 3     4698     4981     4861
      67 3     4676     4861     4950
      68 3     4837     4884     4998
      69 3     4698     4783     5000
      70 3     4660     4962     4854
      71 3     4837     4998     4961
      72 3     4698     5000     4981
      73 3     4884     4954     5057
      74 3     4881     5060     4954
      75 3     4884     5057     4998
      76 3     4804     4950     5078
      77 3     4881     4971     5060
      78 3     4778     5095     4953
      79 3     4961     4998     5109
      80 3     4804     5078     4971
      81 3     4778     4854     5127
      82 3     4954     5060     5136
      83 3     4755     5073     4962
      84 3     4861     5141     4950
      85 3     4954     5136     5057
      86 3     4783     4953     5146
      87 3     4961     5109     5105
      88 3     4861     4981     5164
      89 3     4998     5057     5172
      90 3     5060     4971     5192
      91 3     4998     5172     5109
      92 3     4778     5127     5095
      93 3     4783     5146     5000
      94 3     5109     5211     5105
      95 3     5060     5215     5136
      96 3     4971     5078     5222
      97 3     5105     5211     5218
      98 3     4861     5164     5141
      99 3     5057     5136     5238
     100 3     5109     5172     5241
     101 3     5060     5192     5215
     102 3     4981     5000     5256
     103 3     5109     5241     5211
     104 3     4854     4962     5261
     105 3     5057     5238     5172
     106 3     4950     5270     5078
     107 3     4971     5222     5192
     108 3     5172     5284     5241
     109 3     5218     5211     5288
     110 3     4950     5141     5270
     111 3     5172     5238     5305
     112 3     5136     5215     5310
     113 3     5211     5241     5311
     114 3     5172     5305     5284
     115 3     5218     5288     5277
     116 3     5211     5311     5288
     117 3     4854     5261     5127
     118 3     4981     5256     5164
     119 3     5136     5310     5238
     120 3     5241     5284     5356
     121 3     5238     5371     5305
     122 3     5078     5374     5222
     123 3     5241     5356     5311
     124 3     4953     5095     5385
     125 3     5277     5288     5391
     126 3     5078     5270     5374
     127 3     5238     5310     5400
     128 3     5284     5305     5405
     129 3     5238     5400     5371
     130 3     5215     5192     5408
     131 3     5277     5391     5354
     132 3     5288     5311     5414
     133 3     5284     5405     5356
     134 3     5192     5222     5436
     135 3     5141     5438     5270
     136 3     5305     5371     5443
     137 3     5288     5414     5391
     138 3     4953     5385     5146
     139 3     5311     5356     5455
     140 3     5310     5462     5400
     141 3     5000     5146     5467
     142 3     5305     5443     5405
     143 3     5215     5408     5310
     144 3     5311     5455     5414
     145 3     4962     5073     5486
     146 3     5354     5391     5489
     147 3     5371     5400     5506
     148 3     5356     5405     5508
     149 3     5310     5408     5513
     150 3     5141     5164     5515
     151 3     5310     5513     5462
     152 3     5222     5374     5517
     153 3     5095     5127     5524
     154 3     5371     5506     5443
     155 3     5391     5414     5533
     156 3     5192     5436     5408
     157 3     5270     5534     5374
     158 3     5000     5467     5256
     159 3     5356     5508     5455
     160 3     5400     5462     5550
     161 3     5405     5443     5551
     162 3     5164     5256     5553
     163 3     5391     5533     5489
     164 3     5408     5565     5513
     165 3     5222     5517     5436
     166 3     5414     5455     5571
     167 3     5400     5550     5506
     168 3     5405     5551     5508
     169 3     5141     5515     5438
     170 3     5408     5436     5594
     171 3     5414     5571     5533
     172 3     5408     5600     5565
     173 3     5443     5506     5602
     174 3     5462     5513     5608
     175 3     4962     5486     5261
     176 3     5455     5508     5610
     177 3     5408     5594     5600
     178 3     5270     5438     5626
     179 3     5443     5602     5551
     180 3     5462     5608     5550
     181 3     5489     5533     5641
     182 3     5455     5610     5571
     183 3     5513     5565     5654
     184 3     5506     5550     5655
     185 3     5270     5626     5534
     186 3     5508     5551     5662
     187 3     5436     5667     5594
     188 3     5513     5654     5608
     189 3     5436     5517     5673
     190 3     5506     5655     5602
     191 3     5533     5571     5681
     192 3     5508     5662     5610
     193 3     5565     5600     5690
     194 3     5436     5673     5667
     195 3     5095     5524     5385
     196 3     5374     5695     5517
     197 3     5374     5534     5695
     198 3     5550     5608     5698
     199 3     5164     5553     5515
     200 3     5551     5602     5700
     201 3     5533     5681     5641
     202 3     5146     5385     5713
     203 3     5565     5690     5654
     204 3     5571     5610     5717
     205 3     5550     5698     5655
     206 3     5600     5594     5724
     207 3     5551     5700     5662
     208 3     5256     5467     5730
     209 3     5608     5654     5742
     210 3     5571     5717     5681
     211 3     5602     5655     5747
     212 3     5127     5261     5748
     213 3     5146     5713     5467
     214 3     5600     5724     5690
     215 3     5594     5667     5758
     216 3     5610     5662     5759
     217 3     5608     5742     5698
     218 3     5602     5747     5700
     219 3     5517     5781     5673
     220 3     5256     5730     5553
     221 3     5641     5681     5792
     222 3     5517     5695     5781
     223 3     5594     5758     5724
     224 3     5610     5759     5717
     225 3     5654     5690     5796
     226 3     5655     5698     5808
     227 3     5662     5700     5816
     228 3     5667     5673     5819
     229 3     5654     5796     5742
     230 3     5641     5792     5740
     231 3     5655     5808     5747
     232 3     5681     5717     5836
     233 3     5690     5724     5845
     234 3     5662     5816     5759
     235 3     5667     5819     5758
     236 3     5127     5748     5524
     237 3     5698     5742     5857
     238 3     5700     5747     5867
     239 3     5681     5836     5792
     240 3     5690     5845     5796
     241 3     5695     5874     5781
     242 3     5698     5857     5808
     243 3     5673     5781     5887
     244 3     5717     5759     5889
     245 3     5534     5626     5892
     246 3     5724     5758     5895
     247 3     5700     5867     5816
     248 3     5673     5887     5819
     249 3     5742     5796     5910
     250 3     5740     5792     5914
     251 3     5467     5916     5730
     252 3     5717     5889     5836
     253 3     5534     5892     5695
     254 3     5747     5808     5922
     255 3     5724     5895     5845
     256 3     5524     5934     5385
     257 3     5759     5816     5935
     258 3     5742     5910     5857
     259 3     5758     5819     5950
     260 3     5747     5922     5867
     261 3     5792     5836     5960
     262 3     5796     5845     5962
     263 3     5759     5935     5889
     264 3     5695     5966     5874
     265 3     5808     5857     5974
     266 3     5758     5950     5895
     267 3     5781     5874     5978
     268 3     5695     5892     5966
     269 3     5816     5867     5986
     270 3     5781     5978     5887
     271 3     5261     5486     5988
     272 3     5796     5962     5910
     273 3     5792     5960     5914
     274 3     5808     5974     5922
     275 3     5836     5889     6006
     276 3     5819     5887     6009
     277 3     5845     5895     6012
     278 3     5816     5986     5935
     279 3     5467     5713     6018
     280 3     5857     5910     6021
     281 3     5819     6009     5950
     282 3     5867     5922     6033
     283 3     5845     6012     5962
     284 3     5836     6006     5960
     285 3     5857     6021     5974
     286 3     5889     5935     6049
     287 3     5385     6051     5713
     288 3     5867     6033     5986
     289 3     5895     5950     6058
     290 3     5467     6018     5916
     291 3     5910     5962     6068
     292 3     5261     5988     5748
     293 3     5887     5978     6073
     294 3     5874     5966     6074
     295 3     5874     6074     5978
     296 3     5914     5960     6076
     297 3     5889     6049     6006
     298 3     5922     5974     6079
     299 3     5892     6080     5966
     300 3     5895     6058     6012
     301 3     5887     6073     6009
     302 3     5910     6068     6021
     303 3     5935     5986     6089
     304 3     5922     6079     6033
     305 3     5950     6009     6104
     306 3     5962     6012     6105
     307 3     5960     6006     6107
     308 3     5385     5934     6051
     309 3     5935     6089     6049
     310 3     5974     6021     6115
     311 3     5950     6104     6058
     312 3     5986     6033     6122
     313 3     5962     6105     6068
     314 3     5960     6107     6076
     315 3     5974     6115     6079
     316 3     5978     6074     6137
     317 3     5978     6137     6073
     318 3     5966     6145     6074
     319 3     6006     6049     6146
     320 3     5986     6122     6089
     321 3     6012     6058     6154
     322 3     5966     6080     6145
     323 3     6021     6068     6156
     324 3     6009     6073     6161
     325 3     5713     6164     6018
     326 3     6033     6079     6168
     327 3     5713     6051     6164
     328 3     6012     6154     6105
     329 3     6006     6146     6107
     330 3     6021     6156     6115
     331 3     6009     6161     6104
     332 3     6049     6089     6184
     333 3     6033     6168     6122
     334 3     6068     6105     6196
     335 3     6058     6104     6197
     336 3     6076     6107     6208
     337 3     6049     6184     6146
     338 3     6079     6115     6211
     339 3     6074     6214     6137
     340 3     6073     6137     6216
     341 3     6058     6197     6154
     342 3     6068     6196     6156
     343 3     6074     6145     6214
     344 3     6089     6122     6221
     345 3     6073     6216     6161
     346 3     6079     6211     6168
     347 3     6105     6154     6236
     348 3     6080     6240     6145
     349 3     6107     6146     6241
     350 3     6089     6221     6184
     351 3     6115     6156     6243
     352 3     6104     6161     6250
     353 3     6105     6236     6196
     354 3     6122     6168     6255
     355 3     6107     6241     6208
     356 3     6104     6250     6197
     357 3     6115     6243     6211
     358 3     6137     6275     6216
     359 3     6137     6214     6275
     360 3     6146     6184     6279
     361 3     6122     6255     6221
     362 3     6154     6197     6285
     363 3     6156     6196     6287
     364 3     6145     6293     6214
     365 3     6168     6211     6299
     366 3     6154     6285     6236
     367 3     6146     6279     6241
     368 3     6156     6287     6243
     369 3     6184     6221     6308
     370 3     6145     6240     6293
     371 3     6161     6216     6311
     372 3     6208     6241     6316
     373 3     6168     6299     6255
     374 3     6216     6275     6322
     375 3     6196     6236     6331
     376 3     6161     6311     6250
     377 3     6197     6250     6341
     378 3     6184     6308     6279
     379 3     6211     6243     6348
     380 3     6214     6354     6275
     381 3     6196     6331     6287
     382 3     6197     6341     6285
     383 3     6221     6255     6359
     384 3     6216     6322     6311
     385 3     6211     6348     6299
     386 3     6214     6293     6354
     387 3     6236     6285     6384
     388 3     6221     6359     6308
     389 3     6243     6287     6389
     390 3     6279     6308     6396
     391 3     6236     6384     6331
     392 3     6275     6399     6322
     393 3     6240     6400     6293
     394 3     6255     6299     6401
     395 3     6250     6311     6409
     396 3     6243     6389     6348
     397 3     6250     6409     6341
     398 3     6275     6354     6399
     399 3     6241     6279     6418
     400 3     6241     6418     6316
     401 3     6255     6401     6359
     402 3     6285     6341     6428
     403 3     6287     6331     6432
     404 3     6322     6444     6311
     405 3     6285     6428     6384
     406 3     6299     6348     6454
     407 3     6293     6457     6354
     408 3     6287     6432     6389
     409 3     6308     6359     6464
     410 3     6279     6396     6418
     411 3     6322     6399     6444
     412 3     6299     6454     6401
     413 3     6311     6489     6409
     414 3     6293     6400     6457
     415 3     6308     6464     6396
     416 3     6331     6384     6492
     417 3     6341     6409     6503
     418 3     6311     6444     6489
     419 3     6348     6389     6507
     420 3     6331     6492     6432
     421 3     6354     6519     6399
     422 3     6341     6503     6428
     423 3     6359     6401     6531
     424 3     6348     6507     6454
     425 3     6354     6457     6519
     426 3     6384     6428     6557
     427 3     6359     6531     6464
     428 3     6389     6432     6571
     429 3     6399     6572     6444
     430 3     6384     6557     6492
     431 3     6409     6489     6588
     432 3     6401     6454     6594
     433 3     6409     6588     6503
     434 3     6389     6571     6507
     435 3     6400     6609     6457
     436 3     6399     6519     6572
     437 3     6444     6615     6489
     438 3     6428     6503     6632
     439 3     6432     6492     6645
     440 3     6401     6594     6531
     441 3     6428     6632     6557
     442 3     6444     6572     6615
     443 3     6489     6677     6588
     444 3     6454     6507     6682
     445 3     6432     6645     6571
     446 3     6489     6615     6677
     447 3     6457     6694     6519
     448 3     6492     6557     6717
     449 3     6503     6588     6720
     450 3     6454     6682     6594
     451 3     6457     6609     6694
     452 3     6503     6720     6632
     453 3     6492     6717     6645
     454 3     6507     6571     6762
     455 3     6519     6778     6572
     456 3     6557     6632     6811
     457 3     6507     6762     6682
     458 3     6572     6825     6615
     459 3     6588     6677     6839
     460 3     6519     6694     6778
     461 3     6557     6811     6717
     462 3     6677     6615     6846
     463 3     6571     6645     6848
     464 3     6571     6848     6762
     465 3     6588     6839     6720
     466 3     6632     6720     6896
     467 3     6572     6778     6825
     468 3     6609     6926     6694
     469 3     6632     6896     6811
     470 3     6615     6825     6846
     471 3     6645     6717     6940
     472 3     6677     6846     6839
     473 3     6645     6940     6848
     474 3     6720     6839     7001
     475 3     6694     7011     6778
     476 3     6717     6811     7016
     477 3     6720     7001     6896
     478 3     6717     7016     6940
     479 3     6694     6926     7011
     480 3     6846     7082     6839
     481 3     6811     6896     7090
     482 3     6839     7099     7001
     483 3     6846     6825     7103
     484 3     6778     7123     6825
     485 3     6839     7082     7099
     486 3     6811     7090     7016
     487 3     6896     7001     7163
     488 3     6846     7103     7082
     489 3     6896     7163     7090
     490 3     6778     7011     7123
     491 3     7001     7099     7199
     492 3     6825     7123     7103
     493 3     6926     7272     7011
     494 3     7082     7279     7099
     495 3     7001     7199     7163
     496 3     7011     7301     7123
     497 3     7082     7103     7334
     498 3     7082     7334     7279
     499 3     7011     7272     7301
     500 3     7099     7279     7199
     501 3     7103     7123     7414
     502 3     7123     7301     7503
     503 3     7103     7414     7334
     504 3     7123     7503     7414
     505 3     7301     7272     7619
     506 3     7301     7619     7503
 0                                                                              
 0                                                                              
 1                                                                              
 19                                                                             
      19       1                                                                
    6396
    6418
    7619
    7503
    7414
    7334
    7279
    7199
    7163
    7090
    7016
    6940
    6848
    6762
    6682
    6594
    6531
    6464
    6396
