FileFmt      1050624           0           0
NELG           58641         560         452
       11691
       11749
       11801
       11889
       11939
       11950
       12008
       12011
       12033
       12061
       12082
       12149
       12164
       12168
       12245
       12253
       12256
       12353
       12356
       12379
       12382
       12391
       12423
       12433
       12443
       12447
       12449
       12450
       12457
       12459
       12460
       12477
       12486
       12487
       12489
       12497
       12502
       12506
       12517
       12518
       12519
       12528
       12530
       12531
       12536
       12549
       12552
       12569
       12570
       12575
       12580
       12585
       12587
       12589
       12592
       12608
       12625
       12627
       12629
       12630
       12631
       12640
       12645
       12650
       12652
       12653
       12654
       12657
       12667
       12674
       12675
       12677
       12683
       12686
       12689
       12708
       12711
       12712
       12713
       12714
       12716
       12724
       12727
       12729
       12730
       12733
       12739
       12743
       12749
       12759
       12766
       12768
       12769
       12771
       12779
       12781
       12785
       12792
       12795
       12803
       12805
       12806
       12808
       12811
       12813
       12818
       12819
       12825
       12830
       12832
       12833
       12835
       12851
       12857
       12858
       12861
       12862
       12866
       12868
       12871
       12872
       12873
       12876
       12877
       12886
       12887
       12893
       12899
       12902
       12904
       12905
       12907
       12910
       12918
       12919
       12922
       12925
       12931
       12934
       12935
       12937
       12938
       12942
       12943
       12945
       12947
       12949
       12953
       12956
       12963
       12965
       12974
       12981
       12986
       12992
       12993
       12994
       12995
       12997
       12998
       12999
       13002
       13003
       13005
       13006
       13007
       13009
       13013
       13014
       13024
       13026
       13029
       13036
       13040
       13043
       13045
       13046
       13050
       13051
       13053
       13055
       13060
       13062
       13065
       13067
       13068
       13071
       13072
       13073
       13074
       13076
       13085
       13087
       13088
       13090
       13092
       13097
       13098
       13107
       13109
       13113
       13119
       13120
       13123
       13133
       13135
       13139
       13146
       13147
       13149
       13150
       13152
       13153
       13159
       13161
       13165
       13166
       13170
       13177
       13180
       13182
       13185
       13186
       13190
       13194
       13195
       13198
       13199
       13200
       13206
       13211
       13214
       13220
       13222
       13228
       13229
       13230
       13240
       13242
       13245
       13246
       13248
       13259
       13261
       13264
       13271
       13272
       13273
       13278
       13284
       13286
       13288
       13296
       13299
       13300
       13302
       13304
       13312
       13314
       13318
       13326
       13328
       13331
       13334
       13344
       13346
       13354
       13357
       13360
       13365
       13366
       13367
       13372
       13375
       13378
       13383
       13385
       13389
       13401
       13408
       13409
       13418
       13424
       13427
       13432
       13433
       13434
       13438
       13439
       13455
       13457
       13471
       13474
       13479
       13480
       13481
       13491
       13497
       13503
       13507
       13512
       13515
       13524
       13526
       13530
       13534
       13536
       13541
       13543
       13554
       13557
       13559
       13567
       13579
       13584
       13596
       13602
       13603
       13607
       13608
       13611
       13613
       13623
       13624
       13626
       13643
       13647
       13651
       13667
       13679
       13684
       13689
       13701
       13702
       13707
       13712
       13724
       13729
       13732
       13746
       13749
       13762
       13768
       13770
       13773
       13779
       13783
       13790
       13794
       13800
       13813
       13818
       13827
       13834
       13840
       13843
       13844
       13849
       13850
       13854
       13855
       13875
       13877
       13879
       13889
       13890
       13896
       13898
       13911
       13924
       13934
       13937
       13947
       13953
       13956
       13962
       13968
       13969
       13970
       13975
       13982
       13986
       13996
       14001
       14004
       14005
       14007
       14012
       14015
       14030
       14048
       14054
       14058
       14061
       14076
       14081
       14086
       14097
       14108
       14113
       14130
       14132
       14146
       14148
       14154
       14155
       14167
       14171
       14183
       14186
       14188
       14192
       14194
       14201
       14216
       14238
       14241
       14260
       14272
       14274
       14276
       14277
       14290
       14297
       14298
       14323
       14335
       14357
       14377
       14391
       14397
       14399
       14416
       14448
       14468
       14479
       14492
       14498
       14506
       14523
       14529
       14567
       14578
       14586
       14588
      -14616
       14618
      -14665
      -14673
      -14678
       14763
       58635
NNODG          32218         319         278
       -5914
       -5960
       -6037
        6076
       -6096
       -6107
       -6134
       -6171
        6179
        6208
        6233
       -6241
        6274
       -6279
        6316
        6319
        6363
       -6396
        6418
        6433
        6435
        6436
        6437
        6445
        6465
        6473
        6474
        6476
        6477
        6478
        6482
        6494
        6495
        6504
        6509
        6515
        6516
        6517
        6523
        6524
        6536
        6544
        6547
        6553
        6556
        6558
        6567
        6573
        6575
        6576
        6584
        6591
        6592
        6597
        6602
        6607
        6611
        6621
        6622
        6625
        6626
        6627
        6635
        6637
        6638
        6643
        6648
        6654
        6659
        6660
        6667
        6668
        6671
        6679
        6684
        6686
        6691
        6693
        6700
        6704
        6705
        6708
        6711
        6713
        6714
        6721
        6726
        6729
        6732
        6734
        6736
        6741
        6742
        6745
        6750
        6752
        6753
        6755
        6756
        6758
        6759
        6763
        6771
        6773
        6784
        6785
        6786
        6787
        6788
        6791
        6792
        6798
        6799
        6802
        6808
        6809
        6810
        6812
        6818
        6819
        6821
        6822
        6824
        6826
        6827
        6834
        6836
        6838
        6843
        6850
        6853
        6861
        6864
        6867
        6868
        6870
        6871
        6875
        6877
        6884
        6885
        6886
        6887
        6888
        6893
        6894
        6897
        6902
        6904
        6909
        6910
        6916
        6927
        6929
        6930
        6935
        6937
        6943
        6950
        6952
        6954
        6956
        6962
        6969
        6974
        6976
        6981
        6982
        6983
        6986
        6987
        6990
        6995
        6997
        7004
        7017
        7019
        7021
        7023
        7024
        7041
        7042
        7046
        7047
        7048
        7058
        7062
        7067
        7076
        7081
        7086
        7094
        7095
        7096
        7105
        7108
        7117
        7121
        7126
        7127
        7137
        7140
        7151
        7160
        7171
        7172
        7180
        7184
        7186
        7192
        7193
        7202
        7205
        7217
        7222
        7230
        7234
        7237
        7239
        7244
        7245
        7249
        7261
        7262
        7266
        7267
        7271
        7280
        7294
        7296
        7303
        7304
        7307
        7312
        7313
       -7314
        7318
        7330
        7337
        7346
        7357
        7362
       -7364
        7374
        7376
        7380
        7391
       -7408
       -7416
        7424
        7425
        7432
       -7442
        7444
        7457
        7468
        7486
        7487
       -7488
        7489
        7500
       -7523
        7545
        7551
        7557
        7566
        7591
        7601
        7605
       -7620
        7623
        7646
        7653
       -7659
       -7678
       -7701
       -7707
       -7756
NFLUXF             0
NETA             128          29           0
NSTAE              0           0           0
NSTAV              0           0           0
NSTAM              0           0           0
NSTAC              0           0           0
RES NODE          48         255
                   4           9          10          11          13          15
                  16          17          19          20          21          22
                  23          24          25          26          27          28
                  29          30          31          32          33          34
                  35          36          37          38          39          40
                  41          42          43          44          45          46
                  47          48          49          50          51          52
                  53          54          55          56          57          58
                  59          60          61          62          63          64
                  65          66          67          68          69          70
                  71          72          73          74          75          76
                  77          78          79          80          81          82
                  83          84          85          86          87          88
                  89          90          91          92          93          94
                  95          96          97          98          99         100
                 101         102         103         104         105         106
                 107         108         109         110         111         112
                 113         114         115         116         117         118
                 119         120         121         122         123         124
                 125         126         127         128         129         130
                 131         132         133         134         135         136
                 137         138         139         140         141         142
                 143         144         145         146         147         148
                 149         150         151         152         153         154
                 155         156         157         158         159         160
                 161         162         163         164         165         166
                 167         168         169         170         171         172
                 173         174         175         176         177         178
                 179         180         181         182         183         184
                 185         186         187         188         189         190
                 191         192         193         194         195         196
                 197         198         199         200         201         202
                 203         204         205         206         207         208
                 209         210         211         212         213         214
                 215         216         217         218         219         220
                 221         222         223         224         225         226
                 227         228         229         230         231         232
                 233         234         235         237         238         239
                 240         241         242         244         245         246
                 247         250         251         252         254         255
                 256         257         258         260         261         263
                 264         265         266         267         268         269
                 271         272         273
COMM PE            4
RECV PE           29           3
                 275         276         277
RECV PE           49          10
                 236         243         248         249         253         259
                 262         270         274         278
RECV PE           54           5
                   1           3           5           7           8
RECV PE           55           5
                   2           6          12          14          18
SEND PE           29           3
                 271         272         273
SEND PE           49          10
                 222         230         232         233         235         244
                 252         256         263         269
SEND PE           54           4
                   4           9          11          13
SEND PE           55           4
                   4          10          15          19
