bi_1997_v2.grd                                                                  
     452     278
    5914 -0.771080600000E+02  0.346281800000E+02  0.820400000000E+01
    5960 -0.771032300000E+02  0.346294100000E+02  0.850000000000E+01
    6037 -0.771116000000E+02  0.346314600000E+02  0.410100000000E+01
    6076 -0.771067100000E+02  0.346327100000E+02  0.461600000000E+01
    6096 -0.771200300000E+02  0.346333000000E+02  0.219300000000E+01
    6107 -0.771018900000E+02  0.346339100000E+02  0.494200000000E+01
    6134 -0.771153700000E+02  0.346347800000E+02  0.243300000000E+01
    6171 -0.771229100000E+02  0.346360600000E+02  0.791000000000E+00
    6179 -0.771102400000E+02  0.346360900000E+02  0.295900000000E+01
    6208 -0.771052700000E+02  0.346371800000E+02  0.339300000000E+01
    6233 -0.771198300000E+02  0.346383100000E+02  0.816000000000E+00
    6241 -0.771006000000E+02  0.346384200000E+02  0.316200000000E+01
    6274 -0.771141000000E+02  0.346394100000E+02  0.146100000000E+01
    6279 -0.770958400000E+02  0.346395800000E+02  0.224200000000E+01
    6316 -0.771037200000E+02  0.346409100000E+02  0.239300000000E+01
    6319 -0.771084400000E+02  0.346410400000E+02  0.207900000000E+01
    6363 -0.771178600000E+02  0.346421100000E+02  0.940000000000E+00
    6396 -0.770941900000E+02  0.346431800000E+02  0.104100000000E+01
    6418 -0.770997700000E+02  0.346438100000E+02  0.988000000000E+00
    6433 -0.771128500000E+02  0.346441200000E+02  0.194800000000E+01
    6435 -0.771218300000E+02  0.346428600000E+02  0.917000000000E+00
    6436 -0.771231500000E+02  0.346444600000E+02  0.131300000000E+01
    6437 -0.771246100000E+02  0.346434000000E+02  0.781000000000E+00
    6445 -0.771044890000E+02  0.346437020000E+02  0.178300000000E+01
    6465 -0.771211700000E+02  0.346447600000E+02  0.162500000000E+01
    6473 -0.771249800000E+02  0.346452600000E+02  0.137700000000E+01
    6474 -0.771265200000E+02  0.346439700000E+02  0.756000000000E+00
    6476 -0.771276600000E+02  0.346442500000E+02  0.721000000000E+00
    6477 -0.771280100000E+02  0.346453600000E+02  0.105900000000E+01
    6478 -0.771288500000E+02  0.346446700000E+02  0.727000000000E+00
    6482 -0.771268200000E+02  0.346455100000E+02  0.125200000000E+01
    6494 -0.771017600000E+02  0.346458000000E+02  0.783000000000E+00
    6495 -0.771083900000E+02  0.346455100000E+02  0.207800000000E+01
    6504 -0.771288500000E+02  0.346459900000E+02  0.110000000000E+01
    6509 -0.771192700000E+02  0.346461500000E+02  0.200900000000E+01
    6515 -0.771162300000E+02  0.346461200000E+02  0.201700000000E+01
    6516 -0.771303000000E+02  0.346457500000E+02  0.817000000000E+00
    6517 -0.771231800000E+02  0.346460000000E+02  0.184100000000E+01
    6523 -0.771258800000E+02  0.346464400000E+02  0.161500000000E+01
    6524 -0.771278300000E+02  0.346463800000E+02  0.133600000000E+01
    6536 -0.771295000000E+02  0.346467200000E+02  0.116200000000E+01
    6544 -0.771268700000E+02  0.346468700000E+02  0.158600000000E+01
    6547 -0.771217000000E+02  0.346469700000E+02  0.190800000000E+01
    6553 -0.771302500000E+02  0.346470500000E+02  0.108600000000E+01
    6556 -0.771286500000E+02  0.346470600000E+02  0.138500000000E+01
    6558 -0.771247300000E+02  0.346470600000E+02  0.192400000000E+01
    6567 -0.771137500000E+02  0.346471700000E+02  0.204600000000E+01
    6573 -0.771277600000E+02  0.346474600000E+02  0.160800000000E+01
    6575 -0.771259900000E+02  0.346474800000E+02  0.185600000000E+01
    6576 -0.771111400000E+02  0.346475100000E+02  0.207700000000E+01
    6584 -0.771233400000E+02  0.346475000000E+02  0.186400000000E+01
    6591 -0.771294300000E+02  0.346477500000E+02  0.138000000000E+01
    6592 -0.771050900000E+02  0.346475400000E+02  0.171300000000E+01
    6597 -0.771269400000E+02  0.346479300000E+02  0.184000000000E+01
    6602 -0.771285400000E+02  0.346480500000E+02  0.160500000000E+01
    6607 -0.771253500000E+02  0.346481200000E+02  0.202900000000E+01
    6611 -0.771302000000E+02  0.346481700000E+02  0.131800000000E+01
    6621 -0.771006400000E+02  0.346476400000E+02  0.579000000000E+00
    6622 -0.771025500000E+02  0.346482500000E+02  0.107900000000E+01
    6625 -0.771181200000E+02  0.346484200000E+02  0.139600000000E+01
    6626 -0.771277600000E+02  0.346484200000E+02  0.182100000000E+01
    6627 -0.771262000000E+02  0.346484600000E+02  0.206600000000E+01
    6635 -0.771205500000E+02  0.346485200000E+02  0.133600000000E+01
    6637 -0.771297300000E+02  0.346485700000E+02  0.148600000000E+01
    6638 -0.771243600000E+02  0.346485700000E+02  0.168400000000E+01
    6643 -0.771291700000E+02  0.346486500000E+02  0.161000000000E+01
    6648 -0.771155300000E+02  0.346487400000E+02  0.126900000000E+01
    6654 -0.771270400000E+02  0.346488600000E+02  0.204100000000E+01
    6659 -0.771227300000E+02  0.346488900000E+02  0.124400000000E+01
    6660 -0.771284800000E+02  0.346489300000E+02  0.179000000000E+01
    6667 -0.771083100000E+02  0.346487300000E+02  0.207800000000E+01
    6668 -0.771254900000E+02  0.346490200000E+02  0.175000000000E+01
    6671 -0.771301500000E+02  0.346490800000E+02  0.151000000000E+01
    6679 -0.771297000000E+02  0.346491900000E+02  0.160900000000E+01
    6684 -0.771278000000E+02  0.346492900000E+02  0.187300000000E+01
    6686 -0.771263700000E+02  0.346493600000E+02  0.187300000000E+01
    6691 -0.771130100000E+02  0.346493600000E+02  0.133400000000E+01
    6693 -0.771291000000E+02  0.346494000000E+02  0.168100000000E+01
    6700 -0.771248900000E+02  0.346496900000E+02  0.143000000000E+01
    6704 -0.771271600000E+02  0.346497100000E+02  0.189500000000E+01
    6705 -0.771284900000E+02  0.346497100000E+02  0.171600000000E+01
    6708 -0.771239800000E+02  0.346496800000E+02  0.121200000000E+01
    6711 -0.771303600000E+02  0.346495700000E+02  0.149600000000E+01
    6713 -0.771296900000E+02  0.346498200000E+02  0.154100000000E+01
    6714 -0.771257800000E+02  0.346498900000E+02  0.162700000000E+01
    6721 -0.771038700000E+02  0.346500600000E+02  0.158800000000E+01
    6726 -0.771278800000E+02  0.346500800000E+02  0.173400000000E+01
    6729 -0.771291200000E+02  0.346501100000E+02  0.156300000000E+01
    6732 -0.771265600000E+02  0.346501700000E+02  0.179100000000E+01
    6734 -0.771013900000E+02  0.346501900000E+02  0.853000000000E+00
    6736 -0.771301600000E+02  0.346502000000E+02  0.147000000000E+01
    6741 -0.771217000000E+02  0.346502800000E+02  0.628000000000E+00
    6742 -0.771105300000E+02  0.346502200000E+02  0.137500000000E+01
    6745 -0.771062500000E+02  0.346503300000E+02  0.207600000000E+01
    6750 -0.771307800000E+02  0.346503600000E+02  0.146900000000E+01
    6752 -0.770992100000E+02  0.346494300000E+02  0.560000000000E+00
    6753 -0.771253000000E+02  0.346504600000E+02  0.140900000000E+01
    6755 -0.771285500000E+02  0.346504500000E+02  0.157900000000E+01
    6756 -0.771297000000E+02  0.346504700000E+02  0.147200000000E+01
    6758 -0.771272900000E+02  0.346504900000E+02  0.174000000000E+01
    6759 -0.771198000000E+02  0.346504200000E+02  0.614000000000E+00
    6763 -0.771244700000E+02  0.346505300000E+02  0.117800000000E+01
    6771 -0.771260300000E+02  0.346506400000E+02  0.157500000000E+01
    6773 -0.771173100000E+02  0.346505900000E+02  0.602000000000E+00
    6784 -0.771302600000E+02  0.346507600000E+02  0.146900000000E+01
    6785 -0.771234300000E+02  0.346507200000E+02  0.871000000000E+00
    6786 -0.771291800000E+02  0.346507900000E+02  0.147200000000E+01
    6787 -0.771147600000E+02  0.346507800000E+02  0.589000000000E+00
    6788 -0.771279800000E+02  0.346508200000E+02  0.158700000000E+01
    6791 -0.771267400000E+02  0.346509100000E+02  0.171800000000E+01
    6792 -0.771250300000E+02  0.346509400000E+02  0.126000000000E+01
    6798 -0.771307400000E+02  0.346510500000E+02  0.146900000000E+01
    6799 -0.771255900000E+02  0.346510800000E+02  0.138800000000E+01
    6802 -0.771297800000E+02  0.346511100000E+02  0.146900000000E+01
    6808 -0.771286400000E+02  0.346511600000E+02  0.147300000000E+01
    6809 -0.771313200000E+02  0.346511500000E+02  0.146900000000E+01
    6810 -0.771246000000E+02  0.346512100000E+02  0.110300000000E+01
    6812 -0.771274300000E+02  0.346512100000E+02  0.159200000000E+01
    6818 -0.771262400000E+02  0.346513200000E+02  0.151800000000E+01
    6819 -0.771303700000E+02  0.346513800000E+02  0.146900000000E+01
    6821 -0.771084100000E+02  0.346512600000E+02  0.161500000000E+01
    6822 -0.771251800000E+02  0.346514200000E+02  0.122400000000E+01
    6824 -0.771292800000E+02  0.346514700000E+02  0.146900000000E+01
    6826 -0.770980800000E+02  0.346507700000E+02  0.569000000000E+00
    6827 -0.770995500000E+02  0.346513800000E+02  0.830000000000E+00
    6834 -0.771281000000E+02  0.346515400000E+02  0.147300000000E+01
    6836 -0.771309800000E+02  0.346516000000E+02  0.146900000000E+01
    6838 -0.771268900000E+02  0.346516100000E+02  0.159100000000E+01
    6843 -0.771257600000E+02  0.346516800000E+02  0.133600000000E+01
    6850 -0.771299100000E+02  0.346517600000E+02  0.146900000000E+01
    6853 -0.771123900000E+02  0.346517200000E+02  0.593000000000E+00
    6861 -0.771316500000E+02  0.346516800000E+02  0.146900000000E+01
    6864 -0.771287500000E+02  0.346518600000E+02  0.146900000000E+01
    6867 -0.771275600000E+02  0.346519200000E+02  0.147100000000E+01
    6868 -0.771263900000E+02  0.346520000000E+02  0.145200000000E+01
    6870 -0.771049900000E+02  0.346520200000E+02  0.155800000000E+01
    6871 -0.771305500000E+02  0.346520100000E+02  0.146900000000E+01
    6875 -0.771029400000E+02  0.346520500000E+02  0.862000000000E+00
    6877 -0.771294100000E+02  0.346521500000E+02  0.146900000000E+01
    6884 -0.771282300000E+02  0.346522500000E+02  0.146900000000E+01
    6885 -0.771312600000E+02  0.346523000000E+02  0.146900000000E+01
    6886 -0.771270200000E+02  0.346522900000E+02  0.146900000000E+01
    6887 -0.770972400000E+02  0.346518600000E+02  0.593000000000E+00
    6888 -0.770982500000E+02  0.346522600000E+02  0.759000000000E+00
    6893 -0.771068800000E+02  0.346523800000E+02  0.178600000000E+01
    6894 -0.771300700000E+02  0.346524100000E+02  0.146900000000E+01
    6897 -0.771010000000E+02  0.346525200000E+02  0.860000000000E+00
    6902 -0.771288800000E+02  0.346525700000E+02  0.146900000000E+01
    6904 -0.771320000000E+02  0.346525000000E+02  0.146900000000E+01
    6909 -0.771276900000E+02  0.346526400000E+02  0.146900000000E+01
    6910 -0.771307100000E+02  0.346526300000E+02  0.146900000000E+01
    6916 -0.771099200000E+02  0.346527000000E+02  0.596000000000E+00
    6927 -0.771295700000E+02  0.346528500000E+02  0.146900000000E+01
    6929 -0.771317400000E+02  0.346528600000E+02  0.146900000000E+01
    6930 -0.771312300000E+02  0.346528400000E+02  0.146900000000E+01
    6935 -0.771283600000E+02  0.346529500000E+02  0.146900000000E+01
    6937 -0.770972900000E+02  0.346528900000E+02  0.676000000000E+00
    6943 -0.771302600000E+02  0.346530400000E+02  0.146900000000E+01
    6950 -0.770993300000E+02  0.346531300000E+02  0.856000000000E+00
    6952 -0.771309100000E+02  0.346531800000E+02  0.146900000000E+01
    6954 -0.771315000000E+02  0.346532000000E+02  0.146900000000E+01
    6956 -0.770960800000E+02  0.346529800000E+02  0.573000000000E+00
    6962 -0.771085700000E+02  0.346532300000E+02  0.105800000000E+01
    6969 -0.771289700000E+02  0.346533800000E+02  0.146900000000E+01
    6974 -0.770980000000E+02  0.346535400000E+02  0.741000000000E+00
    6976 -0.771298000000E+02  0.346535400000E+02  0.146900000000E+01
    6981 -0.771041100000E+02  0.346536200000E+02  0.113800000000E+01
    6982 -0.771305300000E+02  0.346536400000E+02  0.146900000000E+01
    6983 -0.771058400000E+02  0.346536600000E+02  0.193700000000E+01
    6986 -0.771311800000E+02  0.346537100000E+02  0.146900000000E+01
    6987 -0.771282400000E+02  0.346535900000E+02  0.146900000000E+01
    6990 -0.770968900000E+02  0.346538000000E+02  0.670000000000E+00
    6995 -0.771072300000E+02  0.346537900000E+02  0.184700000000E+01
    6997 -0.771023200000E+02  0.346538800000E+02  0.860000000000E+00
    7004 -0.771286600000E+02  0.346539800000E+02  0.146900000000E+01
    7017 -0.771293200000E+02  0.346541600000E+02  0.146900000000E+01
    7019 -0.771301500000E+02  0.346541700000E+02  0.146900000000E+01
    7021 -0.771308800000E+02  0.346542200000E+02  0.146900000000E+01
    7023 -0.771281200000E+02  0.346542500000E+02  0.146900000000E+01
    7024 -0.770958900000E+02  0.346542100000E+02  0.873000000000E+00
    7041 -0.771004600000E+02  0.346545000000E+02  0.860000000000E+00
    7042 -0.770987500000E+02  0.346545500000E+02  0.846000000000E+00
    7046 -0.770965800000E+02  0.346545600000E+02  0.830000000000E+00
    7047 -0.770974900000E+02  0.346545900000E+02  0.753000000000E+00
    7048 -0.771286500000E+02  0.346545300000E+02  0.146900000000E+01
    7058 -0.771305800000E+02  0.346547200000E+02  0.146900000000E+01
    7062 -0.771298100000E+02  0.346547500000E+02  0.146900000000E+01
    7067 -0.771291700000E+02  0.346547900000E+02  0.146900000000E+01
    7076 -0.770958600000E+02  0.346548000000E+02  0.103200000000E+01
    7081 -0.771279900000E+02  0.346548700000E+02  0.146900000000E+01
    7086 -0.771051300000E+02  0.346550300000E+02  0.179100000000E+01
    7094 -0.771034700000E+02  0.346551000000E+02  0.106800000000E+01
    7095 -0.771067000000E+02  0.346551400000E+02  0.208000000000E+01
    7096 -0.771286700000E+02  0.346551500000E+02  0.146900000000E+01
    7105 -0.771294200000E+02  0.346553200000E+02  0.146900000000E+01
    7108 -0.771301800000E+02  0.346553700000E+02  0.146900000000E+01
    7117 -0.770967700000E+02  0.346554200000E+02  0.101400000000E+01
    7121 -0.771019100000E+02  0.346554600000E+02  0.861000000000E+00
    7126 -0.771278600000E+02  0.346555200000E+02  0.146900000000E+01
    7127 -0.770979400000E+02  0.346557000000E+02  0.856000000000E+00
    7137 -0.771289000000E+02  0.346558500000E+02  0.146900000000E+01
    7140 -0.770993000000E+02  0.346558300000E+02  0.860000000000E+00
    7151 -0.771297800000E+02  0.346560200000E+02  0.146900000000E+01
    7160 -0.770957900000E+02  0.346560600000E+02  0.137400000000E+01
    7171 -0.771044100000E+02  0.346562200000E+02  0.173300000000E+01
    7172 -0.771006100000E+02  0.346561500000E+02  0.860000000000E+00
    7180 -0.771029700000E+02  0.346563900000E+02  0.107200000000E+01
    7184 -0.771284200000E+02  0.346564500000E+02  0.146900000000E+01
    7186 -0.771062000000E+02  0.346564200000E+02  0.208000000000E+01
    7192 -0.771292700000E+02  0.346566300000E+02  0.146900000000E+01
    7193 -0.771276800000E+02  0.346565400000E+02  0.146900000000E+01
    7202 -0.771016700000E+02  0.346567700000E+02  0.861000000000E+00
    7205 -0.770969500000E+02  0.346568000000E+02  0.121600000000E+01
    7217 -0.770983900000E+02  0.346569700000E+02  0.915000000000E+00
    7222 -0.771279800000E+02  0.346570300000E+02  0.146900000000E+01
    7230 -0.771288200000E+02  0.346571200000E+02  0.146900000000E+01
    7234 -0.770996500000E+02  0.346571000000E+02  0.860000000000E+00
    7237 -0.771049300000E+02  0.346571300000E+02  0.208000000000E+01
    7239 -0.771037800000E+02  0.346572600000E+02  0.163000000000E+01
    7244 -0.771006600000E+02  0.346572200000E+02  0.860000000000E+00
    7245 -0.771272000000E+02  0.346568600000E+02  0.146900000000E+01
    7249 -0.770957500000E+02  0.346572300000E+02  0.136300000000E+01
    7261 -0.771025300000E+02  0.346575300000E+02  0.106600000000E+01
    7262 -0.771274300000E+02  0.346575400000E+02  0.146900000000E+01
    7266 -0.771283000000E+02  0.346576800000E+02  0.146900000000E+01
    7267 -0.771057100000E+02  0.346577100000E+02  0.208000000000E+01
    7271 -0.771265200000E+02  0.346573100000E+02  0.146900000000E+01
    7280 -0.771013300000E+02  0.346578800000E+02  0.862000000000E+00
    7294 -0.771045200000E+02  0.346580300000E+02  0.208000000000E+01
    7296 -0.770964000000E+02  0.346580600000E+02  0.109500000000E+01
    7303 -0.771267900000E+02  0.346581300000E+02  0.146900000000E+01
    7304 -0.770976300000E+02  0.346581700000E+02  0.869000000000E+00
    7307 -0.771000700000E+02  0.346581900000E+02  0.860000000000E+00
    7312 -0.771277800000E+02  0.346582500000E+02  0.146900000000E+01
    7313 -0.770988500000E+02  0.346582500000E+02  0.785000000000E+00
    7314 -0.770954400000E+02  0.346577300000E+02  0.145400000000E+01
    7318 -0.771033200000E+02  0.346582900000E+02  0.157600000000E+01
    7330 -0.771256500000E+02  0.346580000000E+02  0.146900000000E+01
    7337 -0.771021300000E+02  0.346585900000E+02  0.124100000000E+01
    7346 -0.771053500000E+02  0.346587200000E+02  0.208000000000E+01
    7357 -0.771261800000E+02  0.346588200000E+02  0.146900000000E+01
    7362 -0.771271500000E+02  0.346588800000E+02  0.146900000000E+01
    7364 -0.770956900000E+02  0.346589100000E+02  0.112400000000E+01
    7374 -0.771008700000E+02  0.346590000000E+02  0.998000000000E+00
    7376 -0.771253100000E+02  0.346588200000E+02  0.146900000000E+01
    7380 -0.771040600000E+02  0.346590800000E+02  0.206400000000E+01
    7391 -0.771029200000E+02  0.346592400000E+02  0.162800000000E+01
    7408 -0.770982300000E+02  0.346593900000E+02  0.615000000000E+00
    7416 -0.770969300000E+02  0.346595300000E+02  0.724000000000E+00
    7424 -0.771256700000E+02  0.346595500000E+02  0.146900000000E+01
    7425 -0.771265400000E+02  0.346595500000E+02  0.146900000000E+01
    7432 -0.771018500000E+02  0.346595800000E+02  0.139900000000E+01
    7442 -0.770991200000E+02  0.346596700000E+02  0.674000000000E+00
    7444 -0.771249300000E+02  0.346596100000E+02  0.146900000000E+01
    7457 -0.771035000000E+02  0.346598900000E+02  0.195500000000E+01
    7468 -0.771026500000E+02  0.346600200000E+02  0.171400000000E+01
    7486 -0.771251600000E+02  0.346602600000E+02  0.146900000000E+01
    7487 -0.771258900000E+02  0.346602400000E+02  0.146900000000E+01
    7488 -0.771006900000E+02  0.346601100000E+02  0.991000000000E+00
    7489 -0.771047600000E+02  0.346603000000E+02  0.208000000000E+01
    7500 -0.771245200000E+02  0.346603200000E+02  0.146900000000E+01
    7523 -0.771018400000E+02  0.346605300000E+02  0.153400000000E+01
    7545 -0.771031300000E+02  0.346608300000E+02  0.198500000000E+01
    7551 -0.771246700000E+02  0.346609000000E+02  0.146900000000E+01
    7557 -0.771252600000E+02  0.346609000000E+02  0.146900000000E+01
    7566 -0.771240500000E+02  0.346610500000E+02  0.146900000000E+01
    7591 -0.771248200000E+02  0.346614000000E+02  0.146900000000E+01
    7601 -0.771242300000E+02  0.346614900000E+02  0.146900000000E+01
    7605 -0.771042400000E+02  0.346615300000E+02  0.208000000000E+01
    7620 -0.771019400000E+02  0.346615200000E+02  0.167300000000E+01
    7623 -0.771236600000E+02  0.346616200000E+02  0.146900000000E+01
    7646 -0.771243700000E+02  0.346619300000E+02  0.146900000000E+01
    7653 -0.771238300000E+02  0.346620300000E+02  0.146900000000E+01
    7659 -0.771029400000E+02  0.346620400000E+02  0.207900000000E+01
    7678 -0.771233300000E+02  0.346622100000E+02  0.146900000000E+01
    7701 -0.771234900000E+02  0.346624600000E+02  0.146900000000E+01
    7707 -0.771238700000E+02  0.346624300000E+02  0.146900000000E+01
    7756 -0.771036800000E+02  0.346629800000E+02  0.208000000000E+01
       1 3     5914     5960     6076
       2 3     5914     6076     6037
       3 3     5960     6107     6076
       4 3     6037     6076     6179
       5 3     6037     6179     6134
       6 3     6076     6107     6208
       7 3     6076     6208     6179
       8 3     6096     6233     6171
       9 3     6096     6134     6233
      10 3     6107     6241     6208
      11 3     6134     6179     6274
      12 3     6134     6274     6233
      13 3     6208     6241     6316
      14 3     6179     6208     6319
      15 3     6233     6274     6363
      16 3     6179     6319     6274
      17 3     6208     6316     6319
      18 3     6241     6279     6418
      19 3     6241     6418     6316
      20 3     6274     6319     6433
      21 3     6435     6436     6437
      22 3     6316     6445     6319
      23 3     6274     6433     6363
      24 3     6435     6465     6436
      25 3     6435     6363     6465
      26 3     6437     6473     6474
      27 3     6279     6396     6418
      28 3     6476     6477     6478
      29 3     6474     6482     6476
      30 3     6437     6436     6473
      31 3     6316     6418     6445
      32 3     6476     6482     6477
      33 3     6418     6494     6445
      34 3     6319     6445     6495
      35 3     6474     6473     6482
      36 3     6478     6477     6504
      37 3     6319     6495     6433
      38 3     6465     6363     6509
      39 3     6363     6433     6515
      40 3     6478     6504     6516
      41 3     6436     6517     6473
      42 3     6436     6465     6517
      43 3     6473     6523     6482
      44 3     6477     6482     6524
      45 3     6477     6524     6504
      46 3     6363     6515     6509
      47 3     6504     6536     6516
      48 3     6482     6544     6524
      49 3     6482     6523     6544
      50 3     6465     6547     6517
      51 3     6516     6536     6553
      52 3     6504     6524     6556
      53 3     6473     6558     6523
      54 3     6504     6556     6536
      55 3     6473     6517     6558
      56 3     6433     6567     6515
      57 3     6465     6509     6547
      58 3     6524     6544     6573
      59 3     6524     6573     6556
      60 3     6523     6575     6544
      61 3     6433     6495     6576
      62 3     6517     6584     6558
      63 3     6523     6558     6575
      64 3     6517     6547     6584
      65 3     6536     6556     6591
      66 3     6445     6592     6495
      67 3     6536     6591     6553
      68 3     6433     6576     6567
      69 3     6544     6597     6573
      70 3     6445     6494     6592
      71 3     6544     6575     6597
      72 3     6556     6573     6602
      73 3     6575     6558     6607
      74 3     6556     6602     6591
      75 3     6553     6591     6611
      76 3     6494     6621     6622
      77 3     6509     6515     6625
      78 3     6494     6622     6592
      79 3     6573     6626     6602
      80 3     6575     6627     6597
      81 3     6573     6597     6626
      82 3     6547     6509     6635
      83 3     6575     6607     6627
      84 3     6591     6637     6611
      85 3     6558     6584     6638
      86 3     6558     6638     6607
      87 3     6591     6602     6643
      88 3     6591     6643     6637
      89 3     6515     6567     6648
      90 3     6597     6654     6626
      91 3     6597     6627     6654
      92 3     6584     6547     6659
      93 3     6602     6626     6660
      94 3     6602     6660     6643
      95 3     6495     6667     6576
      96 3     6607     6668     6627
      97 3     6637     6671     6611
      98 3     6509     6625     6635
      99 3     6495     6592     6667
     100 3     6637     6679     6671
     101 3     6637     6643     6679
     102 3     6515     6648     6625
     103 3     6607     6638     6668
     104 3     6584     6659     6638
     105 3     6626     6684     6660
     106 3     6626     6654     6684
     107 3     6627     6686     6654
     108 3     6547     6635     6659
     109 3     6567     6576     6691
     110 3     6643     6660     6693
     111 3     6643     6693     6679
     112 3     6627     6668     6686
     113 3     6668     6638     6700
     114 3     6654     6704     6684
     115 3     6660     6705     6693
     116 3     6660     6684     6705
     117 3     6638     6659     6708
     118 3     6654     6686     6704
     119 3     6671     6679     6711
     120 3     6638     6708     6700
     121 3     6679     6693     6713
     122 3     6668     6714     6686
     123 3     6679     6713     6711
     124 3     6567     6691     6648
     125 3     6668     6700     6714
     126 3     6622     6721     6592
     127 3     6684     6726     6705
     128 3     6693     6729     6713
     129 3     6684     6704     6726
     130 3     6693     6705     6729
     131 3     6686     6732     6704
     132 3     6622     6621     6734
     133 3     6711     6713     6736
     134 3     6659     6635     6741
     135 3     6686     6714     6732
     136 3     6576     6667     6742
     137 3     6592     6745     6667
     138 3     6711     6736     6750
     139 3     6621     6752     6734
     140 3     6714     6700     6753
     141 3     6705     6755     6729
     142 3     6713     6756     6736
     143 3     6704     6758     6726
     144 3     6635     6625     6759
     145 3     6705     6726     6755
     146 3     6713     6729     6756
     147 3     6700     6708     6763
     148 3     6576     6742     6691
     149 3     6704     6732     6758
     150 3     6714     6771     6732
     151 3     6625     6648     6773
     152 3     6700     6763     6753
     153 3     6592     6721     6745
     154 3     6714     6753     6771
     155 3     6736     6784     6750
     156 3     6708     6659     6785
     157 3     6729     6786     6756
     158 3     6648     6691     6787
     159 3     6635     6759     6741
     160 3     6736     6756     6784
     161 3     6726     6788     6755
     162 3     6729     6755     6786
     163 3     6726     6758     6788
     164 3     6732     6791     6758
     165 3     6708     6785     6763
     166 3     6622     6734     6721
     167 3     6753     6763     6792
     168 3     6659     6741     6785
     169 3     6732     6771     6791
     170 3     6750     6784     6798
     171 3     6753     6799     6771
     172 3     6756     6802     6784
     173 3     6753     6792     6799
     174 3     6755     6808     6786
     175 3     6756     6786     6802
     176 3     6750     6798     6809
     177 3     6763     6810     6792
     178 3     6625     6773     6759
     179 3     6758     6812     6788
     180 3     6755     6788     6808
     181 3     6758     6791     6812
     182 3     6771     6818     6791
     183 3     6784     6819     6798
     184 3     6771     6799     6818
     185 3     6667     6821     6742
     186 3     6792     6822     6799
     187 3     6784     6802     6819
     188 3     6667     6745     6821
     189 3     6786     6824     6802
     190 3     6648     6787     6773
     191 3     6752     6826     6827
     192 3     6752     6827     6734
     193 3     6792     6810     6822
     194 3     6786     6808     6824
     195 3     6788     6834     6808
     196 3     6798     6836     6809
     197 3     6791     6838     6812
     198 3     6788     6812     6834
     199 3     6799     6843     6818
     200 3     6791     6818     6838
     201 3     6798     6819     6836
     202 3     6799     6822     6843
     203 3     6802     6850     6819
     204 3     6691     6742     6853
     205 3     6802     6824     6850
     206 3     6809     6836     6861
     207 3     6808     6864     6824
     208 3     6812     6867     6834
     209 3     6808     6834     6864
     210 3     6812     6838     6867
     211 3     6818     6868     6838
     212 3     6721     6870     6745
     213 3     6819     6871     6836
     214 3     6721     6734     6875
     215 3     6818     6843     6868
     216 3     6691     6853     6787
     217 3     6819     6850     6871
     218 3     6824     6877     6850
     219 3     6824     6864     6877
     220 3     6834     6884     6864
     221 3     6836     6885     6861
     222 3     6838     6886     6867
     223 3     6826     6887     6888
     224 3     6834     6867     6884
     225 3     6826     6888     6827
     226 3     6838     6868     6886
     227 3     6745     6893     6821
     228 3     6850     6894     6871
     229 3     6836     6871     6885
     230 3     6850     6877     6894
     231 3     6734     6827     6897
     232 3     6721     6875     6870
     233 3     6864     6902     6877
     234 3     6861     6885     6904
     235 3     6864     6884     6902
     236 3     6867     6909     6884
     237 3     6871     6910     6885
     238 3     6745     6870     6893
     239 3     6742     6821     6916
     240 3     6867     6886     6909
     241 3     6871     6894     6910
     242 3     6734     6897     6875
     243 3     6877     6927     6894
     244 3     6904     6885     6929
     245 3     6885     6910     6930
     246 3     6885     6930     6929
     247 3     6877     6902     6927
     248 3     6884     6935     6902
     249 3     6887     6937     6888
     250 3     6884     6909     6935
     251 3     6894     6943     6910
     252 3     6742     6916     6853
     253 3     6827     6888     6950
     254 3     6910     6952     6930
     255 3     6894     6927     6943
     256 3     6929     6930     6954
     257 3     6887     6956     6937
     258 3     6821     6962     6916
     259 3     6910     6943     6952
     260 3     6827     6950     6897
     261 3     6821     6893     6962
     262 3     6902     6969     6927
     263 3     6902     6935     6969
     264 3     6930     6952     6954
     265 3     6888     6937     6974
     266 3     6927     6976     6943
     267 3     6870     6875     6981
     268 3     6943     6982     6952
     269 3     6870     6983     6893
     270 3     6952     6986     6954
     271 3     6935     6987     6969
     272 3     6927     6969     6976
     273 3     6888     6974     6950
     274 3     6937     6956     6990
     275 3     6943     6976     6982
     276 3     6952     6982     6986
     277 3     6893     6995     6962
     278 3     6875     6897     6997
     279 3     6969     6987     7004
     280 3     6893     6983     6995
     281 3     6937     6990     6974
     282 3     6870     6981     6983
     283 3     6969     7017     6976
     284 3     6982     6976     7019
     285 3     6986     6982     7021
     286 3     6875     6997     6981
     287 3     6969     7004     7017
     288 3     6987     7023     7004
     289 3     6956     7024     6990
     290 3     6982     7019     7021
     291 3     6976     7017     7019
     292 3     6897     6950     7041
     293 3     6974     7042     6950
     294 3     6990     7024     7046
     295 3     6990     7047     6974
     296 3     7004     7023     7048
     297 3     7004     7048     7017
     298 3     7021     7019     7058
     299 3     7019     7017     7062
     300 3     6897     7041     6997
     301 3     7017     7048     7067
     302 3     6990     7046     7047
     303 3     7017     7067     7062
     304 3     7024     7076     7046
     305 3     6974     7047     7042
     306 3     7023     7081     7048
     307 3     7019     7062     7058
     308 3     6950     7042     7041
     309 3     6983     6981     7086
     310 3     6981     6997     7094
     311 3     6995     6983     7095
     312 3     7048     7096     7067
     313 3     7048     7081     7096
     314 3     7067     7105     7062
     315 3     7062     7108     7058
     316 3     7046     7117     7047
     317 3     6983     7086     7095
     318 3     6981     7094     7086
     319 3     6997     7041     7121
     320 3     7067     7096     7105
     321 3     7062     7105     7108
     322 3     7046     7076     7117
     323 3     7081     7126     7096
     324 3     7047     7127     7042
     325 3     6997     7121     7094
     326 3     7096     7137     7105
     327 3     7042     7140     7041
     328 3     7047     7117     7127
     329 3     7105     7151     7108
     330 3     7076     7160     7117
     331 3     7042     7127     7140
     332 3     7096     7126     7137
     333 3     7086     7094     7171
     334 3     7041     7172     7121
     335 3     7105     7137     7151
     336 3     7041     7140     7172
     337 3     7094     7121     7180
     338 3     7137     7126     7184
     339 3     7095     7086     7186
     340 3     7137     7192     7151
     341 3     7126     7193     7184
     342 3     7094     7180     7171
     343 3     7137     7184     7192
     344 3     7121     7172     7202
     345 3     7117     7205     7127
     346 3     7117     7160     7205
     347 3     7086     7171     7186
     348 3     7121     7202     7180
     349 3     7127     7217     7140
     350 3     7193     7222     7184
     351 3     7192     7184     7230
     352 3     7140     7234     7172
     353 3     7171     7237     7186
     354 3     7171     7180     7239
     355 3     7127     7205     7217
     356 3     7172     7244     7202
     357 3     7193     7245     7222
     358 3     7140     7217     7234
     359 3     7184     7222     7230
     360 3     7172     7234     7244
     361 3     7160     7249     7205
     362 3     7171     7239     7237
     363 3     7180     7202     7261
     364 3     7245     7262     7222
     365 3     7222     7266     7230
     366 3     7186     7237     7267
     367 3     7245     7271     7262
     368 3     7180     7261     7239
     369 3     7202     7244     7280
     370 3     7222     7262     7266
     371 3     7237     7239     7294
     372 3     7249     7296     7205
     373 3     7202     7280     7261
     374 3     7271     7303     7262
     375 3     7217     7205     7304
     376 3     7234     7307     7244
     377 3     7262     7312     7266
     378 3     7217     7313     7234
     379 3     7249     7314     7296
     380 3     7239     7261     7318
     381 3     7237     7294     7267
     382 3     7205     7296     7304
     383 3     7271     7330     7303
     384 3     7217     7304     7313
     385 3     7244     7307     7280
     386 3     7234     7313     7307
     387 3     7262     7303     7312
     388 3     7239     7318     7294
     389 3     7261     7280     7337
     390 3     7267     7294     7346
     391 3     7330     7357     7303
     392 3     7261     7337     7318
     393 3     7303     7362     7312
     394 3     7314     7364     7296
     395 3     7280     7307     7374
     396 3     7330     7376     7357
     397 3     7294     7318     7380
     398 3     7303     7357     7362
     399 3     7318     7337     7391
     400 3     7280     7374     7337
     401 3     7313     7304     7408
     402 3     7294     7380     7346
     403 3     7296     7416     7304
     404 3     7318     7391     7380
     405 3     7376     7424     7357
     406 3     7357     7425     7362
     407 3     7337     7374     7432
     408 3     7296     7364     7416
     409 3     7313     7408     7442
     410 3     7313     7442     7307
     411 3     7376     7444     7424
     412 3     7337     7432     7391
     413 3     7304     7416     7408
     414 3     7357     7424     7425
     415 3     7391     7457     7380
     416 3     7391     7432     7468
     417 3     7307     7442     7374
     418 3     7391     7468     7457
     419 3     7444     7486     7424
     420 3     7424     7487     7425
     421 3     7374     7488     7432
     422 3     7380     7489     7346
     423 3     7374     7442     7488
     424 3     7424     7486     7487
     425 3     7444     7500     7486
     426 3     7380     7457     7489
     427 3     7432     7523     7468
     428 3     7432     7488     7523
     429 3     7457     7468     7545
     430 3     7500     7551     7486
     431 3     7486     7557     7487
     432 3     7486     7551     7557
     433 3     7500     7566     7551
     434 3     7468     7523     7545
     435 3     7551     7591     7557
     436 3     7457     7545     7489
     437 3     7566     7601     7551
     438 3     7489     7545     7605
     439 3     7551     7601     7591
     440 3     7523     7620     7545
     441 3     7566     7623     7601
     442 3     7601     7646     7591
     443 3     7623     7653     7601
     444 3     7545     7620     7659
     445 3     7601     7653     7646
     446 3     7623     7678     7653
     447 3     7545     7659     7605
     448 3     7678     7701     7653
     449 3     7653     7701     7707
     450 3     7653     7707     7646
     451 3     7659     7756     7605
     452 3     6810     6763     6785
 0                                                                              
 0                                                                              
 4                                                                              
 91                                                                             
      35       0                                                                
    7707
    7646
    7591
    7557
    7487
    7425
    7362
    7312
    7266
    7230
    7192
    7151
    7108
    7058
    7021
    6986
    6954
    6929
    6904
    6861
    6809
    6750
    6711
    6671
    6611
    6553
    6516
    6478
    6476
    6474
    6437
    6435
    6363
    6233
    6171
      14       1                                                                
    6396
    6418
    6494
    6621
    6752
    6826
    6887
    6956
    7024
    7076
    7160
    7249
    7314
    6396
      38       1                                                                
    6741
    6785
    6810
    6822
    6843
    6868
    6886
    6909
    6935
    6987
    7023
    7081
    7126
    7193
    7245
    7271
    7330
    7376
    7444
    7500
    7566
    7623
    7678
    7756
    7605
    7489
    7346
    7267
    7186
    7095
    6995
    6962
    6916
    6853
    6787
    6773
    6759
    6741
       4       1                                                                
    7408
    7442
    7416
    7408
