FileFmt      1050624           0           0
NELG           58641         560         513
      -24464
      -25158
       27326
       29205
      -31904
       31920
      -32810
       33126
       34193
       34571
       34634
       34723
      -35101
       35154
       35159
       35332
       35548
       36306
       36499
       36556
       36601
       36930
       37134
       37237
       37348
      -37529
       37546
       37630
       38126
       38195
       38576
       38652
       38674
       38702
       38920
       38932
       39045
       39052
       39092
       39283
       39362
       39407
       39453
       39545
       39556
       39560
       39573
       39594
      -39619
      -39642
       39676
       39697
       39713
       39714
       39759
       39770
       39777
       39794
       39847
       39848
       39850
       39880
       39895
       39896
       39914
       39925
       39926
       39953
       39969
       39983
       39992
       39993
       40005
       40009
       40018
       40025
       40035
       40042
       40048
      -40068
      -40072
       40075
       40112
       40118
       40123
       40132
       40148
       40163
       40184
       40190
       40202
       40224
       40227
       40232
       40239
       40252
       40264
       40266
       40290
       40293
       40301
       40304
       40305
       40306
       40310
       40317
       40336
       40347
       40349
       40379
       40384
       40388
       40395
       40403
       40406
       40409
       40412
       40422
       40427
       40431
       40436
      -40437
       40458
       40462
       40464
       40465
       40475
       40486
       40487
       40492
       40506
       40522
       40534
       40539
       40541
       40547
       40557
       40561
       40566
       40567
       40572
       40601
       40615
       40617
       40618
       40623
       40637
       40643
       40652
       40654
       40658
       40668
       40692
       40701
       40703
       40713
       40716
       40724
       40736
       40740
       40749
      -40750
       40757
       40759
       40769
       40785
       40796
       40798
       40807
       40814
       40824
       40825
       40830
       40837
       40840
       40847
       40864
       40881
       40885
       40891
       40896
       40909
       40916
       40923
       40925
       40937
       40954
       40973
       40975
       40979
       40985
       40989
       41000
       41004
       41023
       41027
       41043
       41056
       41059
       41069
       41071
       41077
       41082
       41087
       41090
       41101
       41109
       41113
      -41116
      -41124
       41135
       41136
       41156
       41162
       41165
       41173
       41186
       41192
       41204
       41206
       41224
       41239
       41240
       41259
       41264
       41272
       41286
       41294
       41308
       41326
       41334
       41338
       41344
       41350
       41353
       41357
       41362
       41379
       41383
       41398
       41402
       41406
       41414
       41438
       41450
       41452
       41463
       41468
       41475
       41482
       41498
      -41513
       41524
       41531
       41538
       41544
       41547
       41556
       41579
       41580
       41588
       41589
       41599
       41610
       41630
       41635
       41649
       41652
       41661
       41675
       41688
       41690
       41691
       41696
       41714
       41717
       41719
       41725
       41728
       41741
       41745
       41755
       41761
       41786
       41789
       41815
       41818
       41823
       41845
       41850
       41866
       41868
       41869
       41872
       41873
       41877
       41885
       41893
       41898
       41911
       41934
       41946
       41952
       41974
       41976
       41991
       41996
       42006
       42028
       42038
       42044
       42059
       42060
       42067
       42079
       42098
       42107
       42115
       42123
       42133
       42138
       42142
       42158
       42196
       42217
       42244
       42247
       42248
       42257
       42260
       42266
       42280
       42293
       42295
       42306
       42322
       42330
       42333
       42340
       42341
       42356
       42358
       42383
       42392
       42403
       42404
       42411
       42412
       42429
       42435
       42439
       42479
       42496
       42502
       42522
       42527
       42529
       42543
       42545
       42558
       42582
       42593
       42601
       42612
       42614
       42616
       42617
       42627
       42633
       42636
       42639
       42664
       42685
       42695
       42697
       42701
       42707
       42716
       42718
       42724
       42744
       42775
       42776
       42778
       42791
       42796
       42797
       42806
       42854
       42867
       42869
       42873
       42880
       42886
       42887
       42890
       42896
       42918
       42927
       42928
       42935
       42936
       42945
       42950
       42951
       42958
       42970
       42980
       42987
       42988
       42989
       42995
       42999
       43009
       43017
       43020
       43052
       43056
       43057
       43061
       43071
       43078
       43085
       43092
       43113
       43120
       43123
       43124
       43131
       43134
       43139
       43159
       43174
       43181
       43183
       43185
       43190
       43202
       43211
       43228
       43237
       43240
       43250
       43255
       43261
       43277
       43294
       43299
       43320
       43322
       43333
       43338
       43346
       43348
       43364
       43390
       43410
       43412
       43414
       43433
       43434
       43449
       43463
       43479
       43488
       43493
       43494
       43497
       43499
       43533
       43548
       43556
       43568
       43579
       43616
       43627
       43632
       43637
       43658
       43659
       43676
       43692
       43697
       43710
       43716
       43723
       43752
       43772
       43775
       43788
       43796
       43829
       43838
       43854
       43860
       43880
       43892
       43916
       43920
       43921
       43954
       43960
       43976
       43994
       44008
       44029
       44034
       44083
       44090
       44170
       44214
       44263
       58615
NNODG          32218         319         286
       -7956
       -9600
      -11327
      -11681
       13172
      -14073
      -14217
       14905
      -16629
       17403
       17410
      -18148
       18649
       18862
       18949
      -19161
      -19194
       19290
       19854
       20009
       20034
       20220
      -20356
       20542
      -20660
      -20674
       20874
       20906
       21103
       21142
       21167
       21348
       21352
       21374
       21509
       21536
      -21546
       21618
       21625
       21649
      -21674
      -21677
       21696
       21704
       21742
       21754
       21788
       21810
       21820
       21834
       21839
       21863
      -21886
       21888
       21889
       21898
       21900
       21905
       21916
       21933
      -21957
       21960
       21970
       21983
       22011
       22022
       22028
       22034
       22064
       22067
       22074
       22077
       22081
       22117
       22119
       22123
      -22125
       22135
       22145
       22147
       22152
      -22153
       22165
       22168
       22169
       22198
       22215
       22217
       22218
       22224
       22240
       22257
       22267
       22268
       22272
      -22274
       22291
       22313
       22322
       22324
       22330
       22346
       22352
       22358
       22365
      -22368
       22381
       22388
       22394
       22400
       22425
       22440
       22444
       22447
       22464
       22485
       22497
       22501
       22507
       22509
       22530
       22548
       22551
       22558
       22559
       22563
       22571
       22585
       22597
       22614
       22616
       22621
       22643
       22662
       22663
       22679
       22685
       22705
       22722
       22724
       22730
       22734
       22750
       22765
       22773
       22795
       22797
       22804
       22825
      -22834
       22845
       22850
       22854
       22875
       22881
       22894
       22909
       22919
       22935
       22944
       22948
       22962
       22966
       22968
       22979
       22991
       23009
       23024
       23044
       23048
       23059
       23061
       23064
       23070
       23104
       23116
       23132
       23145
       23166
       23173
       23188
       23199
       23211
       23222
       23229
       23234
       23237
       23281
       23307
       23309
       23313
      -23316
       23335
       23354
       23357
       23359
       23386
       23394
       23408
       23414
       23415
       23453
       23462
       23466
       23476
       23492
       23506
       23513
       23517
       23522
       23524
       23533
       23561
       23566
       23567
       23570
       23592
       23612
       23613
       23614
       23655
       23664
       23665
       23669
       23683
       23695
      -23698
       23706
       23707
       23713
       23731
       23737
       23738
      -23739
       23756
       23778
       23780
       23784
       23798
       23802
       23816
       23817
       23822
       23849
       23855
       23856
      -23873
       23883
       23887
       23890
       23896
       23911
       23937
       23944
       23952
       23976
       23988
       23999
      -24000
       24010
       24019
       24033
       24036
       24065
       24070
       24102
      -24109
      -24113
       24129
       24130
       24155
       24164
       24196
       24197
      -24228
       24234
       24246
       24266
       24284
       24303
      -24317
       24327
      -24336
      -24377
       24421
      -24475
NFLUXF             0
NETA             128          29           0
NSTAE              0           0           0
NSTAV              0           0           0
NSTAM              0           0           0
NSTAC              0           0           0
RES NODE          10         251
                   5           8          10          11          13          14
                  15          18          19          20          21          22
                  24          27          28          29          30          31
                  32          33          34          35          36          38
                  39          40          43          44          45          46
                  47          48          49          50          51          52
                  54          55          56          57          58          59
                  60          62          63          64          65          66
                  67          68          69          70          71          72
                  73          74          75          76          78          79
                  80          81          83          84          85          86
                  87          88          89          90          91          92
                  93          94          95          97          98          99
                 100         101         102         103         104         105
                 107         108         109         110         111         112
                 113         114         115         116         117         118
                 119         120         121         122         123         124
                 125         126         127         128         129         130
                 131         132         133         134         135         136
                 137         138         139         140         141         142
                 143         144         145         146         147         148
                 149         151         152         153         154         155
                 156         157         158         159         160         161
                 162         163         164         165         166         167
                 168         169         170         171         172         173
                 174         175         176         177         178         179
                 180         181         182         183         184         185
                 186         187         188         189         190         191
                 193         194         195         196         197         198
                 199         200         201         202         203         204
                 205         206         207         208         209         210
                 211         212         213         214         215         216
                 217         218         219         220         221         222
                 223         224         225         226         228         229
                 230         231         232         233         235         236
                 237         238         239         240         241         242
                 243         244         245         246         248         249
                 250         251         252         253         254         255
                 256         257         258         260         261         262
                 263         264         265         266         269         270
                 271         272         273         274         276         277
                 278         279         280         282         285
COMM PE            4
RECV PE            8           8
                   1           4           6          16          25          42
                  82         106
RECV PE           11          14
                   2           3           7           9          12          17
                  23          26          37          41          53          61
                  77          96
RECV PE           14           8
                 259         267         268         275         281         283
                 284         286
RECV PE           15           5
                 150         192         227         234         247
SEND PE            8           7
                   5          10          24          40          60         103
                 128
SEND PE           11          14
                   5           8          11          13          14          21
                  29          33          46          49          66          71
                  89         109
SEND PE           14           8
                 248         258         260         270         277         278
                 280         285
SEND PE           15           6
                 128         169         208         225         240         248
