FileFmt      1050624           0           0
NELG           58641         560         492
       41827
       41835
       41865
       41883
       41903
       41906
       41908
       41918
      -41921
       41929
       41938
       41949
       41956
      -41963
       41969
       41983
       41993
       41999
      -42004
       42008
       42014
       42021
       42027
       42031
       42036
       42045
       42054
       42061
      -42063
       42070
       42076
       42081
       42090
       42093
      -42095
       42106
       42108
       42118
       42121
       42136
       42139
       42146
       42148
      -42166
       42169
       42172
       42183
       42189
       42194
       42197
       42205
       42214
      -42222
       42227
       42236
       42246
       42250
       42258
       42268
       42272
       42279
       42283
       42288
      -42294
       42296
       42299
       42308
       42309
       42318
      -42320
       42326
       42331
       42335
       42338
       42342
       42349
       42355
       42357
      -42361
       42364
       42366
       42373
       42377
       42378
      -42380
       42385
       42388
       42393
       42396
       42398
       42399
       42400
       42405
       42407
       42415
       42418
       42419
       42421
       42424
       42425
       42426
       42427
       42431
       42433
      -42436
       42437
       42441
       42442
       42444
       42446
       42451
       42456
       42457
       42458
       42465
       42467
      -42468
       42470
       42472
       42474
       42480
       42482
       42489
       42490
       42493
       42494
       42498
       42500
       42505
       42509
       42513
       42514
       42515
       42523
       42531
       42532
       42533
       42536
      -42539
       42546
       42547
       42554
       42559
       42561
       42562
       42566
       42567
       42572
       42573
       42574
      -42575
       42576
       42578
       42579
       42589
       42590
       42591
       42594
       42596
       42599
       42600
       42606
       42609
       42611
       42615
       42618
       42622
       42624
       42628
       42630
       42631
       42640
      -42642
       42643
       42645
       42649
       42650
       42654
       42657
       42658
       42659
       42660
       42663
       42666
      -42671
       42672
       42674
       42677
       42679
       42682
       42684
       42686
       42687
       42688
       42690
       42693
       42700
       42702
       42703
       42705
       42709
       42712
      -42717
       42719
       42720
       42722
       42725
       42727
       42729
       42735
       42736
       42737
       42739
       42740
       42745
       42746
       42747
       42748
       42749
       42753
       42754
       42756
      -42761
       42762
       42764
      -42768
       42769
       42770
       42774
       42777
       42780
       42781
       42785
       42786
       42788
       42790
       42794
       42804
       42810
       42811
       42812
       42814
       42817
       42820
       42821
       42827
       42828
      -42834
       42840
       42846
       42849
       42851
       42859
       42860
       42866
      -42871
       42875
       42879
       42906
       42907
       42908
       42910
      -42922
       42931
       42932
       42938
       42939
      -42947
       42949
       42960
       42962
       42963
       42965
       42968
       42969
      -42976
       42984
       42985
       42986
       42990
       42992
       42994
       43001
      -43002
       43007
       43011
       43014
       43016
       43024
       43029
       43030
       43042
      -43046
       43047
      -43048
       43053
       43054
       43064
       43067
       43076
       43079
       43081
       43084
       43094
       43095
      -43097
      -43098
       43100
       43105
       43107
       43108
       43114
       43118
       43121
       43122
       43130
      -43137
       43138
       43140
       43142
       43146
       43147
       43150
       43154
       43156
       43157
      -43158
       43162
       43164
       43165
       43170
       43176
       43180
       43182
       43186
       43191
       43192
      -43193
       43196
       43197
       43200
       43205
       43206
       43210
       43213
       43216
       43217
      -43220
       43222
       43224
       43229
       43232
       43236
       43239
       43245
       43248
       43252
       43257
       43263
       43264
       43267
      -43271
       43272
       43273
       43279
       43282
       43288
       43290
       43296
       43297
       43298
       43305
      -43307
       43314
       43315
       43316
       43323
       43324
       43332
       43335
       43340
       43341
       43342
       43343
       43347
       43350
       43354
       43357
      -43358
       43361
      -43365
       43368
       43369
       43375
       43376
       43382
       43384
       43385
       43386
       43387
       43388
       43395
       43396
       43400
      -43401
       43402
      -43403
       43406
       43408
       43413
       43417
       43423
       43425
       43427
       43428
       43437
       43438
       43440
       43445
       43448
       43455
       43456
       43457
       43459
       43460
       43464
       43468
       43470
       43477
       43481
       43482
       43485
       43487
       43489
       43491
       43496
       43502
       43503
       43508
       43510
       43525
       43526
       43529
       43534
       43540
       43543
       43549
       43550
       43552
       43553
       43560
       43566
       43573
       43574
       43578
       43580
       43587
       43592
       43596
       43600
       43603
       43604
       43606
       43610
       43615
       43617
       43618
       43622
       43630
       43639
       43642
       43643
       43651
       43656
       43657
       43666
       43672
       43699
       43704
       43707
       43712
       43715
       43721
       43729
       43739
       43769
       43777
       43786
       43791
       43809
       43840
       43841
NNODG          32218         319         295
      -22986
      -22994
      -23014
       23031
       23036
      -23037
       23058
       23081
       23084
       23086
      -23093
       23094
       23107
      -23109
      -23123
       23127
      -23128
       23143
       23148
       23153
       23165
       23169
       23184
      -23185
      -23189
      -23195
       23197
       23200
      -23201
       23209
      -23216
       23217
       23227
       23238
       23244
      -23261
       23264
       23277
       23280
       23282
       23297
       23302
       23314
       23320
       23328
       23331
      -23336
       23342
       23343
       23352
       23355
       23360
       23371
       23372
      -23374
       23379
       23383
       23388
       23391
       23395
       23396
       23397
       23400
       23401
       23402
       23404
       23405
       23409
       23410
       23412
       23417
       23419
       23421
       23423
       23425
       23426
      -23428
       23429
       23434
       23438
       23439
       23443
       23445
       23448
       23450
       23459
       23460
       23463
       23465
       23474
       23477
       23480
       23481
      -23483
       23487
       23494
       23495
       23496
       23497
       23501
       23503
       23504
       23511
       23514
       23516
       23521
       23523
       23525
       23529
       23530
       23536
      -23537
       23538
       23540
       23544
       23545
       23546
       23549
       23555
       23557
       23558
       23560
       23562
       23564
       23569
       23571
       23572
       23573
       23577
      -23581
       23584
       23585
      -23586
      -23587
       23588
       23589
       23593
       23594
       23595
       23596
       23599
       23603
       23604
       23607
       23608
       23611
       23615
       23617
       23618
       23620
       23628
       23631
       23632
       23634
       23635
       23641
      -23643
       23650
       23652
       23658
       23659
       23663
       23667
       23689
       23690
       23691
      -23696
       23702
       23703
       23709
       23714
       23719
       23721
       23722
       23725
      -23729
       23735
       23736
       23740
       23743
       23747
       23750
      -23752
       23753
       23760
       23764
       23772
       23773
       23779
       23787
      -23788
       23793
       23794
       23804
       23805
       23807
       23810
       23812
       23815
       23820
      -23826
       23827
       23828
       23835
       23838
       23840
       23842
       23843
       23851
       23854
       23859
       23860
      -23861
       23863
       23865
       23868
       23874
       23876
       23878
       23879
       23884
       23889
       23894
       23898
       23904
       23905
      -23907
       23908
       23913
       23919
       23923
       23924
      -23928
       23934
       23935
       23939
       23943
       23947
      -23948
       23949
       23953
       23956
       23958
       23962
       23963
      -23964
       23968
       23970
       23972
      -23973
       23974
       23981
       23985
       23986
       23989
       23994
       23996
       24004
       24006
       24009
       24015
       24016
      -24022
       24023
       24027
       24032
       24038
       24040
       24041
       24046
       24057
       24059
       24061
       24066
      -24068
       24076
       24080
      -24081
       24091
       24094
      -24097
       24098
       24100
      -24105
       24112
      -24122
       24128
       24134
       24156
       24161
      -24163
       24172
      -24193
      -24203
      -24216
NFLUXF             0
NETA             128          29           0
NSTAE              0           0           0
NSTAV              0           0           0
NSTAM              0           0           0
NSTAC              0           0           0
RES NODE          69         251
                   4           5           7           8           9          10
                  12          13          16          18          19          20
                  21          22          23          27          28          30
                  32          33          34          35          37          38
                  39          40          41          42          43          44
                  45          46          48          49          50          51
                  52          53          54          56          57          58
                  59          60          61          62          63          64
                  65          66          67          68          69          70
                  71          72          73          74          75          76
                  78          79          80          81          82          83
                  84          85          86          87          88          89
                  90          91          92          93          95          96
                  97          98          99         100         101         102
                 103         104         105         106         107         108
                 109         110         111         113         114         115
                 116         117         118         119         120         121
                 122         123         124         125         126         127
                 128         129         131         132         135         136
                 137         138         139         140         141         142
                 143         144         145         146         147         148
                 149         150         151         152         153         154
                 155         156         158         159         160         161
                 162         163         164         165         166         168
                 169         170         171         172         173         174
                 175         177         178         179         180         181
                 182         184         185         186         187         188
                 189         190         192         193         194         195
                 196         197         198         199         200         202
                 203         204         205         206         207         208
                 209         210         211         212         214         215
                 216         217         218         219         220         221
                 222         223         224         225         226         228
                 229         230         231         232         234         235
                 236         237         238         240         241         242
                 243         244         245         247         248         249
                 251         252         253         254         255         256
                 257         258         259         260         261         262
                 264         265         266         267         268         269
                 270         271         272         273         274         276
                 277         279         280         282         283         285
                 287         288         289         290         292
COMM PE            3
RECV PE           68          22
                  11          15          25          36          47          55
                  77          94         112         130         133         134
                 157         167         176         183         191         201
                 213         227         233         246
RECV PE           70          10
                   1           2           3           6          14          17
                  24          26          29          31
RECV PE           89          12
                 239         250         263         275         278         281
                 284         286         291         293         294         295
SEND PE           68          22
                  10          12          18          27          39          49
                  57          80          98         117         142         144
                 163         171         181         187         196         206
                 218         232         243         254
SEND PE           70          10
                   4           5           7           9          19          21
                  32          34          37          38
SEND PE           89          14
                 224         238         249         262         266         269
                 272         274         283         287         288         289
                 290         292
