bi_1997_v2.grd                                                                  
     492     295
   22986 -0.762970000000E+02  0.348793000000E+02  0.555000000000E+00
   22994 -0.762922600000E+02  0.348771300000E+02  0.555000000000E+00
   23014 -0.763017700000E+02  0.348812100000E+02  0.555000000000E+00
   23031 -0.762932000000E+02  0.348824000000E+02  0.555000000000E+00
   23036 -0.762884200000E+02  0.348799700000E+02  0.555000000000E+00
   23037 -0.763065000000E+02  0.348829100000E+02  0.615000000000E+00
   23058 -0.762980700000E+02  0.348843500000E+02  0.555000000000E+00
   23081 -0.762889900000E+02  0.348859400000E+02  0.544000000000E+00
   23084 -0.763028000000E+02  0.348860700000E+02  0.763000000000E+00
   23086 -0.762845300000E+02  0.348829000000E+02  0.555000000000E+00
   23093 -0.762818800000E+02  0.348849100000E+02  0.539000000000E+00
   23094 -0.762848500000E+02  0.348866600000E+02  0.522000000000E+00
   23107 -0.762944300000E+02  0.348877100000E+02  0.532000000000E+00
   23109 -0.763073900000E+02  0.348876800000E+02  0.126400000000E+01
   23123 -0.762824300000E+02  0.348890800000E+02  0.483000000000E+00
   23127 -0.762992600000E+02  0.348893400000E+02  0.726000000000E+00
   23128 -0.763118700000E+02  0.348892700000E+02  0.275400000000E+01
   23143 -0.762864200000E+02  0.348904900000E+02  0.524000000000E+00
   23148 -0.763038500000E+02  0.348908900000E+02  0.110000000000E+01
   23153 -0.762911200000E+02  0.348914500000E+02  0.797000000000E+00
   23165 -0.763082400000E+02  0.348924100000E+02  0.265500000000E+01
   23169 -0.762959100000E+02  0.348927800000E+02  0.107700000000E+01
   23184 -0.763005000000E+02  0.348941800000E+02  0.105300000000E+01
   23185 -0.763123900000E+02  0.348939700000E+02  0.213200000000E+01
   23189 -0.762830000000E+02  0.348944200000E+02  0.836000000000E+00
   23195 -0.763214800000E+02  0.348952200000E+02  0.110900000000E+01
   23197 -0.762881400000E+02  0.348953900000E+02  0.112100000000E+01
   23200 -0.763048900000E+02  0.348956000000E+02  0.248400000000E+01
   23201 -0.763158200000E+02  0.348956200000E+02  0.160100000000E+01
   23209 -0.762928200000E+02  0.348964200000E+02  0.140600000000E+01
   23216 -0.763183100000E+02  0.348967900000E+02  0.121900000000E+01
   23217 -0.763090700000E+02  0.348970100000E+02  0.210100000000E+01
   23227 -0.762973600000E+02  0.348976000000E+02  0.184100000000E+01
   23238 -0.763129000000E+02  0.348984000000E+02  0.151900000000E+01
   23244 -0.763017400000E+02  0.348988600000E+02  0.289900000000E+01
   23261 -0.762854600000E+02  0.348994300000E+02  0.138600000000E+01
   23264 -0.763162800000E+02  0.348994800000E+02  0.103200000000E+01
   23277 -0.763193700000E+02  0.348996200000E+02  0.701000000000E+00
   23280 -0.762899900000E+02  0.349001500000E+02  0.141300000000E+01
   23282 -0.763059700000E+02  0.349001700000E+02  0.229600000000E+01
   23297 -0.762944300000E+02  0.349011200000E+02  0.259700000000E+01
   23302 -0.763100100000E+02  0.349014900000E+02  0.137500000000E+01
   23314 -0.762987600000E+02  0.349022300000E+02  0.297200000000E+01
   23320 -0.763138700000E+02  0.349027800000E+02  0.915000000000E+00
   23328 -0.763029900000E+02  0.349034000000E+02  0.252000000000E+01
   23331 -0.763174400000E+02  0.349036300000E+02  0.626000000000E+00
   23336 -0.762874100000E+02  0.349038700000E+02  0.166200000000E+01
   23342 -0.763071100000E+02  0.349046200000E+02  0.187500000000E+01
   23343 -0.762916800000E+02  0.349046800000E+02  0.277100000000E+01
   23352 -0.762959300000E+02  0.349056500000E+02  0.290200000000E+01
   23355 -0.763111600000E+02  0.349059500000E+02  0.124000000000E+01
   23360 -0.763001400000E+02  0.349067000000E+02  0.275800000000E+01
   23371 -0.763153900000E+02  0.349077400000E+02  0.759000000000E+00
   23372 -0.763042700000E+02  0.349077800000E+02  0.252800000000E+01
   23374 -0.762890900000E+02  0.349081800000E+02  0.289400000000E+01
   23379 -0.763083000000E+02  0.349089200000E+02  0.178100000000E+01
   23383 -0.762932200000E+02  0.349091100000E+02  0.301200000000E+01
   23388 -0.762973800000E+02  0.349101000000E+02  0.299300000000E+01
   23391 -0.763122900000E+02  0.349101300000E+02  0.124600000000E+01
   23395 -0.763237900000E+02  0.349074500000E+02  0.555000000000E+00
   23396 -0.763188800000E+02  0.349075900000E+02  0.555000000000E+00
   23397 -0.763221800000E+02  0.349103400000E+02  0.100400000000E+01
   23400 -0.763369000000E+02  0.349071200000E+02  0.708000000000E+00
   23401 -0.763314600000E+02  0.349072700000E+02  0.555000000000E+00
   23402 -0.763353500000E+02  0.349103900000E+02  0.136800000000E+01
   23404 -0.763254500000E+02  0.349107500000E+02  0.101600000000E+01
   23405 -0.763278000000E+02  0.349073800000E+02  0.555000000000E+00
   23409 -0.763405900000E+02  0.349069400000E+02  0.608000000000E+00
   23410 -0.763388400000E+02  0.349110200000E+02  0.165400000000E+01
   23412 -0.763015100000E+02  0.349110400000E+02  0.292200000000E+01
   23417 -0.763291200000E+02  0.349113000000E+02  0.903000000000E+00
   23419 -0.763160900000E+02  0.349111600000E+02  0.967000000000E+00
   23421 -0.763055500000E+02  0.349119900000E+02  0.247500000000E+01
   23423 -0.763196500000E+02  0.349123300000E+02  0.169500000000E+01
   23425 -0.763450800000E+02  0.349068700000E+02  0.612000000000E+00
   23426 -0.763431100000E+02  0.349123600000E+02  0.763000000000E+00
   23428 -0.762905700000E+02  0.349125000000E+02  0.319800000000E+01
   23429 -0.763328800000E+02  0.349125200000E+02  0.115100000000E+01
   23434 -0.763094900000E+02  0.349129900000E+02  0.216600000000E+01
   23438 -0.762946800000E+02  0.349135900000E+02  0.304900000000E+01
   23439 -0.763231400000E+02  0.349135600000E+02  0.201700000000E+01
   23443 -0.763366700000E+02  0.349139900000E+02  0.162300000000E+01
   23445 -0.763133200000E+02  0.349140300000E+02  0.231200000000E+01
   23448 -0.763267100000E+02  0.349144500000E+02  0.224900000000E+01
   23450 -0.762988200000E+02  0.349144800000E+02  0.299300000000E+01
   23459 -0.763170200000E+02  0.349151000000E+02  0.223600000000E+01
   23460 -0.763029000000E+02  0.349152000000E+02  0.291800000000E+01
   23463 -0.763404500000E+02  0.349153400000E+02  0.119400000000E+01
   23465 -0.763304100000E+02  0.349154600000E+02  0.107100000000E+01
   23474 -0.763068400000E+02  0.349159700000E+02  0.279500000000E+01
   23477 -0.763206300000E+02  0.349162100000E+02  0.216500000000E+01
   23480 -0.763342600000E+02  0.349167000000E+02  0.128400000000E+01
   23481 -0.763106600000E+02  0.349168900000E+02  0.259000000000E+01
   23483 -0.762919300000E+02  0.349170400000E+02  0.250100000000E+01
   23487 -0.763242300000E+02  0.349172700000E+02  0.217000000000E+01
   23494 -0.763144100000E+02  0.349178900000E+02  0.247100000000E+01
   23495 -0.763382500000E+02  0.349179500000E+02  0.173600000000E+01
   23496 -0.762961300000E+02  0.349182700000E+02  0.245300000000E+01
   23497 -0.763278900000E+02  0.349183200000E+02  0.162700000000E+01
   23501 -0.763003600000E+02  0.349187000000E+02  0.278300000000E+01
   23503 -0.763180800000E+02  0.349189500000E+02  0.230600000000E+01
   23504 -0.763043500000E+02  0.349189800000E+02  0.271700000000E+01
   23511 -0.763316700000E+02  0.349194800000E+02  0.889000000000E+00
   23514 -0.763081100000E+02  0.349197400000E+02  0.229900000000E+01
   23516 -0.763217100000E+02  0.349200100000E+02  0.196100000000E+01
   23521 -0.763118400000E+02  0.349206800000E+02  0.208100000000E+01
   23523 -0.763356900000E+02  0.349208200000E+02  0.148700000000E+01
   23525 -0.763253300000E+02  0.349210700000E+02  0.142000000000E+01
   23529 -0.763155200000E+02  0.349217000000E+02  0.197800000000E+01
   23530 -0.763022400000E+02  0.349217500000E+02  0.219300000000E+01
   23536 -0.763289900000E+02  0.349221700000E+02  0.956000000000E+00
   23537 -0.762932900000E+02  0.349222900000E+02  0.119400000000E+01
   23538 -0.763056600000E+02  0.349225000000E+02  0.170400000000E+01
   23540 -0.763191800000E+02  0.349227400000E+02  0.171500000000E+01
   23544 -0.763327600000E+02  0.349233700000E+02  0.129300000000E+01
   23545 -0.763093300000E+02  0.349234300000E+02  0.135200000000E+01
   23546 -0.762977100000E+02  0.349235100000E+02  0.115500000000E+01
   23549 -0.763228100000E+02  0.349238000000E+02  0.117200000000E+01
   23555 -0.763130000000E+02  0.349244400000E+02  0.130500000000E+01
   23557 -0.763366500000E+02  0.349246500000E+02  0.177400000000E+01
   23558 -0.763396000000E+02  0.349220200000E+02  0.175000000000E+01
   23560 -0.763263900000E+02  0.349248500000E+02  0.119100000000E+01
   23562 -0.763031200000E+02  0.349250700000E+02  0.105300000000E+01
   23564 -0.763166600000E+02  0.349254800000E+02  0.125100000000E+01
   23569 -0.763299600000E+02  0.349259500000E+02  0.144100000000E+01
   23571 -0.763068500000E+02  0.349260500000E+02  0.809000000000E+00
   23572 -0.763408700000E+02  0.349261000000E+02  0.174300000000E+01
   23573 -0.763447500000E+02  0.349232600000E+02  0.143100000000E+01
   23577 -0.763203200000E+02  0.349265200000E+02  0.124100000000E+01
   23581 -0.762964100000E+02  0.349264500000E+02  0.582000000000E+00
   23584 -0.763105000000E+02  0.349271400000E+02  0.806000000000E+00
   23585 -0.763335900000E+02  0.349271200000E+02  0.160100000000E+01
   23586 -0.762388500000E+02  0.349268300000E+02  0.761000000000E+00
   23587 -0.762328300000E+02  0.349227600000E+02  0.573000000000E+00
   23588 -0.763239100000E+02  0.349275600000E+02  0.143300000000E+01
   23589 -0.763141500000E+02  0.349282000000E+02  0.767000000000E+00
   23593 -0.763273500000E+02  0.349285700000E+02  0.162000000000E+01
   23594 -0.763454600000E+02  0.349280100000E+02  0.159100000000E+01
   23595 -0.763508500000E+02  0.349248200000E+02  0.837000000000E+00
   23596 -0.763373900000E+02  0.349284600000E+02  0.145100000000E+01
   23599 -0.763178000000E+02  0.349292500000E+02  0.744000000000E+00
   23603 -0.762340300000E+02  0.349295300000E+02  0.730000000000E+00
   23604 -0.763306900000E+02  0.349296000000E+02  0.134100000000E+01
   23607 -0.762285400000E+02  0.349263200000E+02  0.577000000000E+00
   23608 -0.763215600000E+02  0.349303100000E+02  0.944000000000E+00
   23611 -0.763414100000E+02  0.349301900000E+02  0.141900000000E+01
   23615 -0.763340600000E+02  0.349306900000E+02  0.101600000000E+01
   23617 -0.763493900000E+02  0.349311400000E+02  0.616000000000E+00
   23618 -0.763534500000E+02  0.349293300000E+02  0.606000000000E+00
   23620 -0.763250700000E+02  0.349313200000E+02  0.100800000000E+01
   23628 -0.763280600000E+02  0.349321600000E+02  0.899000000000E+00
   23631 -0.763377500000E+02  0.349320400000E+02  0.991000000000E+00
   23632 -0.762297700000E+02  0.349324400000E+02  0.730000000000E+00
   23634 -0.762250400000E+02  0.349295800000E+02  0.555000000000E+00
   23635 -0.763454800000E+02  0.349325600000E+02  0.615000000000E+00
   23641 -0.763311300000E+02  0.349331100000E+02  0.616000000000E+00
   23643 -0.762394500000E+02  0.349331900000E+02  0.105100000000E+01
   23650 -0.763338200000E+02  0.349338000000E+02  0.620000000000E+00
   23652 -0.763415000000E+02  0.349339400000E+02  0.625000000000E+00
   23658 -0.762258700000E+02  0.349353300000E+02  0.605000000000E+00
   23659 -0.763383600000E+02  0.349351800000E+02  0.601000000000E+00
   23663 -0.762215600000E+02  0.349328500000E+02  0.555000000000E+00
   23667 -0.762347400000E+02  0.349356500000E+02  0.882000000000E+00
   23689 -0.762221900000E+02  0.349380900000E+02  0.556000000000E+00
   23690 -0.762185700000E+02  0.349355400000E+02  0.555000000000E+00
   23691 -0.762303900000E+02  0.349382400000E+02  0.911000000000E+00
   23696 -0.762397300000E+02  0.349390800000E+02  0.178100000000E+01
   23702 -0.762156000000E+02  0.349382300000E+02  0.555000000000E+00
   23703 -0.762186400000E+02  0.349407100000E+02  0.556000000000E+00
   23709 -0.762262600000E+02  0.349408100000E+02  0.916000000000E+00
   23714 -0.762350700000E+02  0.349414000000E+02  0.161700000000E+01
   23719 -0.762222600000E+02  0.349433000000E+02  0.918000000000E+00
   23721 -0.762149500000E+02  0.349434300000E+02  0.556000000000E+00
   23722 -0.762113100000E+02  0.349425100000E+02  0.555000000000E+00
   23725 -0.762306100000E+02  0.349437800000E+02  0.159000000000E+01
   23729 -0.762398100000E+02  0.349447100000E+02  0.249300000000E+01
   23735 -0.762182500000E+02  0.349456800000E+02  0.748000000000E+00
   23736 -0.762117200000E+02  0.349457100000E+02  0.555000000000E+00
   23740 -0.762262600000E+02  0.349461400000E+02  0.161600000000E+01
   23743 -0.762082600000E+02  0.349457400000E+02  0.555000000000E+00
   23747 -0.762351300000E+02  0.349469300000E+02  0.230800000000E+01
   23750 -0.762141900000E+02  0.349477800000E+02  0.650000000000E+00
   23752 -0.762445500000E+02  0.349480600000E+02  0.215700000000E+01
   23753 -0.762219300000E+02  0.349484100000E+02  0.138900000000E+01
   23760 -0.762098600000E+02  0.349491000000E+02  0.556000000000E+00
   23764 -0.762305400000E+02  0.349491700000E+02  0.236800000000E+01
   23772 -0.762397400000E+02  0.349501700000E+02  0.195400000000E+01
   23773 -0.762175200000E+02  0.349505000000E+02  0.567000000000E+00
   23779 -0.762047200000E+02  0.349494600000E+02  0.555000000000E+00
   23787 -0.762259700000E+02  0.349513700000E+02  0.238100000000E+01
   23788 -0.762492400000E+02  0.349513900000E+02  0.171000000000E+01
   23793 -0.762128400000E+02  0.349522700000E+02  0.560000000000E+00
   23794 -0.762349800000E+02  0.349523300000E+02  0.197000000000E+01
   23804 -0.762074600000E+02  0.349536400000E+02  0.555000000000E+00
   23805 -0.762213400000E+02  0.349534800000E+02  0.148000000000E+01
   23807 -0.762443900000E+02  0.349534300000E+02  0.204300000000E+01
   23810 -0.762302400000E+02  0.349544800000E+02  0.241300000000E+01
   23812 -0.762165600000E+02  0.349554200000E+02  0.106500000000E+01
   23815 -0.762395400000E+02  0.349555400000E+02  0.188100000000E+01
   23820 -0.762254600000E+02  0.349565800000E+02  0.231100000000E+01
   23826 -0.762490500000E+02  0.349566300000E+02  0.266900000000E+01
   23827 -0.762000500000E+02  0.349547700000E+02  0.555000000000E+00
   23828 -0.762114500000E+02  0.349572200000E+02  0.612000000000E+00
   23835 -0.762346700000E+02  0.349576800000E+02  0.237700000000E+01
   23838 -0.762206100000E+02  0.349586000000E+02  0.163500000000E+01
   23840 -0.762441800000E+02  0.349587400000E+02  0.278200000000E+01
   23842 -0.762058200000E+02  0.349590500000E+02  0.556000000000E+00
   23843 -0.762297800000E+02  0.349597800000E+02  0.270300000000E+01
   23851 -0.762156100000E+02  0.349605300000E+02  0.989000000000E+00
   23854 -0.762392300000E+02  0.349609000000E+02  0.290800000000E+01
   23859 -0.762248500000E+02  0.349618200000E+02  0.218600000000E+01
   23860 -0.762003300000E+02  0.349617500000E+02  0.555000000000E+00
   23861 -0.762489000000E+02  0.349618600000E+02  0.259400000000E+01
   23863 -0.761945300000E+02  0.349604400000E+02  0.555000000000E+00
   23865 -0.762104200000E+02  0.349624400000E+02  0.698000000000E+00
   23868 -0.762342200000E+02  0.349630200000E+02  0.283200000000E+01
   23874 -0.762198400000E+02  0.349637900000E+02  0.204600000000E+01
   23876 -0.762439100000E+02  0.349640900000E+02  0.275500000000E+01
   23878 -0.762052200000E+02  0.349645300000E+02  0.559000000000E+00
   23879 -0.761960200000E+02  0.349648200000E+02  0.555000000000E+00
   23884 -0.762292000000E+02  0.349651000000E+02  0.269700000000E+01
   23889 -0.762147500000E+02  0.349657100000E+02  0.152900000000E+01
   23894 -0.762387800000E+02  0.349662800000E+02  0.272400000000E+01
   23898 -0.761894900000E+02  0.349651400000E+02  0.555000000000E+00
   23904 -0.762003800000E+02  0.349669100000E+02  0.556000000000E+00
   23905 -0.762241500000E+02  0.349671100000E+02  0.233700000000E+01
   23907 -0.762488600000E+02  0.349672100000E+02  0.244900000000E+01
   23908 -0.762096500000E+02  0.349676200000E+02  0.794000000000E+00
   23913 -0.762336400000E+02  0.349684000000E+02  0.221700000000E+01
   23919 -0.762190600000E+02  0.349690500000E+02  0.168600000000E+01
   23923 -0.762047400000E+02  0.349694700000E+02  0.656000000000E+00
   23924 -0.762434800000E+02  0.349695200000E+02  0.277700000000E+01
   23928 -0.762546900000E+02  0.349702600000E+02  0.210600000000E+01
   23934 -0.761953700000E+02  0.349698800000E+02  0.555000000000E+00
   23935 -0.762285200000E+02  0.349704500000E+02  0.221700000000E+01
   23939 -0.762139300000E+02  0.349709100000E+02  0.966000000000E+00
   23943 -0.762005800000E+02  0.349710500000E+02  0.622000000000E+00
   23947 -0.761896100000E+02  0.349711200000E+02  0.555000000000E+00
   23948 -0.761838200000E+02  0.349700000000E+02  0.555000000000E+00
   23949 -0.762381400000E+02  0.349717200000E+02  0.240300000000E+01
   23953 -0.762234000000E+02  0.349724300000E+02  0.176500000000E+01
   23956 -0.762088200000E+02  0.349726600000E+02  0.771000000000E+00
   23958 -0.762484800000E+02  0.349727600000E+02  0.205400000000E+01
   23962 -0.762329300000E+02  0.349738300000E+02  0.144500000000E+01
   23963 -0.762038100000E+02  0.349741200000E+02  0.780000000000E+00
   23964 -0.762588400000E+02  0.349741600000E+02  0.937000000000E+00
   23968 -0.762182400000E+02  0.349743400000E+02  0.112600000000E+01
   23970 -0.761986000000E+02  0.349748500000E+02  0.570000000000E+00
   23972 -0.761928600000E+02  0.349752500000E+02  0.715000000000E+00
   23973 -0.761864900000E+02  0.349753100000E+02  0.654000000000E+00
   23974 -0.762426700000E+02  0.349750700000E+02  0.250600000000E+01
   23981 -0.762277800000E+02  0.349758600000E+02  0.169100000000E+01
   23985 -0.762130300000E+02  0.349761200000E+02  0.906000000000E+00
   23986 -0.762540800000E+02  0.349759400000E+02  0.671000000000E+00
   23989 -0.762373000000E+02  0.349772200000E+02  0.136000000000E+01
   23994 -0.762077600000E+02  0.349777100000E+02  0.134800000000E+01
   23996 -0.762226200000E+02  0.349778200000E+02  0.211100000000E+01
   24004 -0.762470900000E+02  0.349785300000E+02  0.134900000000E+01
   24006 -0.762023400000E+02  0.349789700000E+02  0.664000000000E+00
   24009 -0.762321400000E+02  0.349793100000E+02  0.805000000000E+00
   24015 -0.762173800000E+02  0.349796900000E+02  0.238400000000E+01
   24016 -0.761966200000E+02  0.349798700000E+02  0.652000000000E+00
   24022 -0.761904800000E+02  0.349805000000E+02  0.781000000000E+00
   24023 -0.762414900000E+02  0.349806500000E+02  0.116700000000E+01
   24027 -0.762270200000E+02  0.349813200000E+02  0.136000000000E+01
   24032 -0.762120100000E+02  0.349814400000E+02  0.228400000000E+01
   24038 -0.762506900000E+02  0.349826000000E+02  0.586000000000E+00
   24040 -0.762363900000E+02  0.349827600000E+02  0.573000000000E+00
   24041 -0.762064900000E+02  0.349829800000E+02  0.185100000000E+01
   24046 -0.762218200000E+02  0.349832800000E+02  0.920000000000E+00
   24057 -0.762451000000E+02  0.349841700000E+02  0.774000000000E+00
   24059 -0.762007400000E+02  0.349842800000E+02  0.556000000000E+00
   24061 -0.762313800000E+02  0.349848300000E+02  0.703000000000E+00
   24066 -0.762164800000E+02  0.349851700000E+02  0.119500000000E+01
   24068 -0.761946900000E+02  0.349853500000E+02  0.635000000000E+00
   24076 -0.762403300000E+02  0.349861300000E+02  0.573000000000E+00
   24080 -0.762263200000E+02  0.349868200000E+02  0.204100000000E+01
   24081 -0.762109200000E+02  0.349869400000E+02  0.193500000000E+01
   24091 -0.762475900000E+02  0.349882100000E+02  0.573000000000E+00
   24094 -0.762356500000E+02  0.349884000000E+02  0.557000000000E+00
   24097 -0.762051300000E+02  0.349885400000E+02  0.116900000000E+01
   24098 -0.762434200000E+02  0.349888800000E+02  0.614000000000E+00
   24100 -0.762210900000E+02  0.349888300000E+02  0.565000000000E+00
   24105 -0.761991000000E+02  0.349899500000E+02  0.722000000000E+00
   24112 -0.762307400000E+02  0.349903400000E+02  0.752000000000E+00
   24122 -0.762155800000E+02  0.349908100000E+02  0.580000000000E+00
   24128 -0.762399400000E+02  0.349919100000E+02  0.555000000000E+00
   24134 -0.762257900000E+02  0.349923100000E+02  0.442300000000E+01
   24156 -0.762441100000E+02  0.349939700000E+02  0.555000000000E+00
   24161 -0.762351000000E+02  0.349944300000E+02  0.558000000000E+00
   24163 -0.762205100000E+02  0.349945500000E+02  0.555000000000E+00
   24172 -0.762301300000E+02  0.349952400000E+02  0.937000000000E+00
   24193 -0.762259000000E+02  0.349980400000E+02  0.105900000000E+01
   24203 -0.762410000000E+02  0.349996300000E+02  0.610000000000E+00
   24216 -0.762331100000E+02  0.350010500000E+02  0.112300000000E+01
       1 3    22994    23031    22986
       2 3    22994    23036    23031
       3 3    22986    23058    23014
       4 3    22986    23031    23058
       5 3    23036    23081    23031
       6 3    23014    23084    23037
       7 3    23036    23086    23081
       8 3    23014    23058    23084
       9 3    23086    23093    23094
      10 3    23086    23094    23081
      11 3    23031    23107    23058
      12 3    23037    23084    23109
      13 3    23031    23081    23107
      14 3    23093    23123    23094
      15 3    23058    23127    23084
      16 3    23058    23107    23127
      17 3    23094    23143    23081
      18 3    23084    23148    23109
      19 3    23094    23123    23143
      20 3    23081    23153    23107
      21 3    23084    23127    23148
      22 3    23081    23143    23153
      23 3    23109    23165    23128
      24 3    23107    23169    23127
      25 3    23109    23148    23165
      26 3    23107    23153    23169
      27 3    23127    23184    23148
      28 3    23128    23165    23185
      29 3    23123    23189    23143
      30 3    23127    23169    23184
      31 3    23143    23197    23153
      32 3    23148    23200    23165
      33 3    23148    23184    23200
      34 3    23153    23209    23169
      35 3    23143    23189    23197
      36 3    23165    23217    23185
      37 3    23153    23197    23209
      38 3    23165    23200    23217
      39 3    23169    23227    23184
      40 3    23169    23209    23227
      41 3    23185    23238    23201
      42 3    23185    23217    23238
      43 3    23184    23244    23200
      44 3    23197    23189    23261
      45 3    23201    23264    23216
      46 3    23184    23227    23244
      47 3    23201    23238    23264
      48 3    23216    23277    23195
      49 3    23197    23280    23209
      50 3    23200    23282    23217
      51 3    23216    23264    23277
      52 3    23200    23244    23282
      53 3    23197    23261    23280
      54 3    23209    23297    23227
      55 3    23217    23302    23238
      56 3    23209    23280    23297
      57 3    23217    23282    23302
      58 3    23227    23314    23244
      59 3    23238    23320    23264
      60 3    23227    23297    23314
      61 3    23238    23302    23320
      62 3    23244    23328    23282
      63 3    23264    23331    23277
      64 3    23261    23336    23280
      65 3    23244    23314    23328
      66 3    23264    23320    23331
      67 3    23282    23342    23302
      68 3    23280    23343    23297
      69 3    23282    23328    23342
      70 3    23280    23336    23343
      71 3    23297    23352    23314
      72 3    23302    23355    23320
      73 3    23297    23343    23352
      74 3    23302    23342    23355
      75 3    23314    23360    23328
      76 3    23314    23352    23360
      77 3    23331    23320    23371
      78 3    23328    23372    23342
      79 3    23336    23374    23343
      80 3    23320    23355    23371
      81 3    23328    23360    23372
      82 3    23342    23379    23355
      83 3    23343    23383    23352
      84 3    23342    23372    23379
      85 3    23343    23374    23383
      86 3    23352    23388    23360
      87 3    23355    23391    23371
      88 3    23395    23396    23397
      89 3    23400    23401    23402
      90 3    23355    23379    23391
      91 3    23395    23404    23405
      92 3    23352    23383    23388
      93 3    23409    23400    23410
      94 3    23360    23412    23372
      95 3    23405    23417    23401
      96 3    23395    23397    23404
      97 3    23371    23419    23396
      98 3    23400    23402    23410
      99 3    23360    23388    23412
     100 3    23371    23391    23419
     101 3    23405    23404    23417
     102 3    23372    23421    23379
     103 3    23396    23423    23397
     104 3    23425    23409    23426
     105 3    23374    23428    23383
     106 3    23402    23401    23429
     107 3    23396    23419    23423
     108 3    23372    23412    23421
     109 3    23409    23410    23426
     110 3    23401    23417    23429
     111 3    23379    23434    23391
     112 3    23383    23438    23388
     113 3    23397    23439    23404
     114 3    23379    23421    23434
     115 3    23402    23443    23410
     116 3    23391    23445    23419
     117 3    23383    23428    23438
     118 3    23397    23423    23439
     119 3    23404    23448    23417
     120 3    23388    23450    23412
     121 3    23391    23434    23445
     122 3    23402    23429    23443
     123 3    23404    23439    23448
     124 3    23419    23459    23423
     125 3    23388    23438    23450
     126 3    23412    23460    23421
     127 3    23410    23463    23426
     128 3    23417    23465    23429
     129 3    23419    23445    23459
     130 3    23410    23443    23463
     131 3    23412    23450    23460
     132 3    23421    23474    23434
     133 3    23417    23448    23465
     134 3    23423    23477    23439
     135 3    23429    23480    23443
     136 3    23421    23460    23474
     137 3    23423    23459    23477
     138 3    23434    23481    23445
     139 3    23428    23483    23438
     140 3    23429    23465    23480
     141 3    23439    23487    23448
     142 3    23434    23474    23481
     143 3    23439    23477    23487
     144 3    23445    23494    23459
     145 3    23463    23443    23495
     146 3    23438    23496    23450
     147 3    23448    23497    23465
     148 3    23445    23481    23494
     149 3    23443    23480    23495
     150 3    23450    23501    23460
     151 3    23438    23483    23496
     152 3    23448    23487    23497
     153 3    23459    23503    23477
     154 3    23460    23504    23474
     155 3    23465    23511    23480
     156 3    23459    23494    23503
     157 3    23450    23496    23501
     158 3    23474    23514    23481
     159 3    23460    23501    23504
     160 3    23477    23516    23487
     161 3    23465    23497    23511
     162 3    23474    23504    23514
     163 3    23477    23503    23516
     164 3    23481    23521    23494
     165 3    23480    23523    23495
     166 3    23487    23525    23497
     167 3    23481    23514    23521
     168 3    23480    23511    23523
     169 3    23487    23516    23525
     170 3    23494    23529    23503
     171 3    23501    23530    23504
     172 3    23497    23536    23511
     173 3    23483    23537    23496
     174 3    23494    23521    23529
     175 3    23504    23538    23514
     176 3    23497    23525    23536
     177 3    23503    23540    23516
     178 3    23504    23530    23538
     179 3    23503    23529    23540
     180 3    23511    23544    23523
     181 3    23514    23545    23521
     182 3    23496    23546    23501
     183 3    23516    23549    23525
     184 3    23511    23536    23544
     185 3    23496    23537    23546
     186 3    23514    23538    23545
     187 3    23501    23546    23530
     188 3    23516    23540    23549
     189 3    23521    23555    23529
     190 3    23523    23557    23558
     191 3    23525    23560    23536
     192 3    23521    23545    23555
     193 3    23530    23562    23538
     194 3    23523    23544    23557
     195 3    23525    23549    23560
     196 3    23529    23564    23540
     197 3    23536    23569    23544
     198 3    23529    23555    23564
     199 3    23538    23571    23545
     200 3    23558    23572    23573
     201 3    23536    23560    23569
     202 3    23540    23577    23549
     203 3    23546    23537    23581
     204 3    23538    23562    23571
     205 3    23530    23546    23562
     206 3    23558    23557    23572
     207 3    23540    23564    23577
     208 3    23545    23584    23555
     209 3    23544    23585    23557
     210 3    23549    23588    23560
     211 3    23544    23569    23585
     212 3    23545    23571    23584
     213 3    23549    23577    23588
     214 3    23555    23589    23564
     215 3    23560    23593    23569
     216 3    23573    23572    23594
     217 3    23573    23594    23595
     218 3    23557    23596    23572
     219 3    23555    23584    23589
     220 3    23557    23585    23596
     221 3    23560    23588    23593
     222 3    23564    23599    23577
     223 3    23587    23603    23586
     224 3    23569    23604    23585
     225 3    23564    23589    23599
     226 3    23587    23607    23603
     227 3    23569    23593    23604
     228 3    23577    23608    23588
     229 3    23572    23611    23594
     230 3    23572    23596    23611
     231 3    23577    23599    23608
     232 3    23585    23615    23596
     233 3    23585    23604    23615
     234 3    23595    23594    23617
     235 3    23595    23617    23618
     236 3    23588    23620    23593
     237 3    23588    23608    23620
     238 3    23593    23628    23604
     239 3    23596    23631    23611
     240 3    23593    23620    23628
     241 3    23607    23632    23603
     242 3    23596    23615    23631
     243 3    23607    23634    23632
     244 3    23594    23635    23617
     245 3    23594    23611    23635
     246 3    23604    23641    23615
     247 3    23604    23628    23641
     248 3    23586    23603    23643
     249 3    23615    23641    23650
     250 3    23611    23631    23652
     251 3    23611    23652    23635
     252 3    23615    23650    23631
     253 3    23634    23658    23632
     254 3    23631    23659    23652
     255 3    23634    23663    23658
     256 3    23603    23667    23643
     257 3    23603    23632    23667
     258 3    23631    23650    23659
     259 3    23663    23689    23658
     260 3    23663    23690    23689
     261 3    23632    23691    23667
     262 3    23632    23658    23691
     263 3    23643    23667    23696
     264 3    23690    23702    23703
     265 3    23690    23703    23689
     266 3    23658    23709    23691
     267 3    23658    23689    23709
     268 3    23667    23714    23696
     269 3    23667    23691    23714
     270 3    23689    23703    23719
     271 3    23689    23719    23709
     272 3    23702    23721    23703
     273 3    23702    23722    23721
     274 3    23691    23709    23725
     275 3    23691    23725    23714
     276 3    23696    23714    23729
     277 3    23703    23721    23735
     278 3    23703    23735    23719
     279 3    23722    23736    23721
     280 3    23709    23719    23740
     281 3    23709    23740    23725
     282 3    23722    23743    23736
     283 3    23714    23725    23747
     284 3    23714    23747    23729
     285 3    23721    23736    23750
     286 3    23721    23750    23735
     287 3    23719    23735    23753
     288 3    23719    23753    23740
     289 3    23743    23760    23736
     290 3    23725    23740    23764
     291 3    23725    23764    23747
     292 3    23736    23760    23750
     293 3    23729    23747    23772
     294 3    23735    23750    23773
     295 3    23729    23772    23752
     296 3    23735    23773    23753
     297 3    23743    23779    23760
     298 3    23740    23753    23787
     299 3    23740    23787    23764
     300 3    23750    23760    23793
     301 3    23747    23764    23794
     302 3    23747    23794    23772
     303 3    23750    23793    23773
     304 3    23760    23779    23804
     305 3    23753    23773    23805
     306 3    23752    23772    23807
     307 3    23752    23807    23788
     308 3    23753    23805    23787
     309 3    23764    23787    23810
     310 3    23760    23804    23793
     311 3    23764    23810    23794
     312 3    23773    23793    23812
     313 3    23772    23794    23815
     314 3    23772    23815    23807
     315 3    23773    23812    23805
     316 3    23787    23805    23820
     317 3    23788    23807    23826
     318 3    23779    23827    23804
     319 3    23787    23820    23810
     320 3    23793    23804    23828
     321 3    23794    23810    23835
     322 3    23793    23828    23812
     323 3    23794    23835    23815
     324 3    23805    23812    23838
     325 3    23807    23815    23840
     326 3    23805    23838    23820
     327 3    23807    23840    23826
     328 3    23804    23827    23842
     329 3    23810    23820    23843
     330 3    23804    23842    23828
     331 3    23810    23843    23835
     332 3    23812    23828    23851
     333 3    23815    23835    23854
     334 3    23812    23851    23838
     335 3    23815    23854    23840
     336 3    23820    23838    23859
     337 3    23827    23860    23842
     338 3    23826    23840    23861
     339 3    23827    23863    23860
     340 3    23820    23859    23843
     341 3    23828    23842    23865
     342 3    23828    23865    23851
     343 3    23835    23843    23868
     344 3    23835    23868    23854
     345 3    23838    23851    23874
     346 3    23840    23854    23876
     347 3    23838    23874    23859
     348 3    23840    23876    23861
     349 3    23842    23860    23878
     350 3    23863    23879    23860
     351 3    23842    23878    23865
     352 3    23843    23859    23884
     353 3    23843    23884    23868
     354 3    23851    23865    23889
     355 3    23851    23889    23874
     356 3    23854    23868    23894
     357 3    23854    23894    23876
     358 3    23863    23898    23879
     359 3    23860    23879    23904
     360 3    23859    23874    23905
     361 3    23860    23904    23878
     362 3    23861    23876    23907
     363 3    23859    23905    23884
     364 3    23865    23878    23908
     365 3    23865    23908    23889
     366 3    23868    23884    23913
     367 3    23868    23913    23894
     368 3    23874    23889    23919
     369 3    23874    23919    23905
     370 3    23878    23904    23923
     371 3    23876    23894    23924
     372 3    23878    23923    23908
     373 3    23876    23924    23907
     374 3    23879    23934    23904
     375 3    23884    23905    23935
     376 3    23879    23898    23934
     377 3    23884    23935    23913
     378 3    23889    23908    23939
     379 3    23904    23943    23923
     380 3    23889    23939    23919
     381 3    23898    23947    23934
     382 3    23898    23948    23947
     383 3    23894    23913    23949
     384 3    23904    23934    23943
     385 3    23894    23949    23924
     386 3    23905    23919    23953
     387 3    23908    23923    23956
     388 3    23905    23953    23935
     389 3    23907    23924    23958
     390 3    23908    23956    23939
     391 3    23907    23958    23928
     392 3    23913    23935    23962
     393 3    23923    23943    23963
     394 3    23913    23962    23949
     395 3    23919    23939    23968
     396 3    23943    23934    23970
     397 3    23923    23963    23956
     398 3    23919    23968    23953
     399 3    23934    23947    23972
     400 3    23947    23948    23973
     401 3    23924    23949    23974
     402 3    23924    23974    23958
     403 3    23935    23953    23981
     404 3    23939    23956    23985
     405 3    23928    23986    23964
     406 3    23943    23970    23963
     407 3    23928    23958    23986
     408 3    23935    23981    23962
     409 3    23934    23972    23970
     410 3    23939    23985    23968
     411 3    23949    23962    23989
     412 3    23947    23973    23972
     413 3    23956    23963    23994
     414 3    23949    23989    23974
     415 3    23953    23968    23996
     416 3    23953    23996    23981
     417 3    23956    23994    23985
     418 3    23958    23974    24004
     419 3    23963    23970    24006
     420 3    23962    23981    24009
     421 3    23968    23985    24015
     422 3    23970    23972    24016
     423 3    23962    24009    23989
     424 3    23958    24004    23986
     425 3    23963    24006    23994
     426 3    23968    24015    23996
     427 3    23972    23973    24022
     428 3    23974    23989    24023
     429 3    23970    24016    24006
     430 3    23974    24023    24004
     431 3    23981    23996    24027
     432 3    23985    23994    24032
     433 3    23981    24027    24009
     434 3    23972    24022    24016
     435 3    23985    24032    24015
     436 3    24004    24038    23986
     437 3    23989    24009    24040
     438 3    23994    24006    24041
     439 3    23989    24040    24023
     440 3    23996    24015    24046
     441 3    23996    24046    24027
     442 3    23994    24041    24032
     443 3    24004    24023    24057
     444 3    24006    24016    24059
     445 3    24009    24027    24061
     446 3    24004    24057    24038
     447 3    24015    24032    24066
     448 3    24009    24061    24040
     449 3    24006    24059    24041
     450 3    24016    24022    24068
     451 3    24015    24066    24046
     452 3    24023    24040    24076
     453 3    24023    24076    24057
     454 3    24016    24068    24059
     455 3    24027    24046    24080
     456 3    24032    24041    24081
     457 3    24027    24080    24061
     458 3    24032    24081    24066
     459 3    24057    24091    24038
     460 3    24040    24061    24094
     461 3    24041    24059    24097
     462 3    24040    24094    24076
     463 3    24057    24076    24098
     464 3    24046    24066    24100
     465 3    24046    24100    24080
     466 3    24057    24098    24091
     467 3    24041    24097    24081
     468 3    24059    24068    24105
     469 3    24061    24080    24112
     470 3    24061    24112    24094
     471 3    24066    24081    24122
     472 3    24059    24105    24097
     473 3    24066    24122    24100
     474 3    24076    24128    24098
     475 3    24076    24094    24128
     476 3    24080    24100    24134
     477 3    24080    24134    24112
     478 3    24098    24128    24156
     479 3    24098    24156    24091
     480 3    24094    24112    24161
     481 3    24094    24161    24128
     482 3    24100    24122    24163
     483 3    24100    24163    24134
     484 3    24112    24134    24172
     485 3    24112    24172    24161
     486 3    24134    24193    24172
     487 3    24134    24163    24193
     488 3    24156    24128    24203
     489 3    24128    24161    24203
     490 3    24161    24172    24216
     491 3    24161    24216    24203
     492 3    24172    24193    24216
 0                                                                              
 0                                                                              
 2                                                                              
 60                                                                             
      17       1                                                                
   22994
   23036
   23086
   23093
   23587
   23607
   23634
   23663
   23690
   23702
   23722
   23743
   23779
   23827
   23863
   23898
   23948
      41       1                                                                
   24203
   24156
   24091
   24038
   23986
   23964
   23581
   23546
   23562
   23571
   23584
   23589
   23599
   23608
   23620
   23628
   23641
   23650
   23659
   23652
   23635
   23617
   23618
   23595
   23573
   23558
   23523
   23495
   23463
   23426
   23425
   23409
   23400
   23401
   23405
   23395
   23396
   23371
   23331
   23277
   23195
