bi_1997_v2.grd                                                                  
     465     296
   20888 -0.766843500000E+02  0.347648800000E+02  0.240900000000E+01
   20905 -0.766853300000E+02  0.347651400000E+02  0.253500000000E+01
   20917 -0.766863200000E+02  0.347653500000E+02  0.252800000000E+01
   20922 -0.766835500000E+02  0.347653400000E+02  0.254600000000E+01
   20929 -0.766873200000E+02  0.347654500000E+02  0.224700000000E+01
   20946 -0.766844900000E+02  0.347657100000E+02  0.218200000000E+01
   20974 -0.766855200000E+02  0.347660600000E+02  0.172300000000E+01
   20985 -0.766866300000E+02  0.347662500000E+02  0.142100000000E+01
   20986 -0.766836200000E+02  0.347661700000E+02  0.122000000000E+01
   20989 -0.766876200000E+02  0.347662400000E+02  0.162600000000E+01
   21024 -0.766845500000E+02  0.347666800000E+02  0.122000000000E+01
   21027 -0.766884200000E+02  0.347667800000E+02  0.115400000000E+01
   21053 -0.766835200000E+02  0.347670700000E+02  0.128800000000E+01
   21056 -0.766872300000E+02  0.347671200000E+02  0.102200000000E+01
   21065 -0.766857800000E+02  0.347672700000E+02  0.125200000000E+01
   21077 -0.766829600000E+02  0.347674800000E+02  0.145800000000E+01
   21078 -0.766824000000E+02  0.347675100000E+02  0.248400000000E+01
   21100 -0.766843800000E+02  0.347678100000E+02  0.134500000000E+01
   21101 -0.766834300000E+02  0.347678600000E+02  0.145900000000E+01
   21104 -0.766881500000E+02  0.347679000000E+02  0.879000000000E+00
   21112 -0.766827700000E+02  0.347679800000E+02  0.288400000000E+01
   21116 -0.766821400000E+02  0.347680600000E+02  0.388600000000E+01
   21131 -0.766867800000E+02  0.347682800000E+02  0.111400000000E+01
   21135 -0.766837600000E+02  0.347683600000E+02  0.139900000000E+01
   21139 -0.766831700000E+02  0.347684500000E+02  0.305100000000E+01
   21145 -0.766825300000E+02  0.347685500000E+02  0.387800000000E+01
   21152 -0.766819200000E+02  0.347686000000E+02  0.168400000000E+01
   21156 -0.766853400000E+02  0.347687100000E+02  0.136300000000E+01
   21158 -0.766892200000E+02  0.347686500000E+02  0.845000000000E+00
   21161 -0.766842800000E+02  0.347687600000E+02  0.138500000000E+01
   21170 -0.766835800000E+02  0.347689200000E+02  0.304500000000E+01
   21179 -0.766829300000E+02  0.347690400000E+02  0.390700000000E+01
   21187 -0.766878200000E+02  0.347690400000E+02  0.106000000000E+01
   21191 -0.766812400000E+02  0.347690900000E+02  0.803000000000E+00
   21194 -0.766797200000E+02  0.347691600000E+02  0.707000000000E+00
   21195 -0.766822500000E+02  0.347691700000E+02  0.927000000000E+00
   21205 -0.766846200000E+02  0.347693400000E+02  0.125900000000E+01
   21207 -0.766839800000E+02  0.347694100000E+02  0.308500000000E+01
   21215 -0.766833300000E+02  0.347695300000E+02  0.390300000000E+01
   21220 -0.766889600000E+02  0.347694600000E+02  0.810000000000E+00
   21224 -0.766827400000E+02  0.347696200000E+02  0.223800000000E+01
   21225 -0.766863800000E+02  0.347696300000E+02  0.106100000000E+01
   21229 -0.766904300000E+02  0.347696600000E+02  0.655000000000E+00
   21237 -0.766851700000E+02  0.347698900000E+02  0.114100000000E+01
   21242 -0.766843600000E+02  0.347699200000E+02  0.328000000000E+01
   21244 -0.766837200000E+02  0.347700100000E+02  0.390300000000E+01
   21254 -0.766821300000E+02  0.347701500000E+02  0.813000000000E+00
   21256 -0.766830700000E+02  0.347701800000E+02  0.149200000000E+01
   21266 -0.766874200000E+02  0.347703400000E+02  0.891000000000E+00
   21271 -0.766807900000E+02  0.347703500000E+02  0.721000000000E+00
   21272 -0.766857500000E+02  0.347704100000E+02  0.104500000000E+01
   21273 -0.766846200000E+02  0.347704000000E+02  0.378800000000E+01
   21274 -0.766840700000E+02  0.347704700000E+02  0.390300000000E+01
   21280 -0.766835300000E+02  0.347705700000E+02  0.246500000000E+01
   21294 -0.766863700000E+02  0.347707300000E+02  0.961000000000E+00
   21296 -0.766851000000E+02  0.347708100000E+02  0.330600000000E+01
   21305 -0.766843700000E+02  0.347709400000E+02  0.390000000000E+01
   21306 -0.766837800000E+02  0.347709500000E+02  0.219500000000E+01
   21309 -0.766857400000E+02  0.347709900000E+02  0.110500000000E+01
   21320 -0.766829800000E+02  0.347712200000E+02  0.961000000000E+00
   21338 -0.766818000000E+02  0.347714000000E+02  0.846000000000E+00
   21343 -0.766847200000E+02  0.347715000000E+02  0.390200000000E+01
   21344 -0.766853900000E+02  0.347715000000E+02  0.386200000000E+01
   21346 -0.766860700000E+02  0.347715100000E+02  0.108800000000E+01
   21347 -0.766868800000E+02  0.347715100000E+02  0.855000000000E+00
   21349 -0.766839800000E+02  0.347715400000E+02  0.113800000000E+01
   21360 -0.766881200000E+02  0.347716400000E+02  0.726000000000E+00
   21367 -0.766790900000E+02  0.347706500000E+02  0.602000000000E+00
   21368 -0.766774400000E+02  0.347707700000E+02  0.733000000000E+00
   21369 -0.766784700000E+02  0.347718900000E+02  0.646000000000E+00
   21378 -0.766764400000E+02  0.347711600000E+02  0.739000000000E+00
   21379 -0.766770900000E+02  0.347720800000E+02  0.808000000000E+00
   21380 -0.766850400000E+02  0.347720900000E+02  0.390500000000E+01
   21381 -0.766844100000E+02  0.347720900000E+02  0.129500000000E+01
   21382 -0.766856800000E+02  0.347721000000E+02  0.336000000000E+01
   21389 -0.766863300000E+02  0.347722200000E+02  0.107600000000E+01
   21390 -0.766799000000E+02  0.347716700000E+02  0.667000000000E+00
   21402 -0.766853500000E+02  0.347725600000E+02  0.389700000000E+01
   21404 -0.766835900000E+02  0.347725300000E+02  0.110200000000E+01
   21406 -0.766820000000E+02  0.347724700000E+02  0.921000000000E+00
   21408 -0.766870000000E+02  0.347726300000E+02  0.947000000000E+00
   21414 -0.766858800000E+02  0.347727000000E+02  0.285200000000E+01
   21418 -0.766847200000E+02  0.347728100000E+02  0.218000000000E+01
   21419 -0.766807300000E+02  0.347715600000E+02  0.748000000000E+00
   21420 -0.766805600000E+02  0.347728400000E+02  0.771000000000E+00
   21421 -0.766753700000E+02  0.347721200000E+02  0.604000000000E+00
   21422 -0.766865000000E+02  0.347729000000E+02  0.108500000000E+01
   21432 -0.766780300000E+02  0.347730700000E+02  0.845000000000E+00
   21433 -0.766792500000E+02  0.347730900000E+02  0.741000000000E+00
   21434 -0.766854200000E+02  0.347731100000E+02  0.389900000000E+01
   21436 -0.766870800000E+02  0.347730200000E+02  0.954000000000E+00
   21444 -0.766860400000E+02  0.347733200000E+02  0.269900000000E+01
   21450 -0.766866800000E+02  0.347734700000E+02  0.109200000000E+01
   21452 -0.766849800000E+02  0.347735000000E+02  0.285600000000E+01
   21457 -0.766841400000E+02  0.347735300000E+02  0.118900000000E+01
   21463 -0.766768100000E+02  0.347734600000E+02  0.764000000000E+00
   21469 -0.766873900000E+02  0.347735000000E+02  0.929000000000E+00
   21470 -0.766855500000E+02  0.347737400000E+02  0.390000000000E+01
   21472 -0.766828600000E+02  0.347737800000E+02  0.105300000000E+01
   21481 -0.766814600000E+02  0.347739600000E+02  0.900000000000E+00
   21484 -0.766862000000E+02  0.347739800000E+02  0.257600000000E+01
   21488 -0.766869000000E+02  0.347741200000E+02  0.107800000000E+01
   21491 -0.766800600000E+02  0.347742800000E+02  0.832000000000E+00
   21493 -0.766875200000E+02  0.347742700000E+02  0.969000000000E+00
   21494 -0.766845400000E+02  0.347743700000E+02  0.117800000000E+01
   21503 -0.766855800000E+02  0.347746300000E+02  0.384600000000E+01
   21505 -0.766863500000E+02  0.347746700000E+02  0.247200000000E+01
   21507 -0.766872200000E+02  0.347747500000E+02  0.103800000000E+01
   21510 -0.766785100000E+02  0.347748100000E+02  0.739000000000E+00
   21512 -0.766835900000E+02  0.347749000000E+02  0.116400000000E+01
   21518 -0.766879000000E+02  0.347745800000E+02  0.906000000000E+00
   21520 -0.766823000000E+02  0.347750500000E+02  0.101200000000E+01
   21528 -0.766849300000E+02  0.347752600000E+02  0.116400000000E+01
   21530 -0.766809500000E+02  0.347753100000E+02  0.835000000000E+00
   21531 -0.766882300000E+02  0.347740700000E+02  0.803000000000E+00
   21532 -0.766891800000E+02  0.347749800000E+02  0.682000000000E+00
   21535 -0.766858800000E+02  0.347754100000E+02  0.390800000000E+01
   21539 -0.766867400000E+02  0.347755200000E+02  0.114900000000E+01
   21544 -0.766875900000E+02  0.347756500000E+02  0.995000000000E+00
   21545 -0.766796100000E+02  0.347756300000E+02  0.736000000000E+00
   21559 -0.766851700000E+02  0.347759600000E+02  0.116400000000E+01
   21562 -0.766831200000E+02  0.347760400000E+02  0.953000000000E+00
   21563 -0.766887200000E+02  0.347760000000E+02  0.799000000000E+00
   21569 -0.766861400000E+02  0.347761400000E+02  0.390800000000E+01
   21573 -0.766868400000E+02  0.347762300000E+02  0.115100000000E+01
   21576 -0.766818500000E+02  0.347763200000E+02  0.779000000000E+00
   21580 -0.766842300000E+02  0.347764600000E+02  0.107400000000E+01
   21582 -0.766854200000E+02  0.347765800000E+02  0.116400000000E+01
   21584 -0.766804100000E+02  0.347766500000E+02  0.690000000000E+00
   21588 -0.766904000000E+02  0.347763400000E+02  0.563000000000E+00
   21589 -0.766878300000E+02  0.347766900000E+02  0.986000000000E+00
   21593 -0.766862600000E+02  0.347768500000E+02  0.390800000000E+01
   21598 -0.766888100000E+02  0.347769800000E+02  0.827000000000E+00
   21600 -0.766869700000E+02  0.347771300000E+02  0.115600000000E+01
   21603 -0.766856200000E+02  0.347773600000E+02  0.116400000000E+01
   21607 -0.766829100000E+02  0.347773700000E+02  0.729000000000E+00
   21609 -0.766813800000E+02  0.347775000000E+02  0.633000000000E+00
   21610 -0.766878600000E+02  0.347774300000E+02  0.100800000000E+01
   21615 -0.766863800000E+02  0.347777200000E+02  0.390800000000E+01
   21616 -0.766846100000E+02  0.347777200000E+02  0.934000000000E+00
   21617 -0.766904900000E+02  0.347775600000E+02  0.631000000000E+00
   21621 -0.766888700000E+02  0.347777400000E+02  0.866000000000E+00
   21632 -0.766871200000E+02  0.347780600000E+02  0.119300000000E+01
   21634 -0.766857100000E+02  0.347781300000E+02  0.116400000000E+01
   21638 -0.766880300000E+02  0.347784000000E+02  0.103000000000E+01
   21640 -0.766900000000E+02  0.347784700000E+02  0.759000000000E+00
   21641 -0.766864900000E+02  0.347786100000E+02  0.390800000000E+01
   21642 -0.766836500000E+02  0.347786500000E+02  0.637000000000E+00
   21644 -0.766823000000E+02  0.347786800000E+02  0.648000000000E+00
   21650 -0.766889000000E+02  0.347787700000E+02  0.936000000000E+00
   21653 -0.766848400000E+02  0.347789800000E+02  0.747000000000E+00
   21656 -0.766872200000E+02  0.347789800000E+02  0.143200000000E+01
   21659 -0.766859210000E+02  0.347789890000E+02  0.106600000000E+01
   21661 -0.766881700000E+02  0.347792800000E+02  0.108500000000E+01
   21666 -0.766866400000E+02  0.347795700000E+02  0.390800000000E+01
   21670 -0.766874200000E+02  0.347798000000E+02  0.145900000000E+01
   21672 -0.766891100000E+02  0.347800200000E+02  0.101800000000E+01
   21673 -0.766856920000E+02  0.347799040000E+02  0.110900000000E+01
   21676 -0.766844800000E+02  0.347799300000E+02  0.560000000000E+00
   21680 -0.766831000000E+02  0.347800200000E+02  0.568000000000E+00
   21685 -0.766882600000E+02  0.347803300000E+02  0.116300000000E+01
   21691 -0.766866800000E+02  0.347803600000E+02  0.390800000000E+01
   21694 -0.766875700000E+02  0.347804900000E+02  0.161800000000E+01
   21695 -0.766850100000E+02  0.347805900000E+02  0.772000000000E+00
   21698 -0.766859800000E+02  0.347807100000E+02  0.109400000000E+01
   21702 -0.766841400000E+02  0.347810200000E+02  0.806000000000E+00
   21705 -0.766867100000E+02  0.347810400000E+02  0.390800000000E+01
   21707 -0.766873800000E+02  0.347813800000E+02  0.390800000000E+01
   21708 -0.766846800000E+02  0.347815900000E+02  0.899000000000E+00
   21709 -0.766855400000E+02  0.347817200000E+02  0.104800000000E+01
   21715 -0.766862100000E+02  0.347821000000E+02  0.390800000000E+01
   21721 -0.766851000000E+02  0.347824100000E+02  0.969000000000E+00
   21726 -0.766873800000E+02  0.347825400000E+02  0.390800000000E+01
   21729 -0.766862300000E+02  0.347829700000E+02  0.390800000000E+01
   21730 -0.766851300000E+02  0.347832900000E+02  0.968000000000E+00
   21732 -0.766872300000E+02  0.347835100000E+02  0.390800000000E+01
   23774 -0.768269300000E+02  0.349393500000E+02  0.659000000000E+00
   23775 -0.768342400000E+02  0.349506600000E+02  0.421200000000E+01
   23776 -0.768421700000E+02  0.349365800000E+02  0.671000000000E+00
   23795 -0.768474700000E+02  0.349526900000E+02  0.390700000000E+01
   23796 -0.768566800000E+02  0.349416100000E+02  0.575000000000E+00
   23823 -0.768818800000E+02  0.349460100000E+02  0.586000000000E+00
   23824 -0.768835500000E+02  0.349555800000E+02  0.340100000000E+01
   23825 -0.768950300000E+02  0.349501100000E+02  0.712000000000E+00
   23832 -0.768602400000E+02  0.349573700000E+02  0.384200000000E+01
   23833 -0.768700600000E+02  0.349484100000E+02  0.119700000000E+01
   23852 -0.768281900000E+02  0.349611100000E+02  0.512200000000E+01
   23857 -0.768961700000E+02  0.349577000000E+02  0.885000000000E+00
   23867 -0.768399800000E+02  0.349630800000E+02  0.451500000000E+01
   23869 -0.768727700000E+02  0.349630400000E+02  0.404700000000E+01
   23897 -0.768515300000E+02  0.349668100000E+02  0.447900000000E+01
   23917 -0.768238200000E+02  0.349688900000E+02  0.282900000000E+01
   23918 -0.768854100000E+02  0.349682300000E+02  0.402600000000E+01
   23941 -0.768340200000E+02  0.349715200000E+02  0.416700000000E+01
   23946 -0.768628800000E+02  0.349716800000E+02  0.421200000000E+01
   23960 -0.768986100000E+02  0.349734600000E+02  0.399000000000E+01
   23961 -0.769107000000E+02  0.349639200000E+02  0.832000000000E+00
   23965 -0.768213400000E+02  0.349738700000E+02  0.604000000000E+00
   23977 -0.768444100000E+02  0.349756900000E+02  0.473700000000E+01
   23987 -0.768284700000E+02  0.349766000000E+02  0.709000000000E+00
   23991 -0.768745000000E+02  0.349769600000E+02  0.421200000000E+01
   24017 -0.769122900000E+02  0.349792800000E+02  0.451700000000E+01
   24018 -0.769252200000E+02  0.349683400000E+02  0.595000000000E+00
   24020 -0.768542000000E+02  0.349803600000E+02  0.422900000000E+01
   24044 -0.768868900000E+02  0.349826200000E+02  0.438100000000E+01
   24053 -0.768392600000E+02  0.349837400000E+02  0.699000000000E+00
   24073 -0.768640800000E+02  0.349855100000E+02  0.421200000000E+01
   24074 -0.769254900000E+02  0.349854000000E+02  0.421200000000E+01
   24075 -0.769381100000E+02  0.349747700000E+02  0.674000000000E+00
   24095 -0.768474400000E+02  0.349886300000E+02  0.102600000000E+01
   24103 -0.769001600000E+02  0.349890000000E+02  0.421200000000E+01
   24126 -0.768749100000E+02  0.349907000000E+02  0.409300000000E+01
   24138 -0.769373600000E+02  0.349926100000E+02  0.403800000000E+01
   24139 -0.769474600000E+02  0.349851000000E+02  0.915000000000E+00
   24151 -0.768548700000E+02  0.349938600000E+02  0.803000000000E+00
   24178 -0.769136000000E+02  0.349955700000E+02  0.364200000000E+01
   24194 -0.768877900000E+02  0.349973900000E+02  0.367600000000E+01
   24202 -0.768631300000E+02  0.349994900000E+02  0.709000000000E+00
   24211 -0.769486200000E+02  0.350002700000E+02  0.234800000000E+01
   24212 -0.769600500000E+02  0.349932300000E+02  0.187800000000E+01
   24225 -0.769263800000E+02  0.350018600000E+02  0.376700000000E+01
   24236 -0.768730500000E+02  0.350022000000E+02  0.670000000000E+00
   24257 -0.769017900000E+02  0.350056900000E+02  0.355000000000E+01
   24276 -0.769598600000E+02  0.350075200000E+02  0.329800000000E+01
   24278 -0.769711700000E+02  0.349992900000E+02  0.730000000000E+00
   24282 -0.769381100000E+02  0.350082300000E+02  0.326900000000E+01
   24310 -0.769154400000E+02  0.350122100000E+02  0.274100000000E+01
   24325 -0.768899500000E+02  0.350141400000E+02  0.815000000000E+00
   24333 -0.769713600000E+02  0.350152800000E+02  0.328500000000E+01
   24334 -0.769796400000E+02  0.350035100000E+02  0.556000000000E+00
   24338 -0.769488600000E+02  0.350149600000E+02  0.338200000000E+01
   24352 -0.769282800000E+02  0.350171300000E+02  0.283000000000E+01
   24382 -0.769836700000E+02  0.350187800000E+02  0.861000000000E+00
   24398 -0.769591000000E+02  0.350220800000E+02  0.288200000000E+01
   24404 -0.769391500000E+02  0.350225700000E+02  0.248800000000E+01
   24429 -0.769037900000E+02  0.350258100000E+02  0.798000000000E+00
   24431 -0.769775800000E+02  0.350260500000E+02  0.334000000000E+01
   24447 -0.769188500000E+02  0.350271800000E+02  0.717000000000E+00
   24465 -0.769483300000E+02  0.350290800000E+02  0.347700000000E+01
   24473 -0.769685000000E+02  0.350297100000E+02  0.305900000000E+01
   24478 -0.769317300000E+02  0.350307200000E+02  0.147200000000E+01
   24483 -0.769866300000E+02  0.350301500000E+02  0.626000000000E+00
   24536 -0.769396000000E+02  0.350352900000E+02  0.227000000000E+01
   24544 -0.769577000000E+02  0.350359100000E+02  0.223000000000E+01
   24557 -0.769777200000E+02  0.350363200000E+02  0.452900000000E+01
   24595 -0.769332700000E+02  0.350405700000E+02  0.168000000000E+01
   24599 -0.769273500000E+02  0.350375500000E+02  0.107200000000E+01
   24626 -0.769884900000E+02  0.350408400000E+02  0.858000000000E+00
   24636 -0.769675400000E+02  0.350426400000E+02  0.268800000000E+01
   24648 -0.769455700000E+02  0.350437000000E+02  0.147700000000E+01
   24663 -0.769395200000E+02  0.350451100000E+02  0.122800000000E+01
   24671 -0.769273500000E+02  0.350460200000E+02  0.166700000000E+01
   24705 -0.769340800000E+02  0.350487300000E+02  0.736000000000E+00
   24710 -0.769571300000E+02  0.350482600000E+02  0.236000000000E+01
   24711 -0.769776100000E+02  0.350485200000E+02  0.344800000000E+01
   24763 -0.769476900000E+02  0.350519800000E+02  0.278200000000E+01
   24789 -0.769873000000E+02  0.350545700000E+02  0.413500000000E+01
   24793 -0.769971200000E+02  0.350503600000E+02  0.671000000000E+00
   24817 -0.769424100000E+02  0.350487500000E+02  0.792000000000E+00
   24818 -0.769418600000E+02  0.350566700000E+02  0.913000000000E+00
   24820 -0.769665800000E+02  0.350570900000E+02  0.146200000000E+01
   24845 -0.769577200000E+02  0.350582500000E+02  0.147100000000E+01
   24857 -0.769780200000E+02  0.350596700000E+02  0.930000000000E+00
   24869 -0.769487200000E+02  0.350610400000E+02  0.280800000000E+01
   24879 -0.769959000000E+02  0.350625600000E+02  0.397800000000E+01
   24893 -0.770057900000E+02  0.350605900000E+02  0.140600000000E+01
   24912 -0.769413100000E+02  0.350643200000E+02  0.289000000000E+01
   24921 -0.769866300000E+02  0.350654500000E+02  0.893000000000E+00
   24970 -0.770030200000E+02  0.350708000000E+02  0.370800000000E+01
   25001 -0.769955500000E+02  0.350736000000E+02  0.105100000000E+01
   25025 -0.770152100000E+02  0.350746700000E+02  0.168600000000E+01
   25105 -0.770026700000E+02  0.350826100000E+02  0.159100000000E+01
   25184 -0.770148300000E+02  0.350870300000E+02  0.381400000000E+01
   25200 -0.770276000000E+02  0.350877500000E+02  0.183100000000E+01
   25264 -0.770098000000E+02  0.350946300000E+02  0.163800000000E+01
   25274 -0.770189000000E+02  0.350954900000E+02  0.158300000000E+01
   25296 -0.770286700000E+02  0.350974000000E+02  0.324300000000E+01
   25297 -0.770347200000E+02  0.350923900000E+02  0.160500000000E+01
   25343 -0.770369100000E+02  0.350997700000E+02  0.292900000000E+01
   25360 -0.770122600000E+02  0.351025500000E+02  0.886000000000E+00
   25383 -0.770202000000E+02  0.351035900000E+02  0.123300000000E+01
   25394 -0.770337200000E+02  0.351054000000E+02  0.235000000000E+01
   25451 -0.770279500000E+02  0.351118000000E+02  0.333700000000E+01
   25469 -0.770174600000E+02  0.351101400000E+02  0.819000000000E+00
   25491 -0.770393100000E+02  0.351130600000E+02  0.104300000000E+01
   25502 -0.770226700000E+02  0.351183400000E+02  0.209900000000E+01
   25521 -0.770343800000E+02  0.351202700000E+02  0.260700000000E+01
   25552 -0.770449100000E+02  0.351207200000E+02  0.123000000000E+01
   25583 -0.770408000000E+02  0.351287200000E+02  0.229900000000E+01
   25590 -0.770306100000E+02  0.351289900000E+02  0.188000000000E+01
   25614 -0.770514400000E+02  0.351302500000E+02  0.155800000000E+01
   25631 -0.770360900000E+02  0.351360900000E+02  0.162600000000E+01
   25633 -0.770473800000E+02  0.351359800000E+02  0.182800000000E+01
   25661 -0.770563600000E+02  0.351366300000E+02  0.120000000000E+01
   25693 -0.770544400000E+02  0.351421000000E+02  0.177500000000E+01
   25697 -0.770451300000E+02  0.351421000000E+02  0.151600000000E+01
       1 3    20888    20946    20905
       2 3    20888    20922    20946
       3 3    20905    20974    20917
       4 3    20905    20946    20974
       5 3    20917    20985    20929
       6 3    20922    20986    20946
       7 3    20917    20974    20985
       8 3    20929    20985    20989
       9 3    20946    21024    20974
      10 3    20946    20986    21024
      11 3    20989    20985    21056
      12 3    20986    21053    21024
      13 3    20974    21065    20985
      14 3    20989    21056    21027
      15 3    20974    21024    21065
      16 3    20985    21065    21056
      17 3    21024    21053    21100
      18 3    21053    21077    21101
      19 3    21027    21056    21104
      20 3    21077    21078    21112
      21 3    21053    21101    21100
      22 3    21024    21100    21065
      23 3    21077    21112    21101
      24 3    21078    21116    21112
      25 3    21056    21065    21131
      26 3    21101    21135    21100
      27 3    21101    21112    21139
      28 3    21112    21116    21145
      29 3    21101    21139    21135
      30 3    21056    21131    21104
      31 3    21112    21145    21139
      32 3    21065    21100    21156
      33 3    21116    21152    21145
      34 3    21100    21135    21161
      35 3    21135    21139    21170
      36 3    21065    21156    21131
      37 3    21100    21161    21156
      38 3    21139    21145    21179
      39 3    21104    21131    21187
      40 3    21135    21170    21161
      41 3    21145    21152    21195
      42 3    21139    21179    21170
      43 3    21145    21195    21179
      44 3    21161    21205    21156
      45 3    21104    21187    21158
      46 3    21161    21170    21207
      47 3    21170    21179    21215
      48 3    21161    21207    21205
      49 3    21152    21191    21195
      50 3    21158    21187    21220
      51 3    21179    21195    21224
      52 3    21131    21156    21225
      53 3    21170    21215    21207
      54 3    21179    21224    21215
      55 3    21205    21237    21156
      56 3    21131    21225    21187
      57 3    21205    21207    21242
      58 3    21207    21215    21244
      59 3    21158    21220    21229
      60 3    21156    21237    21225
      61 3    21207    21244    21242
      62 3    21195    21254    21224
      63 3    21205    21242    21237
      64 3    21215    21224    21256
      65 3    21195    21191    21254
      66 3    21215    21256    21244
      67 3    21187    21225    21266
      68 3    21191    21194    21271
      69 3    21237    21272    21225
      70 3    21242    21273    21237
      71 3    21244    21274    21242
      72 3    21224    21254    21256
      73 3    21244    21256    21280
      74 3    21242    21274    21273
      75 3    21191    21271    21254
      76 3    21244    21280    21274
      77 3    21225    21272    21294
      78 3    21187    21266    21220
      79 3    21237    21273    21296
      80 3    21237    21296    21272
      81 3    21225    21294    21266
      82 3    21273    21274    21305
      83 3    21280    21306    21274
      84 3    21272    21296    21309
      85 3    21272    21309    21294
      86 3    21274    21306    21305
      87 3    21273    21305    21296
      88 3    21256    21320    21280
      89 3    21256    21254    21320
      90 3    21280    21320    21306
      91 3    21254    21271    21338
      92 3    21305    21343    21296
      93 3    21309    21296    21344
      94 3    21309    21346    21294
      95 3    21294    21347    21266
      96 3    21306    21349    21305
      97 3    21254    21338    21320
      98 3    21296    21343    21344
      99 3    21294    21346    21347
     100 3    21309    21344    21346
     101 3    21266    21360    21220
     102 3    21305    21349    21343
     103 3    21266    21347    21360
     104 3    21306    21320    21349
     105 3    21367    21368    21369
     106 3    21378    21379    21368
     107 3    21343    21380    21344
     108 3    21343    21349    21381
     109 3    21344    21382    21346
     110 3    21346    21389    21347
     111 3    21367    21369    21390
     112 3    21343    21381    21380
     113 3    21344    21380    21382
     114 3    21346    21382    21389
     115 3    21368    21379    21369
     116 3    21380    21402    21382
     117 3    21349    21320    21404
     118 3    21349    21404    21381
     119 3    21338    21406    21320
     120 3    21347    21389    21408
     121 3    21382    21414    21389
     122 3    21382    21402    21414
     123 3    21347    21408    21360
     124 3    21381    21418    21380
     125 3    21338    21419    21406
     126 3    21419    21390    21420
     127 3    21378    21421    21379
     128 3    21380    21418    21402
     129 3    21389    21422    21408
     130 3    21389    21414    21422
     131 3    21320    21406    21404
     132 3    21369    21379    21432
     133 3    21390    21369    21433
     134 3    21419    21420    21406
     135 3    21402    21434    21414
     136 3    21408    21422    21436
     137 3    21381    21404    21418
     138 3    21402    21418    21434
     139 3    21390    21433    21420
     140 3    21414    21444    21422
     141 3    21369    21432    21433
     142 3    21414    21434    21444
     143 3    21422    21450    21436
     144 3    21418    21452    21434
     145 3    21418    21404    21457
     146 3    21422    21444    21450
     147 3    21379    21463    21432
     148 3    21379    21421    21463
     149 3    21436    21450    21469
     150 3    21418    21457    21452
     151 3    21434    21470    21444
     152 3    21404    21406    21472
     153 3    21434    21452    21470
     154 3    21406    21420    21481
     155 3    21444    21484    21450
     156 3    21404    21472    21457
     157 3    21444    21470    21484
     158 3    21450    21488    21469
     159 3    21406    21481    21472
     160 3    21450    21484    21488
     161 3    21420    21433    21491
     162 3    21469    21488    21493
     163 3    21457    21494    21452
     164 3    21420    21491    21481
     165 3    21470    21503    21484
     166 3    21452    21494    21470
     167 3    21484    21505    21488
     168 3    21493    21488    21507
     169 3    21470    21494    21503
     170 3    21432    21510    21433
     171 3    21484    21503    21505
     172 3    21472    21512    21457
     173 3    21457    21512    21494
     174 3    21493    21507    21518
     175 3    21433    21510    21491
     176 3    21488    21505    21507
     177 3    21472    21481    21520
     178 3    21432    21463    21510
     179 3    21494    21528    21503
     180 3    21481    21491    21530
     181 3    21472    21520    21512
     182 3    21531    21518    21532
     183 3    21503    21535    21505
     184 3    21505    21539    21507
     185 3    21481    21530    21520
     186 3    21507    21544    21518
     187 3    21503    21528    21535
     188 3    21491    21510    21545
     189 3    21505    21535    21539
     190 3    21494    21512    21528
     191 3    21507    21539    21544
     192 3    21491    21545    21530
     193 3    21528    21559    21535
     194 3    21512    21520    21562
     195 3    21532    21518    21563
     196 3    21518    21544    21563
     197 3    21535    21569    21539
     198 3    21539    21573    21544
     199 3    21520    21530    21576
     200 3    21539    21569    21573
     201 3    21535    21559    21569
     202 3    21528    21512    21580
     203 3    21528    21580    21559
     204 3    21512    21562    21580
     205 3    21520    21576    21562
     206 3    21559    21582    21569
     207 3    21530    21545    21584
     208 3    21532    21563    21588
     209 3    21544    21589    21563
     210 3    21544    21573    21589
     211 3    21569    21593    21573
     212 3    21530    21584    21576
     213 3    21569    21582    21593
     214 3    21559    21580    21582
     215 3    21563    21589    21598
     216 3    21573    21593    21600
     217 3    21573    21600    21589
     218 3    21563    21598    21588
     219 3    21582    21603    21593
     220 3    21562    21576    21607
     221 3    21576    21584    21609
     222 3    21589    21600    21610
     223 3    21562    21607    21580
     224 3    21589    21610    21598
     225 3    21593    21615    21600
     226 3    21580    21616    21582
     227 3    21588    21598    21617
     228 3    21593    21603    21615
     229 3    21582    21616    21603
     230 3    21576    21609    21607
     231 3    21598    21610    21621
     232 3    21598    21621    21617
     233 3    21600    21632    21610
     234 3    21600    21615    21632
     235 3    21603    21634    21615
     236 3    21580    21607    21616
     237 3    21603    21616    21634
     238 3    21610    21638    21621
     239 3    21610    21632    21638
     240 3    21617    21621    21640
     241 3    21615    21641    21632
     242 3    21607    21642    21616
     243 3    21607    21609    21644
     244 3    21615    21634    21641
     245 3    21621    21638    21650
     246 3    21621    21650    21640
     247 3    21616    21653    21634
     248 3    21607    21644    21642
     249 3    21632    21641    21656
     250 3    21632    21656    21638
     251 3    21634    21659    21641
     252 3    21616    21642    21653
     253 3    21634    21653    21659
     254 3    21638    21661    21650
     255 3    21638    21656    21661
     256 3    21641    21666    21656
     257 3    21641    21659    21666
     258 3    21656    21670    21661
     259 3    21650    21661    21672
     260 3    21656    21666    21670
     261 3    21659    21673    21666
     262 3    21653    21642    21676
     263 3    21642    21644    21680
     264 3    21650    21672    21640
     265 3    21661    21685    21672
     266 3    21642    21680    21676
     267 3    21661    21670    21685
     268 3    21659    21653    21673
     269 3    21653    21676    21673
     270 3    21666    21691    21670
     271 3    21666    21673    21691
     272 3    21670    21691    21694
     273 3    21676    21695    21673
     274 3    21670    21694    21685
     275 3    21673    21698    21691
     276 3    21673    21695    21698
     277 3    21676    21680    21702
     278 3    21676    21702    21695
     279 3    21691    21705    21694
     280 3    21691    21698    21705
     281 3    21694    21705    21707
     282 3    21702    21708    21695
     283 3    21698    21695    21709
     284 3    21695    21708    21709
     285 3    21698    21709    21705
     286 3    21705    21709    21715
     287 3    21705    21715    21707
     288 3    21709    21708    21721
     289 3    21707    21715    21726
     290 3    21709    21721    21715
     291 3    21715    21729    21726
     292 3    21715    21721    21729
     293 3    21721    21730    21729
     294 3    21726    21729    21732
     295 3    23774    23775    23776
     296 3    23776    23795    23796
     297 3    23776    23775    23795
     298 3    23823    23824    23825
     299 3    23796    23832    23833
     300 3    23796    23795    23832
     301 3    23823    23833    23824
     302 3    23825    23824    23857
     303 3    23775    23867    23795
     304 3    23833    23869    23824
     305 3    23833    23832    23869
     306 3    23775    23852    23867
     307 3    23795    23897    23832
     308 3    23795    23867    23897
     309 3    23824    23918    23857
     310 3    23824    23869    23918
     311 3    23867    23852    23941
     312 3    23832    23946    23869
     313 3    23832    23897    23946
     314 3    23852    23917    23941
     315 3    23857    23960    23961
     316 3    23857    23918    23960
     317 3    23867    23977    23897
     318 3    23917    23987    23941
     319 3    23867    23941    23977
     320 3    23917    23965    23987
     321 3    23869    23991    23918
     322 3    23869    23946    23991
     323 3    23961    24017    24018
     324 3    23897    24020    23946
     325 3    23961    23960    24017
     326 3    23897    23977    24020
     327 3    23918    24044    23960
     328 3    23977    23941    24053
     329 3    23918    23991    24044
     330 3    23941    23987    24053
     331 3    23946    24073    23991
     332 3    23946    24020    24073
     333 3    24018    24074    24075
     334 3    24018    24017    24074
     335 3    23977    24095    24020
     336 3    23977    24053    24095
     337 3    23960    24103    24017
     338 3    23960    24044    24103
     339 3    23991    24073    24126
     340 3    23991    24126    24044
     341 3    24075    24138    24139
     342 3    24075    24074    24138
     343 3    24020    24095    24151
     344 3    24020    24151    24073
     345 3    24017    24178    24074
     346 3    24017    24103    24178
     347 3    24044    24194    24103
     348 3    24044    24126    24194
     349 3    24073    24151    24202
     350 3    24073    24202    24126
     351 3    24139    24211    24212
     352 3    24139    24138    24211
     353 3    24074    24225    24138
     354 3    24074    24178    24225
     355 3    24126    24202    24236
     356 3    24126    24236    24194
     357 3    24103    24257    24178
     358 3    24103    24194    24257
     359 3    24212    24211    24276
     360 3    24212    24276    24278
     361 3    24138    24282    24211
     362 3    24138    24225    24282
     363 3    24178    24310    24225
     364 3    24178    24257    24310
     365 3    24194    24325    24257
     366 3    24278    24333    24334
     367 3    24211    24282    24338
     368 3    24211    24338    24276
     369 3    24278    24276    24333
     370 3    24194    24236    24325
     371 3    24225    24352    24282
     372 3    24225    24310    24352
     373 3    24334    24333    24382
     374 3    24276    24338    24398
     375 3    24282    24404    24338
     376 3    24276    24398    24333
     377 3    24282    24352    24404
     378 3    24257    24429    24310
     379 3    24382    24333    24431
     380 3    24257    24325    24429
     381 3    24310    24447    24352
     382 3    24338    24404    24465
     383 3    24338    24465    24398
     384 3    24333    24398    24473
     385 3    24333    24473    24431
     386 3    24310    24429    24447
     387 3    24352    24478    24404
     388 3    24382    24431    24483
     389 3    24352    24447    24478
     390 3    24404    24478    24536
     391 3    24404    24536    24465
     392 3    24398    24465    24544
     393 3    24398    24544    24473
     394 3    24431    24557    24483
     395 3    24431    24473    24557
     396 3    24478    24595    24536
     397 3    24478    24599    24595
     398 3    24483    24557    24626
     399 3    24473    24544    24636
     400 3    24473    24636    24557
     401 3    24536    24648    24465
     402 3    24465    24648    24544
     403 3    24536    24595    24663
     404 3    24536    24663    24648
     405 3    24599    24671    24595
     406 3    24595    24705    24663
     407 3    24544    24710    24636
     408 3    24557    24636    24711
     409 3    24595    24671    24705
     410 3    24544    24648    24710
     411 3    24557    24711    24626
     412 3    24648    24763    24710
     413 3    24626    24711    24789
     414 3    24626    24789    24793
     415 3    24817    24818    24763
     416 3    24636    24710    24820
     417 3    24636    24820    24711
     418 3    24710    24845    24820
     419 3    24710    24763    24845
     420 3    24711    24857    24789
     421 3    24711    24820    24857
     422 3    24763    24818    24869
     423 3    24763    24869    24845
     424 3    24793    24789    24879
     425 3    24793    24879    24893
     426 3    24818    24912    24869
     427 3    24789    24857    24921
     428 3    24789    24921    24879
     429 3    24893    24879    24970
     430 3    24879    25001    24970
     431 3    24879    24921    25001
     432 3    24893    24970    25025
     433 3    24970    25001    25105
     434 3    24970    25105    25025
     435 3    25025    25105    25184
     436 3    25025    25184    25200
     437 3    25184    25105    25264
     438 3    25184    25274    25200
     439 3    25200    25296    25297
     440 3    25184    25264    25274
     441 3    25200    25274    25296
     442 3    25297    25296    25343
     443 3    25264    25360    25274
     444 3    25274    25383    25296
     445 3    25274    25360    25383
     446 3    25343    25296    25394
     447 3    25296    25383    25394
     448 3    25394    25383    25451
     449 3    25383    25469    25451
     450 3    25394    25451    25491
     451 3    25451    25469    25502
     452 3    25491    25451    25521
     453 3    25451    25502    25521
     454 3    25491    25521    25552
     455 3    25552    25521    25583
     456 3    25521    25502    25590
     457 3    25521    25590    25583
     458 3    25552    25583    25614
     459 3    25583    25590    25631
     460 3    25614    25583    25633
     461 3    25614    25633    25661
     462 3    25583    25631    25633
     463 3    25661    25633    25693
     464 3    25633    25631    25697
     465 3    25633    25697    25693
 0                                                                              
 0                                                                              
 2                                                                              
 104                                                                            
      83       0                                                                
   23965
   23987
   24053
   24095
   24151
   24202
   24236
   24325
   24429
   24447
   24478
   24599
   24671
   24705
   24663
   24648
   24763
   24817
   24818
   24912
   24869
   24845
   24820
   24857
   24921
   25001
   25105
   25264
   25360
   25383
   25469
   25502
   25590
   25631
   25697
   25693
   25661
   25614
   25552
   25491
   25394
   25343
   25297
   25200
   25025
   24893
   24793
   24626
   24483
   24382
   24334
   24278
   24212
   24139
   24075
   24018
   23961
   23857
   23825
   23823
   23833
   23796
   23776
   23774
   21732
   21726
   21707
   21694
   21685
   21672
   21640
   21617
   21588
   21532
   21531
   21518
   21493
   21469
   21436
   21408
   21360
   21220
   21229
      20       1                                                                
   21194
   21271
   21338
   21419
   21390
   21367
   21368
   21378
   21421
   21463
   21510
   21545
   21584
   21609
   21644
   21680
   21702
   21708
   21721
   21730
