bi_1997_v2.grd                                                                  
     528     296
     110 -0.771700800000E+02  0.331154200000E+02  0.291344000000E+03
     111 -0.772103200000E+02  0.331764900000E+02  0.196882000000E+03
     112 -0.772879900000E+02  0.331143000000E+02  0.180647000000E+03
     117 -0.768747500000E+02  0.331165400000E+02  0.472407000000E+03
     118 -0.769245000000E+02  0.331789500000E+02  0.400597000000E+03
     119 -0.769982800000E+02  0.331210200000E+02  0.377719000000E+03
     136 -0.767916600000E+02  0.331187800000E+02  0.528310000000E+03
     139 -0.770755300000E+02  0.331184000000E+02  0.326155000000E+03
     140 -0.771354100000E+02  0.331842100000E+02  0.218939000000E+03
     168 -0.768541300000E+02  0.331919300000E+02  0.437375000000E+03
     181 -0.770573300000E+02  0.331953400000E+02  0.266685000000E+03
     233 -0.769834100000E+02  0.332186200000E+02  0.328724000000E+03
     235 -0.767809000000E+02  0.332192800000E+02  0.506177000000E+03
     249 -0.772709100000E+02  0.332252700000E+02  0.110488000000E+03
     309 -0.771872600000E+02  0.332431600000E+02  0.157527000000E+03
     322 -0.769119100000E+02  0.332465700000E+02  0.361846000000E+03
     339 -0.771119800000E+02  0.332563400000E+02  0.193256000000E+03
     375 -0.768410000000E+02  0.332714300000E+02  0.373398000000E+03
     381 -0.770394100000E+02  0.332733000000E+02  0.225987000000E+03
     431 -0.769690600000E+02  0.332964300000E+02  0.247457000000E+03
     434 -0.772332000000E+02  0.333006700000E+02  0.961040000000E+02
     447 -0.767697400000E+02  0.333001700000E+02  0.475643000000E+03
     480 -0.771617900000E+02  0.333157700000E+02  0.132129000000E+03
     507 -0.768993800000E+02  0.333219000000E+02  0.301875000000E+03
     514 -0.770907500000E+02  0.333260500000E+02  0.161903000000E+03
     561 -0.772419900000E+02  0.333456500000E+02  0.524900000000E+02
     568 -0.770239700000E+02  0.333468100000E+02  0.186793000000E+03
     572 -0.772065800000E+02  0.333490900000E+02  0.746740000000E+02
     576 -0.768299200000E+02  0.333486400000E+02  0.347814000000E+03
     609 -0.771718400000E+02  0.333650100000E+02  0.834970000000E+02
     616 -0.772655000000E+02  0.333678900000E+02  0.406040000000E+02
     621 -0.771310000000E+02  0.333697400000E+02  0.111374000000E+03
     632 -0.769562600000E+02  0.333711900000E+02  0.198085000000E+03
     642 -0.772326400000E+02  0.333781000000E+02  0.444400000000E+02
     651 -0.767607300000E+02  0.333780400000E+02  0.354484000000E+03
     672 -0.771981200000E+02  0.333890300000E+02  0.460920000000E+02
     676 -0.772908800000E+02  0.333910900000E+02  0.393470000000E+02
     690 -0.770763900000E+02  0.333941000000E+02  0.124716000000E+03
     696 -0.768880800000E+02  0.333969200000E+02  0.218236000000E+03
     703 -0.771618100000E+02  0.334011100000E+02  0.513120000000E+02
     707 -0.772585700000E+02  0.334025100000E+02  0.408680000000E+02
     734 -0.773171500000E+02  0.334133800000E+02  0.365170000000E+02
     736 -0.772251900000E+02  0.334141200000E+02  0.415220000000E+02
     746 -0.771235000000E+02  0.334160600000E+02  0.651170000000E+02
     752 -0.770119900000E+02  0.334194600000E+02  0.144007000000E+03
     765 -0.768205200000E+02  0.334232400000E+02  0.267823000000E+03
     766 -0.772850500000E+02  0.334256200000E+02  0.395460000000E+02
     769 -0.771907800000E+02  0.334264400000E+02  0.419590000000E+02
     787 -0.770941200000E+02  0.334358600000E+02  0.579870000000E+02
     797 -0.772523000000E+02  0.334378400000E+02  0.406860000000E+02
     803 -0.771557400000E+02  0.334400300000E+02  0.430500000000E+02
     812 -0.770595300000E+02  0.334442400000E+02  0.726890000000E+02
     814 -0.769451100000E+02  0.334453800000E+02  0.163182000000E+03
     817 -0.773120300000E+02  0.334478900000E+02  0.367690000000E+02
     824 -0.772189000000E+02  0.334503800000E+02  0.407960000000E+02
     840 -0.771220000000E+02  0.334551500000E+02  0.434510000000E+02
     845 -0.767547800000E+02  0.334536300000E+02  0.286609000000E+03
     853 -0.772795700000E+02  0.334605900000E+02  0.393300000000E+02
     857 -0.770290200000E+02  0.334630500000E+02  0.637550000000E+02
     862 -0.771850700000E+02  0.334635500000E+02  0.407330000000E+02
     883 -0.770892500000E+02  0.334693800000E+02  0.438380000000E+02
     886 -0.769936800000E+02  0.334709700000E+02  0.896260000000E+02
     887 -0.768772700000E+02  0.334709100000E+02  0.183145000000E+03
     891 -0.772467200000E+02  0.334733900000E+02  0.403890000000E+02
     901 -0.771513700000E+02  0.334774700000E+02  0.416820000000E+02
     914 -0.773070900000E+02  0.334826000000E+02  0.368490000000E+02
     915 -0.770564700000E+02  0.334832300000E+02  0.451420000000E+02
     925 -0.772135400000E+02  0.334865000000E+02  0.405200000000E+02
     931 -0.769623200000E+02  0.334899400000E+02  0.894940000000E+02
     941 -0.771181700000E+02  0.334916600000E+02  0.417080000000E+02
     944 -0.768122900000E+02  0.334911400000E+02  0.201194000000E+03
     952 -0.772745100000E+02  0.334956600000E+02  0.379180000000E+02
     956 -0.770234800000E+02  0.334969400000E+02  0.480740000000E+02
     958 -0.769261500000E+02  0.334977900000E+02  0.136412000000E+03
     965 -0.771802600000E+02  0.335000300000E+02  0.403390000000E+02
     973 -0.773348800000E+02  0.335040600000E+02  0.338820000000E+02
     980 -0.770852700000E+02  0.335057100000E+02  0.414900000000E+02
     987 -0.772417000000E+02  0.335088500000E+02  0.390910000000E+02
     991 -0.769901800000E+02  0.335106800000E+02  0.525800000000E+02
     997 -0.771471100000E+02  0.335139000000E+02  0.406980000000E+02
    1003 -0.768935400000E+02  0.335170200000E+02  0.144140000000E+03
    1007 -0.773024100000E+02  0.335173200000E+02  0.350900000000E+02
    1015 -0.770523500000E+02  0.335196500000E+02  0.413050000000E+02
    1024 -0.772087800000E+02  0.335222700000E+02  0.395000000000E+02
    1028 -0.768551600000E+02  0.335244400000E+02  0.161387000000E+03
    1032 -0.773629700000E+02  0.335250600000E+02  0.317930000000E+02
    1033 -0.769564700000E+02  0.335245100000E+02  0.648250000000E+02
    1040 -0.771141600000E+02  0.335279000000E+02  0.401240000000E+02
    1042 -0.772698100000E+02  0.335306300000E+02  0.360590000000E+02
    1054 -0.770192600000E+02  0.335336000000E+02  0.420570000000E+02
    1062 -0.771758500000E+02  0.335359600000E+02  0.395990000000E+02
    1064 -0.769221900000E+02  0.335385700000E+02  0.948600000000E+02
    1065 -0.773304700000E+02  0.335384800000E+02  0.331990000000E+02
    1078 -0.770812900000E+02  0.335419300000E+02  0.400800000000E+02
    1081 -0.772371200000E+02  0.335440600000E+02  0.371790000000E+02
    1091 -0.773913200000E+02  0.335457000000E+02  0.312200000000E+02
    1097 -0.769858900000E+02  0.335476800000E+02  0.433350000000E+02
    1101 -0.771430100000E+02  0.335498400000E+02  0.395880000000E+02
    1109 -0.772979600000E+02  0.335519000000E+02  0.343080000000E+02
    1112 -0.768869200000E+02  0.335530200000E+02  0.117314000000E+03
    1116 -0.770483900000E+02  0.335560100000E+02  0.400490000000E+02
    1123 -0.772044100000E+02  0.335576700000E+02  0.380530000000E+02
    1131 -0.773587500000E+02  0.335592300000E+02  0.316960000000E+02
    1136 -0.769521500000E+02  0.335619800000E+02  0.545290000000E+02
    1141 -0.771102400000E+02  0.335638400000E+02  0.390360000000E+02
    1148 -0.772654200000E+02  0.335653600000E+02  0.345690000000E+02
    1149 -0.774199300000E+02  0.335660700000E+02  0.318520000000E+02
    1161 -0.770153200000E+02  0.335702000000E+02  0.400570000000E+02
    1166 -0.771717400000E+02  0.335714500000E+02  0.385320000000E+02
    1171 -0.773262300000E+02  0.335727200000E+02  0.321580000000E+02
    1182 -0.769178700000E+02  0.335767000000E+02  0.700870000000E+02
    1185 -0.770774800000E+02  0.335779500000E+02  0.391610000000E+02
    1187 -0.772328800000E+02  0.335789500000E+02  0.358690000000E+02
    1190 -0.773872100000E+02  0.335796500000E+02  0.309820000000E+02
    1204 -0.769820300000E+02  0.335846000000E+02  0.401270000000E+02
    1210 -0.771391100000E+02  0.335853900000E+02  0.384640000000E+02
    1211 -0.772937500000E+02  0.335862200000E+02  0.332290000000E+02
    1212 -0.774487900000E+02  0.335862400000E+02  0.320390000000E+02
    1225 -0.770446800000E+02  0.335921800000E+02  0.389370000000E+02
    1227 -0.772003600000E+02  0.335926700000E+02  0.362240000000E+02
    1232 -0.773546200000E+02  0.335931800000E+02  0.301880000000E+02
    1246 -0.771065200000E+02  0.335994600000E+02  0.383740000000E+02
    1247 -0.769484500000E+02  0.335993500000E+02  0.460120000000E+02
    1250 -0.772613100000E+02  0.335998000000E+02  0.338580000000E+02
    1251 -0.774158700000E+02  0.335998300000E+02  0.327200000000E+02
    1266 -0.771678900000E+02  0.336065400000E+02  0.357260000000E+02
    1267 -0.774778700000E+02  0.336063100000E+02  0.300930000000E+02
    1268 -0.770117500000E+02  0.336066000000E+02  0.391290000000E+02
    1269 -0.773221400000E+02  0.336066900000E+02  0.311630000000E+02
    1290 -0.773831500000E+02  0.336133500000E+02  0.295700000000E+02
    1291 -0.772289200000E+02  0.336134800000E+02  0.347430000000E+02
    1292 -0.770739300000E+02  0.336136700000E+02  0.390530000000E+02
    1307 -0.774446900000E+02  0.336198500000E+02  0.330650000000E+02
    1309 -0.772897400000E+02  0.336202500000E+02  0.322900000000E+02
    1311 -0.771354700000E+02  0.336205500000E+02  0.359860000000E+02
    1317 -0.769786600000E+02  0.336213000000E+02  0.393770000000E+02
    1332 -0.775071500000E+02  0.336263800000E+02  0.290490000000E+02
    1335 -0.773505900000E+02  0.336268400000E+02  0.299870000000E+02
    1338 -0.771965900000E+02  0.336272800000E+02  0.340730000000E+02
    1340 -0.770412900000E+02  0.336280600000E+02  0.390870000000E+02
    1355 -0.774117900000E+02  0.336333100000E+02  0.324620000000E+02
    1357 -0.772574300000E+02  0.336338800000E+02  0.333430000000E+02
    1358 -0.771030700000E+02  0.336347100000E+02  0.369200000000E+02
    1365 -0.769454100000E+02  0.336363900000E+02  0.418670000000E+02
    1374 -0.774736500000E+02  0.336398100000E+02  0.317160000000E+02
    1377 -0.773182000000E+02  0.336403500000E+02  0.312850000000E+02
    1380 -0.771643100000E+02  0.336412200000E+02  0.341340000000E+02
    1383 -0.770085800000E+02  0.336426900000E+02  0.391890000000E+02
    1398 -0.773791300000E+02  0.336467400000E+02  0.308560000000E+02
    1400 -0.772252000000E+02  0.336476300000E+02  0.339860000000E+02
    1403 -0.770706600000E+02  0.336490400000E+02  0.384750000000E+02
    1414 -0.774405100000E+02  0.336531600000E+02  0.317250000000E+02
    1417 -0.772859300000E+02  0.336539300000E+02  0.314180000000E+02
    1423 -0.771320800000E+02  0.336553200000E+02  0.347450000000E+02
    1431 -0.769757800000E+02  0.336576200000E+02  0.396660000000E+02
    1437 -0.775027000000E+02  0.336598200000E+02  0.301990000000E+02
    1439 -0.773466700000E+02  0.336601800000E+02  0.305730000000E+02
    1441 -0.771930600000E+02  0.336615000000E+02  0.342200000000E+02
    1453 -0.770382500000E+02  0.336635800000E+02  0.385630000000E+02
    1459 -0.774076900000E+02  0.336664700000E+02  0.316230000000E+02
    1463 -0.772537800000E+02  0.336676000000E+02  0.323320000000E+02
    1470 -0.770998800000E+02  0.336695700000E+02  0.357170000000E+02
    1476 -0.774692800000E+02  0.336729700000E+02  0.303540000000E+02
    1481 -0.769429600000E+02  0.336729100000E+02  0.411350000000E+02
    1483 -0.773144100000E+02  0.336736700000E+02  0.299770000000E+02
    1488 -0.771609800000E+02  0.336755000000E+02  0.344760000000E+02
    1495 -0.770058100000E+02  0.336783600000E+02  0.390210000000E+02
    1498 -0.773751500000E+02  0.336797900000E+02  0.303530000000E+02
    1502 -0.772217300000E+02  0.336813900000E+02  0.337990000000E+02
    1513 -0.770677100000E+02  0.336840100000E+02  0.366390000000E+02
    1520 -0.774362700000E+02  0.336861100000E+02  0.301730000000E+02
    1522 -0.772823000000E+02  0.336872500000E+02  0.316750000000E+02
    1529 -0.771289700000E+02  0.336896700000E+02  0.354360000000E+02
    1539 -0.774980300000E+02  0.336928500000E+02  0.296190000000E+02
    1540 -0.773428600000E+02  0.336931600000E+02  0.303360000000E+02
    1542 -0.769733600000E+02  0.336934400000E+02  0.403430000000E+02
    1543 -0.771897900000E+02  0.336953000000E+02  0.343460000000E+02
    1557 -0.770355500000E+02  0.336986600000E+02  0.375970000000E+02
    1559 -0.774036100000E+02  0.336992600000E+02  0.296800000000E+02
    1567 -0.772503400000E+02  0.337009300000E+02  0.331550000000E+02
    1578 -0.770969900000E+02  0.337040000000E+02  0.359420000000E+02
    1582 -0.774648000000E+02  0.337057300000E+02  0.293460000000E+02
    1586 -0.773107700000E+02  0.337066200000E+02  0.312020000000E+02
    1592 -0.769409400000E+02  0.337088400000E+02  0.414870000000E+02
    1595 -0.771579200000E+02  0.337093700000E+02  0.348530000000E+02
    1605 -0.773712600000E+02  0.337124700000E+02  0.296940000000E+02
    1609 -0.770034000000E+02  0.337135600000E+02  0.392500000000E+02
    1611 -0.772184900000E+02  0.337147400000E+02  0.343000000000E+02
    1623 -0.774320000000E+02  0.337186600000E+02  0.291980000000E+02
    1624 -0.770650600000E+02  0.337185300000E+02  0.365540000000E+02
    1629 -0.772788600000E+02  0.337201900000E+02  0.322850000000E+02
    1642 -0.771261200000E+02  0.337235900000E+02  0.358770000000E+02
    1649 -0.774932000000E+02  0.337254200000E+02  0.293310000000E+02
    1652 -0.773391600000E+02  0.337257800000E+02  0.312110000000E+02
    1659 -0.771867500000E+02  0.337287000000E+02  0.349170000000E+02
    1660 -0.769712900000E+02  0.337287300000E+02  0.408700000000E+02
    1669 -0.773995700000E+02  0.337316700000E+02  0.287690000000E+02
    1674 -0.770331600000E+02  0.337332800000E+02  0.380530000000E+02
    1678 -0.772471000000E+02  0.337338800000E+02  0.338350000000E+02
    1688 -0.774602600000E+02  0.337380500000E+02  0.294800000000E+02
    1689 -0.770943800000E+02  0.337380000000E+02  0.366020000000E+02
    1694 -0.773072900000E+02  0.337392000000E+02  0.324550000000E+02
    1707 -0.771551100000E+02  0.337428200000E+02  0.354220000000E+02
    1713 -0.773674600000E+02  0.337447800000E+02  0.298480000000E+02
    1723 -0.772154800000E+02  0.337477100000E+02  0.347340000000E+02
    1726 -0.770013200000E+02  0.337482500000E+02  0.399970000000E+02
    1728 -0.774277500000E+02  0.337507900000E+02  0.291890000000E+02
    1736 -0.772756000000E+02  0.337527500000E+02  0.333290000000E+02
    1737 -0.770627100000E+02  0.337526000000E+02  0.373230000000E+02
    1751 -0.771235400000E+02  0.337571000000E+02  0.359860000000E+02
    1752 -0.774883000000E+02  0.337575000000E+02  0.301650000000E+02
    1755 -0.773356100000E+02  0.337580200000E+02  0.321240000000E+02
    1771 -0.771839600000E+02  0.337617000000E+02  0.353010000000E+02
    1780 -0.773956100000E+02  0.337636600000E+02  0.296670000000E+02
    1782 -0.769695400000E+02  0.337634700000E+02  0.403300000000E+02
    1787 -0.772440800000E+02  0.337664500000E+02  0.339150000000E+02
    1790 -0.770310800000E+02  0.337674100000E+02  0.385450000000E+02
    1795 -0.774557200000E+02  0.337699100000E+02  0.307760000000E+02
    1797 -0.773039900000E+02  0.337714000000E+02  0.331580000000E+02
    1799 -0.770920500000E+02  0.337715600000E+02  0.365410000000E+02
    1812 -0.771525500000E+02  0.337758600000E+02  0.352790000000E+02
    1815 -0.773637800000E+02  0.337766900000E+02  0.305330000000E+02
    1825 -0.772126800000E+02  0.337803000000E+02  0.340890000000E+02
    1835 -0.774235600000E+02  0.337824900000E+02  0.304830000000E+02
    1839 -0.769995300000E+02  0.337824400000E+02  0.396270000000E+02
    1844 -0.772725400000E+02  0.337849400000E+02  0.336590000000E+02
    1850 -0.770606200000E+02  0.337862200000E+02  0.369180000000E+02
    1864 -0.773322100000E+02  0.337898700000E+02  0.308310000000E+02
    1865 -0.771212200000E+02  0.337901900000E+02  0.349890000000E+02
    1876 -0.771814000000E+02  0.337943200000E+02  0.348270000000E+02
    1878 -0.773917600000E+02  0.337952500000E+02  0.287890000000E+02
    1894 -0.772412600000E+02  0.337986400000E+02  0.336770000000E+02
    1901 -0.770292600000E+02  0.338010800000E+02  0.372680000000E+02
    1908 -0.773008700000E+02  0.338032300000E+02  0.322320000000E+02
    1912 -0.770899600000E+02  0.338047100000E+02  0.353710000000E+02
    1924 -0.773602500000E+02  0.338082000000E+02  0.285870000000E+02
    1925 -0.771502200000E+02  0.338085200000E+02  0.347250000000E+02
    1936 -0.772101100000E+02  0.338125200000E+02  0.338430000000E+02
    1952 -0.769979800000E+02  0.338161400000E+02  0.378390000000E+02
    1953 -0.772696900000E+02  0.338167600000E+02  0.335370000000E+02
    1961 -0.770587800000E+02  0.338194000000E+02  0.357820000000E+02
    1968 -0.773290000000E+02  0.338213500000E+02  0.291500000000E+02
    1972 -0.771191300000E+02  0.338228900000E+02  0.340040000000E+02
    1984 -0.773880700000E+02  0.338264300000E+02  0.280110000000E+02
    1985 -0.771790800000E+02  0.338265700000E+02  0.344490000000E+02
    1999 -0.772386700000E+02  0.338304800000E+02  0.337220000000E+02
    2006 -0.770276800000E+02  0.338343000000E+02  0.367350000000E+02
    2007 -0.772979400000E+02  0.338346900000E+02  0.323200000000E+02
    2023 -0.770881200000E+02  0.338374400000E+02  0.341230000000E+02
    2027 -0.773569200000E+02  0.338393300000E+02  0.286680000000E+02
    2032 -0.771481400000E+02  0.338408000000E+02  0.336810000000E+02
    2043 -0.772077800000E+02  0.338443800000E+02  0.337210000000E+02
    2051 -0.772670600000E+02  0.338482300000E+02  0.334530000000E+02
    2055 -0.769966600000E+02  0.338493800000E+02  0.368600000000E+02
    2062 -0.773259900000E+02  0.338524600000E+02  0.306120000000E+02
    2063 -0.770571800000E+02  0.338521800000E+02  0.350200000000E+02
    2073 -0.771172900000E+02  0.338552100000E+02  0.327310000000E+02
    2081 -0.773845700000E+02  0.338572000000E+02  0.282370000000E+02
    2091 -0.771769900000E+02  0.338584600000E+02  0.337650000000E+02
    2100 -0.772363100000E+02  0.338619700000E+02  0.326380000000E+02
    2108 -0.772952500000E+02  0.338658100000E+02  0.322680000000E+02
    2112 -0.770263200000E+02  0.338671100000E+02  0.366530000000E+02
    2119 -0.773538000000E+02  0.338700800000E+02  0.298430000000E+02
    2120 -0.770865100000E+02  0.338698100000E+02  0.330110000000E+02
    2129 -0.771462900000E+02  0.338727400000E+02  0.325110000000E+02
    2138 -0.772056700000E+02  0.338759100000E+02  0.326180000000E+02
    2150 -0.772646600000E+02  0.338793700000E+02  0.320220000000E+02
    2159 -0.773232200000E+02  0.338832200000E+02  0.310610000000E+02
    2167 -0.770558000000E+02  0.338845800000E+02  0.345200000000E+02
    2172 -0.773813100000E+02  0.338875800000E+02  0.290130000000E+02
    2173 -0.771156600000E+02  0.338871900000E+02  0.324470000000E+02
    2178 -0.771751300000E+02  0.338900400000E+02  0.324590000000E+02
    2187 -0.772341800000E+02  0.338931500000E+02  0.310210000000E+02
    2197 -0.772927900000E+02  0.338965900000E+02  0.311330000000E+02
    2203 -0.770251800000E+02  0.338995300000E+02  0.358420000000E+02
    2206 -0.773509300000E+02  0.339004800000E+02  0.300680000000E+02
    2208 -0.770851100000E+02  0.339018200000E+02  0.328790000000E+02
    2215 -0.771446600000E+02  0.339043500000E+02  0.328170000000E+02
    2222 -0.772038000000E+02  0.339071300000E+02  0.309970000000E+02
    2233 -0.772625000000E+02  0.339102000000E+02  0.307770000000E+02
    2241 -0.773207000000E+02  0.339136500000E+02  0.299030000000E+02
    2247 -0.770546300000E+02  0.339166300000E+02  0.332600000000E+02
    2251 -0.771142700000E+02  0.339188500000E+02  0.332080000000E+02
    2253 -0.771734900000E+02  0.339213100000E+02  0.316200000000E+02
    2258 -0.772322900000E+02  0.339240300000E+02  0.301280000000E+02
    2269 -0.772906000000E+02  0.339270700000E+02  0.303670000000E+02
    2290 -0.771432500000E+02  0.339356700000E+02  0.330720000000E+02
    2291 -0.772021600000E+02  0.339380600000E+02  0.302750000000E+02
    2295 -0.772606000000E+02  0.339407400000E+02  0.306350000000E+02
    2309 -0.773184700000E+02  0.339437800000E+02  0.299420000000E+02
    2334 -0.771720900000E+02  0.339523000000E+02  0.314800000000E+02
    2336 -0.772306500000E+02  0.339546400000E+02  0.303510000000E+02
    2339 -0.772886900000E+02  0.339572800000E+02  0.295150000000E+02
    2366 -0.772007700000E+02  0.339687500000E+02  0.303280000000E+02
    2370 -0.772589600000E+02  0.339710300000E+02  0.291350000000E+02
    2405 -0.772292800000E+02  0.339850100000E+02  0.294370000000E+02
       1 3      110      111      112
       2 3      117      118      119
       3 3      110      139      140
       4 3      117      136      168
       5 3      139      119      181
       6 3      110      140      111
       7 3      117      168      118
       8 3      139      181      140
       9 3      119      118      233
      10 3      136      235      168
      11 3      112      111      249
      12 3      119      233      181
      13 3      111      140      309
      14 3      118      168      322
      15 3      140      181      339
      16 3      118      322      233
      17 3      111      309      249
      18 3      140      339      309
      19 3      168      235      375
      20 3      181      233      381
      21 3      168      375      322
      22 3      181      381      339
      23 3      233      322      431
      24 3      309      434      249
      25 3      233      431      381
      26 3      235      447      375
      27 3      309      339      480
      28 3      322      375      507
      29 3      339      381      514
      30 3      309      480      434
      31 3      322      507      431
      32 3      339      514      480
      33 3      381      431      568
      34 3      434      480      572
      35 3      375      447      576
      36 3      434      572      561
      37 3      381      568      514
      38 3      375      576      507
      39 3      480      609      572
      40 3      480      514      621
      41 3      431      507      632
      42 3      480      621      609
      43 3      561      572      642
      44 3      431      632      568
      45 3      561      642      616
      46 3      447      651      576
      47 3      572      609      672
      48 3      572      672      642
      49 3      514      568      690
      50 3      514      690      621
      51 3      507      576      696
      52 3      609      621      703
      53 3      616      642      707
      54 3      507      696      632
      55 3      616      707      676
      56 3      609      703      672
      57 3      642      672      736
      58 3      642      736      707
      59 3      621      746      703
      60 3      621      690      746
      61 3      568      632      752
      62 3      576      651      765
      63 3      676      707      766
      64 3      568      752      690
      65 3      672      703      769
      66 3      676      766      734
      67 3      672      769      736
      68 3      576      765      696
      69 3      690      787      746
      70 3      707      736      797
      71 3      703      746      803
      72 3      707      797      766
      73 3      703      803      769
      74 3      690      752      812
      75 3      690      812      787
      76 3      632      696      814
      77 3      734      766      817
      78 3      736      769      824
      79 3      632      814      752
      80 3      736      824      797
      81 3      746      787      840
      82 3      746      840      803
      83 3      651      845      765
      84 3      766      797      853
      85 3      752      857      812
      86 3      766      853      817
      87 3      769      803      862
      88 3      769      862      824
      89 3      787      812      883
      90 3      752      814      886
      91 3      696      765      887
      92 3      787      883      840
      93 3      752      886      857
      94 3      797      824      891
      95 3      797      891      853
      96 3      803      840      901
      97 3      696      887      814
      98 3      803      901      862
      99 3      817      853      914
     100 3      812      857      915
     101 3      812      915      883
     102 3      824      862      925
     103 3      814      931      886
     104 3      824      925      891
     105 3      840      883      941
     106 3      765      845      944
     107 3      840      941      901
     108 3      853      891      952
     109 3      857      886      956
     110 3      853      952      914
     111 3      814      887      958
     112 3      765      944      887
     113 3      814      958      931
     114 3      862      901      965
     115 3      857      956      915
     116 3      862      965      925
     117 3      883      915      980
     118 3      883      980      941
     119 3      891      925      987
     120 3      886      931      991
     121 3      891      987      952
     122 3      886      991      956
     123 3      901      941      997
     124 3      887     1003      958
     125 3      901      997      965
     126 3      914      952     1007
     127 3      915      956     1015
     128 3      914     1007      973
     129 3      915     1015      980
     130 3      925      965     1024
     131 3      887      944     1028
     132 3      925     1024      987
     133 3      931      958     1033
     134 3      887     1028     1003
     135 3      931     1033      991
     136 3      941      980     1040
     137 3      941     1040      997
     138 3      952      987     1042
     139 3      952     1042     1007
     140 3      956      991     1054
     141 3      956     1054     1015
     142 3      965      997     1062
     143 3      958     1003     1064
     144 3      965     1062     1024
     145 3      973     1007     1065
     146 3      958     1064     1033
     147 3      973     1065     1032
     148 3      980     1015     1078
     149 3      987     1024     1081
     150 3      980     1078     1040
     151 3      987     1081     1042
     152 3      991     1033     1097
     153 3      997     1040     1101
     154 3      991     1097     1054
     155 3     1007     1042     1109
     156 3      997     1101     1062
     157 3     1003     1028     1112
     158 3     1007     1109     1065
     159 3     1015     1054     1116
     160 3     1003     1112     1064
     161 3     1024     1062     1123
     162 3     1015     1116     1078
     163 3     1032     1065     1131
     164 3     1024     1123     1081
     165 3     1032     1131     1091
     166 3     1033     1064     1136
     167 3     1040     1078     1141
     168 3     1033     1136     1097
     169 3     1042     1081     1148
     170 3     1040     1141     1101
     171 3     1042     1148     1109
     172 3     1054     1097     1161
     173 3     1062     1101     1166
     174 3     1054     1161     1116
     175 3     1065     1109     1171
     176 3     1062     1166     1123
     177 3     1065     1171     1131
     178 3     1064     1112     1182
     179 3     1078     1116     1185
     180 3     1081     1123     1187
     181 3     1064     1182     1136
     182 3     1091     1131     1190
     183 3     1078     1185     1141
     184 3     1081     1187     1148
     185 3     1091     1190     1149
     186 3     1097     1136     1204
     187 3     1101     1141     1210
     188 3     1109     1148     1211
     189 3     1097     1204     1161
     190 3     1101     1210     1166
     191 3     1109     1211     1171
     192 3     1116     1161     1225
     193 3     1123     1166     1227
     194 3     1131     1171     1232
     195 3     1116     1225     1185
     196 3     1123     1227     1187
     197 3     1131     1232     1190
     198 3     1141     1185     1246
     199 3     1136     1182     1247
     200 3     1148     1187     1250
     201 3     1149     1190     1251
     202 3     1136     1247     1204
     203 3     1141     1246     1210
     204 3     1148     1250     1211
     205 3     1149     1251     1212
     206 3     1166     1210     1266
     207 3     1161     1204     1268
     208 3     1171     1211     1269
     209 3     1161     1268     1225
     210 3     1166     1266     1227
     211 3     1171     1269     1232
     212 3     1190     1232     1290
     213 3     1187     1227     1291
     214 3     1185     1225     1292
     215 3     1185     1292     1246
     216 3     1187     1291     1250
     217 3     1190     1290     1251
     218 3     1212     1251     1307
     219 3     1211     1250     1309
     220 3     1210     1246     1311
     221 3     1204     1247     1317
     222 3     1210     1311     1266
     223 3     1211     1309     1269
     224 3     1212     1307     1267
     225 3     1204     1317     1268
     226 3     1232     1269     1335
     227 3     1227     1266     1338
     228 3     1225     1268     1340
     229 3     1232     1335     1290
     230 3     1227     1338     1291
     231 3     1225     1340     1292
     232 3     1251     1290     1355
     233 3     1250     1291     1357
     234 3     1246     1292     1358
     235 3     1251     1355     1307
     236 3     1250     1357     1309
     237 3     1246     1358     1311
     238 3     1247     1365     1317
     239 3     1267     1307     1374
     240 3     1269     1309     1377
     241 3     1266     1311     1380
     242 3     1268     1317     1383
     243 3     1269     1377     1335
     244 3     1267     1374     1332
     245 3     1266     1380     1338
     246 3     1268     1383     1340
     247 3     1290     1335     1398
     248 3     1291     1338     1400
     249 3     1292     1340     1403
     250 3     1290     1398     1355
     251 3     1291     1400     1357
     252 3     1292     1403     1358
     253 3     1307     1355     1414
     254 3     1309     1357     1417
     255 3     1311     1358     1423
     256 3     1307     1414     1374
     257 3     1309     1417     1377
     258 3     1311     1423     1380
     259 3     1317     1365     1431
     260 3     1317     1431     1383
     261 3     1332     1374     1437
     262 3     1335     1377     1439
     263 3     1338     1380     1441
     264 3     1335     1439     1398
     265 3     1338     1441     1400
     266 3     1340     1383     1453
     267 3     1340     1453     1403
     268 3     1355     1398     1459
     269 3     1357     1400     1463
     270 3     1355     1459     1414
     271 3     1358     1403     1470
     272 3     1357     1463     1417
     273 3     1358     1470     1423
     274 3     1374     1414     1476
     275 3     1377     1417     1483
     276 3     1365     1481     1431
     277 3     1380     1423     1488
     278 3     1374     1476     1437
     279 3     1377     1483     1439
     280 3     1380     1488     1441
     281 3     1383     1431     1495
     282 3     1398     1439     1498
     283 3     1383     1495     1453
     284 3     1400     1441     1502
     285 3     1398     1498     1459
     286 3     1400     1502     1463
     287 3     1403     1453     1513
     288 3     1403     1513     1470
     289 3     1414     1459     1520
     290 3     1417     1463     1522
     291 3     1414     1520     1476
     292 3     1417     1522     1483
     293 3     1423     1470     1529
     294 3     1423     1529     1488
     295 3     1437     1476     1539
     296 3     1439     1483     1540
     297 3     1431     1481     1542
     298 3     1431     1542     1495
     299 3     1441     1488     1543
     300 3     1439     1540     1498
     301 3     1441     1543     1502
     302 3     1453     1495     1557
     303 3     1459     1498     1559
     304 3     1453     1557     1513
     305 3     1463     1502     1567
     306 3     1459     1559     1520
     307 3     1463     1567     1522
     308 3     1470     1513     1578
     309 3     1476     1520     1582
     310 3     1470     1578     1529
     311 3     1483     1522     1586
     312 3     1476     1582     1539
     313 3     1483     1586     1540
     314 3     1488     1529     1595
     315 3     1481     1592     1542
     316 3     1488     1595     1543
     317 3     1498     1540     1605
     318 3     1495     1542     1609
     319 3     1502     1543     1611
     320 3     1498     1605     1559
     321 3     1495     1609     1557
     322 3     1502     1611     1567
     323 3     1520     1559     1623
     324 3     1513     1557     1624
     325 3     1522     1567     1629
     326 3     1513     1624     1578
     327 3     1520     1623     1582
     328 3     1522     1629     1586
     329 3     1529     1578     1642
     330 3     1539     1582     1649
     331 3     1529     1642     1595
     332 3     1540     1586     1652
     333 3     1540     1652     1605
     334 3     1543     1595     1659
     335 3     1542     1592     1660
     336 3     1542     1660     1609
     337 3     1543     1659     1611
     338 3     1559     1605     1669
     339 3     1557     1609     1674
     340 3     1567     1611     1678
     341 3     1559     1669     1623
     342 3     1557     1674     1624
     343 3     1567     1678     1629
     344 3     1582     1623     1688
     345 3     1578     1624     1689
     346 3     1586     1629     1694
     347 3     1578     1689     1642
     348 3     1582     1688     1649
     349 3     1586     1694     1652
     350 3     1595     1642     1707
     351 3     1595     1707     1659
     352 3     1605     1652     1713
     353 3     1605     1713     1669
     354 3     1611     1659     1723
     355 3     1609     1660     1726
     356 3     1611     1723     1678
     357 3     1609     1726     1674
     358 3     1623     1669     1728
     359 3     1629     1678     1736
     360 3     1624     1674     1737
     361 3     1623     1728     1688
     362 3     1624     1737     1689
     363 3     1629     1736     1694
     364 3     1642     1689     1751
     365 3     1649     1688     1752
     366 3     1652     1694     1755
     367 3     1642     1751     1707
     368 3     1652     1755     1713
     369 3     1659     1707     1771
     370 3     1659     1771     1723
     371 3     1669     1713     1780
     372 3     1660     1782     1726
     373 3     1669     1780     1728
     374 3     1678     1723     1787
     375 3     1674     1726     1790
     376 3     1678     1787     1736
     377 3     1674     1790     1737
     378 3     1688     1728     1795
     379 3     1694     1736     1797
     380 3     1689     1737     1799
     381 3     1688     1795     1752
     382 3     1689     1799     1751
     383 3     1694     1797     1755
     384 3     1707     1751     1812
     385 3     1713     1755     1815
     386 3     1707     1812     1771
     387 3     1713     1815     1780
     388 3     1723     1771     1825
     389 3     1723     1825     1787
     390 3     1728     1780     1835
     391 3     1726     1782     1839
     392 3     1726     1839     1790
     393 3     1736     1787     1844
     394 3     1728     1835     1795
     395 3     1737     1790     1850
     396 3     1736     1844     1797
     397 3     1737     1850     1799
     398 3     1755     1797     1864
     399 3     1751     1799     1865
     400 3     1751     1865     1812
     401 3     1755     1864     1815
     402 3     1771     1812     1876
     403 3     1780     1815     1878
     404 3     1771     1876     1825
     405 3     1780     1878     1835
     406 3     1787     1825     1894
     407 3     1787     1894     1844
     408 3     1790     1839     1901
     409 3     1790     1901     1850
     410 3     1797     1844     1908
     411 3     1799     1850     1912
     412 3     1797     1908     1864
     413 3     1799     1912     1865
     414 3     1815     1864     1924
     415 3     1812     1865     1925
     416 3     1812     1925     1876
     417 3     1815     1924     1878
     418 3     1825     1876     1936
     419 3     1825     1936     1894
     420 3     1844     1894     1953
     421 3     1839     1952     1901
     422 3     1844     1953     1908
     423 3     1850     1901     1961
     424 3     1850     1961     1912
     425 3     1864     1908     1968
     426 3     1865     1912     1972
     427 3     1864     1968     1924
     428 3     1865     1972     1925
     429 3     1878     1924     1984
     430 3     1876     1925     1985
     431 3     1876     1985     1936
     432 3     1894     1936     1999
     433 3     1894     1999     1953
     434 3     1901     1952     2006
     435 3     1908     1953     2007
     436 3     1901     2006     1961
     437 3     1908     2007     1968
     438 3     1912     1961     2023
     439 3     1912     2023     1972
     440 3     1924     1968     2027
     441 3     1925     1972     2032
     442 3     1924     2027     1984
     443 3     1925     2032     1985
     444 3     1936     1985     2043
     445 3     1936     2043     1999
     446 3     1953     1999     2051
     447 3     1953     2051     2007
     448 3     1952     2055     2006
     449 3     1968     2007     2062
     450 3     1961     2006     2063
     451 3     1961     2063     2023
     452 3     1968     2062     2027
     453 3     1972     2023     2073
     454 3     1972     2073     2032
     455 3     1984     2027     2081
     456 3     1985     2032     2091
     457 3     1985     2091     2043
     458 3     1999     2043     2100
     459 3     1999     2100     2051
     460 3     2007     2051     2108
     461 3     2006     2055     2112
     462 3     2007     2108     2062
     463 3     2006     2112     2063
     464 3     2027     2062     2119
     465 3     2023     2063     2120
     466 3     2023     2120     2073
     467 3     2027     2119     2081
     468 3     2032     2073     2129
     469 3     2032     2129     2091
     470 3     2043     2091     2138
     471 3     2043     2138     2100
     472 3     2051     2100     2150
     473 3     2051     2150     2108
     474 3     2062     2108     2159
     475 3     2063     2112     2167
     476 3     2062     2159     2119
     477 3     2063     2167     2120
     478 3     2081     2119     2172
     479 3     2073     2120     2173
     480 3     2073     2173     2129
     481 3     2091     2129     2178
     482 3     2091     2178     2138
     483 3     2100     2138     2187
     484 3     2100     2187     2150
     485 3     2108     2150     2197
     486 3     2108     2197     2159
     487 3     2119     2159     2206
     488 3     2112     2203     2167
     489 3     2120     2167     2208
     490 3     2119     2206     2172
     491 3     2120     2208     2173
     492 3     2129     2173     2215
     493 3     2129     2215     2178
     494 3     2138     2178     2222
     495 3     2138     2222     2187
     496 3     2150     2187     2233
     497 3     2150     2233     2197
     498 3     2159     2197     2241
     499 3     2159     2241     2206
     500 3     2167     2203     2247
     501 3     2167     2247     2208
     502 3     2173     2208     2251
     503 3     2173     2251     2215
     504 3     2178     2215     2253
     505 3     2178     2253     2222
     506 3     2187     2222     2258
     507 3     2187     2258     2233
     508 3     2197     2233     2269
     509 3     2197     2269     2241
     510 3     2215     2251     2290
     511 3     2215     2290     2253
     512 3     2222     2253     2291
     513 3     2222     2291     2258
     514 3     2233     2258     2295
     515 3     2233     2295     2269
     516 3     2241     2269     2309
     517 3     2253     2290     2334
     518 3     2253     2334     2291
     519 3     2258     2291     2336
     520 3     2258     2336     2295
     521 3     2269     2295     2339
     522 3     2269     2339     2309
     523 3     2291     2334     2366
     524 3     2291     2366     2336
     525 3     2295     2336     2370
     526 3     2295     2370     2339
     527 3     2336     2366     2405
     528 3     2336     2405     2370
 1                                                                              
 6                                                                              
 6                                                                              
         112
         110
         139
         119
         117
         136
 0                                                                              
 0                                                                              
