bi_1997_v2.grd                                                                  
     530     300
    3069 -0.747472900000E+02  0.342581900000E+02  0.351346700000E+04
    3180 -0.746540200000E+02  0.342981800000E+02  0.356560000000E+04
    3234 -0.748232200000E+02  0.343163500000E+02  0.334260700000E+04
    3308 -0.745597000000E+02  0.343413500000E+02  0.360016400000E+04
    3356 -0.747335100000E+02  0.343553700000E+02  0.339877400000E+04
    3434 -0.748955500000E+02  0.343738900000E+02  0.315501100000E+04
    3523 -0.744641300000E+02  0.343871900000E+02  0.381802300000E+04
    3565 -0.746425900000E+02  0.343979300000E+02  0.343542100000E+04
    3630 -0.748096800000E+02  0.344117600000E+02  0.321009900000E+04
    3720 -0.749642500000E+02  0.344305800000E+02  0.300840000000E+04
    3772 -0.743672300000E+02  0.344352100000E+02  0.375374100000E+04
    3814 -0.745501900000E+02  0.344435300000E+02  0.343630600000E+04
    3866 -0.747225200000E+02  0.344535000000E+02  0.326458100000E+04
    3939 -0.748824200000E+02  0.344671900000E+02  0.305609300000E+04
    4072 -0.742689700000E+02  0.344850200000E+02  0.374082500000E+04
    4111 -0.744561300000E+02  0.344916600000E+02  0.350085300000E+04
    4149 -0.746337600000E+02  0.344986300000E+02  0.330156900000E+04
    4199 -0.747992800000E+02  0.345079300000E+02  0.307919700000E+04
    4281 -0.749518100000E+02  0.345213300000E+02  0.295366700000E+04
    4435 -0.741694600000E+02  0.345363300000E+02  0.377956500000E+04
    4481 -0.743603400000E+02  0.345418500000E+02  0.339483700000E+04
    4523 -0.745431400000E+02  0.345466600000E+02  0.328768900000E+04
    4568 -0.747145500000E+02  0.345523200000E+02  0.312426300000E+04
    4641 -0.748728500000E+02  0.345610100000E+02  0.305028100000E+04
    4775 -0.750181300000E+02  0.345734700000E+02  0.288258000000E+04
    5050 -0.740688900000E+02  0.345889200000E+02  0.376890800000E+04
    5132 -0.742628600000E+02  0.345937400000E+02  0.353550300000E+04
    5194 -0.744504300000E+02  0.345971100000E+02  0.332397700000E+04
    5232 -0.746279000000E+02  0.345999800000E+02  0.317536500000E+04
    5294 -0.747923200000E+02  0.346044000000E+02  0.307117200000E+04
    5501 -0.749435600000E+02  0.346125200000E+02  0.301368000000E+04
    7049 -0.741638500000E+02  0.346470200000E+02  0.372693600000E+04
    7226 -0.743555700000E+02  0.346495400000E+02  0.333326500000E+04
    7246 -0.747100600000E+02  0.346513200000E+02  0.312775400000E+04
    7263 -0.745389600000E+02  0.346505100000E+02  0.324613700000E+04
    7406 -0.748669900000E+02  0.346547400000E+02  0.307383100000E+04
    8083 -0.750127900000E+02  0.346623500000E+02  0.287827900000E+04
   13860 -0.747892300000E+02  0.347004000000E+02  0.297339100000E+04
   14144 -0.749387700000E+02  0.347035800000E+02  0.300029800000E+04
   14231 -0.746255800000E+02  0.347016300000E+02  0.317033900000E+04
   14300 -0.740635900000E+02  0.347014900000E+02  0.351434100000E+04
   14631 -0.744474100000E+02  0.347034400000E+02  0.320105500000E+04
   14665 -0.742586200000E+02  0.347035400000E+02  0.355919100000E+04
   14714 -0.750874900000E+02  0.347115900000E+02  0.270610500000E+04
   19896 -0.748649100000E+02  0.347472100000E+02  0.288041700000E+04
   20162 -0.747098000000E+02  0.347499200000E+02  0.307298200000E+04
   20192 -0.750082500000E+02  0.347520300000E+02  0.284949000000E+04
   20672 -0.745382100000E+02  0.347549700000E+02  0.312411600000E+04
   20998 -0.743531500000E+02  0.347582300000E+02  0.326673200000E+04
   21022 -0.741598400000E+02  0.347588000000E+02  0.362090200000E+04
   21675 -0.751394400000E+02  0.347783600000E+02  0.250944800000E+04
   21942 -0.749364300000E+02  0.347925000000E+02  0.298489400000E+04
   21987 -0.747907900000E+02  0.347949200000E+02  0.294562000000E+04
   22045 -0.750718700000E+02  0.348029600000E+02  0.268180700000E+04
   22100 -0.746276200000E+02  0.348034000000E+02  0.315448400000E+04
   22190 -0.744474400000E+02  0.348107000000E+02  0.312472300000E+04
   22247 -0.742563400000E+02  0.348144200000E+02  0.393652600000E+04
   22250 -0.740596400000E+02  0.348151200000E+02  0.342104600000E+04
   22270 -0.751787300000E+02  0.348244900000E+02  0.208493600000E+04
   22428 -0.752343800000E+02  0.348355300000E+02  0.103336200000E+04
   22477 -0.748672100000E+02  0.348365700000E+02  0.285292800000E+04
   22494 -0.750029800000E+02  0.348384100000E+02  0.263036900000E+04
   22631 -0.747148400000E+02  0.348476800000E+02  0.309411900000E+04
   22653 -0.751284600000E+02  0.348511000000E+02  0.230762000000E+04
   22657 -0.752997500000E+02  0.348527800000E+02  0.575326000000E+03
   22827 -0.745415000000E+02  0.348602600000E+02  0.308661300000E+04
   22951 -0.743531900000E+02  0.348680700000E+02  0.316151000000E+04
   22998 -0.741574200000E+02  0.348716600000E+02  0.339807400000E+04
   23002 -0.749368800000E+02  0.348759600000E+02  0.278833400000E+04
   23113 -0.750657700000E+02  0.348849300000E+02  0.222760400000E+04
   23130 -0.751871000000E+02  0.348864300000E+02  0.117363800000E+04
   23137 -0.747983800000E+02  0.348869200000E+02  0.294244600000E+04
   23361 -0.753030000000E+02  0.349066000000E+02  0.382799000000E+03
   23381 -0.752526600000E+02  0.349081500000E+02  0.511365000000E+03
   23390 -0.746350900000E+02  0.349056700000E+02  0.300241700000E+04
   23541 -0.748758500000E+02  0.349205600000E+02  0.277084900000E+04
   23548 -0.749994000000E+02  0.349203800000E+02  0.223895500000E+04
   23574 -0.744506600000E+02  0.349193200000E+02  0.306863600000E+04
   23616 -0.751291900000E+02  0.349277800000E+02  0.124310300000E+04
   23657 -0.742559100000E+02  0.349264900000E+02  0.329046500000E+04
   23687 -0.740569500000E+02  0.349297500000E+02  0.325807300000E+04
   23699 -0.752856400000E+02  0.349389300000E+02  0.257232000000E+03
   23716 -0.753174600000E+02  0.349423400000E+02  0.178230000000E+03
   23748 -0.747268000000E+02  0.349445200000E+02  0.287539600000E+04
   23777 -0.749396600000E+02  0.349454900000E+02  0.249259800000E+04
   23886 -0.752595400000E+02  0.349653900000E+02  0.263710000000E+03
   23936 -0.752005800000E+02  0.349698100000E+02  0.349879000000E+03
   23938 -0.750636200000E+02  0.349669000000E+02  0.168014900000E+04
   23940 -0.752969300000E+02  0.349708700000E+02  0.171484000000E+03
   23954 -0.745492900000E+02  0.349673700000E+02  0.294622200000E+04
   23993 -0.748143300000E+02  0.349760300000E+02  0.278227800000E+04
   24001 -0.753318300000E+02  0.349783700000E+02  0.114257000000E+03
   24085 -0.743554000000E+02  0.349794000000E+02  0.304358700000E+04
   24159 -0.741563500000E+02  0.349856300000E+02  0.422211300000E+04
   24184 -0.753085500000E+02  0.349960600000E+02  0.104386000000E+03
   24209 -0.748983400000E+02  0.350007200000E+02  0.264176300000E+04
   24230 -0.752435000000E+02  0.349995100000E+02  0.213520000000E+03
   24238 -0.752797000000E+02  0.350029900000E+02  0.137818000000E+03
   24285 -0.749877200000E+02  0.350085000000E+02  0.230165300000E+04
   24301 -0.751305800000E+02  0.350053000000E+02  0.101265000000E+04
   24321 -0.746497600000E+02  0.350103300000E+02  0.285853900000E+04
   24405 -0.753088600000E+02  0.350221700000E+02  0.821340000000E+02
   24449 -0.752219000000E+02  0.350264200000E+02  0.181330000000E+03
   24492 -0.752569900000E+02  0.350312500000E+02  0.124196000000E+03
   24538 -0.752846300000E+02  0.350344000000E+02  0.864780000000E+02
   24555 -0.744566000000E+02  0.350301300000E+02  0.296744400000E+04
   24571 -0.751816800000E+02  0.350366900000E+02  0.221496000000E+03
   24611 -0.747476300000E+02  0.350396700000E+02  0.275958300000E+04
   24702 -0.742568400000E+02  0.350399200000E+02  0.414678600000E+04
   24752 -0.753044700000E+02  0.350516500000E+02  0.752680000000E+02
   24783 -0.750694300000E+02  0.350521700000E+02  0.121832600000E+04
   24847 -0.752394900000E+02  0.350595300000E+02  0.974120000000E+02
   24855 -0.752106100000E+02  0.350591000000E+02  0.139600000000E+03
   24891 -0.752737700000E+02  0.350631600000E+02  0.727510000000E+02
   24892 -0.748382900000E+02  0.350625100000E+02  0.264627900000E+04
   25031 -0.751396000000E+02  0.350759700000E+02  0.292906000000E+03
   25091 -0.751876300000E+02  0.350812200000E+02  0.143551000000E+03
   25113 -0.745613600000E+02  0.350784300000E+02  0.286477300000E+04
   25124 -0.750096400000E+02  0.350820900000E+02  0.169193800000E+04
   25125 -0.753035200000E+02  0.350818900000E+02  0.607750000000E+02
   25131 -0.752521100000E+02  0.350846600000E+02  0.776360000000E+02
   25197 -0.749336000000E+02  0.350895500000E+02  0.226979300000E+04
   25206 -0.752229400000E+02  0.350901900000E+02  0.920920000000E+02
   25309 -0.753337300000E+02  0.350982600000E+02  0.356090000000E+02
   25310 -0.752760400000E+02  0.350974400000E+02  0.639920000000E+02
   25333 -0.743588700000E+02  0.350926300000E+02  0.334588700000E+04
   25400 -0.750994600000E+02  0.351059400000E+02  0.400909000000E+03
   25434 -0.751999800000E+02  0.351094000000E+02  0.976590000000E+02
   25435 -0.741561500000E+02  0.351007200000E+02  0.325574900000E+04
   25468 -0.752491900000E+02  0.351113900000E+02  0.674590000000E+02
   25478 -0.751717500000E+02  0.351137300000E+02  0.132548000000E+03
   25482 -0.753033700000E+02  0.351139000000E+02  0.326830000000E+02
   25500 -0.750552400000E+02  0.351171400000E+02  0.693583000000E+03
   25508 -0.747781100000E+02  0.351180200000E+02  0.261723800000E+04
   25554 -0.752223900000E+02  0.351241100000E+02  0.744500000000E+02
   25561 -0.746774300000E+02  0.351260600000E+02  0.272938300000E+04
   25597 -0.752750700000E+02  0.351284300000E+02  0.374660000000E+02
   25616 -0.753307000000E+02  0.351311300000E+02  0.241610000000E+02
   25619 -0.751371300000E+02  0.351333800000E+02  0.158084000000E+03
   25650 -0.751958600000E+02  0.351355500000E+02  0.840570000000E+02
   25701 -0.752473500000E+02  0.351419400000E+02  0.437490000000E+02
   25734 -0.751706800000E+02  0.351444800000E+02  0.967460000000E+02
   25738 -0.753017900000E+02  0.351453900000E+02  0.244380000000E+02
   25741 -0.750014000000E+02  0.351410600000E+02  0.113848300000E+04
   25772 -0.744633300000E+02  0.351438400000E+02  0.289576600000E+04
   25789 -0.750956000000E+02  0.351485400000E+02  0.228796000000E+03
   25820 -0.748566700000E+02  0.351500800000E+02  0.225021100000E+04
   25832 -0.752196400000E+02  0.351543400000E+02  0.487090000000E+02
   25900 -0.752733400000E+02  0.351593400000E+02  0.249360000000E+02
   25935 -0.742583000000E+02  0.351548000000E+02  0.308832200000E+04
   25943 -0.753288400000E+02  0.351623600000E+02  0.233040000000E+02
   25962 -0.751911600000E+02  0.351651300000E+02  0.561360000000E+02
   26032 -0.751251100000E+02  0.351686300000E+02  0.114058000000E+03
   26084 -0.750551300000E+02  0.351708300000E+02  0.329030000000E+03
   26105 -0.752450600000E+02  0.351725800000E+02  0.263430000000E+02
   26106 -0.751575800000E+02  0.351731100000E+02  0.766790000000E+02
   26172 -0.752999500000E+02  0.351764000000E+02  0.235950000000E+02
   26232 -0.749419100000E+02  0.351806300000E+02  0.141535200000E+04
   26304 -0.752164800000E+02  0.351849300000E+02  0.281420000000E+02
   26379 -0.752713400000E+02  0.351901600000E+02  0.229460000000E+02
   26394 -0.751007600000E+02  0.351929600000E+02  0.121030000000E+03
   26409 -0.751340600000E+02  0.351928600000E+02  0.734610000000E+02
   26474 -0.751868700000E+02  0.351963700000E+02  0.330590000000E+02
   26516 -0.745707500000E+02  0.351930900000E+02  0.271996300000E+04
   26537 -0.752426800000E+02  0.352034000000E+02  0.235790000000E+02
   26540 -0.750116100000E+02  0.352044900000E+02  0.403093000000E+03
   26586 -0.751578100000E+02  0.352087200000E+02  0.396100000000E+02
   26657 -0.743621400000E+02  0.352079700000E+02  0.333031600000E+04
   26672 -0.752137000000E+02  0.352160500000E+02  0.257240000000E+02
   26690 -0.750649100000E+02  0.352188600000E+02  0.141480000000E+03
   26716 -0.751287100000E+02  0.352194300000E+02  0.516860000000E+02
   26721 -0.747692700000E+02  0.352116200000E+02  0.229387100000E+04
   26751 -0.741562200000E+02  0.352168300000E+02  0.320538700000E+04
   26782 -0.751844300000E+02  0.352283800000E+02  0.275710000000E+02
   26792 -0.751006000000E+02  0.352287600000E+02  0.725020000000E+02
   26855 -0.746638600000E+02  0.352317400000E+02  0.254102400000E+04
   26857 -0.748773700000E+02  0.352378300000E+02  0.152230400000E+04
   26874 -0.751547000000E+02  0.352402200000E+02  0.303150000000E+02
   26910 -0.752113300000E+02  0.352473100000E+02  0.285060000000E+02
   26921 -0.751233600000E+02  0.352510900000E+02  0.349140000000E+02
   26935 -0.750355000000E+02  0.352542100000E+02  0.138258000000E+03
   26967 -0.749691800000E+02  0.352600800000E+02  0.525724000000E+03
   26970 -0.750843800000E+02  0.352602800000E+02  0.623090000000E+02
   26977 -0.751818000000E+02  0.352598800000E+02  0.302650000000E+02
   27014 -0.744692800000E+02  0.352612500000E+02  0.269919300000E+04
   27041 -0.751513700000E+02  0.352720500000E+02  0.317130000000E+02
   27074 -0.742591900000E+02  0.352708800000E+02  0.292769700000E+04
   27075 -0.752090900000E+02  0.352784900000E+02  0.273100000000E+02
   27099 -0.750578700000E+02  0.352847400000E+02  0.590220000000E+02
   27121 -0.751191800000E+02  0.352841600000E+02  0.334580000000E+02
   27142 -0.751793400000E+02  0.352913400000E+02  0.296430000000E+02
   27180 -0.750226500000E+02  0.352954700000E+02  0.109292000000E+03
   27184 -0.750876500000E+02  0.352988000000E+02  0.356340000000E+02
   27216 -0.751488900000E+02  0.353041000000E+02  0.306280000000E+02
   27218 -0.748167300000E+02  0.353078800000E+02  0.164978700000E+04
   27236 -0.747129400000E+02  0.353106400000E+02  0.214500400000E+04
   27241 -0.752070100000E+02  0.353095800000E+02  0.276890000000E+02
   27270 -0.749088100000E+02  0.353170900000E+02  0.549052000000E+03
   27271 -0.750573000000E+02  0.353140400000E+02  0.427630000000E+02
   27276 -0.745880700000E+02  0.353179800000E+02  0.247096900000E+04
   27285 -0.751180500000E+02  0.353173600000E+02  0.314230000000E+02
   27306 -0.751772500000E+02  0.353227000000E+02  0.289400000000E+02
   27333 -0.750294800000E+02  0.353285300000E+02  0.548120000000E+02
   27338 -0.749846000000E+02  0.353308700000E+02  0.144378000000E+03
   27363 -0.750873900000E+02  0.353312200000E+02  0.333600000000E+02
   27368 -0.743630400000E+02  0.353248200000E+02  0.269418900000E+04
   27384 -0.751470900000E+02  0.353358200000E+02  0.291040000000E+02
   27410 -0.752050700000E+02  0.353405400000E+02  0.288040000000E+02
   27411 -0.741560200000E+02  0.353336100000E+02  0.295980600000E+04
   27444 -0.750568500000E+02  0.353449400000E+02  0.359370000000E+02
   27464 -0.751167000000E+02  0.353491100000E+02  0.297890000000E+02
   27497 -0.751753200000E+02  0.353537900000E+02  0.296490000000E+02
   27552 -0.750240600000E+02  0.353573300000E+02  0.453350000000E+02
   27559 -0.750861100000E+02  0.353624900000E+02  0.323620000000E+02
   27575 -0.751452600000E+02  0.353669800000E+02  0.290290000000E+02
   27598 -0.752031600000E+02  0.353713600000E+02  0.297400000000E+02
   27604 -0.749933500000E+02  0.353738400000E+02  0.545900000000E+02
   27630 -0.750549400000E+02  0.353759000000E+02  0.344660000000E+02
   27644 -0.748605800000E+02  0.353824500000E+02  0.479511000000E+03
   27654 -0.751149300000E+02  0.353801700000E+02  0.294830000000E+02
   27668 -0.749429600000E+02  0.353844000000E+02  0.125581000000E+03
   27683 -0.751733300000E+02  0.353846400000E+02  0.300030000000E+02
   27694 -0.747697700000E+02  0.353893100000E+02  0.148846300000E+04
   27697 -0.744671800000E+02  0.353805900000E+02  0.248317200000E+04
   27717 -0.750233800000E+02  0.353903600000E+02  0.379250000000E+02
   27734 -0.750842500000E+02  0.353934400000E+02  0.321770000000E+02
   27740 -0.742587900000E+02  0.353874100000E+02  0.278946400000E+04
   27761 -0.751432000000E+02  0.353977900000E+02  0.294830000000E+02
   27786 -0.752011600000E+02  0.354020700000E+02  0.311580000000E+02
   27811 -0.746688900000E+02  0.354067900000E+02  0.206837000000E+04
   27819 -0.750533500000E+02  0.354071100000E+02  0.348500000000E+02
   27827 -0.749902300000E+02  0.354071900000E+02  0.430760000000E+02
   27837 -0.751127700000E+02  0.354109300000E+02  0.306900000000E+02
   27867 -0.751711500000E+02  0.354153100000E+02  0.305320000000E+02
   27907 -0.750228400000E+02  0.354216100000E+02  0.378400000000E+02
   27915 -0.750820600000E+02  0.354242100000E+02  0.326160000000E+02
   27941 -0.751408500000E+02  0.354284400000E+02  0.312670000000E+02
   27960 -0.751989800000E+02  0.354327200000E+02  0.322480000000E+02
   27978 -0.749609100000E+02  0.354376800000E+02  0.456420000000E+02
   27981 -0.749967300000E+02  0.354365700000E+02  0.394970000000E+02
   27997 -0.750513000000E+02  0.354378100000E+02  0.364960000000E+02
   28012 -0.749011400000E+02  0.354432600000E+02  0.929690000000E+02
   28016 -0.751102300000E+02  0.354415700000E+02  0.324820000000E+02
   28037 -0.745625500000E+02  0.354429900000E+02  0.228543100000E+04
   28047 -0.751687300000E+02  0.354459300000E+02  0.318300000000E+02
   28058 -0.743605900000E+02  0.354412300000E+02  0.256275700000E+04
   28083 -0.750208700000E+02  0.354517500000E+02  0.389100000000E+02
   28095 -0.748229100000E+02  0.354550700000E+02  0.510677000000E+03
   28108 -0.750793500000E+02  0.354548300000E+02  0.342520000000E+02
   28127 -0.741554900000E+02  0.354505500000E+02  0.279792300000E+04
   28136 -0.751381800000E+02  0.354590600000E+02  0.328530000000E+02
   28170 -0.749881800000E+02  0.354655700000E+02  0.404510000000E+02
   28189 -0.750483000000E+02  0.354683200000E+02  0.376020000000E+02
   28212 -0.751073000000E+02  0.354722300000E+02  0.333270000000E+02
   28224 -0.747359200000E+02  0.354749600000E+02  0.138081900000E+04
   28238 -0.751660900000E+02  0.354765800000E+02  0.330880000000E+02
   28270 -0.750170600000E+02  0.354820000000E+02  0.402660000000E+02
   28288 -0.750760700000E+02  0.354855400000E+02  0.358160000000E+02
   28308 -0.751352600000E+02  0.354897800000E+02  0.336240000000E+02
   28317 -0.749452700000E+02  0.354914700000E+02  0.446070000000E+02
   28342 -0.749878500000E+02  0.354957200000E+02  0.421590000000E+02
   28354 -0.750444700000E+02  0.354991100000E+02  0.394830000000E+02
   28364 -0.744584000000E+02  0.354961300000E+02  0.239024400000E+04
   28371 -0.751040600000E+02  0.355030600000E+02  0.348110000000E+02
   28390 -0.746434200000E+02  0.355065200000E+02  0.196629700000E+04
   28391 -0.751632800000E+02  0.355073300000E+02  0.332270000000E+02
   28395 -0.748740500000E+02  0.355106000000E+02  0.959940000000E+02
   28401 -0.742575800000E+02  0.355033900000E+02  0.261976300000E+04
   28407 -0.750123100000E+02  0.355130500000E+02  0.423460000000E+02
   28443 -0.750724500000E+02  0.355165700000E+02  0.376420000000E+02
   28464 -0.751321800000E+02  0.355206800000E+02  0.346530000000E+02
   28498 -0.749764100000E+02  0.355277100000E+02  0.448680000000E+02
   28514 -0.750403800000E+02  0.355304600000E+02  0.410960000000E+02
   28520 -0.747960300000E+02  0.355320100000E+02  0.505993000000E+03
   28536 -0.751006900000E+02  0.355342000000E+02  0.368290000000E+02
   28550 -0.751604200000E+02  0.355382600000E+02  0.336310000000E+02
   28577 -0.750077800000E+02  0.355449500000E+02  0.437820000000E+02
   28587 -0.750688000000E+02  0.355480400000E+02  0.392890000000E+02
   28602 -0.751290900000E+02  0.355518600000E+02  0.357300000000E+02
   28608 -0.745484900000E+02  0.355511900000E+02  0.219397900000E+04
   28627 -0.749772600000E+02  0.355605000000E+02  0.462860000000E+02
   28630 -0.749285800000E+02  0.355624600000E+02  0.493840000000E+02
   28631 -0.743574600000E+02  0.355554200000E+02  0.241789000000E+04
   28632 -0.750366000000E+02  0.355623600000E+02  0.425030000000E+02
   28635 -0.747144900000E+02  0.355620700000E+02  0.142905000000E+04
   28646 -0.750974000000E+02  0.355657100000E+02  0.382610000000E+02
   28678 -0.750042800000E+02  0.355772900000E+02  0.452380000000E+02
   28688 -0.750654500000E+02  0.355799600000E+02  0.402870000000E+02
   28690 -0.748511400000E+02  0.355815400000E+02  0.136758000000E+03
   28744 -0.750334200000E+02  0.355948200000E+02  0.434460000000E+02
   28746 -0.749701300000E+02  0.355920300000E+02  0.477840000000E+02
   28772 -0.746299100000E+02  0.356027300000E+02  0.188425700000E+04
   28790 -0.747783400000E+02  0.356099400000E+02  0.641047000000E+03
   28793 -0.749401700000E+02  0.356133700000E+02  0.514770000000E+02
   28794 -0.750014600000E+02  0.356106500000E+02  0.464730000000E+02
   28827 -0.748960400000E+02  0.356251900000E+02  0.612410000000E+02
   28841 -0.749704700000E+02  0.356296200000E+02  0.494160000000E+02
   28895 -0.747037300000E+02  0.356480600000E+02  0.147798200000E+04
   28896 -0.748352100000E+02  0.356510200000E+02  0.178721000000E+03
   29001 -0.747706500000E+02  0.356867800000E+02  0.816104000000E+03
       1 3     3069     3180     3356
       2 3     3069     3356     3234
       3 3     3180     3308     3565
       4 3     3180     3565     3356
       5 3     3234     3356     3630
       6 3     3234     3630     3434
       7 3     3308     3523     3814
       8 3     3308     3814     3565
       9 3     3356     3565     3866
      10 3     3356     3866     3630
      11 3     3434     3630     3939
      12 3     3434     3939     3720
      13 3     3523     3772     4111
      14 3     3523     4111     3814
      15 3     3565     3814     4149
      16 3     3565     4149     3866
      17 3     3630     3866     4199
      18 3     3630     4199     3939
      19 3     3720     3939     4281
      20 3     3772     4072     4481
      21 3     3772     4481     4111
      22 3     3814     4111     4523
      23 3     3814     4523     4149
      24 3     3866     4149     4568
      25 3     3866     4568     4199
      26 3     3939     4199     4641
      27 3     3939     4641     4281
      28 3     4072     4435     5132
      29 3     4072     5132     4481
      30 3     4111     4481     5194
      31 3     4149     4523     5232
      32 3     4111     5194     4523
      33 3     4149     5232     4568
      34 3     4199     4568     5294
      35 3     4199     5294     4641
      36 3     4281     4641     5501
      37 3     4281     5501     4775
      38 3     4435     5050     7049
      39 3     4481     5132     7226
      40 3     4568     5232     7246
      41 3     4435     7049     5132
      42 3     4523     5194     7263
      43 3     4568     7246     5294
      44 3     4523     7263     5232
      45 3     4481     7226     5194
      46 3     4641     5294     7406
      47 3     4641     7406     5501
      48 3     4775     5501     8083
      49 3     5294     7246    13860
      50 3     5294    13860     7406
      51 3     5501     7406    14144
      52 3     5232    14231     7246
      53 3     5232     7263    14231
      54 3     5501    14144     8083
      55 3     5194     7226    14631
      56 3     5132     7049    14665
      57 3     5050    14300     7049
      58 3     5194    14631     7263
      59 3     5132    14665     7226
      60 3     7406    19896    14144
      61 3     7406    13860    19896
      62 3     7246    20162    13860
      63 3     8083    14144    20192
      64 3     7246    14231    20162
      65 3     8083    20192    14714
      66 3     7263    20672    14231
      67 3     7263    14631    20672
      68 3     7226    14665    20998
      69 3     7049    14300    21022
      70 3     7226    20998    14631
      71 3     7049    21022    14665
      72 3    14144    19896    21942
      73 3    14144    21942    20192
      74 3    13860    21987    19896
      75 3    13860    20162    21987
      76 3    14714    20192    22045
      77 3    14714    22045    21675
      78 3    14231    22100    20162
      79 3    14231    20672    22100
      80 3    14631    22190    20672
      81 3    14631    20998    22190
      82 3    14665    21022    22247
      83 3    14665    22247    20998
      84 3    14300    22250    21022
      85 3    19896    22477    21942
      86 3    20192    21942    22494
      87 3    19896    21987    22477
      88 3    20192    22494    22045
      89 3    20162    22631    21987
      90 3    21675    22653    22270
      91 3    21675    22045    22653
      92 3    20162    22100    22631
      93 3    20672    22827    22100
      94 3    20672    22190    22827
      95 3    20998    22951    22190
      96 3    20998    22247    22951
      97 3    21022    22250    22998
      98 3    21942    23002    22494
      99 3    21022    22998    22247
     100 3    21942    22477    23002
     101 3    22045    22494    23113
     102 3    22045    23113    22653
     103 3    22270    23130    22428
     104 3    21987    23137    22477
     105 3    22270    22653    23130
     106 3    21987    22631    23137
     107 3    22428    23381    22657
     108 3    22100    23390    22631
     109 3    22100    22827    23390
     110 3    22428    23130    23381
     111 3    22657    23381    23361
     112 3    22477    23541    23002
     113 3    22494    23002    23548
     114 3    22494    23548    23113
     115 3    22190    23574    22827
     116 3    22190    22951    23574
     117 3    22477    23137    23541
     118 3    22653    23616    23130
     119 3    22653    23113    23616
     120 3    22247    23657    22951
     121 3    22247    22998    23657
     122 3    22250    23687    22998
     123 3    23361    23381    23699
     124 3    22631    23748    23137
     125 3    23361    23699    23716
     126 3    23002    23777    23548
     127 3    23002    23541    23777
     128 3    22631    23390    23748
     129 3    23699    23381    23886
     130 3    23130    23936    23381
     131 3    23113    23548    23938
     132 3    23699    23940    23716
     133 3    23113    23938    23616
     134 3    22827    23954    23390
     135 3    23130    23616    23936
     136 3    23137    23993    23541
     137 3    22827    23574    23954
     138 3    23699    23886    23940
     139 3    23381    23936    23886
     140 3    23716    23940    24001
     141 3    22951    24085    23574
     142 3    23137    23748    23993
     143 3    22951    23657    24085
     144 3    22998    23687    24159
     145 3    22998    24159    23657
     146 3    23940    24184    24001
     147 3    23777    23541    24209
     148 3    23886    23936    24230
     149 3    23940    23886    24238
     150 3    23940    24238    24184
     151 3    23548    23777    24285
     152 3    23886    24230    24238
     153 3    23616    23938    24301
     154 3    23616    24301    23936
     155 3    23390    24321    23748
     156 3    23548    24285    23938
     157 3    23541    23993    24209
     158 3    23390    23954    24321
     159 3    24184    24238    24405
     160 3    24230    23936    24449
     161 3    24230    24492    24238
     162 3    24238    24538    24405
     163 3    23574    24555    23954
     164 3    23936    24301    24571
     165 3    23777    24209    24285
     166 3    24238    24492    24538
     167 3    23936    24571    24449
     168 3    24230    24449    24492
     169 3    23748    24611    23993
     170 3    23574    24085    24555
     171 3    23657    24702    24085
     172 3    23657    24159    24702
     173 3    24405    24538    24752
     174 3    23938    24783    24301
     175 3    23748    24321    24611
     176 3    24492    24449    24847
     177 3    24449    24571    24855
     178 3    23938    24285    24783
     179 3    24538    24492    24891
     180 3    23993    24892    24209
     181 3    24449    24855    24847
     182 3    24538    24891    24752
     183 3    24492    24847    24891
     184 3    24301    25031    24571
     185 3    23993    24611    24892
     186 3    24571    25091    24855
     187 3    23954    25113    24321
     188 3    24285    25124    24783
     189 3    24847    25131    24891
     190 3    24752    24891    25125
     191 3    24301    24783    25031
     192 3    24209    25197    24285
     193 3    24855    25206    24847
     194 3    24571    25031    25091
     195 3    23954    24555    25113
     196 3    24847    25206    25131
     197 3    24855    25091    25206
     198 3    24891    25131    25310
     199 3    24891    25310    25125
     200 3    24085    25333    24555
     201 3    24085    24702    25333
     202 3    24285    25197    25124
     203 3    24783    25400    25031
     204 3    24209    24892    25197
     205 3    25091    25434    25206
     206 3    24159    25435    24702
     207 3    25131    25206    25468
     208 3    25131    25468    25310
     209 3    25091    25031    25478
     210 3    25125    25310    25482
     211 3    25125    25482    25309
     212 3    24783    25124    25500
     213 3    25091    25478    25434
     214 3    24611    25508    24892
     215 3    24783    25500    25400
     216 3    25206    25434    25554
     217 3    25206    25554    25468
     218 3    24321    25561    24611
     219 3    25310    25468    25597
     220 3    25310    25597    25482
     221 3    25309    25482    25616
     222 3    25031    25619    25478
     223 3    25031    25400    25619
     224 3    25434    25478    25650
     225 3    25434    25650    25554
     226 3    25468    25554    25701
     227 3    24321    25113    25561
     228 3    25468    25701    25597
     229 3    25478    25734    25650
     230 3    25482    25597    25738
     231 3    25124    25741    25500
     232 3    25482    25738    25616
     233 3    25478    25619    25734
     234 3    25124    25197    25741
     235 3    24611    25561    25508
     236 3    24555    25772    25113
     237 3    25400    25500    25789
     238 3    25400    25789    25619
     239 3    24892    25820    25197
     240 3    24555    25333    25772
     241 3    25554    25650    25832
     242 3    25554    25832    25701
     243 3    24892    25508    25820
     244 3    25597    25701    25900
     245 3    25597    25900    25738
     246 3    24702    25935    25333
     247 3    25616    25738    25943
     248 3    24702    25435    25935
     249 3    25650    25734    25962
     250 3    25650    25962    25832
     251 3    25619    25789    26032
     252 3    25500    26084    25789
     253 3    25701    25832    26105
     254 3    25734    25619    26106
     255 3    25701    26105    25900
     256 3    25500    25741    26084
     257 3    25619    26032    26106
     258 3    25738    25900    26172
     259 3    25738    26172    25943
     260 3    25734    26106    25962
     261 3    25197    26232    25741
     262 3    25832    25962    26304
     263 3    25832    26304    26105
     264 3    25197    25820    26232
     265 3    25900    26105    26379
     266 3    25789    26394    26032
     267 3    25900    26379    26172
     268 3    26032    26409    26106
     269 3    25962    26106    26474
     270 3    25789    26084    26394
     271 3    25962    26474    26304
     272 3    25113    26516    25561
     273 3    26032    26394    26409
     274 3    26105    26304    26537
     275 3    25741    26540    26084
     276 3    25113    25772    26516
     277 3    26105    26537    26379
     278 3    26106    26409    26586
     279 3    26106    26586    26474
     280 3    25333    26657    25772
     281 3    25741    26232    26540
     282 3    26304    26474    26672
     283 3    25333    25935    26657
     284 3    26304    26672    26537
     285 3    26084    26690    26394
     286 3    26409    26394    26716
     287 3    25508    26721    25820
     288 3    25508    25561    26721
     289 3    26409    26716    26586
     290 3    25435    26751    25935
     291 3    26084    26540    26690
     292 3    26474    26586    26782
     293 3    26394    26792    26716
     294 3    26474    26782    26672
     295 3    26394    26690    26792
     296 3    25561    26516    26855
     297 3    25820    26857    26232
     298 3    26586    26716    26874
     299 3    26586    26874    26782
     300 3    26672    26782    26910
     301 3    25561    26855    26721
     302 3    26716    26792    26921
     303 3    26690    26540    26935
     304 3    26716    26921    26874
     305 3    26540    26232    26967
     306 3    26792    26690    26970
     307 3    26782    26874    26977
     308 3    25820    26721    26857
     309 3    26782    26977    26910
     310 3    25772    27014    26516
     311 3    26792    26970    26921
     312 3    26690    26935    26970
     313 3    25772    26657    27014
     314 3    26874    26921    27041
     315 3    26874    27041    26977
     316 3    26540    26967    26935
     317 3    25935    27074    26657
     318 3    26910    26977    27075
     319 3    25935    26751    27074
     320 3    26232    26857    26967
     321 3    26935    27099    26970
     322 3    26921    26970    27121
     323 3    26921    27121    27041
     324 3    26977    27041    27142
     325 3    26977    27142    27075
     326 3    26935    27180    27099
     327 3    26970    27184    27121
     328 3    26970    27099    27184
     329 3    26935    26967    27180
     330 3    27041    27121    27216
     331 3    26721    27218    26857
     332 3    27041    27216    27142
     333 3    26855    27236    26721
     334 3    27075    27142    27241
     335 3    26857    27270    26967
     336 3    27099    27271    27184
     337 3    26516    27276    26855
     338 3    27099    27180    27271
     339 3    27121    27184    27285
     340 3    27121    27285    27216
     341 3    27142    27216    27306
     342 3    27142    27306    27241
     343 3    27180    27333    27271
     344 3    26967    27338    27180
     345 3    26516    27014    27276
     346 3    27184    27271    27363
     347 3    27184    27363    27285
     348 3    26657    27074    27368
     349 3    26657    27368    27014
     350 3    26721    27236    27218
     351 3    27216    27285    27384
     352 3    27216    27384    27306
     353 3    26857    27218    27270
     354 3    27180    27338    27333
     355 3    27241    27306    27410
     356 3    26751    27411    27074
     357 3    26967    27270    27338
     358 3    27271    27333    27444
     359 3    27271    27444    27363
     360 3    27285    27363    27464
     361 3    27285    27464    27384
     362 3    27306    27384    27497
     363 3    27306    27497    27410
     364 3    26855    27276    27236
     365 3    27333    27552    27444
     366 3    27333    27338    27552
     367 3    27363    27444    27559
     368 3    27363    27559    27464
     369 3    27384    27464    27575
     370 3    27384    27575    27497
     371 3    27410    27497    27598
     372 3    27338    27604    27552
     373 3    27444    27552    27630
     374 3    27444    27630    27559
     375 3    27218    27644    27270
     376 3    27464    27559    27654
     377 3    27464    27654    27575
     378 3    27270    27668    27338
     379 3    27497    27575    27683
     380 3    27497    27683    27598
     381 3    27218    27236    27694
     382 3    27014    27368    27697
     383 3    27338    27668    27604
     384 3    27552    27604    27717
     385 3    27552    27717    27630
     386 3    27559    27630    27734
     387 3    27014    27697    27276
     388 3    27074    27411    27740
     389 3    27559    27734    27654
     390 3    27074    27740    27368
     391 3    27575    27654    27761
     392 3    27575    27761    27683
     393 3    27598    27683    27786
     394 3    27270    27644    27668
     395 3    27236    27276    27811
     396 3    27630    27717    27819
     397 3    27630    27819    27734
     398 3    27604    27827    27717
     399 3    27218    27694    27644
     400 3    27654    27734    27837
     401 3    27654    27837    27761
     402 3    27604    27668    27827
     403 3    27683    27761    27867
     404 3    27683    27867    27786
     405 3    27717    27907    27819
     406 3    27717    27827    27907
     407 3    27734    27819    27915
     408 3    27236    27811    27694
     409 3    27734    27915    27837
     410 3    27761    27837    27941
     411 3    27761    27941    27867
     412 3    27786    27867    27960
     413 3    27827    27668    27978
     414 3    27827    27981    27907
     415 3    27819    27907    27997
     416 3    27819    27997    27915
     417 3    27644    28012    27668
     418 3    27837    27915    28016
     419 3    27837    28016    27941
     420 3    27276    27697    28037
     421 3    27827    27978    27981
     422 3    27867    27941    28047
     423 3    27867    28047    27960
     424 3    27368    27740    28058
     425 3    27368    28058    27697
     426 3    27907    27981    28083
     427 3    27644    27694    28095
     428 3    27276    28037    27811
     429 3    27668    28012    27978
     430 3    27907    28083    27997
     431 3    27915    27997    28108
     432 3    27915    28108    28016
     433 3    27411    28127    27740
     434 3    27941    28016    28136
     435 3    27941    28136    28047
     436 3    27981    27978    28170
     437 3    27997    28083    28189
     438 3    27981    28170    28083
     439 3    27644    28095    28012
     440 3    27997    28189    28108
     441 3    28016    28108    28212
     442 3    27694    27811    28224
     443 3    28016    28212    28136
     444 3    28047    28136    28238
     445 3    28083    28170    28270
     446 3    28083    28270    28189
     447 3    28108    28189    28288
     448 3    28108    28288    28212
     449 3    27694    28224    28095
     450 3    28136    28212    28308
     451 3    27978    28012    28317
     452 3    28136    28308    28238
     453 3    27978    28317    28170
     454 3    28170    28342    28270
     455 3    28189    28270    28354
     456 3    27697    28058    28364
     457 3    28189    28354    28288
     458 3    28212    28288    28371
     459 3    28170    28317    28342
     460 3    27697    28364    28037
     461 3    28212    28371    28308
     462 3    27811    28037    28390
     463 3    28238    28308    28391
     464 3    28012    28095    28395
     465 3    27740    28127    28401
     466 3    27740    28401    28058
     467 3    28270    28342    28407
     468 3    28270    28407    28354
     469 3    28288    28354    28443
     470 3    27811    28390    28224
     471 3    28288    28443    28371
     472 3    28308    28371    28464
     473 3    28012    28395    28317
     474 3    28308    28464    28391
     475 3    28342    28317    28498
     476 3    28354    28407    28514
     477 3    28095    28224    28520
     478 3    28354    28514    28443
     479 3    28342    28498    28407
     480 3    28371    28443    28536
     481 3    28371    28536    28464
     482 3    28391    28464    28550
     483 3    28095    28520    28395
     484 3    28407    28498    28577
     485 3    28407    28577    28514
     486 3    28443    28514    28587
     487 3    28443    28587    28536
     488 3    28464    28536    28602
     489 3    28464    28602    28550
     490 3    28037    28364    28608
     491 3    28037    28608    28390
     492 3    28498    28627    28577
     493 3    28317    28630    28498
     494 3    28058    28401    28631
     495 3    28317    28395    28630
     496 3    28514    28577    28632
     497 3    28224    28390    28635
     498 3    28058    28631    28364
     499 3    28514    28632    28587
     500 3    28536    28587    28646
     501 3    28536    28646    28602
     502 3    28224    28635    28520
     503 3    28498    28630    28627
     504 3    28577    28627    28678
     505 3    28577    28678    28632
     506 3    28587    28632    28688
     507 3    28395    28520    28690
     508 3    28587    28688    28646
     509 3    28632    28678    28744
     510 3    28395    28690    28630
     511 3    28627    28630    28746
     512 3    28627    28746    28678
     513 3    28632    28744    28688
     514 3    28390    28608    28772
     515 3    28390    28772    28635
     516 3    28520    28635    28790
     517 3    28630    28793    28746
     518 3    28678    28746    28794
     519 3    28678    28794    28744
     520 3    28520    28790    28690
     521 3    28630    28690    28827
     522 3    28630    28827    28793
     523 3    28746    28793    28841
     524 3    28746    28841    28794
     525 3    28635    28772    28895
     526 3    28690    28790    28896
     527 3    28635    28895    28790
     528 3    28690    28896    28827
     529 3    28790    28895    29001
     530 3    28790    29001    28896
 0                                                                              
 0                                                                              
 0                                                                              
 0                                                                              
