FileFmt      1050624           0           0
NELG           58641         560         530
       -6453
       -6515
       -6864
       -6927
       -6990
       -7046
       -7345
       -7404
        7454
        7507
       -7597
       -7670
       -7932
       -7975
        8008
        8056
        8110
        8170
       -8275
       -8664
       -8735
        8746
        8806
        8831
        8898
        8977
       -9051
       -9925
      -10029
       10031
       10109
       10117
       10184
       10232
       10336
      -10600
      -10776
      -13482
       13808
       13845
      -13852
       13881
       13974
       14021
       14075
       14126
       14408
      -15366
       25574
       25611
       26057
       26216
       26259
      -26451
       26880
       26940
      -27062
       27073
       27629
       36385
       36407
       36833
      -36889
       37050
      -37489
       37771
       37896
       38370
      -38416
       38449
       38668
       40081
       40100
       40153
       40214
      -40260
      -40337
       40351
       40391
       40499
       40520
       40585
       40597
      -40627
       40942
       40967
       40994
       41005
       41185
      -41221
      -41229
       41280
       41500
       41576
       41699
       41712
      -41770
       41776
       41793
       41805
       41948
       41966
      -41972
       41984
      -42062
       42094
      -42375
       42387
       42526
      -42542
      -42552
       42651
       42662
       42696
       42706
       42757
       42767
       42782
       42818
       42858
       42865
      -42917
      -42925
       43003
      -43010
       43050
       43082
       43127
       43235
       43319
       43321
      -43325
       43336
       43352
       43416
       43422
       43441
       43458
       43467
      -43537
       43585
       43612
       43613
      -43705
      -43713
       43749
       43801
       43832
       43844
       43890
       43922
       43939
       43952
       43959
       43982
       44023
       44025
       44159
       44207
       44215
       44295
       44383
       44418
       44445
       44452
       44463
       44464
       44472
       44521
       44522
       44698
      -44728
       44789
       44849
       44905
       44974
       44988
       45032
       45056
       45057
       45096
       45163
       45209
       45305
       45378
       45414
       45460
       45484
       45494
       45507
       45538
       45623
       45636
       45656
       45669
       45751
       45821
       45834
       45847
       45882
       45939
       45959
       46012
       46059
       46078
      -46080
       46154
       46169
       46172
       46180
       46197
       46208
       46210
       46225
       46259
       46312
       46326
       46330
       46389
       46407
       46426
       46438
       46441
       46488
       46514
       46572
       46599
       46601
       46640
       46650
       46654
       46669
       46680
       46700
       46710
       46717
       46741
       46778
       46793
       46806
       46810
       46848
       46903
       46934
       46965
       47003
       47018
      -47025
       47045
       47147
       47160
       47264
       47299
       47303
       47340
       47392
       47404
       47423
       47465
       47507
       47538
       47672
       47723
       47805
       47816
       47843
       47853
       47868
       48000
       48011
       48025
       48085
       48097
       48126
       48130
       48149
       48160
       48211
       48243
       48357
       48362
       48377
       48389
       48406
       48413
       48466
       48473
       48498
       48505
      -48533
       48585
       48600
       48619
       48629
       48653
       48737
       48743
       48773
       48794
       48845
       48850
       48871
       48892
       48911
       48956
       48963
       48974
       48981
       48989
       49046
       49056
       49078
       49079
       49093
       49113
       49133
       49158
       49160
      -49161
       49163
       49203
       49243
       49249
       49291
       49309
       49361
       49368
       49369
       49373
       49434
       49441
       49442
       49473
       49482
       49537
       49538
       49550
       49557
       49566
       49573
       49609
       49617
       49654
       49663
       49697
       49705
       49709
       49714
       49725
       49733
       49749
       49761
       49774
       49786
       49795
      -49799
       49830
       49850
       49864
       49897
       49907
       49947
       49960
       49997
       50038
       50039
       50059
       50065
       50095
       50105
       50134
       50145
       50190
       50197
       50218
       50227
       50238
       50244
       50274
       50288
       50297
       50301
       50318
       50339
       50346
       50368
       50369
      -50379
       50385
       50386
       50417
       50431
       50460
       50501
       50502
       50519
       50529
       50535
       50541
       50552
       50570
       50577
       50604
       50618
       50681
       50687
       50695
       50711
       50715
       50748
       50754
       50780
       50808
       50813
       50835
       50850
       50863
       50876
       50895
       50907
       50909
       50924
       50943
       50946
       50975
       50983
       51008
       51011
       51016
       51019
       51035
       51059
      -51073
       51087
       51105
       51147
       51180
       51196
       51202
       51203
       51221
       51242
       51243
       51272
       51327
       51352
       51363
       51383
       51393
       51398
       51416
       51419
       51434
       51462
       51485
      -51501
       51507
       51516
       51518
      -51531
       51532
       51552
       51553
       51561
      -51571
      -51579
       51583
       51620
       51628
       51639
       51651
       51669
       51686
       51691
       51738
       51761
       51770
       51789
       51792
       51803
       51829
       51841
       51883
       51892
       51905
       51909
       51922
      -51937
      -51944
      -51949
      -51981
       51989
       51992
      -51993
       51994
       51995
       52000
      -52002
       52012
      -52017
      -52029
       52048
       52054
       52083
       52099
      -52103
       52106
      -52116
      -52199
       52201
       52205
       52208
      -52210
      -52255
      -52278
       52286
      -52291
      -52293
      -52296
       52326
      -52351
      -52368
      -52383
      -52384
      -52482
      -52484
      -52494
      -52513
      -52680
      -52684
NNODG          32218         319         300
       -3069
       -3180
       -3234
       -3308
        3356
       -3434
       -3523
        3565
        3630
       -3720
       -3772
        3814
        3866
        3939
       -4072
        4111
        4149
        4199
       -4281
       -4435
        4481
        4523
        4568
        4641
       -4775
       -5050
        5132
        5194
        5232
        5294
        5501
        7049
        7226
        7246
        7263
        7406
       -8083
       13860
       14144
       14231
      -14300
       14631
       14665
      -14714
       19896
       20162
       20192
       20672
       20998
       21022
      -21675
       21942
       21987
       22045
       22100
       22190
       22247
      -22250
      -22270
      -22428
       22477
       22494
       22631
       22653
      -22657
       22827
       22951
       22998
       23002
       23113
       23130
       23137
      -23361
       23381
       23390
       23541
       23548
       23574
       23616
       23657
      -23687
       23699
      -23716
       23748
       23777
       23886
       23936
       23938
       23940
       23954
       23993
      -24001
       24085
      -24159
      -24184
       24209
       24230
       24238
       24285
       24301
       24321
      -24405
       24449
       24492
       24538
       24555
       24571
       24611
       24702
      -24752
       24783
       24847
       24855
       24891
       24892
       25031
       25091
       25113
       25124
      -25125
       25131
       25197
       25206
      -25309
       25310
       25333
       25400
       25434
      -25435
       25468
       25478
       25482
       25500
       25508
       25554
       25561
       25597
      -25616
       25619
       25650
       25701
       25734
       25738
       25741
       25772
       25789
       25820
       25832
       25900
       25935
      -25943
       25962
       26032
       26084
       26105
       26106
      -26172
       26232
       26304
      -26379
       26394
       26409
       26474
       26516
      -26537
       26540
       26586
       26657
      -26672
       26690
       26716
       26721
      -26751
       26782
       26792
       26855
       26857
       26874
      -26910
       26921
       26935
       26967
       26970
       26977
       27014
       27041
       27074
      -27075
       27099
       27121
       27142
       27180
       27184
       27216
       27218
       27236
      -27241
       27270
       27271
       27276
       27285
       27306
       27333
       27338
       27363
       27368
       27384
      -27410
      -27411
       27444
       27464
       27497
       27552
       27559
       27575
      -27598
       27604
       27630
       27644
       27654
       27668
       27683
       27694
       27697
       27717
       27734
       27740
       27761
      -27786
       27811
       27819
       27827
       27837
       27867
       27907
       27915
       27941
      -27960
       27978
       27981
       27997
       28012
       28016
       28037
      -28047
       28058
       28083
       28095
       28108
      -28127
       28136
       28170
       28189
       28212
       28224
      -28238
       28270
       28288
       28308
       28317
       28342
       28354
      -28364
       28371
       28390
      -28391
       28395
      -28401
       28407
       28443
       28464
       28498
       28514
       28520
       28536
      -28550
       28577
       28587
      -28602
      -28608
       28627
       28630
      -28631
       28632
       28635
      -28646
       28678
      -28688
       28690
      -28744
       28746
      -28772
       28790
      -28793
      -28794
      -28827
      -28841
      -28895
      -28896
      -29001
NFLUXF             0
NETA             128          29           0
NSTAE              0           0           0
NSTAV              0           0           0
NSTAM              0           0           0
NSTAC              0           0           0
RES NODE          26         232
                   5           8           9          12          13          14
                  16          17          18          21          22          23
                  24          27          28          29          30          31
                  32          33          34          35          36          38
                  39          40          42          43          45          46
                  47          48          49          50          52          53
                  54          55          56          57          61          62
                  63          64          66          67          68          69
                  70          71          72          74          75          76
                  77          78          79          80          82          84
                  85          86          87          88          89          90
                  91          93          96          97          98          99
                 100         101         103         104         105         106
                 107         108         109         111         112         113
                 114         115         116         117         118         119
                 121         122         123         125         126         127
                 128         130         131         132         133         134
                 135         136         137         139         140         141
                 142         143         144         145         146         147
                 148         149         150         152         153         154
                 155         156         158         159         161         162
                 163         164         166         167         168         170
                 171         172         174         175         176         177
                 178         180         181         182         183         184
                 185         186         187         189         190         191
                 192         193         194         195         196         198
                 199         200         201         202         203         204
                 205         206         207         210         211         212
                 213         214         215         217         218         219
                 220         221         222         223         224         225
                 226         227         228         230         231         232
                 233         234         235         236         237         239
                 240         241         242         243         244         246
                 247         248         249         251         252         253
                 254         255         257         258         259         260
                 261         262         264         265         267         269
                 270         271         272         273         274         275
                 277         278         281         282         284         285
                 287         289         291         293
COMM PE            7
RECV PE            8          11
                   3           6          10          19          25          37
                  44          51          59          60          65
RECV PE           15           2
                  73          83
RECV PE           23          15
                 263         279         280         283         286         288
                 290         292         294         295         296         297
                 298         299         300
RECV PE           24           9
                  41          58          81          94         129         173
                 209         250         268
RECV PE           25           8
                   1           2           4           7          11          15
                  20          26
RECV PE           27          16
                 151         157         160         165         169         179
                 188         197         208         216         229         238
                 245         256         266         276
RECV PE           31           7
                  92          95         102         110         120         124
                 138
SEND PE            8          11
                   5           9          14          24          31          39
                  47          54          64          71          74
SEND PE           15           3
                  74          82          89
SEND PE           23          14
                 224         244         246         265         271         275
                 278         282         284         285         287         289
                 291         293
SEND PE           24           9
                  32          50          68          80         109         150
                 187         227         246
SEND PE           25           7
                   5           8          12          16          21          27
                  32
SEND PE           27          16
                 143         149         155         159         163         174
                 184         191         202         212         222         234
                 237         251         259         271
SEND PE           31           7
                  89          98         105         114         125         132
                 143
