Nodal attrs for bi_1997_v2.grd - 10/24/2013                                     
         300
           1
primitive_weighting_in_continuity_equation                                      
1                                                                               
           1
  0.300000000E-01
primitive_weighting_in_continuity_equation                                      
         300
      3069    0.50000000E-02
      3180    0.50000000E-02
      3234    0.50000000E-02
      3308    0.50000000E-02
      3356    0.50000000E-02
      3434    0.50000000E-02
      3523    0.50000000E-02
      3565    0.50000000E-02
      3630    0.50000000E-02
      3720    0.50000000E-02
      3772    0.50000000E-02
      3814    0.50000000E-02
      3866    0.50000000E-02
      3939    0.50000000E-02
      4072    0.50000000E-02
      4111    0.50000000E-02
      4149    0.50000000E-02
      4199    0.50000000E-02
      4281    0.50000000E-02
      4435    0.50000000E-02
      4481    0.50000000E-02
      4523    0.50000000E-02
      4568    0.50000000E-02
      4641    0.50000000E-02
      4775    0.50000000E-02
      5050    0.50000000E-02
      5132    0.50000000E-02
      5194    0.50000000E-02
      5232    0.50000000E-02
      5294    0.50000000E-02
      5501    0.50000000E-02
      7049    0.50000000E-02
      7226    0.50000000E-02
      7246    0.50000000E-02
      7263    0.50000000E-02
      7406    0.50000000E-02
      8083    0.50000000E-02
     13860    0.50000000E-02
     14144    0.50000000E-02
     14231    0.50000000E-02
     14300    0.50000000E-02
     14631    0.50000000E-02
     14665    0.50000000E-02
     14714    0.50000000E-02
     19896    0.50000000E-02
     20162    0.50000000E-02
     20192    0.50000000E-02
     20672    0.50000000E-02
     20998    0.50000000E-02
     21022    0.50000000E-02
     21675    0.50000000E-02
     21942    0.50000000E-02
     21987    0.50000000E-02
     22045    0.50000000E-02
     22100    0.50000000E-02
     22190    0.50000000E-02
     22247    0.50000000E-02
     22250    0.50000000E-02
     22270    0.50000000E-02
     22428    0.50000000E-02
     22477    0.50000000E-02
     22494    0.50000000E-02
     22631    0.50000000E-02
     22653    0.50000000E-02
     22657    0.50000000E-02
     22827    0.50000000E-02
     22951    0.50000000E-02
     22998    0.50000000E-02
     23002    0.50000000E-02
     23113    0.50000000E-02
     23130    0.50000000E-02
     23137    0.50000000E-02
     23361    0.50000000E-02
     23381    0.50000000E-02
     23390    0.50000000E-02
     23541    0.50000000E-02
     23548    0.50000000E-02
     23574    0.50000000E-02
     23616    0.50000000E-02
     23657    0.50000000E-02
     23687    0.50000000E-02
     23699    0.50000000E-02
     23716    0.50000000E-02
     23748    0.50000000E-02
     23777    0.50000000E-02
     23886    0.50000000E-02
     23936    0.50000000E-02
     23938    0.50000000E-02
     23940    0.50000000E-02
     23954    0.50000000E-02
     23993    0.50000000E-02
     24001    0.50000000E-02
     24085    0.50000000E-02
     24159    0.50000000E-02
     24184    0.50000000E-02
     24209    0.50000000E-02
     24230    0.50000000E-02
     24238    0.50000000E-02
     24285    0.50000000E-02
     24301    0.50000000E-02
     24321    0.50000000E-02
     24405    0.50000000E-02
     24449    0.50000000E-02
     24492    0.50000000E-02
     24538    0.50000000E-02
     24555    0.50000000E-02
     24571    0.50000000E-02
     24611    0.50000000E-02
     24702    0.50000000E-02
     24752    0.50000000E-02
     24783    0.50000000E-02
     24847    0.50000000E-02
     24855    0.50000000E-02
     24891    0.50000000E-02
     24892    0.50000000E-02
     25031    0.50000000E-02
     25091    0.50000000E-02
     25113    0.50000000E-02
     25124    0.50000000E-02
     25125    0.50000000E-02
     25131    0.50000000E-02
     25197    0.50000000E-02
     25206    0.50000000E-02
     25309    0.50000000E-02
     25310    0.50000000E-02
     25333    0.50000000E-02
     25400    0.50000000E-02
     25434    0.50000000E-02
     25435    0.50000000E-02
     25468    0.50000000E-02
     25478    0.50000000E-02
     25482    0.50000000E-02
     25500    0.50000000E-02
     25508    0.50000000E-02
     25554    0.50000000E-02
     25561    0.50000000E-02
     25597    0.50000000E-02
     25616    0.50000000E-02
     25619    0.50000000E-02
     25650    0.50000000E-02
     25701    0.50000000E-02
     25734    0.50000000E-02
     25738    0.50000000E-02
     25741    0.50000000E-02
     25772    0.50000000E-02
     25789    0.50000000E-02
     25820    0.50000000E-02
     25832    0.50000000E-02
     25900    0.50000000E-02
     25935    0.50000000E-02
     25943    0.50000000E-02
     25962    0.50000000E-02
     26032    0.50000000E-02
     26084    0.50000000E-02
     26105    0.50000000E-02
     26106    0.50000000E-02
     26172    0.50000000E-02
     26232    0.50000000E-02
     26304    0.50000000E-02
     26379    0.50000000E-02
     26394    0.50000000E-02
     26409    0.50000000E-02
     26474    0.50000000E-02
     26516    0.50000000E-02
     26537    0.50000000E-02
     26540    0.50000000E-02
     26586    0.50000000E-02
     26657    0.50000000E-02
     26672    0.50000000E-02
     26690    0.50000000E-02
     26716    0.50000000E-02
     26721    0.50000000E-02
     26751    0.50000000E-02
     26782    0.50000000E-02
     26792    0.50000000E-02
     26855    0.50000000E-02
     26857    0.50000000E-02
     26874    0.50000000E-02
     26910    0.50000000E-02
     26921    0.50000000E-02
     26935    0.50000000E-02
     26967    0.50000000E-02
     26970    0.50000000E-02
     26977    0.50000000E-02
     27014    0.50000000E-02
     27041    0.50000000E-02
     27074    0.50000000E-02
     27075    0.50000000E-02
     27099    0.50000000E-02
     27121    0.50000000E-02
     27142    0.50000000E-02
     27180    0.50000000E-02
     27184    0.50000000E-02
     27216    0.50000000E-02
     27218    0.50000000E-02
     27236    0.50000000E-02
     27241    0.50000000E-02
     27270    0.50000000E-02
     27271    0.50000000E-02
     27276    0.50000000E-02
     27285    0.50000000E-02
     27306    0.50000000E-02
     27333    0.50000000E-02
     27338    0.50000000E-02
     27363    0.50000000E-02
     27368    0.50000000E-02
     27384    0.50000000E-02
     27410    0.50000000E-02
     27411    0.50000000E-02
     27444    0.50000000E-02
     27464    0.50000000E-02
     27497    0.50000000E-02
     27552    0.50000000E-02
     27559    0.50000000E-02
     27575    0.50000000E-02
     27598    0.50000000E-02
     27604    0.50000000E-02
     27630    0.50000000E-02
     27644    0.50000000E-02
     27654    0.50000000E-02
     27668    0.50000000E-02
     27683    0.50000000E-02
     27694    0.50000000E-02
     27697    0.50000000E-02
     27717    0.50000000E-02
     27734    0.50000000E-02
     27740    0.50000000E-02
     27761    0.50000000E-02
     27786    0.50000000E-02
     27811    0.50000000E-02
     27819    0.50000000E-02
     27827    0.50000000E-02
     27837    0.50000000E-02
     27867    0.50000000E-02
     27907    0.50000000E-02
     27915    0.50000000E-02
     27941    0.50000000E-02
     27960    0.50000000E-02
     27978    0.50000000E-02
     27981    0.50000000E-02
     27997    0.50000000E-02
     28012    0.50000000E-02
     28016    0.50000000E-02
     28037    0.50000000E-02
     28047    0.50000000E-02
     28058    0.50000000E-02
     28083    0.50000000E-02
     28095    0.50000000E-02
     28108    0.50000000E-02
     28127    0.50000000E-02
     28136    0.50000000E-02
     28170    0.50000000E-02
     28189    0.50000000E-02
     28212    0.50000000E-02
     28224    0.50000000E-02
     28238    0.50000000E-02
     28270    0.50000000E-02
     28288    0.50000000E-02
     28308    0.50000000E-02
     28317    0.50000000E-02
     28342    0.50000000E-02
     28354    0.50000000E-02
     28364    0.50000000E-02
     28371    0.50000000E-02
     28390    0.50000000E-02
     28391    0.50000000E-02
     28395    0.50000000E-02
     28401    0.50000000E-02
     28407    0.50000000E-02
     28443    0.50000000E-02
     28464    0.50000000E-02
     28498    0.50000000E-02
     28514    0.50000000E-02
     28520    0.50000000E-02
     28536    0.50000000E-02
     28550    0.50000000E-02
     28577    0.50000000E-02
     28587    0.50000000E-02
     28602    0.50000000E-02
     28608    0.50000000E-02
     28627    0.50000000E-02
     28630    0.50000000E-02
     28631    0.50000000E-02
     28632    0.50000000E-02
     28635    0.50000000E-02
     28646    0.50000000E-02
     28678    0.50000000E-02
     28688    0.50000000E-02
     28690    0.50000000E-02
     28744    0.50000000E-02
     28746    0.50000000E-02
     28772    0.50000000E-02
     28790    0.50000000E-02
     28793    0.50000000E-02
     28794    0.50000000E-02
     28827    0.50000000E-02
     28841    0.50000000E-02
     28895    0.50000000E-02
     28896    0.50000000E-02
     29001    0.50000000E-02
