FileFmt      1050624           0           0
NELG           58641         560         516
      -15390
      -15398
      -15519
      -15522
       15556
       15564
      -15634
      -15639
       15675
       15688
       15715
       15734
      -15769
      -15771
       15808
       15813
       15845
       15855
      -15900
      -15901
       15924
       15940
       15942
       15943
       15975
       15983
      -16038
       16045
       16056
       16058
       16064
       16102
       16110
       16115
       16139
       16166
       16181
      -16194
       16198
       16223
       16227
       16231
       16252
       16293
       16307
      -16334
       16341
       16358
       16365
       16372
       16374
       16385
       16444
       16467
       16505
       16555
       16559
      -16584
       16596
       16603
       16694
       16726
       16749
       16760
       16796
       16818
       16826
       16853
      -16882
       16948
       16967
       16968
       16977
       17030
       17040
       17069
       17093
       17171
      -17205
       17206
       17221
       17247
       17257
       17259
       17316
       17328
       17339
       17410
       17455
       17457
       17462
      -17484
       17487
       17523
       17559
       17580
       17613
       17630
       17661
       17682
       17708
       17713
       17775
      -17801
       17827
       17831
       17833
       17857
       17884
       17904
       17920
       17943
       17947
       18025
       18032
      -18055
       18064
      -18080
       18105
       18110
       18122
       18157
       18186
       18200
       18237
       18280
       18285
       18290
      -18309
       18319
       18324
       18356
       18384
       18400
       18403
       18428
       18443
       18453
       18473
       18497
       18506
       18520
       18545
       18577
      -18601
       18609
       18616
       18621
       18654
       18655
       18657
       18684
       18694
       18718
       18774
       18776
       18799
      -18815
       18822
       18824
       18838
       18843
       18871
       18889
       18904
       18914
       18928
       18949
       18962
       18982
       18987
       19009
       19027
       19028
       19036
      -19087
       19102
       19119
       19123
       19127
       19130
       19165
       19178
       19188
       19213
       19215
       19225
       19291
      -19306
       19314
       19324
       19336
       19338
       19349
       19384
       19395
       19404
       19406
       19414
       19458
       19478
       19494
       19496
       19505
       19525
       19536
       19548
      -19575
       19581
       19596
       19620
       19622
       19628
       19632
       19669
       19675
       19678
       19689
       19696
       19697
       19700
      -19765
      -19781
       19788
       19789
       19790
       19796
       19819
       19838
       19845
       19858
       19870
       19873
       19950
       19963
      -19969
       19972
       19992
       20007
       20008
       20010
       20018
       20026
       20040
       20056
       20058
       20096
       20108
       20122
       20124
       20125
       20132
       20144
       20166
       20200
       20219
       20237
       20238
       20261
       20267
       20282
       20306
       20307
       20311
       20313
       20317
       20343
       20402
       20410
       20413
       20424
       20437
       20463
       20465
       20468
       20485
       20497
       20502
       20558
       20561
       20565
       20569
       20585
       20593
       20596
       20605
       20614
       20622
       20651
       20673
       20705
       20721
       20724
       20730
       20731
       20734
       20753
       20755
       20760
       20788
       20822
       20840
       20843
       20869
       20875
       20877
       20886
       20887
       20900
       20951
       20969
       20977
       21001
       21005
       21009
       21025
       21032
       21049
       21052
       21082
       21112
       21113
       21114
       21124
       21139
       21167
       21179
       21201
       21228
       21230
       21250
       21258
       21271
       21282
       21347
       21365
       21385
       21386
       21387
       21409
       21411
       21413
       21427
       21459
       21484
       21487
       21499
       21518
       21519
       21553
       21560
       21580
       21583
       21616
       21617
       21630
       21631
       21633
       21682
       21692
       21709
       21722
       21723
       21733
       21744
       21776
       21784
       21796
       21807
       21814
       21828
       21841
       21863
       21889
       21891
       21904
       21916
       21918
       21927
       21937
       21990
       21999
       22003
       22023
       22026
       22038
       22043
       22055
       22091
       22093
       22107
       22125
       22128
       22137
       22165
       22185
       22187
       22194
       22216
       22223
       22226
       22238
       22295
       22296
       22307
       22313
       22328
       22333
       22338
       22352
       22380
       22383
       22394
       22403
       22413
       22416
       22450
       22464
       22474
       22480
       22496
       22507
       22510
       22516
       22567
       22570
       22572
       22579
       22612
       22613
       22616
       22626
       22662
       22667
       22669
       22684
       22692
       22695
       22731
       22756
       22759
       22771
       22782
       22784
       22790
       22838
       22841
       22852
       22869
       22872
       22883
       22887
       22933
       22937
       22947
       22962
       22981
       23009
       23026
       23030
       23034
       23051
       23071
       23090
       23110
       23120
       23121
       23144
       23163
       23187
       23216
       23228
       23229
       23269
       23275
       23301
       23310
       23329
       23331
       23339
       23349
       23368
       23378
       23404
       23413
       23436
       23449
       23455
       23476
       23477
       23479
       23492
       23521
       23522
       23524
       23558
       23574
       23589
       23613
       23615
       23647
       23653
       23666
       23688
       23705
       23707
       23714
       23751
       23755
       23776
       23807
       23829
       23868
       23881
       23917
       23969
NNODG          32218         319         292
       -7940
       -8015
       -8030
       -8081
        8098
       -8120
       -8153
        8170
        8190
       -8217
       -8221
        8234
        8253
        8279
       -8293
        8313
       -8332
        8336
        8355
        8387
        8397
        8408
        8425
       -8438
       -8460
        8466
        8475
        8504
        8508
        8533
        8547
       -8565
        8567
        8568
        8603
       -8625
        8628
        8641
        8645
        8705
        8743
       -8758
        8782
        8799
        8863
        8888
        8895
        8933
       -8964
        9009
        9021
        9026
       -9068
        9079
        9140
        9163
        9164
        9193
        9225
        9282
        9302
        9305
       -9314
        9363
       -9383
        9401
        9417
        9453
       -9473
        9498
        9515
        9535
        9538
        9590
        9605
        9659
        9672
        9674
        9704
        9725
       -9731
        9775
        9796
        9798
       -9802
        9817
        9850
        9876
        9887
        9892
        9915
        9952
        9960
        9964
        9970
       10015
       10022
      -10027
       10068
      -10079
       10080
       10098
       10111
       10126
       10157
       10167
       10176
       10189
       10200
       10242
       10258
       10265
       10266
       10302
      -10312
       10317
      -10359
       10363
       10378
       10392
       10414
       10417
       10425
       10456
       10469
      -10476
       10481
       10509
       10523
       10544
       10545
       10552
       10554
       10577
       10589
       10623
       10634
       10638
       10656
       10673
      -10721
       10723
       10730
       10735
       10752
       10757
       10769
       10779
       10806
       10816
       10824
       10825
       10877
       10886
       10895
       10898
       10906
       10920
      -10969
       10972
       10978
       10985
       10988
       11015
       11021
       11052
       11056
       11070
       11072
       11102
       11129
       11138
       11140
       11143
       11155
      -11180
       11204
       11206
       11225
       11231
       11265
       11275
       11279
       11306
       11310
       11336
       11352
       11353
       11354
      -11394
       11420
       11422
       11442
       11485
       11496
       11505
       11516
       11518
       11545
       11562
       11564
      -11593
       11615
       11618
       11632
       11639
       11663
       11672
       11682
       11691
       11722
       11729
       11736
      -11762
       11778
       11780
       11788
       11797
       11839
       11846
       11848
       11866
       11897
       11898
       11904
      -11925
       11941
       11943
       11947
       11963
       12002
       12003
       12008
       12026
       12042
       12045
       12056
      -12070
       12090
       12098
       12101
       12110
       12151
       12153
       12157
      -12174
       12199
       12202
       12203
      -12234
       12249
       12250
       12256
       12293
       12295
      -12299
      -12313
       12343
       12345
      -12351
       12396
       12399
       12401
       12441
       12446
      -12447
       12484
       12504
      -12509
      -12518
       12531
       12550
       12558
       12559
       12579
       12594
       12612
       12620
       12633
       12634
      -12640
       12673
      -12684
       12706
      -12724
       12734
       12750
      -12755
      -12792
      -12820
      -12851
      -12895
NFLUXF             0
NETA             128          29           0
NSTAE              0           0           0
NSTAV              0           0           0
NSTAM              0           0           0
NSTAC              0           0           0
RES NODE          34         241
                   5           8           9          12          13          14
                  16          18          19          20          21          22
                  23          26          27          28          29          30
                  31          33          34          35          37          38
                  39          40          41          43          44          45
                  46          47          48          50          51          52
                  54          55          56          57          58          59
                  60          61          62          64          66          67
                  68          70          71          72          73          74
                  75          76          77          78          79          80
                  82          83          84          86          87          88
                  89          90          91          92          93          94
                  95          96          97          99         101         102
                 103         104         105         106         107         108
                 109         110         111         112         113         114
                 116         118         119         120         121         122
                 123         124         125         127         128         129
                 130         131         132         133         134         135
                 136         137         138         139         140         142
                 143         144         145         146         147         148
                 149         150         151         152         153         154
                 155         156         157         158         160         161
                 162         163         164         165         166         167
                 168         169         170         171         172         173
                 174         175         177         178         179         180
                 181         182         183         184         185         186
                 187         188         189         191         192         193
                 194         195         196         197         198         199
                 200         201         203         204         205         206
                 207         208         209         210         211         212
                 213         215         216         217         218         219
                 220         221         222         223         224         225
                 227         228         229         230         231         232
                 233         234         235         236         237         239
                 240         241         242         243         244         245
                 247         248         249         251         252         253
                 254         255         258         259         261         262
                 263         264         265         267         268         271
                 272         273         274         275         276         277
                 278         279         280         282         284         286
                 287
COMM PE            5
RECV PE           32           5
                   1           2           4           7          11
RECV PE           33          10
                  15          25          36          49          63          69
                  85         100         117         126
RECV PE           35          12
                 141         159         176         190         202         214
                 226         238         246         257         266         270
RECV PE           43          12
                   3           6          10          17          24          32
                  42          53          65          81          98         115
RECV PE           45          12
                 250         256         260         269         281         283
                 285         288         289         290         291         292
SEND PE           32           5
                   5           8          12          16          20
SEND PE           33          10
                  20          31          44          56          71          77
                  93         110         129         136
SEND PE           35          14
                 136         153         170         185         197         210
                 222         234         242         253         262         271
                 274         278
SEND PE           43          12
                   5           9          14          21          29          37
                  47          58          70          86         103         122
SEND PE           45          12
                 239         243         248         252         263         273
                 276         280         282         284         286         287
