bi_1997_v2.grd                                                                  
     516     292
    7940 -0.766668300000E+02  0.346647100000E+02  0.537900000000E+01
    8015 -0.766682800000E+02  0.346654700000E+02  0.533700000000E+01
    8030 -0.766654100000E+02  0.346656600000E+02  0.514600000000E+01
    8081 -0.766697100000E+02  0.346662100000E+02  0.586500000000E+01
    8098 -0.766668800000E+02  0.346663900000E+02  0.498100000000E+01
    8120 -0.766640000000E+02  0.346666500000E+02  0.519200000000E+01
    8153 -0.766711100000E+02  0.346669600000E+02  0.120450000000E+02
    8170 -0.766683300000E+02  0.346671200000E+02  0.560500000000E+01
    8190 -0.766654900000E+02  0.346673500000E+02  0.458600000000E+01
    8217 -0.766626000000E+02  0.346676800000E+02  0.484900000000E+01
    8221 -0.766724900000E+02  0.346676900000E+02  0.129820000000E+02
    8234 -0.766697400000E+02  0.346678400000E+02  0.669700000000E+01
    8253 -0.766669500000E+02  0.346680500000E+02  0.582100000000E+01
    8279 -0.766641100000E+02  0.346683500000E+02  0.422200000000E+01
    8293 -0.766738400000E+02  0.346684200000E+02  0.674200000000E+01
    8313 -0.766711300000E+02  0.346685500000E+02  0.130460000000E+02
    8332 -0.766612200000E+02  0.346687400000E+02  0.510700000000E+01
    8336 -0.766683900000E+02  0.346687400000E+02  0.715200000000E+01
    8355 -0.766656000000E+02  0.346690200000E+02  0.538800000000E+01
    8387 -0.766725000000E+02  0.346692500000E+02  0.112710000000E+02
    8397 -0.766627500000E+02  0.346693800000E+02  0.351100000000E+01
    8408 -0.766697900000E+02  0.346694300000E+02  0.801800000000E+01
    8425 -0.766670500000E+02  0.346696800000E+02  0.662200000000E+01
    8438 -0.766598500000E+02  0.346698500000E+02  0.525200000000E+01
    8460 -0.766738400000E+02  0.346699500000E+02  0.626000000000E+01
    8466 -0.766642500000E+02  0.346700200000E+02  0.480100000000E+01
    8475 -0.766711800000E+02  0.346701100000E+02  0.130410000000E+02
    8504 -0.766684700000E+02  0.346703400000E+02  0.735600000000E+01
    8508 -0.766614100000E+02  0.346704500000E+02  0.280600000000E+01
    8533 -0.766657200000E+02  0.346706500000E+02  0.582700000000E+01
    8547 -0.766725400000E+02  0.346707900000E+02  0.890000000000E+01
    8565 -0.766585000000E+02  0.346710000000E+02  0.539300000000E+01
    8567 -0.766698700000E+02  0.346710000000E+02  0.112480000000E+02
    8568 -0.766629300000E+02  0.346710500000E+02  0.389300000000E+01
    8603 -0.766671600000E+02  0.346712800000E+02  0.613100000000E+01
    8625 -0.766738700000E+02  0.346714600000E+02  0.565300000000E+01
    8628 -0.766600800000E+02  0.346715700000E+02  0.333600000000E+01
    8641 -0.766644100000E+02  0.346716500000E+02  0.540300000000E+01
    8645 -0.766712400000E+02  0.346716500000E+02  0.130130000000E+02
    8705 -0.766685700000E+02  0.346719100000E+02  0.709200000000E+01
    8743 -0.766616200000E+02  0.346721300000E+02  0.283300000000E+01
    8758 -0.766571700000E+02  0.346722000000E+02  0.484000000000E+01
    8782 -0.766658700000E+02  0.346722500000E+02  0.589500000000E+01
    8799 -0.766725900000E+02  0.346723000000E+02  0.807100000000E+01
    8863 -0.766699600000E+02  0.346725300000E+02  0.130470000000E+02
    8888 -0.766631200000E+02  0.346726900000E+02  0.433600000000E+01
    8895 -0.766587700000E+02  0.346727300000E+02  0.324800000000E+01
    8933 -0.766672900000E+02  0.346728500000E+02  0.642300000000E+01
    8964 -0.766739200000E+02  0.346729400000E+02  0.546300000000E+01
    9009 -0.766713200000E+02  0.346731600000E+02  0.121110000000E+02
    9021 -0.766603300000E+02  0.346732400000E+02  0.259500000000E+01
    9026 -0.766646000000E+02  0.346732500000E+02  0.560100000000E+01
    9068 -0.766558400000E+02  0.346734600000E+02  0.385300000000E+01
    9079 -0.766686900000E+02  0.346734500000E+02  0.726300000000E+01
    9140 -0.766618600000E+02  0.346737600000E+02  0.329800000000E+01
    9163 -0.766726600000E+02  0.346737900000E+02  0.623300000000E+01
    9164 -0.766660300000E+02  0.346738200000E+02  0.622700000000E+01
    9193 -0.766574700000E+02  0.346739400000E+02  0.231700000000E+01
    9225 -0.766700700000E+02  0.346740500000E+02  0.130320000000E+02
    9282 -0.766633500000E+02  0.346742900000E+02  0.476100000000E+01
    9302 -0.766590700000E+02  0.346744100000E+02  0.222900000000E+01
    9305 -0.766674400000E+02  0.346743900000E+02  0.684900000000E+01
    9314 -0.766739800000E+02  0.346744100000E+02  0.471700000000E+01
    9363 -0.766714200000E+02  0.346746400000E+02  0.931400000000E+01
    9383 -0.766545300000E+02  0.346747800000E+02  0.338300000000E+01
    9401 -0.766647900000E+02  0.346748100000E+02  0.622200000000E+01
    9417 -0.766606100000E+02  0.346748800000E+02  0.277100000000E+01
    9453 -0.766688200000E+02  0.346749500000E+02  0.116680000000E+02
    9473 -0.766752900000E+02  0.346750300000E+02  0.372200000000E+01
    9498 -0.766561800000E+02  0.346752100000E+02  0.218100000000E+01
    9515 -0.766727400000E+02  0.346752500000E+02  0.563600000000E+01
    9535 -0.766621200000E+02  0.346753500000E+02  0.387400000000E+01
    9538 -0.766662100000E+02  0.346753500000E+02  0.692000000000E+01
    9590 -0.766701800000E+02  0.346755300000E+02  0.130150000000E+02
    9605 -0.766578100000E+02  0.346756200000E+02  0.243800000000E+01
    9659 -0.766635700000E+02  0.346758300000E+02  0.521400000000E+01
    9672 -0.766740600000E+02  0.346758500000E+02  0.431300000000E+01
    9674 -0.766675900000E+02  0.346758800000E+02  0.869200000000E+01
    9704 -0.766593900000E+02  0.346760400000E+02  0.296800000000E+01
    9725 -0.766715200000E+02  0.346761100000E+02  0.848300000000E+01
    9731 -0.766532300000E+02  0.346761700000E+02  0.276600000000E+01
    9775 -0.766650000000E+02  0.346763300000E+02  0.675300000000E+01
    9796 -0.766609200000E+02  0.346764600000E+02  0.338200000000E+01
    9798 -0.766689600000E+02  0.346764300000E+02  0.130520000000E+02
    9802 -0.766753500000E+02  0.346764500000E+02  0.364100000000E+01
    9817 -0.766549000000E+02  0.346765600000E+02  0.302300000000E+01
    9850 -0.766728400000E+02  0.346766800000E+02  0.500300000000E+01
    9876 -0.766664000000E+02  0.346768400000E+02  0.743000000000E+01
    9887 -0.766624000000E+02  0.346768900000E+02  0.432200000000E+01
    9892 -0.766565600000E+02  0.346769000000E+02  0.184300000000E+01
    9915 -0.766703100000E+02  0.346769800000E+02  0.129940000000E+02
    9952 -0.766582000000E+02  0.346772500000E+02  0.233100000000E+01
    9960 -0.766741400000E+02  0.346772600000E+02  0.396800000000E+01
    9964 -0.766638200000E+02  0.346773400000E+02  0.568500000000E+01
    9970 -0.766677600000E+02  0.346773600000E+02  0.953700000000E+01
   10015 -0.766716400000E+02  0.346775400000E+02  0.460700000000E+01
   10022 -0.766597700000E+02  0.346776000000E+02  0.221000000000E+01
   10027 -0.766519900000E+02  0.346776300000E+02  0.243700000000E+01
   10068 -0.766652100000E+02  0.346778100000E+02  0.747100000000E+01
   10079 -0.766754200000E+02  0.346778400000E+02  0.320100000000E+01
   10080 -0.766691100000E+02  0.346778800000E+02  0.130520000000E+02
   10098 -0.766612500000E+02  0.346779700000E+02  0.292000000000E+01
   10111 -0.766536200000E+02  0.346780400000E+02  0.235500000000E+01
   10126 -0.766729400000E+02  0.346780900000E+02  0.407300000000E+01
   10157 -0.766552800000E+02  0.346782600000E+02  0.174200000000E+01
   10167 -0.766665800000E+02  0.346783000000E+02  0.817400000000E+01
   10176 -0.766626800000E+02  0.346783700000E+02  0.451200000000E+01
   10189 -0.766704500000E+02  0.346784100000E+02  0.106250000000E+02
   10200 -0.766570000000E+02  0.346785100000E+02  0.223600000000E+01
   10242 -0.766742300000E+02  0.346786500000E+02  0.322800000000E+01
   10258 -0.766586400000E+02  0.346788200000E+02  0.202800000000E+01
   10265 -0.766640600000E+02  0.346788000000E+02  0.702600000000E+01
   10266 -0.766679300000E+02  0.346788000000E+02  0.112470000000E+02
   10302 -0.766717600000E+02  0.346789400000E+02  0.478900000000E+01
   10312 -0.766507500000E+02  0.346790600000E+02  0.673000000000E+00
   10317 -0.766601800000E+02  0.346790900000E+02  0.243200000000E+01
   10359 -0.766755100000E+02  0.346792100000E+02  0.326900000000E+01
   10363 -0.766654300000E+02  0.346792600000E+02  0.879900000000E+01
   10378 -0.766692700000E+02  0.346793000000E+02  0.130520000000E+02
   10392 -0.766616000000E+02  0.346794100000E+02  0.311900000000E+01
   10414 -0.766730600000E+02  0.346794800000E+02  0.379800000000E+01
   10417 -0.766525800000E+02  0.346796100000E+02  0.884000000000E+00
   10425 -0.766558400000E+02  0.346796000000E+02  0.220300000000E+01
   10456 -0.766667700000E+02  0.346797300000E+02  0.104450000000E+02
   10469 -0.766629600000E+02  0.346798000000E+02  0.463500000000E+01
   10476 -0.766767700000E+02  0.346797700000E+02  0.352800000000E+01
   10481 -0.766705900000E+02  0.346798100000E+02  0.334800000000E+01
   10509 -0.766537500000E+02  0.346799700000E+02  0.857000000000E+00
   10523 -0.766743400000E+02  0.346800200000E+02  0.309900000000E+01
   10544 -0.766574900000E+02  0.346802300000E+02  0.177900000000E+01
   10545 -0.766592100000E+02  0.346802500000E+02  0.266200000000E+01
   10552 -0.766681100000E+02  0.346802100000E+02  0.129390000000E+02
   10554 -0.766642900000E+02  0.346802300000E+02  0.699600000000E+01
   10577 -0.766718900000E+02  0.346803200000E+02  0.316600000000E+01
   10589 -0.766606100000E+02  0.346804700000E+02  0.285600000000E+01
   10623 -0.766756000000E+02  0.346805600000E+02  0.331200000000E+01
   10634 -0.766656300000E+02  0.346806800000E+02  0.969200000000E+01
   10638 -0.766694300000E+02  0.346806900000E+02  0.116690000000E+02
   10656 -0.766619200000E+02  0.346807900000E+02  0.299200000000E+01
   10673 -0.766731800000E+02  0.346808400000E+02  0.314900000000E+01
   10721 -0.766768500000E+02  0.346811100000E+02  0.362000000000E+01
   10723 -0.766669500000E+02  0.346811400000E+02  0.114560000000E+02
   10730 -0.766632000000E+02  0.346811900000E+02  0.424400000000E+01
   10735 -0.766707400000E+02  0.346811900000E+02  0.189700000000E+01
   10752 -0.766556800000E+02  0.346810300000E+02  0.735000000000E+00
   10757 -0.766585800000E+02  0.346813700000E+02  0.169000000000E+01
   10769 -0.766744500000E+02  0.346813700000E+02  0.297600000000E+01
   10779 -0.766597700000E+02  0.346815300000E+02  0.194300000000E+01
   10806 -0.766682800000E+02  0.346815900000E+02  0.130480000000E+02
   10816 -0.766644900000E+02  0.346816400000E+02  0.736000000000E+01
   10824 -0.766609800000E+02  0.346817300000E+02  0.206100000000E+01
   10825 -0.766720300000E+02  0.346816800000E+02  0.227400000000E+01
   10877 -0.766757000000E+02  0.346818900000E+02  0.321200000000E+01
   10886 -0.766574700000E+02  0.346820200000E+02  0.695000000000E+00
   10895 -0.766696000000E+02  0.346820600000E+02  0.874700000000E+01
   10898 -0.766658100000E+02  0.346820800000E+02  0.968400000000E+01
   10906 -0.766621600000E+02  0.346821300000E+02  0.255800000000E+01
   10920 -0.766733000000E+02  0.346821800000E+02  0.284300000000E+01
   10969 -0.766769300000E+02  0.346824200000E+02  0.366900000000E+01
   10972 -0.766602200000E+02  0.346825200000E+02  0.133300000000E+01
   10978 -0.766671400000E+02  0.346825200000E+02  0.134810000000E+02
   10985 -0.766709000000E+02  0.346825300000E+02  0.387400000000E+01
   10988 -0.766633800000E+02  0.346825900000E+02  0.414900000000E+01
   11015 -0.766745600000E+02  0.346826900000E+02  0.256600000000E+01
   11021 -0.766589900000E+02  0.346828200000E+02  0.798000000000E+00
   11052 -0.766612000000E+02  0.346829600000E+02  0.175900000000E+01
   11056 -0.766684600000E+02  0.346829500000E+02  0.130210000000E+02
   11070 -0.766721700000E+02  0.346830100000E+02  0.255400000000E+01
   11072 -0.766646600000E+02  0.346830400000E+02  0.663200000000E+01
   11102 -0.766758000000E+02  0.346832000000E+02  0.259500000000E+01
   11129 -0.766697800000E+02  0.346834000000E+02  0.641200000000E+01
   11138 -0.766660000000E+02  0.346834600000E+02  0.100710000000E+02
   11140 -0.766622800000E+02  0.346834900000E+02  0.235000000000E+01
   11143 -0.766734300000E+02  0.346835000000E+02  0.261500000000E+01
   11155 -0.766601900000E+02  0.346835600000E+02  0.665000000000E+00
   11180 -0.766770200000E+02  0.346837200000E+02  0.300900000000E+01
   11204 -0.766710600000E+02  0.346838500000E+02  0.378600000000E+01
   11206 -0.766673400000E+02  0.346838700000E+02  0.129110000000E+02
   11225 -0.766746700000E+02  0.346839900000E+02  0.301900000000E+01
   11231 -0.766634500000E+02  0.346840300000E+02  0.379600000000E+01
   11265 -0.766686700000E+02  0.346842800000E+02  0.127900000000E+02
   11275 -0.766613700000E+02  0.346843600000E+02  0.572000000000E+00
   11279 -0.766723300000E+02  0.346843200000E+02  0.259700000000E+01
   11306 -0.766648100000E+02  0.346844700000E+02  0.645400000000E+01
   11310 -0.766759000000E+02  0.346844900000E+02  0.213000000000E+01
   11336 -0.766699600000E+02  0.346847100000E+02  0.738100000000E+01
   11352 -0.766735700000E+02  0.346847900000E+02  0.176200000000E+01
   11353 -0.766662200000E+02  0.346848100000E+02  0.114620000000E+02
   11354 -0.766621600000E+02  0.346848700000E+02  0.555000000000E+00
   11394 -0.766771200000E+02  0.346849900000E+02  0.253800000000E+01
   11420 -0.766712300000E+02  0.346851500000E+02  0.339500000000E+01
   11422 -0.766675700000E+02  0.346851800000E+02  0.129730000000E+02
   11442 -0.766748000000E+02  0.346852700000E+02  0.232100000000E+01
   11485 -0.766688800000E+02  0.346855700000E+02  0.124510000000E+02
   11496 -0.766724800000E+02  0.346856000000E+02  0.238700000000E+01
   11505 -0.766634200000E+02  0.346857100000E+02  0.718000000000E+00
   11516 -0.766760100000E+02  0.346857600000E+02  0.185400000000E+01
   11518 -0.766651100000E+02  0.346857800000E+02  0.359700000000E+01
   11545 -0.766701500000E+02  0.346859900000E+02  0.809900000000E+01
   11562 -0.766665100000E+02  0.346860800000E+02  0.130020000000E+02
   11564 -0.766737100000E+02  0.346860700000E+02  0.183800000000E+01
   11593 -0.766772100000E+02  0.346862400000E+02  0.264400000000E+01
   11615 -0.766714100000E+02  0.346864200000E+02  0.233600000000E+01
   11618 -0.766678200000E+02  0.346864400000E+02  0.130490000000E+02
   11632 -0.766749300000E+02  0.346865300000E+02  0.221300000000E+01
   11639 -0.766641400000E+02  0.346866600000E+02  0.667000000000E+00
   11663 -0.766691000000E+02  0.346868400000E+02  0.110920000000E+02
   11672 -0.766726400000E+02  0.346868700000E+02  0.177400000000E+01
   11682 -0.766655400000E+02  0.346869700000E+02  0.101900000000E+01
   11691 -0.766761200000E+02  0.346870000000E+02  0.233700000000E+01
   11722 -0.766703500000E+02  0.346872500000E+02  0.688000000000E+01
   11729 -0.766668200000E+02  0.346873100000E+02  0.130220000000E+02
   11736 -0.766738600000E+02  0.346873200000E+02  0.199500000000E+01
   11762 -0.766773100000E+02  0.346874800000E+02  0.259300000000E+01
   11778 -0.766680600000E+02  0.346876800000E+02  0.130440000000E+02
   11780 -0.766715900000E+02  0.346876800000E+02  0.311300000000E+01
   11788 -0.766647600000E+02  0.346878100000E+02  0.103200000000E+01
   11797 -0.766750600000E+02  0.346877700000E+02  0.236500000000E+01
   11839 -0.766693000000E+02  0.346880800000E+02  0.103450000000E+02
   11846 -0.766658900000E+02  0.346881500000E+02  0.486000000000E+01
   11848 -0.766728100000E+02  0.346881200000E+02  0.298900000000E+01
   11866 -0.766762300000E+02  0.346882400000E+02  0.237200000000E+01
   11897 -0.766705500000E+02  0.346885000000E+02  0.286900000000E+01
   11898 -0.766670700000E+02  0.346885100000E+02  0.130520000000E+02
   11904 -0.766740000000E+02  0.346885600000E+02  0.253500000000E+01
   11925 -0.766774000000E+02  0.346887000000E+02  0.266700000000E+01
   11941 -0.766682700000E+02  0.346889100000E+02  0.130340000000E+02
   11943 -0.766717700000E+02  0.346889200000E+02  0.411800000000E+01
   11947 -0.766650900000E+02  0.346890000000E+02  0.832000000000E+00
   11963 -0.766751900000E+02  0.346890000000E+02  0.277200000000E+01
   12002 -0.766660900000E+02  0.346893200000E+02  0.806300000000E+01
   12003 -0.766695100000E+02  0.346893200000E+02  0.101730000000E+02
   12008 -0.766729700000E+02  0.346893500000E+02  0.436600000000E+01
   12026 -0.766763500000E+02  0.346894500000E+02  0.227700000000E+01
   12042 -0.766672400000E+02  0.346897100000E+02  0.130520000000E+02
   12045 -0.766707500000E+02  0.346897300000E+02  0.314200000000E+01
   12056 -0.766741600000E+02  0.346897800000E+02  0.375000000000E+01
   12070 -0.766775000000E+02  0.346899000000E+02  0.280800000000E+01
   12090 -0.766651200000E+02  0.346900500000E+02  0.774000000000E+00
   12098 -0.766684700000E+02  0.346901300000E+02  0.128810000000E+02
   12101 -0.766719700000E+02  0.346901500000E+02  0.265600000000E+01
   12110 -0.766753200000E+02  0.346902100000E+02  0.302100000000E+01
   12151 -0.766661600000E+02  0.346904800000E+02  0.764500000000E+01
   12153 -0.766697300000E+02  0.346905400000E+02  0.107450000000E+02
   12157 -0.766731600000E+02  0.346905600000E+02  0.406200000000E+01
   12174 -0.766764500000E+02  0.346906500000E+02  0.272300000000E+01
   12199 -0.766709700000E+02  0.346909500000E+02  0.641600000000E+01
   12202 -0.766673900000E+02  0.346909400000E+02  0.124370000000E+02
   12203 -0.766743200000E+02  0.346909800000E+02  0.461800000000E+01
   12234 -0.766650000000E+02  0.346910800000E+02  0.880000000000E+00
   12249 -0.766721800000E+02  0.346913600000E+02  0.445300000000E+01
   12250 -0.766686900000E+02  0.346913600000E+02  0.124390000000E+02
   12256 -0.766754500000E+02  0.346914000000E+02  0.421600000000E+01
   12293 -0.766733600000E+02  0.346917600000E+02  0.451000000000E+01
   12295 -0.766699800000E+02  0.346917700000E+02  0.121230000000E+02
   12299 -0.766661200000E+02  0.346917600000E+02  0.657800000000E+01
   12313 -0.766765300000E+02  0.346918500000E+02  0.289600000000E+01
   12343 -0.766744900000E+02  0.346921500000E+02  0.416100000000E+01
   12345 -0.766712100000E+02  0.346921700000E+02  0.850300000000E+01
   12351 -0.766676300000E+02  0.346921900000E+02  0.104090000000E+02
   12396 -0.766724200000E+02  0.346925600000E+02  0.556300000000E+01
   12399 -0.766755500000E+02  0.346925400000E+02  0.491700000000E+01
   12401 -0.766689800000E+02  0.346925900000E+02  0.124410000000E+02
   12441 -0.766735900000E+02  0.346929400000E+02  0.480200000000E+01
   12446 -0.766702500000E+02  0.346929900000E+02  0.124380000000E+02
   12447 -0.766764800000E+02  0.346929600000E+02  0.221400000000E+01
   12484 -0.766747000000E+02  0.346932900000E+02  0.341500000000E+01
   12504 -0.766714900000E+02  0.346933800000E+02  0.104830000000E+02
   12509 -0.766679900000E+02  0.346934300000E+02  0.770200000000E+01
   12518 -0.766770500000E+02  0.346935100000E+02  0.753000000000E+00
   12531 -0.766757000000E+02  0.346936000000E+02  0.207400000000E+01
   12550 -0.766727000000E+02  0.346937500000E+02  0.732800000000E+01
   12558 -0.766693000000E+02  0.346938200000E+02  0.124220000000E+02
   12559 -0.766764300000E+02  0.346938300000E+02  0.954000000000E+00
   12579 -0.766738700000E+02  0.346941000000E+02  0.566600000000E+01
   12594 -0.766705600000E+02  0.346942100000E+02  0.124340000000E+02
   12612 -0.766749900000E+02  0.346944000000E+02  0.306800000000E+01
   12620 -0.766768900000E+02  0.346944800000E+02  0.724000000000E+00
   12633 -0.766760200000E+02  0.346946000000E+02  0.118500000000E+01
   12634 -0.766718100000E+02  0.346945800000E+02  0.117580000000E+02
   12640 -0.766683600000E+02  0.346946600000E+02  0.359800000000E+01
   12673 -0.766730300000E+02  0.346949400000E+02  0.841800000000E+01
   12684 -0.766696400000E+02  0.346950500000E+02  0.124420000000E+02
   12706 -0.766742200000E+02  0.346952600000E+02  0.670000000000E+01
   12724 -0.766709100000E+02  0.346954200000E+02  0.124420000000E+02
   12734 -0.766754200000E+02  0.346955300000E+02  0.242400000000E+01
   12750 -0.766767000000E+02  0.346957300000E+02  0.114500000000E+01
   12755 -0.766721600000E+02  0.346957900000E+02  0.118570000000E+02
   12792 -0.766734000000E+02  0.346961400000E+02  0.107990000000E+02
   12820 -0.766746400000E+02  0.346964600000E+02  0.718900000000E+01
   12851 -0.766759300000E+02  0.346967700000E+02  0.452200000000E+01
   12895 -0.766772700000E+02  0.346971500000E+02  0.367100000000E+01
       1 3     7940     8098     8015
       2 3     7940     8030     8098
       3 3     8015     8170     8081
       4 3     8015     8098     8170
       5 3     8030     8190     8098
       6 3     8030     8120     8190
       7 3     8081     8234     8153
       8 3     8081     8170     8234
       9 3     8098     8253     8170
      10 3     8098     8190     8253
      11 3     8120     8279     8190
      12 3     8120     8217     8279
      13 3     8153     8313     8221
      14 3     8153     8234     8313
      15 3     8170     8336     8234
      16 3     8170     8253     8336
      17 3     8190     8355     8253
      18 3     8190     8279     8355
      19 3     8221     8387     8293
      20 3     8221     8313     8387
      21 3     8217     8397     8279
      22 3     8234     8408     8313
      23 3     8217     8332     8397
      24 3     8234     8336     8408
      25 3     8253     8425     8336
      26 3     8253     8355     8425
      27 3     8293     8387     8460
      28 3     8279     8466     8355
      29 3     8279     8397     8466
      30 3     8313     8475     8387
      31 3     8313     8408     8475
      32 3     8336     8504     8408
      33 3     8336     8425     8504
      34 3     8332     8508     8397
      35 3     8332     8438     8508
      36 3     8355     8533     8425
      37 3     8355     8466     8533
      38 3     8387     8547     8460
      39 3     8387     8475     8547
      40 3     8408     8567     8475
      41 3     8397     8568     8466
      42 3     8408     8504     8567
      43 3     8397     8508     8568
      44 3     8425     8603     8504
      45 3     8425     8533     8603
      46 3     8460     8547     8625
      47 3     8438     8628     8508
      48 3     8466     8641     8533
      49 3     8475     8645     8547
      50 3     8438     8565     8628
      51 3     8475     8567     8645
      52 3     8466     8568     8641
      53 3     8504     8705     8567
      54 3     8504     8603     8705
      55 3     8508     8743     8568
      56 3     8508     8628     8743
      57 3     8533     8782     8603
      58 3     8547     8799     8625
      59 3     8533     8641     8782
      60 3     8547     8645     8799
      61 3     8567     8863     8645
      62 3     8567     8705     8863
      63 3     8568     8888     8641
      64 3     8565     8895     8628
      65 3     8568     8743     8888
      66 3     8603     8933     8705
      67 3     8565     8758     8895
      68 3     8603     8782     8933
      69 3     8625     8799     8964
      70 3     8645     9009     8799
      71 3     8628     9021     8743
      72 3     8645     8863     9009
      73 3     8641     9026     8782
      74 3     8641     8888     9026
      75 3     8628     8895     9021
      76 3     8705     9079     8863
      77 3     8705     8933     9079
      78 3     8743     9140     8888
      79 3     8799     9163     8964
      80 3     8782     9164     8933
      81 3     8799     9009     9163
      82 3     8743     9021     9140
      83 3     8758     9193     8895
      84 3     8782     9026     9164
      85 3     8863     9225     9009
      86 3     8758     9068     9193
      87 3     8863     9079     9225
      88 3     8888     9282     9026
      89 3     8895     9302     9021
      90 3     8933     9305     9079
      91 3     8888     9140     9282
      92 3     8964     9163     9314
      93 3     8933     9164     9305
      94 3     8895     9193     9302
      95 3     9009     9363     9163
      96 3     9009     9225     9363
      97 3     9026     9401     9164
      98 3     9021     9417     9140
      99 3     9026     9282     9401
     100 3     9079     9453     9225
     101 3     9021     9302     9417
     102 3     9079     9305     9453
     103 3     9068     9498     9193
     104 3     9163     9515     9314
     105 3     9163     9363     9515
     106 3     9140     9535     9282
     107 3     9164     9538     9305
     108 3     9068     9383     9498
     109 3     9164     9401     9538
     110 3     9140     9417     9535
     111 3     9225     9590     9363
     112 3     9193     9605     9302
     113 3     9225     9453     9590
     114 3     9193     9498     9605
     115 3     9282     9659     9401
     116 3     9314     9672     9473
     117 3     9305     9674     9453
     118 3     9314     9515     9672
     119 3     9282     9535     9659
     120 3     9305     9538     9674
     121 3     9302     9704     9417
     122 3     9363     9725     9515
     123 3     9363     9590     9725
     124 3     9302     9605     9704
     125 3     9401     9775     9538
     126 3     9417     9796     9535
     127 3     9453     9798     9590
     128 3     9401     9659     9775
     129 3     9473     9672     9802
     130 3     9453     9674     9798
     131 3     9383     9817     9498
     132 3     9417     9704     9796
     133 3     9515     9850     9672
     134 3     9383     9731     9817
     135 3     9515     9725     9850
     136 3     9538     9876     9674
     137 3     9535     9887     9659
     138 3     9498     9892     9605
     139 3     9538     9775     9876
     140 3     9590     9915     9725
     141 3     9535     9796     9887
     142 3     9590     9798     9915
     143 3     9498     9817     9892
     144 3     9605     9952     9704
     145 3     9672     9960     9802
     146 3     9659     9964     9775
     147 3     9672     9850     9960
     148 3     9674     9970     9798
     149 3     9674     9876     9970
     150 3     9659     9887     9964
     151 3     9605     9892     9952
     152 3     9725    10015     9850
     153 3     9704    10022     9796
     154 3     9725     9915    10015
     155 3     9775    10068     9876
     156 3     9704     9952    10022
     157 3     9798    10080     9915
     158 3     9802     9960    10079
     159 3     9775     9964    10068
     160 3     9796    10098     9887
     161 3     9798     9970    10080
     162 3     9731    10111     9817
     163 3     9850    10126     9960
     164 3     9796    10022    10098
     165 3     9850    10015    10126
     166 3     9731    10027    10111
     167 3     9817    10157     9892
     168 3     9876    10167     9970
     169 3     9887    10176     9964
     170 3     9876    10068    10167
     171 3     9915    10189    10015
     172 3     9892    10200     9952
     173 3     9817    10111    10157
     174 3     9915    10080    10189
     175 3     9887    10098    10176
     176 3     9960    10242    10079
     177 3     9960    10126    10242
     178 3     9952    10258    10022
     179 3     9964    10265    10068
     180 3     9970    10266    10080
     181 3     9892    10157    10200
     182 3     9970    10167    10266
     183 3     9964    10176    10265
     184 3    10015    10302    10126
     185 3    10015    10189    10302
     186 3    10022    10317    10098
     187 3     9952    10200    10258
     188 3    10068    10363    10167
     189 3    10079    10242    10359
     190 3    10080    10378    10189
     191 3    10022    10258    10317
     192 3    10068    10265    10363
     193 3    10098    10392    10176
     194 3    10080    10266    10378
     195 3    10126    10414    10242
     196 3    10027    10417    10111
     197 3    10157    10425    10200
     198 3    10126    10302    10414
     199 3    10098    10317    10392
     200 3    10167    10456    10266
     201 3    10176    10469    10265
     202 3    10027    10312    10417
     203 3    10189    10481    10302
     204 3    10167    10363    10456
     205 3    10189    10378    10481
     206 3    10176    10392    10469
     207 3    10111    10417    10509
     208 3    10242    10523    10359
     209 3    10111    10509    10157
     210 3    10242    10414    10523
     211 3    10200    10544    10258
     212 3    10258    10545    10317
     213 3    10266    10552    10378
     214 3    10265    10554    10363
     215 3    10266    10456    10552
     216 3    10302    10577    10414
     217 3    10265    10469    10554
     218 3    10157    10509    10425
     219 3    10200    10425    10544
     220 3    10317    10589    10392
     221 3    10302    10481    10577
     222 3    10359    10623    10476
     223 3    10359    10523    10623
     224 3    10363    10634    10456
     225 3    10317    10545    10589
     226 3    10258    10544    10545
     227 3    10378    10638    10481
     228 3    10392    10656    10469
     229 3    10363    10554    10634
     230 3    10378    10552    10638
     231 3    10414    10673    10523
     232 3    10392    10589    10656
     233 3    10414    10577    10673
     234 3    10456    10723    10552
     235 3    10469    10730    10554
     236 3    10476    10623    10721
     237 3    10481    10735    10577
     238 3    10456    10634    10723
     239 3    10481    10638    10735
     240 3    10425    10509    10752
     241 3    10469    10656    10730
     242 3    10545    10544    10757
     243 3    10425    10752    10544
     244 3    10523    10769    10623
     245 3    10523    10673    10769
     246 3    10545    10779    10589
     247 3    10552    10806    10638
     248 3    10554    10816    10634
     249 3    10545    10757    10779
     250 3    10589    10824    10656
     251 3    10577    10825    10673
     252 3    10552    10723    10806
     253 3    10554    10730    10816
     254 3    10577    10735    10825
     255 3    10589    10779    10824
     256 3    10623    10877    10721
     257 3    10623    10769    10877
     258 3    10544    10886    10757
     259 3    10638    10895    10735
     260 3    10634    10898    10723
     261 3    10656    10906    10730
     262 3    10544    10752    10886
     263 3    10638    10806    10895
     264 3    10634    10816    10898
     265 3    10673    10920    10769
     266 3    10656    10824    10906
     267 3    10673    10825    10920
     268 3    10779    10972    10824
     269 3    10721    10877    10969
     270 3    10723    10978    10806
     271 3    10735    10985    10825
     272 3    10730    10988    10816
     273 3    10723    10898    10978
     274 3    10735    10895    10985
     275 3    10730    10906    10988
     276 3    10769    11015    10877
     277 3    10757    11021    10779
     278 3    10769    10920    11015
     279 3    10824    11052    10906
     280 3    10779    11021    10972
     281 3    10806    11056    10895
     282 3    10824    10972    11052
     283 3    10825    11070    10920
     284 3    10757    10886    11021
     285 3    10816    11072    10898
     286 3    10806    10978    11056
     287 3    10825    10985    11070
     288 3    10816    10988    11072
     289 3    10877    11102    10969
     290 3    10877    11015    11102
     291 3    10895    11129    10985
     292 3    10898    11138    10978
     293 3    10906    11140    10988
     294 3    10906    11052    11140
     295 3    10920    11143    11015
     296 3    10895    11056    11129
     297 3    10898    11072    11138
     298 3    10920    11070    11143
     299 3    10972    11155    11052
     300 3    10972    11021    11155
     301 3    10969    11102    11180
     302 3    10985    11204    11070
     303 3    10978    11206    11056
     304 3    10985    11129    11204
     305 3    11015    11225    11102
     306 3    10978    11138    11206
     307 3    10988    11140    11231
     308 3    10988    11231    11072
     309 3    11015    11143    11225
     310 3    11056    11265    11129
     311 3    11052    11275    11140
     312 3    11070    11279    11143
     313 3    11052    11155    11275
     314 3    11056    11206    11265
     315 3    11070    11204    11279
     316 3    11072    11306    11138
     317 3    11102    11310    11180
     318 3    11102    11225    11310
     319 3    11072    11231    11306
     320 3    11129    11336    11204
     321 3    11143    11352    11225
     322 3    11138    11353    11206
     323 3    11140    11275    11354
     324 3    11129    11265    11336
     325 3    11143    11279    11352
     326 3    11140    11354    11231
     327 3    11138    11306    11353
     328 3    11180    11310    11394
     329 3    11204    11420    11279
     330 3    11206    11422    11265
     331 3    11204    11336    11420
     332 3    11225    11442    11310
     333 3    11206    11353    11422
     334 3    11225    11352    11442
     335 3    11265    11485    11336
     336 3    11279    11496    11352
     337 3    11231    11354    11505
     338 3    11279    11420    11496
     339 3    11265    11422    11485
     340 3    11310    11516    11394
     341 3    11306    11518    11353
     342 3    11231    11505    11306
     343 3    11310    11442    11516
     344 3    11336    11545    11420
     345 3    11353    11562    11422
     346 3    11352    11564    11442
     347 3    11336    11485    11545
     348 3    11352    11496    11564
     349 3    11306    11505    11518
     350 3    11353    11518    11562
     351 3    11394    11516    11593
     352 3    11420    11615    11496
     353 3    11422    11618    11485
     354 3    11420    11545    11615
     355 3    11442    11632    11516
     356 3    11505    11639    11518
     357 3    11422    11562    11618
     358 3    11442    11564    11632
     359 3    11485    11663    11545
     360 3    11496    11672    11564
     361 3    11518    11682    11562
     362 3    11485    11618    11663
     363 3    11496    11615    11672
     364 3    11516    11691    11593
     365 3    11516    11632    11691
     366 3    11518    11639    11682
     367 3    11545    11722    11615
     368 3    11562    11729    11618
     369 3    11564    11736    11632
     370 3    11545    11663    11722
     371 3    11564    11672    11736
     372 3    11562    11682    11729
     373 3    11593    11691    11762
     374 3    11618    11778    11663
     375 3    11615    11780    11672
     376 3    11639    11788    11682
     377 3    11632    11797    11691
     378 3    11615    11722    11780
     379 3    11618    11729    11778
     380 3    11632    11736    11797
     381 3    11663    11839    11722
     382 3    11682    11846    11729
     383 3    11672    11848    11736
     384 3    11663    11778    11839
     385 3    11672    11780    11848
     386 3    11691    11866    11762
     387 3    11682    11788    11846
     388 3    11691    11797    11866
     389 3    11722    11897    11780
     390 3    11729    11898    11778
     391 3    11736    11904    11797
     392 3    11722    11839    11897
     393 3    11729    11846    11898
     394 3    11736    11848    11904
     395 3    11762    11866    11925
     396 3    11778    11941    11839
     397 3    11780    11943    11848
     398 3    11788    11947    11846
     399 3    11797    11963    11866
     400 3    11778    11898    11941
     401 3    11780    11897    11943
     402 3    11797    11904    11963
     403 3    11846    12002    11898
     404 3    11839    12003    11897
     405 3    11848    12008    11904
     406 3    11846    11947    12002
     407 3    11839    11941    12003
     408 3    11848    11943    12008
     409 3    11866    12026    11925
     410 3    11866    11963    12026
     411 3    11898    12042    11941
     412 3    11897    12045    11943
     413 3    11904    12056    11963
     414 3    11898    12002    12042
     415 3    11897    12003    12045
     416 3    11904    12008    12056
     417 3    11925    12026    12070
     418 3    11947    12090    12002
     419 3    11941    12098    12003
     420 3    11943    12101    12008
     421 3    11963    12110    12026
     422 3    11941    12042    12098
     423 3    11943    12045    12101
     424 3    11963    12056    12110
     425 3    12002    12151    12042
     426 3    12002    12090    12151
     427 3    12003    12153    12045
     428 3    12008    12157    12056
     429 3    12026    12174    12070
     430 3    12008    12101    12157
     431 3    12003    12098    12153
     432 3    12026    12110    12174
     433 3    12045    12199    12101
     434 3    12042    12202    12098
     435 3    12056    12203    12110
     436 3    12042    12151    12202
     437 3    12056    12157    12203
     438 3    12045    12153    12199
     439 3    12090    12234    12151
     440 3    12101    12249    12157
     441 3    12098    12250    12153
     442 3    12110    12256    12174
     443 3    12110    12203    12256
     444 3    12101    12199    12249
     445 3    12098    12202    12250
     446 3    12157    12293    12203
     447 3    12153    12295    12199
     448 3    12151    12234    12299
     449 3    12151    12299    12202
     450 3    12157    12249    12293
     451 3    12174    12256    12313
     452 3    12153    12250    12295
     453 3    12203    12343    12256
     454 3    12199    12345    12249
     455 3    12202    12351    12250
     456 3    12203    12293    12343
     457 3    12199    12295    12345
     458 3    12202    12299    12351
     459 3    12249    12396    12293
     460 3    12256    12399    12313
     461 3    12250    12401    12295
     462 3    12256    12343    12399
     463 3    12249    12345    12396
     464 3    12250    12351    12401
     465 3    12293    12441    12343
     466 3    12295    12446    12345
     467 3    12313    12399    12447
     468 3    12293    12396    12441
     469 3    12295    12401    12446
     470 3    12343    12484    12399
     471 3    12345    12504    12396
     472 3    12343    12441    12484
     473 3    12351    12509    12401
     474 3    12345    12446    12504
     475 3    12399    12531    12447
     476 3    12399    12484    12531
     477 3    12396    12550    12441
     478 3    12401    12558    12446
     479 3    12447    12559    12518
     480 3    12447    12531    12559
     481 3    12396    12504    12550
     482 3    12401    12509    12558
     483 3    12441    12579    12484
     484 3    12446    12594    12504
     485 3    12441    12550    12579
     486 3    12484    12612    12531
     487 3    12446    12558    12594
     488 3    12559    12620    12518
     489 3    12484    12579    12612
     490 3    12559    12531    12633
     491 3    12504    12634    12550
     492 3    12509    12640    12558
     493 3    12531    12612    12633
     494 3    12504    12594    12634
     495 3    12559    12633    12620
     496 3    12550    12673    12579
     497 3    12558    12684    12594
     498 3    12550    12634    12673
     499 3    12579    12706    12612
     500 3    12558    12640    12684
     501 3    12594    12724    12634
     502 3    12579    12673    12706
     503 3    12612    12734    12633
     504 3    12594    12684    12724
     505 3    12620    12633    12750
     506 3    12612    12706    12734
     507 3    12634    12755    12673
     508 3    12634    12724    12755
     509 3    12633    12734    12750
     510 3    12673    12792    12706
     511 3    12673    12755    12792
     512 3    12706    12820    12734
     513 3    12706    12792    12820
     514 3    12734    12851    12750
     515 3    12734    12820    12851
     516 3    12750    12851    12895
 0                                                                              
 0                                                                              
 2                                                                              
 21                                                                             
      15       1                                                                
   10312
   10417
   10509
   10752
   10886
   11021
   11155
   11275
   11354
   11505
   11639
   11788
   11947
   12090
   12234
       4       1                                                                
   12895
   12750
   12620
   12518
