FileFmt      1050624           0           0
NELG           58641         560         484
       10265
       10274
       10275
       10281
       10282
       10288
       10291
       10294
       10298
       10300
       10301
       10302
       10308
       10314
       10320
       10326
       10329
       10330
       10331
       10343
       10346
       10349
       10354
       10363
       10366
       10369
       10370
       10374
       10376
       10383
       10390
       10392
       10394
       10400
       10401
       10403
       10404
       10407
       10411
       10412
       10418
       10422
       10424
       10426
       10430
       10433
       10437
       10442
       10444
       10446
       10450
       10455
       10457
       10459
       10460
       10462
       10466
       10469
       10471
       10474
       10475
       10478
       10481
       10483
       10485
       10491
       10496
       10500
       10502
       10508
       10511
       10512
       10515
       10516
      -10517
       10518
       10527
       10528
       10535
       10536
       10539
       10543
       10545
       10547
       10548
       10552
       10555
       10556
       10559
       10562
       10563
       10570
       10573
       10575
       10576
       10577
      -10584
       10589
       10592
       10598
       10599
       10602
       10609
       10610
       10614
       10618
       10619
       10620
       10633
       10636
       10637
       10643
       10645
       10646
       10647
       10648
       10649
       10650
       10651
       10667
       10669
       10673
      -10674
       10676
       10681
       10682
       10686
       10688
       10692
       10694
       10695
       10699
       10703
       10707
       10710
       10715
       10719
       10721
       10728
       10729
       10730
       10736
       10738
       10739
       10747
      -10748
       10751
       10758
       10759
       10760
       10764
       10765
       10768
       10770
       10777
       10778
       10779
       10780
       10786
       10788
       10790
       10794
       10795
       10799
       10804
       10805
       10809
       10810
       10812
       10817
       10819
       10821
      -10827
       10829
       10830
       10835
       10836
       10840
       10841
       10847
       10850
       10851
       10853
       10858
       10862
       10863
       10865
       10869
       10877
       10879
       10883
       10885
       10889
       10895
       10897
       10902
       10905
       10906
       10908
      -10909
       10910
       10913
       10915
       10926
       10928
       10929
       10931
       10933
       10935
       10936
       10937
       10941
       10942
       10947
       10952
       10953
       10956
       10962
       10964
       10969
       10974
       10977
       10978
       10979
       10981
       10982
       10991
      -10995
       10999
       11004
       11006
       11010
       11013
       11017
       11024
       11027
       11030
       11033
       11035
       11040
       11043
       11046
       11047
       11050
       11052
       11054
       11058
       11059
       11061
       11063
       11064
       11066
      -11068
       11070
      -11073
       11074
       11084
       11085
       11086
       11087
       11088
       11089
       11093
       11094
       11104
       11107
       11108
       11109
       11116
       11122
       11123
       11125
      -11128
       11129
       11140
       11141
       11143
       11146
       11147
      -11149
       11151
      -11153
       11154
       11158
       11172
       11176
       11177
       11178
       11183
       11184
       11185
       11187
       11188
       11191
       11195
       11199
       11206
       11208
       11209
       11210
       11212
       11215
       11218
      -11221
       11222
       11225
      -11227
       11231
       11232
       11233
       11235
       11236
      -11237
       11241
       11243
      -11245
       11246
       11247
       11254
       11255
       11257
       11260
       11261
      -11262
       11265
      -11268
       11269
       11272
       11273
       11278
       11279
      -11287
       11288
      -11296
       11297
       11300
       11308
       11310
      -11314
       11319
      -11323
       11324
       11327
       11329
       11331
       11338
       11342
       11343
       11346
       11349
      -11350
       11351
       11356
       11357
       11364
       11366
       11368
       11370
       11373
       11385
       11386
       11393
       11396
      -11398
       11407
       11409
       11412
       11413
       11416
       11418
      -11423
       11427
       11429
       11444
       11449
       11453
       11458
       11460
       11461
       11466
       11483
       11491
      -11496
       11498
       11500
       11504
       11505
       11529
       11543
       11544
       11547
       11550
       11553
       11566
       11581
       11586
       11592
       11593
       11616
       11631
       11636
       11643
       11644
       11678
       11682
       11692
       11701
       11729
       11735
       11745
       11747
       11778
       11780
       11784
       11802
       11823
       11824
       11833
       11838
       11865
       11868
       11880
       11882
       11905
       11911
       11914
       11945
       11955
       11963
       11964
       11968
       11980
       11990
       11998
       12009
       12010
       12013
       12034
       12042
       12045
       12063
       12079
       12081
       12094
       12111
       12119
       12125
       12138
       12141
       12157
       12161
       12165
       12190
       12196
       12226
       12227
       12229
       12231
       12241
       12254
       12276
       12279
       12302
       12312
       12322
       12325
       12336
       12345
       12383
       12385
       12387
       12413
       12416
       12427
       12458
       12461
       12488
       12512
       12513
       12550
       12560
       12615
       12624
       58638
NNODG          32218         319         281
        5312
        5313
        5314
        5318
        5319
        5320
        5321
        5324
        5325
        5330
        5331
        5335
        5336
        5337
        5340
        5345
        5349
        5352
        5361
        5363
        5368
        5375
        5377
        5380
        5384
        5389
        5390
        5394
        5395
        5398
        5404
        5406
        5407
        5409
        5411
        5413
        5417
        5419
        5420
        5424
        5426
        5428
        5430
        5431
        5437
        5439
        5441
        5445
        5447
        5450
        5451
       -5452
        5453
       -5454
        5464
        5465
        5466
        5468
        5471
        5476
        5477
        5479
        5481
        5485
        5487
        5496
        5500
        5502
        5509
        5512
        5520
        5523
        5526
        5528
        5529
        5530
       -5537
        5538
        5542
        5543
        5546
        5548
        5549
        5552
        5554
        5556
        5561
        5567
        5568
        5572
        5573
        5578
        5583
        5584
        5587
        5592
        5593
        5595
        5597
        5599
        5603
        5607
        5609
        5613
       -5614
        5615
        5621
        5625
        5628
        5631
        5633
        5636
        5639
        5640
        5644
        5649
        5656
        5658
        5661
        5663
        5665
        5674
        5676
        5678
        5679
        5680
        5683
        5685
        5686
        5689
        5694
        5697
        5699
       -5702
        5703
        5710
        5711
        5716
        5719
        5720
        5726
        5728
        5729
        5732
        5734
        5735
        5736
        5739
        5741
       -5743
        5752
        5753
        5754
        5755
        5756
        5764
        5765
        5766
        5767
        5776
        5777
       -5779
        5785
        5786
        5788
        5789
        5798
        5799
        5802
        5803
        5806
        5807
        5814
        5817
        5821
        5823
        5824
        5827
       -5829
        5830
        5832
        5833
       -5835
        5837
        5839
        5841
        5846
        5847
        5850
       -5851
        5855
        5856
        5858
       -5862
        5865
        5868
       -5873
        5876
        5879
        5881
        5882
        5888
        5891
        5894
        5897
        5901
        5903
        5912
        5917
       -5920
        5924
        5925
        5927
        5929
        5936
        5947
        5949
        5951
        5964
        5967
       -5968
        5973
        5990
        5995
        5996
        6010
        6017
        6023
        6036
        6045
        6050
        6070
        6077
        6091
        6092
        6102
        6118
        6120
        6131
        6143
        6148
        6166
        6169
        6173
        6186
        6189
        6204
        6210
        6213
        6223
        6231
        6232
        6235
        6254
        6264
        6273
        6280
        6289
        6296
        6305
        6313
        6317
        6332
        6352
        6353
        6360
        6370
        6379
        6394
        6398
        6402
        6410
        6438
        6441
       -6458
       -6459
        6483
       -6496
       -6512
       -6534
       -6569
NFLUXF             0
NETA             128          29           0
NSTAE              0           0           0
NSTAV              0           0           0
NSTAM              0           0           0
NSTAC              0           0           0
RES NODE          46         261
                   1           2           3           4           5           6
                   7           8           9          10          11          12
                  13          14          15          16          17          18
                  19          20          21          22          23          24
                  25          26          27          28          29          30
                  31          32          33          34          35          36
                  37          38          39          40          41          42
                  43          44          45          46          47          48
                  49          50          51          53          55          56
                  57          58          59          60          61          62
                  63          64          65          66          67          68
                  69          70          71          72          73          74
                  75          76          78          79          80          81
                  82          83          84          85          86          87
                  88          89          90          91          92          93
                  94          95          96          97          98          99
                 100         101         102         103         104         106
                 107         108         109         110         111         112
                 113         114         115         116         117         118
                 119         120         121         122         123         124
                 125         126         127         128         129         130
                 131         132         133         135         136         137
                 138         139         140         141         142         143
                 144         145         146         147         148         149
                 151         152         153         154         155         156
                 157         158         159         160         161         163
                 164         165         166         167         168         169
                 170         171         172         173         174         175
                 176         177         178         180         181         182
                 184         185         186         187         188         189
                 191         192         193         195         196         198
                 199         200         201         202         203         204
                 205         206         207         208         209         211
                 212         213         214         215         216         217
                 218         219         220         222         223         224
                 225         226         227         228         229         230
                 231         232         233         234         235         236
                 237         238         239         240         241         242
                 243         244         245         246         247         248
                 249         250         251         252         253         254
                 255         256         257         258         259         260
                 261         262         263         264         265         266
                 267         268         269         270         271         272
                 273         274         277
COMM PE            2
RECV PE           40          14
                  52          54          77         105         134         150
                 162         179         183         190         194         197
                 210         221
RECV PE           73           6
                 275         276         278         279         280         281
SEND PE           40          14
                  53          62          90         120         129         141
                 156         166         171         175         181         186
                 202         214
SEND PE           73           5
                 270         271         273         274         277
