bi_1997_v2.grd                                                                  
     484     281
    5312 -0.765355700000E+02  0.346093600000E+02  0.626000000000E+00
    5313 -0.765361300000E+02  0.346102600000E+02  0.951000000000E+00
    5314 -0.765369300000E+02  0.346093300000E+02  0.654000000000E+00
    5318 -0.765341600000E+02  0.346092900000E+02  0.600000000000E+00
    5319 -0.765350000000E+02  0.346103400000E+02  0.915000000000E+00
    5320 -0.765371800000E+02  0.346103400000E+02  0.111300000000E+01
    5321 -0.765379300000E+02  0.346093300000E+02  0.633000000000E+00
    5324 -0.765381900000E+02  0.346105200000E+02  0.105300000000E+01
    5325 -0.765389900000E+02  0.346093800000E+02  0.633000000000E+00
    5330 -0.765327800000E+02  0.346093100000E+02  0.590000000000E+00
    5331 -0.765336800000E+02  0.346106800000E+02  0.882000000000E+00
    5335 -0.765323000000E+02  0.346106000000E+02  0.669000000000E+00
    5336 -0.765392100000E+02  0.346109400000E+02  0.637000000000E+00
    5337 -0.765356400000E+02  0.346110200000E+02  0.118600000000E+01
    5340 -0.765364700000E+02  0.346111700000E+02  0.146500000000E+01
    5345 -0.765374300000E+02  0.346114000000E+02  0.142300000000E+01
    5349 -0.765348100000E+02  0.346114400000E+02  0.113200000000E+01
    5352 -0.765328800000E+02  0.346115500000E+02  0.846000000000E+00
    5361 -0.765384000000E+02  0.346117500000E+02  0.103000000000E+01
    5363 -0.765319400000E+02  0.346116500000E+02  0.661000000000E+00
    5368 -0.765357600000E+02  0.346118600000E+02  0.146000000000E+01
    5375 -0.765366900000E+02  0.346121500000E+02  0.205100000000E+01
    5377 -0.765338100000E+02  0.346122200000E+02  0.107500000000E+01
    5380 -0.765393400000E+02  0.346122900000E+02  0.659000000000E+00
    5384 -0.765376400000E+02  0.346124800000E+02  0.151800000000E+01
    5389 -0.765350000000E+02  0.346125400000E+02  0.134500000000E+01
    5390 -0.765326300000E+02  0.346125800000E+02  0.915000000000E+00
    5394 -0.765359600000E+02  0.346128400000E+02  0.189700000000E+01
    5395 -0.765385800000E+02  0.346128500000E+02  0.102700000000E+01
    5398 -0.765315400000E+02  0.346128500000E+02  0.653000000000E+00
    5404 -0.765368900000E+02  0.346131700000E+02  0.278900000000E+01
    5406 -0.765343600000E+02  0.346133400000E+02  0.149900000000E+01
    5407 -0.765395100000E+02  0.346132300000E+02  0.647000000000E+00
    5409 -0.765333500000E+02  0.346134500000E+02  0.133600000000E+01
    5411 -0.765352700000E+02  0.346135100000E+02  0.174300000000E+01
    5413 -0.765378300000E+02  0.346135300000E+02  0.244600000000E+01
    5417 -0.765322800000E+02  0.346137500000E+02  0.988000000000E+00
    5419 -0.765361500000E+02  0.346138300000E+02  0.246700000000E+01
    5420 -0.765387600000E+02  0.346138600000E+02  0.179600000000E+01
    5424 -0.765347400000E+02  0.346140800000E+02  0.188800000000E+01
    5426 -0.765395900000E+02  0.346140100000E+02  0.919000000000E+00
    5428 -0.765370600000E+02  0.346142000000E+02  0.308000000000E+01
    5430 -0.765312000000E+02  0.346141400000E+02  0.648000000000E+00
    5431 -0.765339800000E+02  0.346142600000E+02  0.178300000000E+01
    5437 -0.765354200000E+02  0.346144100000E+02  0.215500000000E+01
    5439 -0.765330100000E+02  0.346145600000E+02  0.131500000000E+01
    5441 -0.765380300000E+02  0.346145900000E+02  0.337100000000E+01
    5445 -0.765362800000E+02  0.346148300000E+02  0.268300000000E+01
    5447 -0.765346600000E+02  0.346148700000E+02  0.223100000000E+01
    5450 -0.765390700000E+02  0.346149500000E+02  0.183100000000E+01
    5451 -0.765319300000E+02  0.346149600000E+02  0.834000000000E+00
    5452 -0.765453600000E+02  0.346131100000E+02  0.555000000000E+00
    5453 -0.765430100000E+02  0.346135600000E+02  0.555000000000E+00
    5454 -0.765445100000E+02  0.346149400000E+02  0.632000000000E+00
    5464 -0.765410300000E+02  0.346138500000E+02  0.555000000000E+00
    5465 -0.765403900000E+02  0.346152800000E+02  0.555000000000E+00
    5466 -0.765337800000E+02  0.346152500000E+02  0.207500000000E+01
    5468 -0.765372200000E+02  0.346152700000E+02  0.374400000000E+01
    5471 -0.765354600000E+02  0.346153800000E+02  0.284400000000E+01
    5476 -0.765327800000E+02  0.346156500000E+02  0.164300000000E+01
    5477 -0.765306500000E+02  0.346155400000E+02  0.469000000000E+00
    5479 -0.765424300000E+02  0.346157000000E+02  0.642000000000E+00
    5481 -0.765382400000E+02  0.346157300000E+02  0.326900000000E+01
    5485 -0.765345800000E+02  0.346158500000E+02  0.278600000000E+01
    5487 -0.765363600000E+02  0.346158800000E+02  0.397300000000E+01
    5496 -0.765316600000E+02  0.346161100000E+02  0.108600000000E+01
    5500 -0.765394100000E+02  0.346162400000E+02  0.149000000000E+01
    5502 -0.765336400000E+02  0.346162900000E+02  0.246100000000E+01
    5509 -0.765373300000E+02  0.346164000000E+02  0.464900000000E+01
    5512 -0.765354600000E+02  0.346164100000E+02  0.406600000000E+01
    5520 -0.765326200000E+02  0.346167400000E+02  0.204000000000E+01
    5523 -0.765303800000E+02  0.346165400000E+02  0.462000000000E+00
    5526 -0.765345200000E+02  0.346169100000E+02  0.318500000000E+01
    5528 -0.765383900000E+02  0.346169600000E+02  0.327800000000E+01
    5529 -0.765408100000E+02  0.346169200000E+02  0.869000000000E+00
    5530 -0.765364000000E+02  0.346169800000E+02  0.491900000000E+01
    5537 -0.765447600000E+02  0.346170100000E+02  0.108500000000E+01
    5538 -0.765316000000E+02  0.346172100000E+02  0.132400000000E+01
    5542 -0.765335500000E+02  0.346173700000E+02  0.274300000000E+01
    5543 -0.765354500000E+02  0.346175000000E+02  0.417000000000E+01
    5546 -0.765373900000E+02  0.346175700000E+02  0.553900000000E+01
    5548 -0.765395400000E+02  0.346176000000E+02  0.253500000000E+01
    5549 -0.765308200000E+02  0.346177300000E+02  0.862000000000E+00
    5552 -0.765325500000E+02  0.346178300000E+02  0.161300000000E+01
    5554 -0.765299400000E+02  0.346179200000E+02  0.549000000000E+00
    5556 -0.765344600000E+02  0.346179900000E+02  0.334000000000E+01
    5561 -0.765364000000E+02  0.346181100000E+02  0.419900000000E+01
    5567 -0.765384400000E+02  0.346182100000E+02  0.610300000000E+01
    5568 -0.765315800000E+02  0.346182900000E+02  0.882000000000E+00
    5572 -0.765424700000E+02  0.346183400000E+02  0.161000000000E+01
    5573 -0.765406400000E+02  0.346183300000E+02  0.330900000000E+01
    5578 -0.765334600000E+02  0.346184700000E+02  0.170800000000E+01
    5583 -0.765354100000E+02  0.346186100000E+02  0.299500000000E+01
    5584 -0.765306200000E+02  0.346187000000E+02  0.859000000000E+00
    5587 -0.765373900000E+02  0.346187400000E+02  0.508600000000E+01
    5592 -0.765324600000E+02  0.346189200000E+02  0.644000000000E+00
    5593 -0.765395400000E+02  0.346189600000E+02  0.506800000000E+01
    5595 -0.765344000000E+02  0.346191000000E+02  0.191000000000E+01
    5597 -0.765295600000E+02  0.346191200000E+02  0.632000000000E+00
    5599 -0.765363800000E+02  0.346192400000E+02  0.265200000000E+01
    5603 -0.765314300000E+02  0.346193600000E+02  0.780000000000E+00
    5607 -0.765383800000E+02  0.346194300000E+02  0.642900000000E+01
    5609 -0.765333800000E+02  0.346195700000E+02  0.627000000000E+00
    5613 -0.765303600000E+02  0.346197800000E+02  0.860000000000E+00
    5614 -0.765449500000E+02  0.346196300000E+02  0.435300000000E+01
    5615 -0.765353700000E+02  0.346197400000E+02  0.172300000000E+01
    5621 -0.765373600000E+02  0.346198800000E+02  0.563200000000E+01
    5625 -0.765408800000E+02  0.346198300000E+02  0.652000000000E+01
    5628 -0.765323300000E+02  0.346200100000E+02  0.666000000000E+00
    5631 -0.765343300000E+02  0.346202200000E+02  0.831000000000E+00
    5633 -0.765393500000E+02  0.346203700000E+02  0.686700000000E+01
    5636 -0.765292200000E+02  0.346202500000E+02  0.678000000000E+00
    5639 -0.765363700000E+02  0.346203900000E+02  0.444400000000E+01
    5640 -0.765312600000E+02  0.346204300000E+02  0.812000000000E+00
    5644 -0.765382300000E+02  0.346204400000E+02  0.647400000000E+01
    5649 -0.765332700000E+02  0.346206800000E+02  0.631000000000E+00
    5656 -0.765301200000E+02  0.346208300000E+02  0.860000000000E+00
    5658 -0.765353300000E+02  0.346208900000E+02  0.144500000000E+01
    5661 -0.765374100000E+02  0.346210100000E+02  0.598900000000E+01
    5663 -0.765427700000E+02  0.346209800000E+02  0.622400000000E+01
    5665 -0.765321900000E+02  0.346211100000E+02  0.681000000000E+00
    5674 -0.765342600000E+02  0.346213600000E+02  0.721000000000E+00
    5676 -0.765288600000E+02  0.346211200000E+02  0.664000000000E+00
    5678 -0.765386300000E+02  0.346215200000E+02  0.666700000000E+01
    5679 -0.765310800000E+02  0.346215200000E+02  0.842000000000E+00
    5680 -0.765363700000E+02  0.346215600000E+02  0.314500000000E+01
    5683 -0.765331600000E+02  0.346218000000E+02  0.640000000000E+00
    5685 -0.765299500000E+02  0.346218900000E+02  0.860000000000E+00
    5686 -0.765404800000E+02  0.346220100000E+02  0.724400000000E+01
    5689 -0.765352800000E+02  0.346220600000E+02  0.608000000000E+00
    5694 -0.765320500000E+02  0.346222200000E+02  0.677000000000E+00
    5697 -0.765375100000E+02  0.346222500000E+02  0.447600000000E+01
    5699 -0.765288800000E+02  0.346223100000E+02  0.831000000000E+00
    5702 -0.765451200000E+02  0.346224300000E+02  0.812500000000E+01
    5703 -0.765341600000E+02  0.346225200000E+02  0.603000000000E+00
    5710 -0.765309200000E+02  0.346226100000E+02  0.870000000000E+00
    5711 -0.765272500000E+02  0.346222600000E+02  0.570000000000E+00
    5716 -0.765363500000E+02  0.346227900000E+02  0.455000000000E+00
    5719 -0.765330400000E+02  0.346229400000E+02  0.595000000000E+00
    5720 -0.765297900000E+02  0.346229700000E+02  0.132400000000E+01
    5726 -0.765388000000E+02  0.346230700000E+02  0.451500000000E+01
    5728 -0.765352000000E+02  0.346232600000E+02  0.663000000000E+00
    5729 -0.765319100000E+02  0.346233300000E+02  0.176000000000E+01
    5732 -0.765285900000E+02  0.346232800000E+02  0.231300000000E+01
    5734 -0.765374600000E+02  0.346235700000E+02  0.123500000000E+01
    5735 -0.765265100000E+02  0.346227900000E+02  0.580000000000E+00
    5736 -0.765274800000E+02  0.346236200000E+02  0.235700000000E+01
    5739 -0.765340600000E+02  0.346236800000E+02  0.170900000000E+01
    5741 -0.765307700000E+02  0.346237100000E+02  0.254500000000E+01
    5743 -0.765427100000E+02  0.346236400000E+02  0.777600000000E+01
    5752 -0.765257900000E+02  0.346233700000E+02  0.619000000000E+00
    5753 -0.765265700000E+02  0.346241000000E+02  0.193400000000E+01
    5754 -0.765362700000E+02  0.346240300000E+02  0.111000000000E+01
    5755 -0.765329100000E+02  0.346240800000E+02  0.824000000000E+00
    5756 -0.765296200000E+02  0.346240700000E+02  0.256900000000E+01
    5764 -0.765384900000E+02  0.346243800000E+02  0.257900000000E+01
    5765 -0.765317600000E+02  0.346244500000E+02  0.860000000000E+00
    5766 -0.765285000000E+02  0.346244400000E+02  0.128500000000E+01
    5767 -0.765350900000E+02  0.346244500000E+02  0.245600000000E+01
    5776 -0.765249300000E+02  0.346239900000E+02  0.632000000000E+00
    5777 -0.765256800000E+02  0.346246400000E+02  0.230800000000E+01
    5779 -0.765402500000E+02  0.346246700000E+02  0.556100000000E+01
    5785 -0.765306100000E+02  0.346248100000E+02  0.283000000000E+01
    5786 -0.765274600000E+02  0.346248600000E+02  0.612000000000E+00
    5788 -0.765339200000E+02  0.346248400000E+02  0.238300000000E+01
    5789 -0.765373600000E+02  0.346248600000E+02  0.277800000000E+01
    5798 -0.765240100000E+02  0.346246400000E+02  0.623000000000E+00
    5799 -0.765247800000E+02  0.346252000000E+02  0.387600000000E+01
    5802 -0.765294800000E+02  0.346251900000E+02  0.629000000000E+00
    5803 -0.765327600000E+02  0.346252100000E+02  0.704000000000E+00
    5806 -0.765361500000E+02  0.346252700000E+02  0.116600000000E+01
    5807 -0.765264700000E+02  0.346253400000E+02  0.713000000000E+00
    5814 -0.765316000000E+02  0.346255500000E+02  0.824000000000E+00
    5817 -0.765283800000E+02  0.346256000000E+02  0.820000000000E+00
    5821 -0.765349600000E+02  0.346256500000E+02  0.122500000000E+01
    5823 -0.765230900000E+02  0.346252600000E+02  0.594000000000E+00
    5824 -0.765239200000E+02  0.346257600000E+02  0.183200000000E+01
    5827 -0.765255300000E+02  0.346258400000E+02  0.235000000000E+01
    5829 -0.765386000000E+02  0.346257600000E+02  0.102900000000E+01
    5830 -0.765304400000E+02  0.346259100000E+02  0.164400000000E+01
    5832 -0.765337800000E+02  0.346260000000E+02  0.114100000000E+01
    5833 -0.765273400000E+02  0.346260600000E+02  0.457000000000E+00
    5835 -0.765372200000E+02  0.346261500000E+02  0.120200000000E+01
    5837 -0.765246100000E+02  0.346263200000E+02  0.309400000000E+01
    5839 -0.765293100000E+02  0.346263100000E+02  0.914000000000E+00
    5841 -0.765326000000E+02  0.346263300000E+02  0.531000000000E+00
    5846 -0.765231600000E+02  0.346264200000E+02  0.800000000000E+00
    5847 -0.765222900000E+02  0.346258900000E+02  0.582000000000E+00
    5850 -0.765263100000E+02  0.346265500000E+02  0.798000000000E+00
    5851 -0.765359900000E+02  0.346265000000E+02  0.130700000000E+01
    5855 -0.765314200000E+02  0.346266300000E+02  0.542000000000E+00
    5856 -0.765238600000E+02  0.346266900000E+02  0.372900000000E+01
    5858 -0.765282200000E+02  0.346267600000E+02  0.838000000000E+00
    5862 -0.765348100000E+02  0.346268300000E+02  0.170500000000E+01
    5865 -0.765252900000E+02  0.346270200000E+02  0.173400000000E+01
    5868 -0.765302400000E+02  0.346269700000E+02  0.784000000000E+00
    5873 -0.765336300000E+02  0.346271500000E+02  0.604000000000E+00
    5876 -0.765271500000E+02  0.346272500000E+02  0.559000000000E+00
    5879 -0.765224500000E+02  0.346273700000E+02  0.702000000000E+00
    5881 -0.765243000000E+02  0.346274000000E+02  0.255000000000E+01
    5882 -0.765291200000E+02  0.346274100000E+02  0.228200000000E+01
    5888 -0.765324300000E+02  0.346274200000E+02  0.483000000000E+00
    5891 -0.765233400000E+02  0.346275500000E+02  0.394100000000E+01
    5894 -0.765311700000E+02  0.346275800000E+02  0.486000000000E+00
    5897 -0.765260700000E+02  0.346277600000E+02  0.822000000000E+00
    5901 -0.765280400000E+02  0.346279300000E+02  0.140300000000E+01
    5903 -0.765299900000E+02  0.346279900000E+02  0.555000000000E+00
    5912 -0.765249400000E+02  0.346282300000E+02  0.122600000000E+01
    5917 -0.765305300000E+02  0.346283600000E+02  0.555000000000E+00
    5920 -0.765335000000E+02  0.346283100000E+02  0.915000000000E+00
    5924 -0.765269400000E+02  0.346284800000E+02  0.930000000000E+00
    5925 -0.765289400000E+02  0.346285300000E+02  0.856000000000E+00
    5927 -0.765237300000E+02  0.346286100000E+02  0.282800000000E+01
    5929 -0.765322900000E+02  0.346285300000E+02  0.783000000000E+00
    5936 -0.765225400000E+02  0.346288200000E+02  0.645000000000E+00
    5947 -0.765257900000E+02  0.346290400000E+02  0.111900000000E+01
    5949 -0.765299300000E+02  0.346290900000E+02  0.555000000000E+00
    5951 -0.765278400000E+02  0.346291200000E+02  0.123300000000E+01
    5964 -0.765244900000E+02  0.346295700000E+02  0.836000000000E+00
    5967 -0.765286300000E+02  0.346294360000E+02  0.555000000000E+00
    5968 -0.765334500000E+02  0.346296000000E+02  0.698000000000E+00
    5973 -0.765267400000E+02  0.346297800000E+02  0.232300000000E+01
    5990 -0.765227400000E+02  0.346300900000E+02  0.365500000000E+01
    5995 -0.765276900000E+02  0.346303900000E+02  0.108000000000E+01
    5996 -0.765255500000E+02  0.346304200000E+02  0.762000000000E+00
    6010 -0.765288410000E+02  0.346304610000E+02  0.555000000000E+00
    6017 -0.765241900000E+02  0.346310000000E+02  0.508000000000E+00
    6023 -0.765266500000E+02  0.346312000000E+02  0.408700000000E+01
    6036 -0.765228300000E+02  0.346314000000E+02  0.154800000000E+01
    6045 -0.765276000000E+02  0.346318700000E+02  0.866000000000E+00
    6050 -0.765254600000E+02  0.346319300000E+02  0.107200000000E+01
    6070 -0.765240600000E+02  0.346325800000E+02  0.789000000000E+00
    6077 -0.765268600000E+02  0.346328400000E+02  0.282100000000E+01
    6091 -0.765217500000E+02  0.346327600000E+02  0.908000000000E+00
    6092 -0.765225800000E+02  0.346333600000E+02  0.979000000000E+00
    6102 -0.765254200000E+02  0.346335300000E+02  0.340800000000E+01
    6118 -0.765239200000E+02  0.346342600000E+02  0.192200000000E+01
    6120 -0.765268900000E+02  0.346343700000E+02  0.128600000000E+01
    6131 -0.765205800000E+02  0.346341700000E+02  0.661000000000E+00
    6143 -0.765223600000E+02  0.346349900000E+02  0.165800000000E+01
    6148 -0.765253400000E+02  0.346352000000E+02  0.884000000000E+00
    6166 -0.765210300000E+02  0.346358000000E+02  0.869000000000E+00
    6169 -0.765237500000E+02  0.346358900000E+02  0.426000000000E+00
    6173 -0.765268900000E+02  0.346358900000E+02  0.692000000000E+00
    6186 -0.765190700000E+02  0.346361400000E+02  0.197600000000E+01
    6189 -0.765222900000E+02  0.346364800000E+02  0.737000000000E+00
    6204 -0.765234800000E+02  0.346371500000E+02  0.968000000000E+00
    6210 -0.765251400000E+02  0.346372600000E+02  0.869000000000E+00
    6213 -0.765208400000E+02  0.346372200000E+02  0.715000000000E+00
    6223 -0.765222900000E+02  0.346378400000E+02  0.861000000000E+00
    6231 -0.765194400000E+02  0.346382400000E+02  0.104200000000E+01
    6232 -0.765239200000E+02  0.346382600000E+02  0.814000000000E+00
    6235 -0.765177900000E+02  0.346377000000E+02  0.289900000000E+01
    6254 -0.765209400000E+02  0.346388000000E+02  0.135000000000E+01
    6264 -0.765222200000E+02  0.346391400000E+02  0.129100000000E+01
    6273 -0.765182400000E+02  0.346395600000E+02  0.862000000000E+00
    6280 -0.765167700000E+02  0.346391200000E+02  0.202000000000E+01
    6289 -0.765197300000E+02  0.346400300000E+02  0.105800000000E+01
    6296 -0.765211600000E+02  0.346403400000E+02  0.145600000000E+01
    6305 -0.765228100000E+02  0.346404800000E+02  0.953000000000E+00
    6313 -0.765171200000E+02  0.346408700000E+02  0.860000000000E+00
    6317 -0.765157600000E+02  0.346404100000E+02  0.130400000000E+01
    6332 -0.765186100000E+02  0.346413800000E+02  0.903000000000E+00
    6352 -0.765200000000E+02  0.346418800000E+02  0.105400000000E+01
    6353 -0.765212200000E+02  0.346416700000E+02  0.720000000000E+00
    6360 -0.765159500000E+02  0.346421000000E+02  0.295500000000E+01
    6370 -0.765145500000E+02  0.346419400000E+02  0.595000000000E+00
    6379 -0.765173800000E+02  0.346426200000E+02  0.860000000000E+00
    6394 -0.765148600000E+02  0.346431000000E+02  0.860000000000E+00
    6398 -0.765191700000E+02  0.346433500000E+02  0.812000000000E+00
    6402 -0.765134700000E+02  0.346432500000E+02  0.567000000000E+00
    6410 -0.765159800000E+02  0.346436800000E+02  0.976000000000E+00
    6438 -0.765174600000E+02  0.346443400000E+02  0.184800000000E+01
    6441 -0.765143600000E+02  0.346445400000E+02  0.944000000000E+00
    6458 -0.765189400000E+02  0.346449600000E+02  0.903000000000E+00
    6459 -0.765199100000E+02  0.346441000000E+02  0.753000000000E+00
    6483 -0.765158800000E+02  0.346453900000E+02  0.978000000000E+00
    6496 -0.765118500000E+02  0.346453000000E+02  0.561000000000E+00
    6512 -0.765174300000E+02  0.346460500000E+02  0.102300000000E+01
    6534 -0.765141100000E+02  0.346465200000E+02  0.985000000000E+00
    6569 -0.765159100000E+02  0.346472100000E+02  0.943000000000E+00
       1 3     5312     5313     5314
       2 3     5312     5318     5319
       3 3     5314     5320     5321
       4 3     5321     5324     5325
       5 3     5314     5313     5320
       6 3     5312     5319     5313
       7 3     5321     5320     5324
       8 3     5318     5330     5331
       9 3     5318     5331     5319
      10 3     5330     5335     5331
      11 3     5325     5324     5336
      12 3     5313     5319     5337
      13 3     5313     5340     5320
      14 3     5313     5337     5340
      15 3     5320     5345     5324
      16 3     5319     5349     5337
      17 3     5320     5340     5345
      18 3     5335     5352     5331
      19 3     5319     5331     5349
      20 3     5324     5361     5336
      21 3     5335     5363     5352
      22 3     5324     5345     5361
      23 3     5337     5368     5340
      24 3     5337     5349     5368
      25 3     5340     5375     5345
      26 3     5331     5352     5377
      27 3     5331     5377     5349
      28 3     5340     5368     5375
      29 3     5336     5361     5380
      30 3     5345     5384     5361
      31 3     5349     5389     5368
      32 3     5345     5375     5384
      33 3     5352     5363     5390
      34 3     5349     5377     5389
      35 3     5352     5390     5377
      36 3     5368     5394     5375
      37 3     5361     5395     5380
      38 3     5361     5384     5395
      39 3     5368     5389     5394
      40 3     5363     5398     5390
      41 3     5375     5404     5384
      42 3     5375     5394     5404
      43 3     5389     5377     5406
      44 3     5380     5395     5407
      45 3     5377     5390     5409
      46 3     5389     5411     5394
      47 3     5384     5413     5395
      48 3     5377     5409     5406
      49 3     5384     5404     5413
      50 3     5389     5406     5411
      51 3     5390     5398     5417
      52 3     5394     5419     5404
      53 3     5395     5420     5407
      54 3     5390     5417     5409
      55 3     5394     5411     5419
      56 3     5395     5413     5420
      57 3     5406     5424     5411
      58 3     5407     5420     5426
      59 3     5404     5428     5413
      60 3     5398     5430     5417
      61 3     5406     5409     5431
      62 3     5404     5419     5428
      63 3     5406     5431     5424
      64 3     5411     5437     5419
      65 3     5411     5424     5437
      66 3     5409     5417     5439
      67 3     5413     5441     5420
      68 3     5409     5439     5431
      69 3     5413     5428     5441
      70 3     5419     5445     5428
      71 3     5419     5437     5445
      72 3     5424     5431     5447
      73 3     5420     5450     5426
      74 3     5417     5430     5451
      75 3     5452     5453     5454
      76 3     5424     5447     5437
      77 3     5417     5451     5439
      78 3     5420     5441     5450
      79 3     5464     5426     5465
      80 3     5431     5439     5466
      81 3     5428     5468     5441
      82 3     5431     5466     5447
      83 3     5428     5445     5468
      84 3     5437     5471     5445
      85 3     5437     5447     5471
      86 3     5426     5450     5465
      87 3     5439     5451     5476
      88 3     5430     5477     5451
      89 3     5453     5464     5479
      90 3     5441     5481     5450
      91 3     5439     5476     5466
      92 3     5441     5468     5481
      93 3     5447     5466     5485
      94 3     5445     5487     5468
      95 3     5447     5485     5471
      96 3     5445     5471     5487
      97 3     5453     5479     5454
      98 3     5464     5465     5479
      99 3     5451     5477     5496
     100 3     5450     5500     5465
     101 3     5451     5496     5476
     102 3     5466     5476     5502
     103 3     5450     5481     5500
     104 3     5466     5502     5485
     105 3     5468     5509     5481
     106 3     5471     5485     5512
     107 3     5471     5512     5487
     108 3     5468     5487     5509
     109 3     5476     5496     5520
     110 3     5477     5523     5496
     111 3     5476     5520     5502
     112 3     5485     5502     5526
     113 3     5485     5526     5512
     114 3     5481     5528     5500
     115 3     5465     5529     5479
     116 3     5487     5530     5509
     117 3     5487     5512     5530
     118 3     5481     5509     5528
     119 3     5465     5500     5529
     120 3     5496     5538     5520
     121 3     5496     5523     5538
     122 3     5502     5520     5542
     123 3     5454     5479     5537
     124 3     5502     5542     5526
     125 3     5512     5526     5543
     126 3     5512     5543     5530
     127 3     5509     5546     5528
     128 3     5509     5530     5546
     129 3     5500     5528     5548
     130 3     5500     5548     5529
     131 3     5523     5549     5538
     132 3     5520     5538     5552
     133 3     5520     5552     5542
     134 3     5523     5554     5549
     135 3     5526     5542     5556
     136 3     5526     5556     5543
     137 3     5530     5543     5561
     138 3     5530     5561     5546
     139 3     5528     5546     5567
     140 3     5528     5567     5548
     141 3     5538     5549     5568
     142 3     5479     5529     5572
     143 3     5529     5548     5573
     144 3     5538     5568     5552
     145 3     5542     5552     5578
     146 3     5479     5572     5537
     147 3     5542     5578     5556
     148 3     5543     5556     5583
     149 3     5543     5583     5561
     150 3     5549     5554     5584
     151 3     5529     5573     5572
     152 3     5546     5561     5587
     153 3     5546     5587     5567
     154 3     5549     5584     5568
     155 3     5552     5568     5592
     156 3     5552     5592     5578
     157 3     5548     5567     5593
     158 3     5548     5593     5573
     159 3     5556     5578     5595
     160 3     5556     5595     5583
     161 3     5554     5597     5584
     162 3     5561     5583     5599
     163 3     5561     5599     5587
     164 3     5568     5584     5603
     165 3     5568     5603     5592
     166 3     5567     5587     5607
     167 3     5567     5607     5593
     168 3     5578     5592     5609
     169 3     5578     5609     5595
     170 3     5584     5597     5613
     171 3     5583     5595     5615
     172 3     5583     5615     5599
     173 3     5537     5572     5614
     174 3     5584     5613     5603
     175 3     5587     5599     5621
     176 3     5587     5621     5607
     177 3     5573     5593     5625
     178 3     5573     5625     5572
     179 3     5592     5603     5628
     180 3     5592     5628     5609
     181 3     5595     5609     5631
     182 3     5595     5631     5615
     183 3     5593     5607     5633
     184 3     5597     5636     5613
     185 3     5599     5615     5639
     186 3     5599     5639     5621
     187 3     5603     5613     5640
     188 3     5607     5621     5644
     189 3     5603     5640     5628
     190 3     5593     5633     5625
     191 3     5607     5644     5633
     192 3     5609     5628     5649
     193 3     5609     5649     5631
     194 3     5613     5636     5656
     195 3     5615     5631     5658
     196 3     5615     5658     5639
     197 3     5621     5661     5644
     198 3     5613     5656     5640
     199 3     5572     5625     5663
     200 3     5572     5663     5614
     201 3     5621     5639     5661
     202 3     5628     5640     5665
     203 3     5628     5665     5649
     204 3     5631     5649     5674
     205 3     5631     5674     5658
     206 3     5636     5676     5656
     207 3     5644     5678     5633
     208 3     5640     5656     5679
     209 3     5639     5680     5661
     210 3     5639     5658     5680
     211 3     5640     5679     5665
     212 3     5644     5661     5678
     213 3     5649     5665     5683
     214 3     5649     5683     5674
     215 3     5656     5676     5685
     216 3     5625     5633     5686
     217 3     5656     5685     5679
     218 3     5658     5674     5689
     219 3     5658     5689     5680
     220 3     5665     5679     5694
     221 3     5661     5697     5678
     222 3     5661     5680     5697
     223 3     5665     5694     5683
     224 3     5625     5686     5663
     225 3     5633     5678     5686
     226 3     5676     5699     5685
     227 3     5674     5683     5703
     228 3     5614     5663     5702
     229 3     5674     5703     5689
     230 3     5679     5685     5710
     231 3     5676     5711     5699
     232 3     5679     5710     5694
     233 3     5680     5689     5716
     234 3     5680     5716     5697
     235 3     5683     5694     5719
     236 3     5685     5699     5720
     237 3     5683     5719     5703
     238 3     5685     5720     5710
     239 3     5678     5697     5726
     240 3     5678     5726     5686
     241 3     5689     5703     5728
     242 3     5689     5728     5716
     243 3     5694     5710     5729
     244 3     5699     5711     5732
     245 3     5694     5729     5719
     246 3     5699     5732     5720
     247 3     5697     5716     5734
     248 3     5711     5735     5736
     249 3     5711     5736     5732
     250 3     5697     5734     5726
     251 3     5703     5719     5739
     252 3     5710     5720     5741
     253 3     5663     5686     5743
     254 3     5703     5739     5728
     255 3     5663     5743     5702
     256 3     5710     5741     5729
     257 3     5735     5752     5753
     258 3     5716     5728     5754
     259 3     5735     5753     5736
     260 3     5719     5729     5755
     261 3     5720     5732     5756
     262 3     5716     5754     5734
     263 3     5719     5755     5739
     264 3     5720     5756     5741
     265 3     5726     5734     5764
     266 3     5729     5741     5765
     267 3     5732     5736     5766
     268 3     5728     5739     5767
     269 3     5732     5766     5756
     270 3     5728     5767     5754
     271 3     5729     5765     5755
     272 3     5752     5776     5777
     273 3     5686     5726     5779
     274 3     5752     5777     5753
     275 3     5741     5756     5785
     276 3     5736     5753     5786
     277 3     5739     5755     5788
     278 3     5734     5754     5789
     279 3     5736     5786     5766
     280 3     5686     5779     5743
     281 3     5734     5789     5764
     282 3     5726     5764     5779
     283 3     5741     5785     5765
     284 3     5739     5788     5767
     285 3     5776     5798     5799
     286 3     5776     5799     5777
     287 3     5756     5766     5802
     288 3     5755     5765     5803
     289 3     5754     5767     5806
     290 3     5753     5777     5807
     291 3     5756     5802     5785
     292 3     5755     5803     5788
     293 3     5753     5807     5786
     294 3     5754     5806     5789
     295 3     5765     5785     5814
     296 3     5766     5786     5817
     297 3     5767     5788     5821
     298 3     5766     5817     5802
     299 3     5765     5814     5803
     300 3     5798     5823     5824
     301 3     5798     5824     5799
     302 3     5767     5821     5806
     303 3     5777     5799     5827
     304 3     5764     5789     5829
     305 3     5777     5827     5807
     306 3     5785     5802     5830
     307 3     5764     5829     5779
     308 3     5788     5803     5832
     309 3     5786     5807     5833
     310 3     5785     5830     5814
     311 3     5786     5833     5817
     312 3     5788     5832     5821
     313 3     5789     5806     5835
     314 3     5799     5824     5837
     315 3     5802     5817     5839
     316 3     5789     5835     5829
     317 3     5799     5837     5827
     318 3     5803     5814     5841
     319 3     5823     5846     5824
     320 3     5823     5847     5846
     321 3     5802     5839     5830
     322 3     5803     5841     5832
     323 3     5807     5827     5850
     324 3     5806     5821     5851
     325 3     5807     5850     5833
     326 3     5806     5851     5835
     327 3     5814     5830     5855
     328 3     5824     5846     5856
     329 3     5824     5856     5837
     330 3     5817     5833     5858
     331 3     5814     5855     5841
     332 3     5821     5832     5862
     333 3     5817     5858     5839
     334 3     5821     5862     5851
     335 3     5827     5837     5865
     336 3     5830     5839     5868
     337 3     5827     5865     5850
     338 3     5830     5868     5855
     339 3     5832     5841     5873
     340 3     5833     5850     5876
     341 3     5832     5873     5862
     342 3     5846     5847     5879
     343 3     5833     5876     5858
     344 3     5856     5881     5837
     345 3     5839     5858     5882
     346 3     5841     5855     5888
     347 3     5837     5881     5865
     348 3     5846     5891     5856
     349 3     5839     5882     5868
     350 3     5855     5868     5894
     351 3     5841     5888     5873
     352 3     5846     5879     5891
     353 3     5850     5865     5897
     354 3     5856     5891     5881
     355 3     5850     5897     5876
     356 3     5855     5894     5888
     357 3     5858     5876     5901
     358 3     5868     5882     5903
     359 3     5858     5901     5882
     360 3     5865     5881     5912
     361 3     5868     5903     5894
     362 3     5903     5917     5894
     363 3     5865     5912     5897
     364 3     5873     5888     5920
     365 3     5876     5897     5924
     366 3     5882     5901     5925
     367 3     5876     5924     5901
     368 3     5891     5927     5881
     369 3     5888     5894     5929
     370 3     5882     5925     5903
     371 3     5888     5929     5920
     372 3     5881     5927     5912
     373 3     5879     5936     5891
     374 3     5891     5936     5927
     375 3     5897     5912     5947
     376 3     5903     5949     5917
     377 3     5901     5924     5951
     378 3     5903     5925     5949
     379 3     5897     5947     5924
     380 3     5901     5951     5925
     381 3     5912     5927     5964
     382 3     5925     5951     5967
     383 3     5920     5929     5968
     384 3     5912     5964     5947
     385 3     5924     5947     5973
     386 3     5925     5967     5949
     387 3     5924     5973     5951
     388 3     5936     5990     5927
     389 3     5951     5973     5995
     390 3     5947     5964     5996
     391 3     5951     5995     5967
     392 3     5927     5990     5964
     393 3     5947     5996     5973
     394 3     5967     5995     6010
     395 3     5964     5990     6017
     396 3     5964     6017     5996
     397 3     5973     6023     5995
     398 3     5973     5996     6023
     399 3     5990     6036     6017
     400 3     5995     6023     6045
     401 3     5995     6045     6010
     402 3     5996     6050     6023
     403 3     5996     6017     6050
     404 3     6017     6036     6070
     405 3     6017     6070     6050
     406 3     6045     6023     6077
     407 3     6023     6050     6077
     408 3     6091     6092     6036
     409 3     6036     6092     6070
     410 3     6050     6070     6102
     411 3     6050     6102     6077
     412 3     6070     6092     6118
     413 3     6070     6118     6102
     414 3     6077     6102     6120
     415 3     6091     6131     6092
     416 3     6092     6131     6143
     417 3     6092     6143     6118
     418 3     6102     6118     6148
     419 3     6102     6148     6120
     420 3     6131     6166     6143
     421 3     6118     6143     6169
     422 3     6120     6148     6173
     423 3     6118     6169     6148
     424 3     6131     6186     6166
     425 3     6143     6166     6189
     426 3     6143     6189     6169
     427 3     6169     6189     6204
     428 3     6148     6169     6210
     429 3     6166     6213     6189
     430 3     6148     6210     6173
     431 3     6166     6186     6213
     432 3     6169     6204     6210
     433 3     6189     6223     6204
     434 3     6189     6213     6223
     435 3     6186     6231     6213
     436 3     6204     6232     6210
     437 3     6186     6235     6231
     438 3     6204     6223     6232
     439 3     6213     6254     6223
     440 3     6213     6231     6254
     441 3     6223     6254     6264
     442 3     6223     6264     6232
     443 3     6235     6273     6231
     444 3     6235     6280     6273
     445 3     6231     6289     6254
     446 3     6231     6273     6289
     447 3     6254     6296     6264
     448 3     6254     6289     6296
     449 3     6264     6305     6232
     450 3     6280     6313     6273
     451 3     6264     6296     6305
     452 3     6280     6317     6313
     453 3     6273     6332     6289
     454 3     6273     6313     6332
     455 3     6289     6352     6296
     456 3     6296     6353     6305
     457 3     6289     6332     6352
     458 3     6296     6352     6353
     459 3     6317     6360     6313
     460 3     6317     6370     6360
     461 3     6313     6379     6332
     462 3     6313     6360     6379
     463 3     6370     6394     6360
     464 3     6352     6332     6398
     465 3     6370     6402     6394
     466 3     6332     6379     6398
     467 3     6360     6394     6410
     468 3     6360     6410     6379
     469 3     6379     6410     6438
     470 3     6379     6438     6398
     471 3     6394     6402     6441
     472 3     6394     6441     6410
     473 3     6398     6458     6459
     474 3     6398     6438     6458
     475 3     6410     6441     6483
     476 3     6410     6483     6438
     477 3     6402     6496     6441
     478 3     6438     6512     6458
     479 3     6438     6483     6512
     480 3     6441     6534     6483
     481 3     6441     6496     6534
     482 3     6483     6569     6512
     483 3     6483     6534     6569
     484 3     5949     5967     6010
 0                                                                              
 0                                                                              
 2                                                                              
 62                                                                             
      43       1                                                                
    5452
    5453
    5464
    5426
    5407
    5380
    5336
    5325
    5321
    5314
    5312
    5318
    5330
    5335
    5363
    5398
    5430
    5477
    5523
    5554
    5597
    5636
    5676
    5711
    5735
    5752
    5776
    5798
    5823
    5847
    5879
    5936
    5990
    6036
    6091
    6131
    6186
    6235
    6280
    6317
    6370
    6402
    6496
      18       1                                                                
    5894
    5929
    5968
    6459
    6398
    6352
    6353
    6305
    6232
    6210
    6173
    6120
    6077
    6045
    6010
    5949
    5917
    5894
