FileFmt      1050624           0           0
NELG           58641         560         529
       -8112
       -8134
       -8241
       -8259
       -8280
       -8308
       -8381
        8405
        8423
       -8477
       -8513
       -8524
        8551
        8599
        8632
       -8659
       -8677
        8728
       -8732
        8759
       -8784
       -8823
       -8827
        8851
        8853
        8883
        8907
        8961
        8979
       -8995
        8998
       -9000
        9020
       -9036
        9074
       -9115
        9124
        9152
        9155
        9156
       -9173
       -9175
        9176
        9224
        9239
        9256
        9262
        9285
       -9329
        9344
       -9345
        9350
        9355
        9365
       -9432
        9449
       -9455
        9466
       -9473
        9525
        9532
        9548
       -9558
        9559
        9572
        9573
        9583
       -9589
        9635
        9657
        9670
        9696
        9724
        9729
        9743
        9748
        9749
       -9768
        9806
       -9808
        9859
        9895
        9908
        9977
        9984
       10012
      -10024
      -10037
       10064
       10076
       10093
       10103
       10125
       10187
       10190
      -10197
       10201
      -10256
       10280
       10304
       10315
       10338
       10367
       10463
       10489
      -10506
       10579
       10615
       10652
       10678
       10708
       10718
       10756
      -10769
       10774
       10849
       10891
       11018
       11020
       11045
       11103
       11117
      -11196
      -11211
       11283
      -11378
       11432
       11440
       11511
       11513
       11514
       11608
       11621
       11634
       11648
      -11654
      -11659
       11681
      -11689
       11717
       11733
       11790
       11815
       11829
       11846
       11858
       11873
       11885
       11898
      -11927
       11949
       11952
       11960
       11961
       11966
       11994
       12099
       12127
       12131
      -12134
       12152
       12290
      -12367
       12402
       12403
       12404
       12406
       12409
       12445
       12509
       12539
       12705
       12709
       12719
      -12722
       12754
       12826
       12860
       12867
       12892
       12894
      -12895
       13112
       13137
      -13168
       13181
       13215
       13285
       13342
       13353
       13398
       13444
       13552
       13614
       13662
       13691
      -13771
      -13791
       13867
       13870
       13977
       14018
       14105
       14189
       14224
       14262
      -14282
       14485
       14564
       14580
       14686
       14778
       14792
       14837
       14858
       15086
       15119
       15170
      -15183
       15228
       15344
       15368
       15434
       15640
       15644
      -15781
       15803
       15828
       15887
       15939
       15952
       16048
       16173
       16190
       16342
       16402
       16504
       16664
       16679
       17102
      -17215
       17598
       17729
       17907
      -17932
       17955
       18202
       18260
       18292
       18365
      -18552
       18571
       18627
       18953
       19069
       19235
       19312
       19528
       19807
       19911
       19980
      -20052
       20116
       20204
       20223
       20352
      -20443
       20452
       20453
       20794
       20895
       20980
       21065
       21292
       21320
       21372
      -21406
       21571
       21677
       21921
       21955
       22002
       22222
       22324
       22354
       22358
       22391
       22469
       22716
       22765
      -22822
       22928
       22953
      -22961
       23047
       23086
       23193
       23252
       23367
       23369
       23406
      -23488
       23583
       23643
      -23686
       23750
       23765
       23808
       23853
       23991
       24054
       24105
       24109
       24193
       24221
       24329
       24367
       24369
       24391
       24434
      -24464
       24565
       24583
       24595
      -24761
       24828
       24863
       24870
       24936
       24959
       24999
       25030
       25448
       25593
       25650
       25682
       25685
       26016
       26092
       26102
       26187
       26194
       26235
       26370
       26396
       26621
       26636
       26685
       26754
       26914
       26929
       27117
       27280
      -27326
       27330
       27405
       27571
       27642
       27757
       28096
       28777
       28864
       28885
       28965
      -29205
       29210
       29259
       29359
       29483
       29530
       29730
       30176
       30419
       30454
       30560
       30624
       30700
       30782
       30822
       31004
       31111
       31165
       31279
      -31920
       32534
       32752
       32857
       32869
       32876
       33036
       33056
      -33126
       33186
       33227
       33341
       33394
       33434
       33472
       33523
       33537
       33550
       33607
       33648
       33687
       33726
       33911
       34018
       34031
       34066
       34125
       34144
      -34193
       34224
       34241
       34325
       34387
       34502
       34563
      -34571
       34609
       34611
       34625
      -34634
       34707
       34717
       34823
       34917
       35037
       35058
       35144
      -35154
       35162
       35230
       35337
       35381
       35505
      -35548
       35571
       35665
       35784
       35823
       35865
       35877
       35966
       36117
       36142
       36293
       36323
       36418
       36494
      -36601
       36604
       36671
       36779
       36906
       37049
       37105
       37185
       37197
       37214
       37297
       37471
      -37546
       37664
       37674
       37775
       37862
       37939
       38034
       38145
       38248
       38364
       38369
       38441
      -38576
       38608
       38622
       38777
       38937
       38956
      -39052
       39122
       39199
      -39283
       39336
       39374
       39430
       39474
       39479
      -39545
       39576
       39632
       39661
       39691
       39723
       39753
       39778
       39782
      -39794
       39813
       39825
       39859
       39884
      -39895
       39910
      -39926
       39976
       39989
       40014
      -40025
       40073
       40108
       40131
       40145
      -40224
       40230
       40245
      -40305
       40319
      -40336
       40345
       40390
      -40403
       40488
       40497
      -40541
       40625
      -40658
      -40814
NNODG          32218         319         297
       -4071
       -4129
       -4143
       -4193
        4200
       -4228
        4264
        4285
       -4323
       -4337
        4350
        4384
       -4407
        4413
       -4447
        4452
        4477
       -4491
        4515
        4517
        4564
        4581
        4583
       -4587
       -4605
        4635
        4643
        4649
       -4666
        4675
        4690
        4734
        4735
        4741
        4742
       -4743
        4782
        4784
       -4792
       -4812
        4826
        4831
        4838
        4879
        4885
        4892
        4930
        4933
        4940
       -4945
        4946
        4996
        5001
        5042
        5047
       -5053
       -5081
        5104
        5126
        5165
        5182
        5190
        5197
        5210
        5224
       -5239
        5275
        5323
        5339
        5357
        5376
        5444
       -5499
        5555
        5560
        5582
        5591
       -5612
        5653
       -5771
        5772
        5815
        5825
        5938
        5980
        5981
        5982
       -5985
        6031
        6038
        6047
        6053
        6057
        6071
        6095
        6123
        6159
       -6195
        6207
        6283
        6298
        6302
       -6365
        6386
       -6416
        6451
        6452
        6453
        6528
        6620
        6623
        6631
        6634
        6707
        6725
        6727
       -6830
        6845
        6863
        6942
        6980
        7093
        7165
        7203
        7258
        7320
        7389
       -7409
        7654
        7714
        7766
        7805
        7933
        7948
       -7956
        7984
        8010
        8126
       -8192
        8240
        8333
        8407
        8469
        8629
        8676
        8845
        9173
        9388
        9581
       -9585
        9600
        9754
        9786
        9948
        9975
       10170
       10332
       10497
       10647
       10820
       10994
       11000
      -11182
      -11215
       11280
       11327
       11453
       11500
       11800
       11819
       11847
       12018
       12053
       12094
      -12193
       12285
       12339
       12358
       12407
       12596
       12721
       12778
       12787
       12830
       12945
       12970
       13021
       13096
       13116
      -13172
       13240
       13246
       13344
       13385
       13408
       13773
       13867
       13897
       14161
       14170
       14217
       14339
       14468
       14476
       14651
       14776
      -14905
       14908
       14952
       15167
       15721
       15771
       15779
       16037
       16246
       16610
       16629
       16710
       16750
       16806
       16828
      -17410
       17737
       17858
       17905
       17913
       18088
       18148
       18215
       18246
       18257
       18266
       18488
       18561
       18582
       18613
      -18649
       18677
       18819
       18855
      -18862
       18883
       18891
       19055
       19134
       19186
       19194
       19295
       19423
       19473
       19544
       19585
       19746
       19866
       19912
      -20034
       20036
       20202
       20280
       20356
       20364
       20508
       20618
       20674
       20760
       20933
       20995
       20997
      -21103
       21212
       21290
      -21352
       21428
       21516
       21546
       21574
       21658
       21674
       21728
       21743
      -21754
       21776
       21812
      -21820
       21877
       21886
       21936
       21957
      -22022
       22026
      -22074
       22083
       22125
       22184
      -22218
       22274
      -22394
NFLUXF             0
NETA             128          29           0
NSTAE              0           0           0
NSTAV              0           0           0
NSTAM              0           0           0
NSTAC              0           0           0
RES NODE          11         248
                   5           7           8          11          12          14
                  16          17          19          20          21          22
                  23          26          27          28          30          31
                  32          33          34          35          37          38
                  41          42          43          44          45          46
                  47          48          49          51          52          53
                  54          55          58          59          60          61
                  62          63          64          65          67          68
                  69          70          71          72          74          75
                  76          77          79          81          82          83
                  84          85          86          87          89          90
                  91          92          93          94          95          96
                  97          99         100         101         102         104
                 106         107         108         109         110         111
                 112         113         114         115         116         118
                 119         120         121         122         123         124
                 125         126         127         129         130         131
                 132         133         134         136         137         138
                 140         141         142         143         144         145
                 146         147         148         149         151         152
                 153         154         155         156         157         158
                 159         160         161         162         165         166
                 167         168         169         170         171         172
                 173         174         176         177         178         179
                 180         181         182         183         184         185
                 186         187         188         189         191         192
                 193         194         195         196         197         198
                 199         200         201         202         203         204
                 205         206         208         209         210         211
                 212         213         214         215         216         217
                 218         219         220         221         223         224
                 225         226         227         228         229         230
                 231         232         233         234         235         236
                 238         239         240         242         243         244
                 245         246         247         248         249         250
                 251         252         253         254         255         257
                 258         259         260         261         262         263
                 264         265         266         267         268         270
                 271         273         274         275         276         277
                 278         279         280         282         283         285
                 286         287         288         290         292         293
                 294         296
COMM PE            6
RECV PE            2           8
                   4          10          13          18          24          29
                  36          40
RECV PE            3          15
                  50          56          66          73          80          88
                  98         105         117         128         139         150
                 163         164         175
RECV PE            4           2
                   1           2
RECV PE            8           3
                  78         103         135
RECV PE            9           7
                   3           6           9          15          25          39
                  57
RECV PE           10          14
                 190         207         222         237         241         256
                 269         272         281         284         289         291
                 295         297
SEND PE            2           8
                   7          14          17          21          28          34
                  41          45
SEND PE            3          15
                  45          52          62          72          82          93
                 102         113         124         136         147         161
                 176         178         193
SEND PE            4           2
                   5           7
SEND PE            8           3
                  83         116         151
SEND PE            9           8
                   5           8          12          20          30          44
                  63          83
SEND PE           10          14
                 151         166         201         217         228         247
                 260         264         275         278         286         288
                 293         296
