Nodal attrs for bi_1997_v2.grd - 10/24/2013                                     
         297
           1
primitive_weighting_in_continuity_equation                                      
1                                                                               
           1
  0.300000000E-01
primitive_weighting_in_continuity_equation                                      
          55
      4071    0.50000000E-02
      4129    0.50000000E-02
      4143    0.50000000E-02
      4193    0.50000000E-02
      4200    0.50000000E-02
      4228    0.50000000E-02
      4285    0.50000000E-02
      4323    0.50000000E-02
      4384    0.50000000E-02
      4447    0.50000000E-02
      4452    0.50000000E-02
      4517    0.50000000E-02
      4581    0.50000000E-02
      4605    0.50000000E-02
      4675    0.50000000E-02
      4735    0.50000000E-02
      4782    0.50000000E-02
      4792    0.50000000E-02
      4879    0.50000000E-02
      4940    0.50000000E-02
      5001    0.50000000E-02
      5081    0.50000000E-02
      5197    0.50000000E-02
      5275    0.50000000E-02
      5323    0.50000000E-02
      5357    0.50000000E-02
      5582    0.50000000E-02
      5612    0.50000000E-02
      5825    0.50000000E-02
      5938    0.50000000E-02
      5980    0.50000000E-02
      5981    0.50000000E-02
      5982    0.50000000E-02
      6365    0.50000000E-02
      6631    0.50000000E-02
      6725    0.50000000E-02
      6727    0.50000000E-02
      6863    0.50000000E-02
      6942    0.50000000E-02
      7956    0.50000000E-02
      8240    0.50000000E-02
      8676    0.50000000E-02
      9600    0.50000000E-02
      9948    0.50000000E-02
     11280    0.50000000E-02
     11327    0.50000000E-02
     11847    0.50000000E-02
     12778    0.50000000E-02
     13172    0.50000000E-02
     14217    0.50000000E-02
     14339    0.50000000E-02
     14905    0.50000000E-02
     16629    0.50000000E-02
     17410    0.50000000E-02
     18649    0.50000000E-02
