bi_1997_v2.grd                                                                  
     461     271
   10747 -0.770271200000E+02  0.346807800000E+02  0.378600000000E+01
   10802 -0.770262700000E+02  0.346811100000E+02  0.340100000000E+01
   10803 -0.770268900000E+02  0.346816300000E+02  0.187900000000E+01
   10878 -0.770254100000E+02  0.346814700000E+02  0.356600000000E+01
   10879 -0.770260200000E+02  0.346819700000E+02  0.215500000000E+01
   10934 -0.770244800000E+02  0.346818000000E+02  0.310400000000E+01
   10935 -0.770251100000E+02  0.346823300000E+02  0.248600000000E+01
   10966 -0.770267000000E+02  0.346824700000E+02  0.119300000000E+01
   11006 -0.770233500000E+02  0.346822700000E+02  0.277800000000E+01
   11007 -0.770241300000E+02  0.346827100000E+02  0.281100000000E+01
   11025 -0.770257800000E+02  0.346828300000E+02  0.124900000000E+01
   11089 -0.770248300000E+02  0.346831900000E+02  0.124400000000E+01
   11091 -0.770222200000E+02  0.346828000000E+02  0.254600000000E+01
   11092 -0.770231500000E+02  0.346831200000E+02  0.300200000000E+01
   11106 -0.770216200000E+02  0.346830200000E+02  0.229900000000E+01
   11107 -0.770219000000E+02  0.346833100000E+02  0.389800000000E+01
   11112 -0.770265000000E+02  0.346833300000E+02  0.122300000000E+01
   11135 -0.770210600000E+02  0.346832500000E+02  0.227300000000E+01
   11136 -0.770214500000E+02  0.346835100000E+02  0.390500000000E+01
   11137 -0.770223500000E+02  0.346835100000E+02  0.293400000000E+01
   11144 -0.770238800000E+02  0.346835500000E+02  0.105000000000E+01
   11157 -0.770255200000E+02  0.346836800000E+02  0.133600000000E+01
   11166 -0.770218300000E+02  0.346837100000E+02  0.310800000000E+01
   11173 -0.770205100000E+02  0.346834800000E+02  0.227400000000E+01
   11174 -0.770209200000E+02  0.346837600000E+02  0.390300000000E+01
   11203 -0.770229600000E+02  0.346839100000E+02  0.995000000000E+00
   11218 -0.770198800000E+02  0.346837100000E+02  0.209100000000E+01
   11219 -0.770203200000E+02  0.346840100000E+02  0.390800000000E+01
   11222 -0.770245700000E+02  0.346840200000E+02  0.125200000000E+01
   11223 -0.770213900000E+02  0.346840200000E+02  0.259700000000E+01
   11245 -0.770262200000E+02  0.346841900000E+02  0.127700000000E+01
   11247 -0.770220500000E+02  0.346842000000E+02  0.104900000000E+01
   11251 -0.770192200000E+02  0.346839500000E+02  0.190700000000E+01
   11252 -0.770197100000E+02  0.346842400000E+02  0.388900000000E+01
   11259 -0.770207700000E+02  0.346843100000E+02  0.252400000000E+01
   11276 -0.770236300000E+02  0.346843600000E+02  0.579000000000E+00
   11298 -0.770252300000E+02  0.346845100000E+02  0.142700000000E+01
   11300 -0.770185500000E+02  0.346842400000E+02  0.199900000000E+01
   11301 -0.770191100000E+02  0.346844900000E+02  0.390100000000E+01
   11302 -0.770280200000E+02  0.346845400000E+02  0.694000000000E+00
   11309 -0.770201300000E+02  0.346845600000E+02  0.278300000000E+01
   11317 -0.770212900000E+02  0.346846000000E+02  0.103700000000E+01
   11325 -0.770227100000E+02  0.346846900000E+02  0.702000000000E+00
   11329 -0.770195800000E+02  0.346847000000E+02  0.335900000000E+01
   11331 -0.770268600000E+02  0.346847500000E+02  0.101100000000E+01
   11346 -0.770180100000E+02  0.346844600000E+02  0.194100000000E+01
   11347 -0.770185300000E+02  0.346847700000E+02  0.389200000000E+01
   11348 -0.770242800000E+02  0.346848300000E+02  0.778000000000E+00
   11362 -0.770206100000E+02  0.346849000000E+02  0.111500000000E+01
   11382 -0.770218300000E+02  0.346849900000E+02  0.824000000000E+00
   11385 -0.770258500000E+02  0.346850200000E+02  0.126900000000E+01
   11390 -0.770174900000E+02  0.346847000000E+02  0.196500000000E+01
   11391 -0.770179400000E+02  0.346850400000E+02  0.387300000000E+01
   11395 -0.770191000000E+02  0.346850400000E+02  0.260800000000E+01
   11412 -0.770233600000E+02  0.346851600000E+02  0.557000000000E+00
   11417 -0.770211200000E+02  0.346851800000E+02  0.937000000000E+00
   11418 -0.770198200000E+02  0.346852000000E+02  0.111800000000E+01
   11427 -0.770168600000E+02  0.346849400000E+02  0.174200000000E+01
   11428 -0.770173500000E+02  0.346852800000E+02  0.386500000000E+01
   11432 -0.770249200000E+02  0.346853100000E+02  0.115600000000E+01
   11437 -0.770273400000E+02  0.346853300000E+02  0.741000000000E+00
   11446 -0.770184700000E+02  0.346853700000E+02  0.210900000000E+01
   11459 -0.770224200000E+02  0.346854900000E+02  0.570000000000E+00
   11462 -0.770263500000E+02  0.346855500000E+02  0.103000000000E+01
   11472 -0.770162000000E+02  0.346852500000E+02  0.180900000000E+01
   11473 -0.770167500000E+02  0.346855500000E+02  0.386700000000E+01
   11484 -0.770205100000E+02  0.346855700000E+02  0.975000000000E+00
   11489 -0.770240200000E+02  0.346856300000E+02  0.672000000000E+00
   11495 -0.770178100000E+02  0.346856600000E+02  0.219800000000E+01
   11503 -0.770190900000E+02  0.346856800000E+02  0.108600000000E+01
   11506 -0.770254900000E+02  0.346857900000E+02  0.143700000000E+01
   11517 -0.770172300000E+02  0.346858100000E+02  0.295600000000E+01
   11519 -0.770213600000E+02  0.346858100000E+02  0.725000000000E+00
   11527 -0.770156100000E+02  0.346854700000E+02  0.157700000000E+01
   11528 -0.770161400000E+02  0.346858600000E+02  0.381800000000E+01
   11539 -0.770231000000E+02  0.346859700000E+02  0.555000000000E+00
   11541 -0.770197400000E+02  0.346859700000E+02  0.975000000000E+00
   11552 -0.770183600000E+02  0.346860700000E+02  0.106700000000E+01
   11555 -0.770246500000E+02  0.346860900000E+02  0.100000000000E+01
   11571 -0.770167500000E+02  0.346861800000E+02  0.220100000000E+01
   11573 -0.770148700000E+02  0.346857900000E+02  0.159300000000E+01
   11574 -0.770154600000E+02  0.346861800000E+02  0.380400000000E+01
   11576 -0.770259300000E+02  0.346862200000E+02  0.123900000000E+01
   11578 -0.770266300000E+02  0.346861800000E+02  0.906000000000E+00
   11596 -0.770221400000E+02  0.346863300000E+02  0.557000000000E+00
   11600 -0.770203900000E+02  0.346863400000E+02  0.810000000000E+00
   11601 -0.770175200000E+02  0.346863900000E+02  0.108100000000E+01
   11607 -0.770237800000E+02  0.346864200000E+02  0.588000000000E+00
   11609 -0.770190200000E+02  0.346864100000E+02  0.948000000000E+00
   11620 -0.770141700000E+02  0.346861000000E+02  0.158000000000E+01
   11621 -0.770147500000E+02  0.346865100000E+02  0.380300000000E+01
   11624 -0.770252500000E+02  0.346865500000E+02  0.133900000000E+01
   11631 -0.770160800000E+02  0.346865600000E+02  0.182100000000E+01
   11641 -0.770196300000E+02  0.346866500000E+02  0.856000000000E+00
   11643 -0.770211300000E+02  0.346867700000E+02  0.555000000000E+00
   11646 -0.770229000000E+02  0.346867600000E+02  0.555000000000E+00
   11650 -0.770134500000E+02  0.346863900000E+02  0.138900000000E+01
   11651 -0.770140200000E+02  0.346868100000E+02  0.381000000000E+01
   11658 -0.770244300000E+02  0.346868600000E+02  0.926000000000E+00
   11671 -0.770182600000E+02  0.346868800000E+02  0.924000000000E+00
   11677 -0.770153500000E+02  0.346869300000E+02  0.152200000000E+01
   11680 -0.770167600000E+02  0.346869000000E+02  0.104400000000E+01
   11690 -0.770259300000E+02  0.346870300000E+02  0.124800000000E+01
   11696 -0.770126900000E+02  0.346867100000E+02  0.153600000000E+01
   11697 -0.770132900000E+02  0.346871100000E+02  0.382600000000E+01
   11707 -0.770236100000E+02  0.346871800000E+02  0.555000000000E+00
   11709 -0.770219500000E+02  0.346871700000E+02  0.555000000000E+00
   11712 -0.770190200000E+02  0.346872200000E+02  0.793000000000E+00
   11713 -0.770146000000E+02  0.346872600000E+02  0.145500000000E+01
   11721 -0.770199900000E+02  0.346873000000E+02  0.669000000000E+00
   11723 -0.770250500000E+02  0.346873000000E+02  0.125000000000E+01
   11724 -0.770174900000E+02  0.346872700000E+02  0.903000000000E+00
   11732 -0.770160100000E+02  0.346873300000E+02  0.872000000000E+00
   11742 -0.770119600000E+02  0.346870100000E+02  0.162000000000E+01
   11743 -0.770125700000E+02  0.346874100000E+02  0.385000000000E+01
   11761 -0.770138600000E+02  0.346875300000E+02  0.164300000000E+01
   11768 -0.770227600000E+02  0.346875300000E+02  0.555000000000E+00
   11769 -0.770242600000E+02  0.346876000000E+02  0.873000000000E+00
   11770 -0.770254500000E+02  0.346876400000E+02  0.103100000000E+01
   11776 -0.770112600000E+02  0.346872800000E+02  0.140700000000E+01
   11777 -0.770118600000E+02  0.346876900000E+02  0.387000000000E+01
   11783 -0.770209300000E+02  0.346876600000E+02  0.555000000000E+00
   11785 -0.770152200000E+02  0.346877300000E+02  0.755000000000E+00
   11786 -0.770167200000E+02  0.346876900000E+02  0.751000000000E+00
   11795 -0.770131700000E+02  0.346878200000E+02  0.171500000000E+01
   11807 -0.770234800000E+02  0.346878800000E+02  0.555000000000E+00
   11808 -0.770181800000E+02  0.346879300000E+02  0.682000000000E+00
   11810 -0.770174500000E+02  0.346878100000E+02  0.716000000000E+00
   11817 -0.770105500000E+02  0.346875600000E+02  0.119000000000E+01
   11818 -0.770111600000E+02  0.346879700000E+02  0.385900000000E+01
   11824 -0.770144000000E+02  0.346880400000E+02  0.808000000000E+00
   11832 -0.770218700000E+02  0.346879600000E+02  0.555000000000E+00
   11836 -0.770249500000E+02  0.346881200000E+02  0.984000000000E+00
   11841 -0.770124600000E+02  0.346881200000E+02  0.178500000000E+01
   11850 -0.770137100000E+02  0.346881800000E+02  0.994000000000E+00
   11854 -0.770159300000E+02  0.346882100000E+02  0.555000000000E+00
   11855 -0.770240500000E+02  0.346882400000E+02  0.784000000000E+00
   11856 -0.770190500000E+02  0.346881600000E+02  0.610000000000E+00
   11858 -0.770099100000E+02  0.346878200000E+02  0.117900000000E+01
   11859 -0.770104800000E+02  0.346882400000E+02  0.387200000000E+01
   11869 -0.770227700000E+02  0.346882400000E+02  0.555000000000E+00
   11871 -0.770197800000E+02  0.346882800000E+02  0.555000000000E+00
   11878 -0.770117400000E+02  0.346883900000E+02  0.205300000000E+01
   11891 -0.770234800000E+02  0.346884800000E+02  0.555000000000E+00
   11894 -0.770092200000E+02  0.346881300000E+02  0.129300000000E+01
   11895 -0.770098100000E+02  0.346885100000E+02  0.378200000000E+01
   11902 -0.770131100000E+02  0.346885600000E+02  0.100200000000E+01
   11907 -0.770150500000E+02  0.346886300000E+02  0.586000000000E+00
   11911 -0.770208500000E+02  0.346884800000E+02  0.555000000000E+00
   11914 -0.770110700000E+02  0.346886600000E+02  0.218200000000E+01
   11918 -0.770167200000E+02  0.346886600000E+02  0.555000000000E+00
   11926 -0.770219300000E+02  0.346886700000E+02  0.555000000000E+00
   11929 -0.770086400000E+02  0.346883700000E+02  0.123000000000E+01
   11930 -0.770091700000E+02  0.346887700000E+02  0.366400000000E+01
   11936 -0.770123100000E+02  0.346888800000E+02  0.101800000000E+01
   11938 -0.770230600000E+02  0.346889200000E+02  0.555000000000E+00
   11939 -0.770140100000E+02  0.346889400000E+02  0.647000000000E+00
   11942 -0.770103900000E+02  0.346889500000E+02  0.216700000000E+01
   11952 -0.770080600000E+02  0.346886000000E+02  0.115200000000E+01
   11953 -0.770085600000E+02  0.346890200000E+02  0.351500000000E+01
   11956 -0.770116100000E+02  0.346890100000E+02  0.106000000000E+01
   11972 -0.770240600000E+02  0.346891300000E+02  0.625000000000E+00
   11979 -0.770097100000E+02  0.346891900000E+02  0.240900000000E+01
   11985 -0.770158500000E+02  0.346892000000E+02  0.559000000000E+00
   11988 -0.770075000000E+02  0.346888000000E+02  0.102200000000E+01
   11989 -0.770079700000E+02  0.346892500000E+02  0.338200000000E+01
   11991 -0.770176400000E+02  0.346892500000E+02  0.555000000000E+00
   12013 -0.770110200000E+02  0.346893900000E+02  0.103100000000E+01
   12014 -0.770090800000E+02  0.346894300000E+02  0.272900000000E+01
   12017 -0.770130100000E+02  0.346894500000E+02  0.797000000000E+00
   12024 -0.770068100000E+02  0.346890900000E+02  0.102100000000E+01
   12025 -0.770073300000E+02  0.346895100000E+02  0.337100000000E+01
   12035 -0.770084600000E+02  0.346896700000E+02  0.297100000000E+01
   12037 -0.770102400000E+02  0.346896900000E+02  0.104400000000E+01
   12038 -0.770148900000E+02  0.346896500000E+02  0.645000000000E+00
   12043 -0.770119200000E+02  0.346897700000E+02  0.841000000000E+00
   12050 -0.770095700000E+02  0.346898000000E+02  0.109700000000E+01
   12051 -0.770060900000E+02  0.346894000000E+02  0.105600000000E+01
   12052 -0.770066700000E+02  0.346897900000E+02  0.337600000000E+01
   12055 -0.770167500000E+02  0.346897900000E+02  0.556000000000E+00
   12066 -0.770078500000E+02  0.346899400000E+02  0.305600000000E+01
   12084 -0.770054500000E+02  0.346896700000E+02  0.113100000000E+01
   12085 -0.770060100000E+02  0.346900600000E+02  0.339800000000E+01
   12088 -0.770138700000E+02  0.346900900000E+02  0.609000000000E+00
   12089 -0.770089900000E+02  0.346901300000E+02  0.110100000000E+01
   12104 -0.770072100000E+02  0.346902100000E+02  0.299600000000E+01
   12112 -0.770109100000E+02  0.346902700000E+02  0.837000000000E+00
   12115 -0.770083500000E+02  0.346902900000E+02  0.112100000000E+01
   12121 -0.770157900000E+02  0.346903000000E+02  0.642000000000E+00
   12122 -0.770048400000E+02  0.346899000000E+02  0.112300000000E+01
   12123 -0.770053700000E+02  0.346903300000E+02  0.342000000000E+01
   12132 -0.770177300000E+02  0.346903600000E+02  0.555000000000E+00
   12135 -0.770065700000E+02  0.346904700000E+02  0.292000000000E+01
   12144 -0.770128300000E+02  0.346905100000E+02  0.567000000000E+00
   12149 -0.770098100000E+02  0.346905600000E+02  0.930000000000E+00
   12163 -0.770041200000E+02  0.346902400000E+02  0.135900000000E+01
   12164 -0.770047100000E+02  0.346906300000E+02  0.355300000000E+01
   12170 -0.770077700000E+02  0.346906800000E+02  0.110000000000E+01
   12177 -0.770059300000E+02  0.346907300000E+02  0.288100000000E+01
   12184 -0.770147700000E+02  0.346907700000E+02  0.713000000000E+00
   12188 -0.770070900000E+02  0.346908600000E+02  0.112100000000E+01
   12194 -0.770117600000E+02  0.346909100000E+02  0.615000000000E+00
   12197 -0.770034000000E+02  0.346905300000E+02  0.138000000000E+01
   12198 -0.770040300000E+02  0.346909500000E+02  0.356200000000E+01
   12201 -0.770167700000E+02  0.346909500000E+02  0.602000000000E+00
   12204 -0.770086600000E+02  0.346910400000E+02  0.975000000000E+00
   12205 -0.770052900000E+02  0.346910100000E+02  0.261200000000E+01
   12223 -0.770064900000E+02  0.346911700000E+02  0.110700000000E+01
   12230 -0.770137200000E+02  0.346912100000E+02  0.674000000000E+00
   12238 -0.770026000000E+02  0.346908300000E+02  0.126200000000E+01
   12239 -0.770033200000E+02  0.346912600000E+02  0.351300000000E+01
   12242 -0.770058200000E+02  0.346913100000E+02  0.112400000000E+01
   12244 -0.770107000000E+02  0.346913100000E+02  0.681000000000E+00
   12248 -0.770046400000E+02  0.346913500000E+02  0.199800000000E+01
   12260 -0.770157200000E+02  0.346914600000E+02  0.731000000000E+00
   12271 -0.770020100000E+02  0.346911100000E+02  0.144300000000E+01
   12272 -0.770026400000E+02  0.346915500000E+02  0.347100000000E+01
   12277 -0.770126600000E+02  0.346916200000E+02  0.654000000000E+00
   12287 -0.770039600000E+02  0.346916900000E+02  0.168800000000E+01
   12288 -0.770052700000E+02  0.346917200000E+02  0.108800000000E+01
   12289 -0.770096200000E+02  0.346917000000E+02  0.751000000000E+00
   12290 -0.770178600000E+02  0.346916600000E+02  0.556000000000E+00
   12291 -0.770074200000E+02  0.346917600000E+02  0.948000000000E+00
   12303 -0.770020100000E+02  0.346918200000E+02  0.346800000000E+01
   12311 -0.770061100000E+02  0.346919100000E+02  0.100300000000E+01
   12320 -0.770146400000E+02  0.346919300000E+02  0.781000000000E+00
   12322 -0.770032800000E+02  0.346920000000E+02  0.166100000000E+01
   12325 -0.770115900000E+02  0.346920200000E+02  0.643000000000E+00
   12337 -0.770045900000E+02  0.346921200000E+02  0.972000000000E+00
   12348 -0.770086500000E+02  0.346921300000E+02  0.797000000000E+00
   12350 -0.770167700000E+02  0.346921500000E+02  0.687000000000E+00
   12361 -0.770026300000E+02  0.346922900000E+02  0.168600000000E+01
   12373 -0.770135600000E+02  0.346923500000E+02  0.765000000000E+00
   12375 -0.770105100000E+02  0.346924000000E+02  0.589000000000E+00
   12379 -0.770039100000E+02  0.346924500000E+02  0.892000000000E+00
   12402 -0.770052000000E+02  0.346926200000E+02  0.801000000000E+00
   12415 -0.770155900000E+02  0.346926700000E+02  0.713000000000E+00
   12423 -0.770124900000E+02  0.346927500000E+02  0.755000000000E+00
   12424 -0.770032500000E+02  0.346927500000E+02  0.888000000000E+00
   12425 -0.770094000000E+02  0.346927900000E+02  0.591000000000E+00
   12439 -0.770045200000E+02  0.346929000000E+02  0.648000000000E+00
   12442 -0.770180000000E+02  0.346927500000E+02  0.555000000000E+00
   12443 -0.770064600000E+02  0.346929000000E+02  0.769000000000E+00
   12457 -0.770026000000E+02  0.346930500000E+02  0.887000000000E+00
   12467 -0.770144600000E+02  0.346931200000E+02  0.859000000000E+00
   12468 -0.770114200000E+02  0.346931200000E+02  0.741000000000E+00
   12476 -0.770038400000E+02  0.346932200000E+02  0.599000000000E+00
   12505 -0.770081600000E+02  0.346933700000E+02  0.629000000000E+00
   12511 -0.770166500000E+02  0.346934200000E+02  0.555000000000E+00
   12519 -0.770103200000E+02  0.346934600000E+02  0.714000000000E+00
   12521 -0.770133800000E+02  0.346935100000E+02  0.860000000000E+00
   12524 -0.770032300000E+02  0.346935200000E+02  0.577000000000E+00
   12548 -0.770091400000E+02  0.346936700000E+02  0.623000000000E+00
   12566 -0.770123300000E+02  0.346938700000E+02  0.854000000000E+00
   12567 -0.770153400000E+02  0.346939200000E+02  0.612000000000E+00
   12598 -0.770112600000E+02  0.346942200000E+02  0.839000000000E+00
   12603 -0.770142400000E+02  0.346943200000E+02  0.839000000000E+00
   12607 -0.770180400000E+02  0.346942000000E+02  0.555000000000E+00
   12645 -0.770101900000E+02  0.346945800000E+02  0.825000000000E+00
   12647 -0.770132400000E+02  0.346946600000E+02  0.860000000000E+00
   12654 -0.770161700000E+02  0.346948000000E+02  0.555000000000E+00
   12680 -0.770121900000E+02  0.346949800000E+02  0.860000000000E+00
   12699 -0.770091600000E+02  0.346951900000E+02  0.831000000000E+00
   12700 -0.770149200000E+02  0.346952300000E+02  0.621000000000E+00
   12714 -0.770111300000E+02  0.346953000000E+02  0.860000000000E+00
   12735 -0.770140900000E+02  0.346955000000E+02  0.782000000000E+00
   12748 -0.770101300000E+02  0.346956200000E+02  0.860000000000E+00
   12760 -0.770131700000E+02  0.346957600000E+02  0.849000000000E+00
   12788 -0.770120400000E+02  0.346960600000E+02  0.860000000000E+00
   12810 -0.770109500000E+02  0.346963400000E+02  0.860000000000E+00
   12843 -0.770092300000E+02  0.346966800000E+02  0.797000000000E+00
       1 3    10747    10802    10803
       2 3    10802    10878    10879
       3 3    10802    10879    10803
       4 3    10878    10934    10935
       5 3    10803    10879    10966
       6 3    10878    10935    10879
       7 3    10934    11006    11007
       8 3    10879    10935    11025
       9 3    10934    11007    10935
      10 3    10879    11025    10966
      11 3    10935    11007    11089
      12 3    11006    11091    11092
      13 3    11106    11107    11091
      14 3    11006    11092    11007
      15 3    10966    11025    11112
      16 3    10935    11089    11025
      17 3    11106    11135    11136
      18 3    11091    11107    11137
      19 3    11106    11136    11107
      20 3    11007    11092    11144
      21 3    11091    11137    11092
      22 3    11025    11089    11157
      23 3    11107    11136    11166
      24 3    11007    11144    11089
      25 3    11135    11173    11174
      26 3    11107    11166    11137
      27 3    11135    11174    11136
      28 3    11025    11157    11112
      29 3    11092    11137    11203
      30 3    11173    11218    11219
      31 3    11089    11144    11222
      32 3    11136    11174    11223
      33 3    11136    11223    11166
      34 3    11092    11203    11144
      35 3    11173    11219    11174
      36 3    11112    11157    11245
      37 3    11166    11247    11137
      38 3    11089    11222    11157
      39 3    11218    11251    11252
      40 3    11174    11219    11259
      41 3    11218    11252    11219
      42 3    11144    11203    11276
      43 3    11166    11223    11247
      44 3    11174    11259    11223
      45 3    11137    11247    11203
      46 3    11157    11222    11298
      47 3    11251    11300    11301
      48 3    11144    11276    11222
      49 3    11219    11252    11309
      50 3    11251    11301    11252
      51 3    11223    11259    11317
      52 3    11219    11309    11259
      53 3    11203    11247    11325
      54 3    11252    11301    11329
      55 3    11157    11298    11245
      56 3    11223    11317    11247
      57 3    11300    11346    11347
      58 3    11252    11329    11309
      59 3    11222    11276    11348
      60 3    11300    11347    11301
      61 3    11203    11325    11276
      62 3    11259    11309    11362
      63 3    11247    11317    11382
      64 3    11245    11298    11385
      65 3    11222    11348    11298
      66 3    11259    11362    11317
      67 3    11346    11390    11391
      68 3    11301    11395    11329
      69 3    11301    11347    11395
      70 3    11346    11391    11347
      71 3    11247    11382    11325
      72 3    11276    11325    11412
      73 3    11317    11362    11417
      74 3    11329    11418    11309
      75 3    11245    11385    11331
      76 3    11390    11427    11428
      77 3    11298    11348    11432
      78 3    11331    11437    11302
      79 3    11317    11417    11382
      80 3    11276    11412    11348
      81 3    11390    11428    11391
      82 3    11309    11418    11362
      83 3    11347    11391    11446
      84 3    11329    11395    11418
      85 3    11347    11446    11395
      86 3    11325    11382    11459
      87 3    11298    11432    11385
      88 3    11385    11462    11331
      89 3    11427    11472    11473
      90 3    11427    11473    11428
      91 3    11362    11418    11484
      92 3    11362    11484    11417
      93 3    11348    11412    11489
      94 3    11391    11428    11495
      95 3    11325    11459    11412
      96 3    11395    11446    11503
      97 3    11391    11495    11446
      98 3    11385    11432    11506
      99 3    11395    11503    11418
     100 3    11331    11462    11437
     101 3    11348    11489    11432
     102 3    11428    11473    11517
     103 3    11417    11519    11382
     104 3    11472    11527    11528
     105 3    11428    11517    11495
     106 3    11472    11528    11473
     107 3    11385    11506    11462
     108 3    11412    11459    11539
     109 3    11418    11503    11541
     110 3    11417    11484    11519
     111 3    11418    11541    11484
     112 3    11446    11495    11552
     113 3    11432    11489    11555
     114 3    11382    11519    11459
     115 3    11412    11539    11489
     116 3    11446    11552    11503
     117 3    11473    11571    11517
     118 3    11527    11573    11574
     119 3    11506    11576    11462
     120 3    11462    11578    11437
     121 3    11473    11528    11571
     122 3    11432    11555    11506
     123 3    11527    11574    11528
     124 3    11459    11519    11596
     125 3    11484    11541    11600
     126 3    11462    11576    11578
     127 3    11517    11601    11495
     128 3    11489    11539    11607
     129 3    11503    11552    11609
     130 3    11503    11609    11541
     131 3    11573    11620    11621
     132 3    11459    11596    11539
     133 3    11506    11555    11624
     134 3    11484    11600    11519
     135 3    11495    11601    11552
     136 3    11489    11607    11555
     137 3    11528    11574    11631
     138 3    11573    11621    11574
     139 3    11517    11571    11601
     140 3    11506    11624    11576
     141 3    11528    11631    11571
     142 3    11541    11609    11641
     143 3    11541    11641    11600
     144 3    11519    11600    11643
     145 3    11539    11596    11646
     146 3    11620    11650    11651
     147 3    11555    11607    11658
     148 3    11620    11651    11621
     149 3    11552    11601    11671
     150 3    11539    11646    11607
     151 3    11519    11643    11596
     152 3    11574    11621    11677
     153 3    11552    11671    11609
     154 3    11571    11631    11680
     155 3    11555    11658    11624
     156 3    11571    11680    11601
     157 3    11574    11677    11631
     158 3    11576    11624    11690
     159 3    11650    11696    11697
     160 3    11576    11690    11578
     161 3    11607    11646    11707
     162 3    11650    11697    11651
     163 3    11596    11643    11709
     164 3    11609    11712    11641
     165 3    11621    11651    11713
     166 3    11609    11671    11712
     167 3    11641    11721    11600
     168 3    11624    11658    11723
     169 3    11601    11680    11724
     170 3    11607    11707    11658
     171 3    11601    11724    11671
     172 3    11596    11709    11646
     173 3    11621    11713    11677
     174 3    11631    11677    11732
     175 3    11631    11732    11680
     176 3    11696    11742    11743
     177 3    11624    11723    11690
     178 3    11696    11743    11697
     179 3    11651    11697    11761
     180 3    11600    11721    11643
     181 3    11646    11709    11768
     182 3    11658    11707    11769
     183 3    11641    11712    11721
     184 3    11723    11770    11690
     185 3    11651    11761    11713
     186 3    11646    11768    11707
     187 3    11658    11769    11723
     188 3    11742    11776    11777
     189 3    11643    11721    11783
     190 3    11677    11713    11785
     191 3    11680    11732    11786
     192 3    11680    11786    11724
     193 3    11742    11777    11743
     194 3    11677    11785    11732
     195 3    11697    11743    11795
     196 3    11643    11783    11709
     197 3    11697    11795    11761
     198 3    11707    11768    11807
     199 3    11671    11724    11808
     200 3    11724    11786    11810
     201 3    11671    11808    11712
     202 3    11776    11817    11818
     203 3    11707    11807    11769
     204 3    11724    11810    11808
     205 3    11713    11761    11824
     206 3    11776    11818    11777
     207 3    11709    11783    11832
     208 3    11709    11832    11768
     209 3    11723    11836    11770
     210 3    11743    11777    11841
     211 3    11723    11769    11836
     212 3    11713    11824    11785
     213 3    11761    11795    11850
     214 3    11743    11841    11795
     215 3    11732    11785    11854
     216 3    11769    11807    11855
     217 3    11712    11808    11856
     218 3    11817    11858    11859
     219 3    11732    11854    11786
     220 3    11761    11850    11824
     221 3    11712    11856    11721
     222 3    11768    11869    11807
     223 3    11817    11859    11818
     224 3    11721    11856    11871
     225 3    11768    11832    11869
     226 3    11777    11818    11878
     227 3    11777    11878    11841
     228 3    11769    11855    11836
     229 3    11721    11871    11783
     230 3    11807    11891    11855
     231 3    11858    11894    11895
     232 3    11807    11869    11891
     233 3    11858    11895    11859
     234 3    11795    11902    11850
     235 3    11795    11841    11902
     236 3    11785    11824    11907
     237 3    11783    11871    11911
     238 3    11783    11911    11832
     239 3    11818    11859    11914
     240 3    11786    11854    11918
     241 3    11786    11918    11810
     242 3    11818    11914    11878
     243 3    11785    11907    11854
     244 3    11832    11926    11869
     245 3    11894    11929    11930
     246 3    11894    11930    11895
     247 3    11841    11878    11936
     248 3    11869    11938    11891
     249 3    11832    11911    11926
     250 3    11850    11939    11824
     251 3    11859    11895    11942
     252 3    11841    11936    11902
     253 3    11859    11942    11914
     254 3    11929    11952    11953
     255 3    11878    11914    11956
     256 3    11929    11953    11930
     257 3    11850    11902    11939
     258 3    11855    11891    11972
     259 3    11878    11956    11936
     260 3    11824    11939    11907
     261 3    11895    11930    11979
     262 3    11854    11907    11985
     263 3    11952    11988    11989
     264 3    11810    11918    11991
     265 3    11854    11985    11918
     266 3    11895    11979    11942
     267 3    11952    11989    11953
     268 3    11869    11926    11938
     269 3    11855    11972    11836
     270 3    11914    12013    11956
     271 3    11914    11942    12013
     272 3    11930    11953    12014
     273 3    11902    11936    12017
     274 3    11891    11938    11972
     275 3    11930    12014    11979
     276 3    11988    12024    12025
     277 3    11988    12025    11989
     278 3    11902    12017    11939
     279 3    11953    11989    12035
     280 3    11942    11979    12037
     281 3    11907    11939    12038
     282 3    11953    12035    12014
     283 3    11907    12038    11985
     284 3    11956    12043    11936
     285 3    11979    12014    12050
     286 3    12024    12051    12052
     287 3    11942    12037    12013
     288 3    11918    12055    11991
     289 3    11918    11985    12055
     290 3    12024    12052    12025
     291 3    11979    12050    12037
     292 3    11989    12025    12066
     293 3    11956    12013    12043
     294 3    11989    12066    12035
     295 3    11936    12043    12017
     296 3    12051    12084    12085
     297 3    11939    12017    12088
     298 3    12014    12035    12089
     299 3    12051    12085    12052
     300 3    12014    12089    12050
     301 3    11939    12088    12038
     302 3    12025    12052    12104
     303 3    12025    12104    12066
     304 3    12013    12037    12112
     305 3    12035    12066    12115
     306 3    11985    12038    12121
     307 3    12084    12122    12123
     308 3    11985    12121    12055
     309 3    12035    12115    12089
     310 3    12084    12123    12085
     311 3    11991    12055    12132
     312 3    12013    12112    12043
     313 3    12052    12085    12135
     314 3    12052    12135    12104
     315 3    12017    12043    12144
     316 3    12050    12149    12037
     317 3    12122    12163    12164
     318 3    12017    12144    12088
     319 3    12066    12104    12170
     320 3    12122    12164    12123
     321 3    12066    12170    12115
     322 3    12050    12089    12149
     323 3    12085    12123    12177
     324 3    12085    12177    12135
     325 3    12038    12088    12184
     326 3    12037    12149    12112
     327 3    12104    12135    12188
     328 3    12038    12184    12121
     329 3    12043    12112    12194
     330 3    12104    12188    12170
     331 3    12163    12197    12198
     332 3    12055    12201    12132
     333 3    12055    12121    12201
     334 3    12115    12204    12089
     335 3    12163    12198    12164
     336 3    12123    12164    12205
     337 3    12043    12194    12144
     338 3    12123    12205    12177
     339 3    12135    12177    12223
     340 3    12135    12223    12188
     341 3    12088    12144    12230
     342 3    12115    12170    12204
     343 3    12197    12238    12239
     344 3    12177    12205    12242
     345 3    12088    12230    12184
     346 3    12089    12204    12149
     347 3    12197    12239    12198
     348 3    12112    12149    12244
     349 3    12164    12198    12248
     350 3    12164    12248    12205
     351 3    12177    12242    12223
     352 3    12112    12244    12194
     353 3    12121    12184    12260
     354 3    12121    12260    12201
     355 3    12238    12271    12272
     356 3    12238    12272    12239
     357 3    12144    12194    12277
     358 3    12198    12239    12287
     359 3    12205    12288    12242
     360 3    12149    12204    12289
     361 3    12132    12201    12290
     362 3    12198    12287    12248
     363 3    12188    12291    12170
     364 3    12144    12277    12230
     365 3    12205    12248    12288
     366 3    12149    12289    12244
     367 3    12271    12303    12272
     368 3    12242    12311    12223
     369 3    12188    12223    12291
     370 3    12184    12230    12320
     371 3    12239    12272    12322
     372 3    12194    12244    12325
     373 3    12184    12320    12260
     374 3    12170    12291    12204
     375 3    12239    12322    12287
     376 3    12248    12287    12337
     377 3    12242    12288    12311
     378 3    12194    12325    12277
     379 3    12248    12337    12288
     380 3    12204    12348    12289
     381 3    12201    12260    12350
     382 3    12201    12350    12290
     383 3    12204    12291    12348
     384 3    12272    12303    12361
     385 3    12272    12361    12322
     386 3    12230    12277    12373
     387 3    12223    12311    12291
     388 3    12244    12289    12375
     389 3    12287    12322    12379
     390 3    12230    12373    12320
     391 3    12287    12379    12337
     392 3    12244    12375    12325
     393 3    12288    12337    12402
     394 3    12260    12320    12415
     395 3    12288    12402    12311
     396 3    12277    12325    12423
     397 3    12322    12361    12424
     398 3    12289    12348    12425
     399 3    12322    12424    12379
     400 3    12260    12415    12350
     401 3    12277    12423    12373
     402 3    12337    12379    12439
     403 3    12289    12425    12375
     404 3    12337    12439    12402
     405 3    12290    12350    12442
     406 3    12311    12443    12291
     407 3    12361    12457    12424
     408 3    12320    12373    12467
     409 3    12325    12375    12468
     410 3    12311    12402    12443
     411 3    12379    12424    12476
     412 3    12320    12467    12415
     413 3    12325    12468    12423
     414 3    12379    12476    12439
     415 3    12348    12291    12505
     416 3    12350    12415    12511
     417 3    12375    12425    12519
     418 3    12373    12423    12521
     419 3    12424    12524    12476
     420 3    12424    12457    12524
     421 3    12348    12505    12425
     422 3    12350    12511    12442
     423 3    12375    12519    12468
     424 3    12373    12521    12467
     425 3    12291    12443    12505
     426 3    12425    12505    12548
     427 3    12423    12468    12566
     428 3    12415    12467    12567
     429 3    12425    12548    12519
     430 3    12423    12566    12521
     431 3    12415    12567    12511
     432 3    12468    12519    12598
     433 3    12467    12521    12603
     434 3    12442    12511    12607
     435 3    12468    12598    12566
     436 3    12467    12603    12567
     437 3    12519    12548    12645
     438 3    12521    12566    12647
     439 3    12519    12645    12598
     440 3    12521    12647    12603
     441 3    12511    12567    12654
     442 3    12566    12598    12680
     443 3    12566    12680    12647
     444 3    12548    12699    12645
     445 3    12603    12700    12567
     446 3    12511    12654    12607
     447 3    12598    12645    12714
     448 3    12567    12700    12654
     449 3    12598    12714    12680
     450 3    12603    12647    12735
     451 3    12603    12735    12700
     452 3    12645    12699    12748
     453 3    12645    12748    12714
     454 3    12647    12680    12760
     455 3    12647    12760    12735
     456 3    12680    12714    12788
     457 3    12680    12788    12760
     458 3    12714    12748    12810
     459 3    12714    12810    12788
     460 3    12699    12843    12748
     461 3    12748    12843    12810
 0                                                                              
 0                                                                              
 2                                                                              
 72                                                                             
      34       0                                                                
   12524
   12476
   12439
   12402
   12443
   12505
   12548
   12699
   12843
   12810
   12788
   12760
   12735
   12700
   12654
   12607
   12442
   12290
   12132
   11991
   11810
   11808
   11856
   11871
   11911
   11926
   11938
   11972
   11836
   11770
   11690
   11578
   11437
   11302
      37       1                                                                
   10747
   10802
   10878
   10934
   11006
   11091
   11106
   11135
   11173
   11218
   11251
   11300
   11346
   11390
   11427
   11472
   11527
   11573
   11620
   11650
   11696
   11742
   11776
   11817
   11858
   11894
   11929
   11952
   11988
   12024
   12051
   12084
   12122
   12163
   12197
   12238
   12271
