FileFmt      1050624           0           0
NELG           58641         560         461
      -20090
       20220
      -20258
       20340
      -20390
       20393
       20471
       20501
       20526
      -20554
       20623
       20629
       20659
       20663
      -20675
       20677
       20716
       20719
       20727
       20732
       20738
       20762
       20780
       20789
       20793
       20812
       20821
      -20826
       20839
       20863
       20871
       20872
       20873
       20879
       20893
      -20915
       20917
       20918
       20932
       20942
       20964
       20971
       20979
       20989
       20993
       21015
       21020
       21028
       21031
       21036
       21046
       21059
       21061
       21070
      -21072
       21083
       21098
       21101
       21104
       21109
       21120
       21127
       21159
      -21165
       21170
       21173
       21178
       21185
       21191
       21196
       21208
       21212
       21222
       21224
      -21238
       21242
       21247
      -21253
       21254
       21263
       21267
       21273
       21274
       21284
       21298
       21305
       21308
      -21312
       21328
       21345
       21346
       21351
       21354
       21364
       21375
       21379
       21384
       21388
       21394
      -21395
       21399
       21410
       21412
       21426
       21430
       21438
       21445
       21448
       21454
       21457
       21466
       21469
       21474
       21476
       21491
       21498
       21507
       21509
       21511
       21521
       21523
       21527
       21535
       21554
       21558
       21559
       21561
       21569
       21572
       21587
       21590
       21591
       21596
       21601
       21604
       21609
       21615
       21618
       21620
       21622
       21625
       21635
       21649
       21650
       21655
       21661
       21673
       21688
       21691
       21693
       21698
       21701
       21706
       21707
       21712
       21714
       21717
       21732
       21740
       21750
       21756
       21758
       21761
       21768
       21770
       21778
       21782
       21785
       21786
       21793
       21795
       21797
       21801
       21802
       21811
       21816
       21829
       21836
       21847
       21855
       21861
       21864
       21865
       21867
       21869
       21877
       21886
       21887
       21894
       21896
       21897
       21901
       21903
       21908
       21914
       21923
       21934
       21940
       21941
       21943
       21951
       21952
       21953
       21961
       21963
       21970
       21977
       21983
       21987
       21994
       21996
       22000
       22006
       22009
       22013
       22016
       22020
       22025
       22028
       22034
       22037
       22042
       22045
       22047
       22059
       22062
       22076
       22077
       22085
       22087
       22089
       22098
       22099
       22101
       22102
       22112
       22119
       22126
       22127
       22133
       22138
       22143
       22145
       22155
       22161
       22167
       22175
       22178
       22182
       22183
       22186
       22197
       22203
       22204
       22207
       22224
       22234
       22236
       22237
       22244
       22249
       22260
       22265
       22267
       22269
       22271
       22282
       22284
       22289
       22312
       22314
       22318
       22322
       22325
       22331
       22335
       22348
       22356
       22363
       22365
       22366
       22374
       22378
       22381
       22388
       22389
       22390
       22393
       22395
       22406
       22415
       22417
       22430
       22437
       22448
       22456
       22460
       22462
       22463
       22470
       22479
       22487
       22497
       22499
       22503
       22513
       22514
       22521
       22524
       22527
       22534
       22535
       22543
       22555
       22557
       22564
       22591
       22593
       22601
       22603
       22608
       22611
       22618
       22627
       22630
       22635
       22639
       22643
       22652
       22655
       22661
       22666
       22668
       22670
       22671
       22673
       22674
       22680
       22706
       22711
       22723
       22725
       22738
       22742
       22743
       22745
       22746
       22748
       22755
       22761
       22766
       22773
       22778
       22785
      -22798
       22799
       22808
       22826
       22827
       22828
       22829
       22830
       22831
       22832
       22836
       22851
      -22857
       22867
       22877
       22886
       22896
       22901
       22902
       22903
       22904
       22923
       22924
       22925
       22931
       22941
       22946
       22951
       22964
      -22970
      -22974
       22987
       22994
       22995
       23001
       23003
       23010
       23018
       23035
       23064
       23075
       23078
      -23079
       23080
       23083
       23084
       23099
       23106
       23111
       23112
       23113
       23114
      -23140
       23154
       23155
       23166
       23170
       23175
       23176
       23179
       23218
       23236
       23246
       23253
      -23258
      -23260
       23265
       23273
       23277
       23279
       23292
       23308
       23346
       23348
       23357
       23360
       23385
       23411
       23424
       23428
       23431
       23454
       23496
       23502
       23504
       23516
       23520
       23572
       23582
       23601
       23602
       23625
       23632
       23641
       23650
       23668
       23675
       23699
       23704
       23721
       23724
       23769
       23790
       23810
       23842
       23869
       23972
NNODG          32218         319         271
      -10747
       10802
      -10803
       10878
       10879
       10934
       10935
      -10966
       11006
       11007
       11025
       11089
       11091
       11092
       11106
       11107
      -11112
       11135
       11136
       11137
       11144
       11157
       11166
       11173
       11174
       11203
       11218
       11219
       11222
       11223
      -11245
       11247
       11251
       11252
       11259
       11276
       11298
       11300
       11301
      -11302
       11309
       11317
       11325
       11329
      -11331
       11346
       11347
       11348
       11362
       11382
       11385
       11390
       11391
       11395
       11412
       11417
       11418
       11427
       11428
       11432
       11437
       11446
       11459
       11462
       11472
       11473
       11484
       11489
       11495
       11503
       11506
       11517
       11519
       11527
       11528
       11539
       11541
       11552
       11555
       11571
       11573
       11574
       11576
       11578
       11596
       11600
       11601
       11607
       11609
       11620
       11621
       11624
       11631
       11641
       11643
       11646
       11650
       11651
       11658
       11671
       11677
       11680
       11690
       11696
       11697
       11707
       11709
       11712
       11713
       11721
       11723
       11724
       11732
       11742
       11743
       11761
       11768
       11769
       11770
       11776
       11777
       11783
       11785
       11786
       11795
       11807
       11808
       11810
       11817
       11818
       11824
       11832
       11836
       11841
       11850
       11854
       11855
       11856
       11858
       11859
       11869
       11871
       11878
       11891
       11894
       11895
       11902
       11907
       11911
       11914
       11918
       11926
       11929
       11930
       11936
       11938
       11939
       11942
       11952
       11953
       11956
       11972
       11979
       11985
       11988
       11989
       11991
       12013
       12014
       12017
       12024
       12025
       12035
       12037
       12038
       12043
       12050
       12051
       12052
       12055
       12066
       12084
       12085
       12088
       12089
       12104
       12112
       12115
       12121
       12122
       12123
       12132
       12135
       12144
       12149
       12163
       12164
       12170
       12177
       12184
       12188
       12194
       12197
       12198
       12201
       12204
       12205
       12223
       12230
       12238
       12239
       12242
       12244
       12248
       12260
      -12271
       12272
       12277
       12287
       12288
       12289
       12290
       12291
      -12303
       12311
       12320
       12322
       12325
       12337
       12348
       12350
      -12361
       12373
       12375
       12379
       12402
       12415
       12423
       12424
       12425
       12439
       12442
       12443
      -12457
       12467
       12468
       12476
       12505
       12511
       12519
       12521
      -12524
       12548
       12566
       12567
       12598
       12603
       12607
       12645
       12647
       12654
       12680
       12699
       12700
       12714
       12735
       12748
       12760
       12788
       12810
       12843
NFLUXF             0
NETA             128          29           0
NSTAE              0           0           0
NSTAV              0           0           0
NSTAM              0           0           0
NSTAC              0           0           0
RES NODE         117         259
                   2           4           5           6           7           9
                  10          11          12          13          14          15
                  16          18          19          20          21          22
                  23          24          25          26          27          28
                  29          30          32          33          34          35
                  36          37          38          39          41          42
                  43          44          46          47          48          49
                  50          51          52          53          54          55
                  56          57          58          59          60          61
                  62          63          64          65          66          67
                  68          69          70          71          72          73
                  74          75          76          77          78          79
                  80          81          82          83          84          85
                  86          87          88          89          90          91
                  92          93          94          95          96          97
                  98          99         100         101         102         103
                 104         105         106         107         108         109
                 110         111         112         113         114         115
                 116         117         118         119         120         121
                 122         123         124         125         126         127
                 128         129         130         131         132         133
                 134         135         136         137         138         139
                 140         141         142         143         144         145
                 146         147         148         149         150         151
                 152         153         154         155         156         157
                 158         159         160         161         162         163
                 164         165         166         167         168         169
                 170         171         172         173         174         175
                 176         177         178         179         180         181
                 182         183         184         185         186         187
                 188         189         190         191         192         193
                 194         195         196         197         198         199
                 200         201         202         203         204         205
                 206         207         208         209         210         211
                 212         213         214         215         217         218
                 219         220         221         222         223         225
                 226         227         228         229         230         231
                 233         234         235         236         237         238
                 239         240         241         242         243         245
                 246         247         248         249         250         251
                 253         254         255         256         257         258
                 259         260         261         262         263         264
                 265         266         267         268         269         270
                 271
COMM PE            2
RECV PE           99           5
                 216         224         232         244         252
RECV PE          116           7
                   1           3           8          17          31          40
                  45
SEND PE           99           5
                 210         217         227         239         247
SEND PE          116           8
                   2           5          11          22          37          51
                  61          64
