bi_1997_v2.grd                                                                  
     545     304
   30977 -0.753075900000E+02  0.361883800000E+02  0.321930000000E+02
   31022 -0.753388200000E+02  0.362027100000E+02  0.309970000000E+02
   31034 -0.752787400000E+02  0.362059200000E+02  0.318150000000E+02
   31070 -0.753710600000E+02  0.362173600000E+02  0.308780000000E+02
   31079 -0.753095600000E+02  0.362207700000E+02  0.328220000000E+02
   31084 -0.752496300000E+02  0.362229900000E+02  0.306830000000E+02
   31088 -0.751902100000E+02  0.362245100000E+02  0.329050000000E+02
   31112 -0.754046400000E+02  0.362328100000E+02  0.297860000000E+02
   31123 -0.753409800000E+02  0.362359200000E+02  0.323470000000E+02
   31126 -0.752801700000E+02  0.362381300000E+02  0.309200000000E+02
   31131 -0.752204100000E+02  0.362397200000E+02  0.317470000000E+02
   31136 -0.751609600000E+02  0.362410000000E+02  0.319680000000E+02
   31164 -0.754398300000E+02  0.362501900000E+02  0.300300000000E+02
   31165 -0.753730800000E+02  0.362517200000E+02  0.305400000000E+02
   31169 -0.749108700000E+02  0.362526700000E+02  0.573330000000E+02
   31171 -0.753110500000E+02  0.362535300000E+02  0.318730000000E+02
   31172 -0.752507600000E+02  0.362550300000E+02  0.305010000000E+02
   31176 -0.751911400000E+02  0.362562500000E+02  0.305830000000E+02
   31178 -0.751317400000E+02  0.362575000000E+02  0.368280000000E+02
   31197 -0.749513200000E+02  0.362697500000E+02  0.417590000000E+02
   31201 -0.754057200000E+02  0.362687500000E+02  0.295810000000E+02
   31202 -0.753422900000E+02  0.362694100000E+02  0.330640000000E+02
   31203 -0.752813000000E+02  0.362705300000E+02  0.299060000000E+02
   31204 -0.754733700000E+02  0.362720700000E+02  0.308920000000E+02
   31208 -0.752213700000E+02  0.362716100000E+02  0.305630000000E+02
   31210 -0.751619000000E+02  0.362726800000E+02  0.339680000000E+02
   31211 -0.751026600000E+02  0.362741100000E+02  0.392240000000E+02
   31216 -0.750438700000E+02  0.362765700000E+02  0.404150000000E+02
   31226 -0.749859700000E+02  0.362820300000E+02  0.422970000000E+02
   31230 -0.748685200000E+02  0.362837000000E+02  0.737150000000E+02
   31235 -0.753737500000E+02  0.362860800000E+02  0.314860000000E+02
   31236 -0.753120200000E+02  0.362864000000E+02  0.298070000000E+02
   31238 -0.752516900000E+02  0.362871400000E+02  0.309120000000E+02
   31239 -0.754379600000E+02  0.362877700000E+02  0.300250000000E+02
   31241 -0.751920500000E+02  0.362880000000E+02  0.313390000000E+02
   31244 -0.751327700000E+02  0.362891000000E+02  0.392670000000E+02
   31246 -0.750738400000E+02  0.362908700000E+02  0.393880000000E+02
   31249 -0.750161800000E+02  0.362939100000E+02  0.406550000000E+02
   31252 -0.749175900000E+02  0.362978300000E+02  0.502590000000E+02
   31259 -0.752821000000E+02  0.363029500000E+02  0.309610000000E+02
   31260 -0.753428400000E+02  0.363028000000E+02  0.318840000000E+02
   31263 -0.752222200000E+02  0.363035000000E+02  0.316360000000E+02
   31264 -0.754050300000E+02  0.363038800000E+02  0.290550000000E+02
   31265 -0.751628300000E+02  0.363042900000E+02  0.342300000000E+02
   31266 -0.749601400000E+02  0.363070600000E+02  0.421650000000E+02
   31267 -0.751038200000E+02  0.363055600000E+02  0.399550000000E+02
   31269 -0.750452900000E+02  0.363077700000E+02  0.389840000000E+02
   31270 -0.754683500000E+02  0.363088000000E+02  0.291320000000E+02
   31271 -0.749919700000E+02  0.363099700000E+02  0.414290000000E+02
   31280 -0.752524300000E+02  0.363192300000E+02  0.321050000000E+02
   31281 -0.753125500000E+02  0.363191400000E+02  0.313120000000E+02
   31282 -0.751928900000E+02  0.363196900000E+02  0.317500000000E+02
   31284 -0.753735400000E+02  0.363199100000E+02  0.319120000000E+02
   31286 -0.751337700000E+02  0.363205500000E+02  0.381010000000E+02
   31288 -0.750750600000E+02  0.363221200000E+02  0.387390000000E+02
   31289 -0.754354400000E+02  0.363229300000E+02  0.287160000000E+02
   31291 -0.748248700000E+02  0.363242900000E+02  0.103552000000E+03
   31293 -0.750164200000E+02  0.363247400000E+02  0.397910000000E+02
   31298 -0.754963300000E+02  0.363305400000E+02  0.278800000000E+02
   31299 -0.748818600000E+02  0.363336100000E+02  0.614060000000E+02
   31303 -0.752826500000E+02  0.363352400000E+02  0.321860000000E+02
   31304 -0.752229500000E+02  0.363353200000E+02  0.324890000000E+02
   31305 -0.751637100000E+02  0.363358000000E+02  0.320740000000E+02
   31306 -0.753429000000E+02  0.363358200000E+02  0.336500000000E+02
   31309 -0.751048900000E+02  0.363368200000E+02  0.387280000000E+02
   31310 -0.754037600000E+02  0.363378300000E+02  0.293190000000E+02
   31311 -0.749328700000E+02  0.363409000000E+02  0.444910000000E+02
   31312 -0.750463900000E+02  0.363388300000E+02  0.382660000000E+02
   31316 -0.749811400000E+02  0.363424800000E+02  0.413100000000E+02
   31317 -0.754644000000E+02  0.363428400000E+02  0.279830000000E+02
   31328 -0.755223000000E+02  0.363518300000E+02  0.252640000000E+02
   31329 -0.752530100000E+02  0.363511800000E+02  0.330510000000E+02
   31330 -0.751936500000E+02  0.363512800000E+02  0.320590000000E+02
   31331 -0.753127900000E+02  0.363516200000E+02  0.328860000000E+02
   31332 -0.751346900000E+02  0.363518500000E+02  0.357990000000E+02
   31334 -0.753729600000E+02  0.363530400000E+02  0.311900000000E+02
   31335 -0.750762000000E+02  0.363531500000E+02  0.371520000000E+02
   31339 -0.750176000000E+02  0.363560000000E+02  0.387560000000E+02
   31340 -0.754331100000E+02  0.363564400000E+02  0.274470000000E+02
   31344 -0.754917800000E+02  0.363629200000E+02  0.288580000000E+02
   31347 -0.752235900000E+02  0.363670000000E+02  0.329580000000E+02
   31348 -0.751645000000E+02  0.363671700000E+02  0.331610000000E+02
   31349 -0.752830200000E+02  0.363673200000E+02  0.337400000000E+02
   31350 -0.751058500000E+02  0.363679000000E+02  0.364420000000E+02
   31352 -0.753427300000E+02  0.363683800000E+02  0.331460000000E+02
   31354 -0.750478200000E+02  0.363696300000E+02  0.377300000000E+02
   31357 -0.754024700000E+02  0.363707800000E+02  0.284720000000E+02
   31360 -0.749934800000E+02  0.363744500000E+02  0.399540000000E+02
   31361 -0.748464500000E+02  0.363754800000E+02  0.685860000000E+02
   31365 -0.747841300000E+02  0.363771300000E+02  0.249294000000E+03
   31366 -0.754613600000E+02  0.363754000000E+02  0.281510000000E+02
   31368 -0.749009700000E+02  0.363801600000E+02  0.477610000000E+02
   31372 -0.755177400000E+02  0.363825900000E+02  0.223940000000E+02
   31373 -0.749556000000E+02  0.363848800000E+02  0.411230000000E+02
   31374 -0.751943200000E+02  0.363827500000E+02  0.327180000000E+02
   31375 -0.751354900000E+02  0.363830200000E+02  0.361090000000E+02
   31376 -0.752534900000E+02  0.363829700000E+02  0.363690000000E+02
   31379 -0.750772600000E+02  0.363839500000E+02  0.363340000000E+02
   31380 -0.753128900000E+02  0.363837700000E+02  0.345300000000E+02
   31381 -0.753723100000E+02  0.363855200000E+02  0.304700000000E+02
   31383 -0.750204200000E+02  0.363863600000E+02  0.378570000000E+02
   31385 -0.754312400000E+02  0.363888600000E+02  0.247730000000E+02
   31393 -0.754884900000E+02  0.363942900000E+02  0.283010000000E+02
   31398 -0.751651800000E+02  0.363984300000E+02  0.354820000000E+02
   31399 -0.752241400000E+02  0.363985400000E+02  0.364390000000E+02
   31400 -0.751066500000E+02  0.363988300000E+02  0.377770000000E+02
   31402 -0.752833200000E+02  0.363991600000E+02  0.360050000000E+02
   31403 -0.750491300000E+02  0.363999500000E+02  0.363690000000E+02
   31405 -0.753425200000E+02  0.364004900000E+02  0.317910000000E+02
   31408 -0.754014000000E+02  0.364029600000E+02  0.272740000000E+02
   31409 -0.749927700000E+02  0.364031000000E+02  0.390120000000E+02
   31412 -0.754591800000E+02  0.364070300000E+02  0.257440000000E+02
   31420 -0.755146200000E+02  0.364127700000E+02  0.253840000000E+02
   31421 -0.751361600000E+02  0.364140900000E+02  0.366870000000E+02
   31422 -0.751949200000E+02  0.364140900000E+02  0.334150000000E+02
   31423 -0.748190200000E+02  0.364171400000E+02  0.856690000000E+02
   31425 -0.750779900000E+02  0.364145800000E+02  0.383500000000E+02
   31426 -0.752539200000E+02  0.364145500000E+02  0.360250000000E+02
   31427 -0.750218400000E+02  0.364155600000E+02  0.376540000000E+02
   31428 -0.753129800000E+02  0.364155900000E+02  0.325450000000E+02
   31433 -0.753718100000E+02  0.364174700000E+02  0.290190000000E+02
   31435 -0.748681600000E+02  0.364213600000E+02  0.513280000000E+02
   31437 -0.754298900000E+02  0.364205400000E+02  0.236760000000E+02
   31440 -0.749210900000E+02  0.364253900000E+02  0.377330000000E+02
   31442 -0.754862900000E+02  0.364250200000E+02  0.252760000000E+02
   31445 -0.749670600000E+02  0.364283300000E+02  0.363330000000E+02
   31448 -0.749983600000E+02  0.364296500000E+02  0.384770000000E+02
   31451 -0.751657900000E+02  0.364296100000E+02  0.341150000000E+02
   31452 -0.751072200000E+02  0.364297300000E+02  0.391370000000E+02
   31453 -0.752246600000E+02  0.364299400000E+02  0.344940000000E+02
   31454 -0.750495100000E+02  0.364300800000E+02  0.357600000000E+02
   31455 -0.752836100000E+02  0.364307600000E+02  0.327230000000E+02
   31456 -0.753424100000E+02  0.364322200000E+02  0.292620000000E+02
   31459 -0.754006700000E+02  0.364345800000E+02  0.279270000000E+02
   31464 -0.754577400000E+02  0.364380800000E+02  0.233380000000E+02
   31467 -0.755127100000E+02  0.364426000000E+02  0.243000000000E+02
   31469 -0.750210200000E+02  0.364447600000E+02  0.353670000000E+02
   31472 -0.751367300000E+02  0.364451400000E+02  0.348040000000E+02
   31473 -0.751954900000E+02  0.364453100000E+02  0.332020000000E+02
   31474 -0.750782600000E+02  0.364453300000E+02  0.413950000000E+02
   31476 -0.752543600000E+02  0.364459600000E+02  0.321380000000E+02
   31479 -0.753131400000E+02  0.364471300000E+02  0.291560000000E+02
   31480 -0.753715400000E+02  0.364489900000E+02  0.267610000000E+02
   31482 -0.747643800000E+02  0.364492100000E+02  0.281099000000E+03
   31484 -0.754290700000E+02  0.364517300000E+02  0.244600000000E+02
   31489 -0.754850200000E+02  0.364553800000E+02  0.273020000000E+02
   31490 -0.749892300000E+02  0.364569000000E+02  0.395280000000E+02
   31493 -0.755385800000E+02  0.364595700000E+02  0.239860000000E+02
   31497 -0.750490000000E+02  0.364608000000E+02  0.333510000000E+02
   31498 -0.751663700000E+02  0.364607200000E+02  0.325250000000E+02
   31499 -0.751076400000E+02  0.364607400000E+02  0.354770000000E+02
   31500 -0.752251800000E+02  0.364611900000E+02  0.301700000000E+02
   31501 -0.748322900000E+02  0.364630400000E+02  0.602260000000E+02
   31502 -0.752839600000E+02  0.364621400000E+02  0.292110000000E+02
   31506 -0.753424700000E+02  0.364636300000E+02  0.285100000000E+02
   31508 -0.748894600000E+02  0.364675300000E+02  0.358460000000E+02
   31509 -0.754003300000E+02  0.364658100000E+02  0.257400000000E+02
   31514 -0.749456300000E+02  0.364707000000E+02  0.377500000000E+02
   31515 -0.754570000000E+02  0.364687500000E+02  0.263740000000E+02
   31517 -0.755118100000E+02  0.364722900000E+02  0.254020000000E+02
   31521 -0.750184200000E+02  0.364761200000E+02  0.320340000000E+02
   31522 -0.751372700000E+02  0.364762100000E+02  0.317090000000E+02
   31523 -0.751960600000E+02  0.364764500000E+02  0.322230000000E+02
   31524 -0.750783700000E+02  0.364764700000E+02  0.376900000000E+02
   31527 -0.752548400000E+02  0.364772000000E+02  0.310470000000E+02
   31530 -0.753134300000E+02  0.364784300000E+02  0.255190000000E+02
   31532 -0.753715500000E+02  0.364801900000E+02  0.239200000000E+02
   31534 -0.754287600000E+02  0.364825800000E+02  0.262050000000E+02
   31537 -0.754845300000E+02  0.364855300000E+02  0.272800000000E+02
   31540 -0.755382800000E+02  0.364886800000E+02  0.231440000000E+02
   31543 -0.751669800000E+02  0.364917900000E+02  0.309220000000E+02
   31544 -0.751081200000E+02  0.364918900000E+02  0.303900000000E+02
   31545 -0.752257500000E+02  0.364923200000E+02  0.277500000000E+02
   31547 -0.750486000000E+02  0.364925800000E+02  0.333850000000E+02
   31548 -0.752844200000E+02  0.364933300000E+02  0.268840000000E+02
   31549 -0.749852100000E+02  0.364924800000E+02  0.369710000000E+02
   31550 -0.753427400000E+02  0.364948000000E+02  0.253210000000E+02
   31552 -0.754003700000E+02  0.364967500000E+02  0.250960000000E+02
   31554 -0.754568600000E+02  0.364992100000E+02  0.265980000000E+02
   31557 -0.755117500000E+02  0.365019600000E+02  0.242520000000E+02
   31561 -0.751379100000E+02  0.365072800000E+02  0.286000000000E+02
   31562 -0.751966900000E+02  0.365075000000E+02  0.296570000000E+02
   31563 -0.747961300000E+02  0.365109900000E+02  0.789120000000E+02
   31564 -0.750788500000E+02  0.365079500000E+02  0.329310000000E+02
   31565 -0.752554100000E+02  0.365083000000E+02  0.294130000000E+02
   31566 -0.753138900000E+02  0.365095400000E+02  0.244020000000E+02
   31567 -0.748571000000E+02  0.365124600000E+02  0.426010000000E+02
   31570 -0.749129600000E+02  0.365127500000E+02  0.361510000000E+02
   31571 -0.749548300000E+02  0.365121000000E+02  0.421040000000E+02
   31572 -0.750178400000E+02  0.365098200000E+02  0.279260000000E+02
   31573 -0.753718600000E+02  0.365111800000E+02  0.233930000000E+02
   31576 -0.754289200000E+02  0.365132300000E+02  0.235990000000E+02
   31577 -0.754847000000E+02  0.365156000000E+02  0.271820000000E+02
   31581 -0.755388000000E+02  0.365179700000E+02  0.215280000000E+02
   31584 -0.751676800000E+02  0.365228000000E+02  0.345470000000E+02
   31586 -0.751088800000E+02  0.365230700000E+02  0.288630000000E+02
   31587 -0.752264100000E+02  0.365233400000E+02  0.265110000000E+02
   31588 -0.752850100000E+02  0.365243800000E+02  0.244020000000E+02
   31589 -0.750494200000E+02  0.365248700000E+02  0.338990000000E+02
   31591 -0.753432400000E+02  0.365257800000E+02  0.285700000000E+02
   31592 -0.754007700000E+02  0.365275200000E+02  0.262560000000E+02
   31594 -0.754572700000E+02  0.365295500000E+02  0.248280000000E+02
   31595 -0.749857200000E+02  0.365298700000E+02  0.332320000000E+02
   31596 -0.755123600000E+02  0.365316800000E+02  0.249360000000E+02
   31602 -0.751387300000E+02  0.365382800000E+02  0.301980000000E+02
   31604 -0.751974300000E+02  0.365384600000E+02  0.312410000000E+02
   31605 -0.750799900000E+02  0.365393600000E+02  0.308880000000E+02
   31606 -0.752561000000E+02  0.365393000000E+02  0.291830000000E+02
   31607 -0.753145400000E+02  0.365405100000E+02  0.256540000000E+02
   31609 -0.753724500000E+02  0.365420100000E+02  0.277700000000E+02
   31612 -0.750201000000E+02  0.365436100000E+02  0.311480000000E+02
   31613 -0.754295200000E+02  0.365437600000E+02  0.241920000000E+02
   31614 -0.754854400000E+02  0.365456500000E+02  0.253960000000E+02
   31621 -0.751685100000E+02  0.365537100000E+02  0.316840000000E+02
   31622 -0.751099500000E+02  0.365540600000E+02  0.292150000000E+02
   31624 -0.752271700000E+02  0.365542800000E+02  0.278480000000E+02
   31625 -0.749452200000E+02  0.365552600000E+02  0.392440000000E+02
   31626 -0.752857600000E+02  0.365553200000E+02  0.264050000000E+02
   31627 -0.748859900000E+02  0.365588000000E+02  0.407620000000E+02
   31628 -0.750516000000E+02  0.365564800000E+02  0.287860000000E+02
   31630 -0.753439700000E+02  0.365566400000E+02  0.306120000000E+02
   31631 -0.754015300000E+02  0.365581700000E+02  0.269980000000E+02
   31632 -0.748264200000E+02  0.365620800000E+02  0.543580000000E+02
   31633 -0.754581200000E+02  0.365598400000E+02  0.217790000000E+02
   31640 -0.749916700000E+02  0.365665300000E+02  0.311870000000E+02
   31642 -0.751397200000E+02  0.365691100000E+02  0.303570000000E+02
   31644 -0.751982700000E+02  0.365693400000E+02  0.307430000000E+02
   31645 -0.750815900000E+02  0.365702200000E+02  0.275490000000E+02
   31646 -0.752569200000E+02  0.365702000000E+02  0.271510000000E+02
   31647 -0.753153800000E+02  0.365713800000E+02  0.301410000000E+02
   31649 -0.753733300000E+02  0.365727400000E+02  0.293420000000E+02
   31650 -0.750248600000E+02  0.365746600000E+02  0.286970000000E+02
   31651 -0.754305000000E+02  0.365742200000E+02  0.209080000000E+02
   31653 -0.754866300000E+02  0.365757300000E+02  0.216080000000E+02
   31660 -0.751694500000E+02  0.365845000000E+02  0.318490000000E+02
   31661 -0.751112000000E+02  0.365847300000E+02  0.297880000000E+02
   31663 -0.752280700000E+02  0.365851300000E+02  0.277560000000E+02
   31664 -0.752866700000E+02  0.365861800000E+02  0.281980000000E+02
   31665 -0.750541000000E+02  0.365867100000E+02  0.264790000000E+02
   31667 -0.753449500000E+02  0.365874200000E+02  0.324470000000E+02
   31669 -0.754026000000E+02  0.365887600000E+02  0.226860000000E+02
   31671 -0.754593900000E+02  0.365901200000E+02  0.182110000000E+02
   31672 -0.750039400000E+02  0.365925100000E+02  0.296580000000E+02
   31679 -0.751408000000E+02  0.365997700000E+02  0.310980000000E+02
   31680 -0.751992300000E+02  0.366001300000E+02  0.301820000000E+02
   31681 -0.750831400000E+02  0.366005100000E+02  0.279560000000E+02
   31682 -0.749154500000E+02  0.366035300000E+02  0.339300000000E+02
   31683 -0.752578900000E+02  0.366010400000E+02  0.267670000000E+02
   31685 -0.749708200000E+02  0.366038300000E+02  0.299590000000E+02
   31686 -0.750283700000E+02  0.366027100000E+02  0.278540000000E+02
   31687 -0.753164100000E+02  0.366021800000E+02  0.326110000000E+02
   31688 -0.753744700000E+02  0.366034100000E+02  0.253660000000E+02
   31689 -0.748595000000E+02  0.366070000000E+02  0.452100000000E+02
   31690 -0.754318200000E+02  0.366046600000E+02  0.199680000000E+02
   31691 -0.754882400000E+02  0.366058500000E+02  0.192590000000E+02
   31700 -0.751124300000E+02  0.366151400000E+02  0.297480000000E+02
   31701 -0.751704900000E+02  0.366151800000E+02  0.321950000000E+02
   31702 -0.750046500000E+02  0.366153700000E+02  0.292130000000E+02
   31704 -0.752290700000E+02  0.366159300000E+02  0.272640000000E+02
   31705 -0.750556300000E+02  0.366161900000E+02  0.271270000000E+02
   31706 -0.752877500000E+02  0.366169900000E+02  0.311730000000E+02
   31707 -0.753461500000E+02  0.366181500000E+02  0.297890000000E+02
   31709 -0.754039700000E+02  0.366193200000E+02  0.202670000000E+02
   31710 -0.754610000000E+02  0.366204200000E+02  0.188480000000E+02
   31720 -0.750277100000E+02  0.366313200000E+02  0.291340000000E+02
   31721 -0.751419100000E+02  0.366302800000E+02  0.317300000000E+02
   31722 -0.750844200000E+02  0.366305200000E+02  0.281580000000E+02
   31723 -0.752002800000E+02  0.366308600000E+02  0.298120000000E+02
   31724 -0.752590000000E+02  0.366318400000E+02  0.292550000000E+02
   31725 -0.753176400000E+02  0.366329500000E+02  0.314530000000E+02
   31726 -0.753758700000E+02  0.366340600000E+02  0.228120000000E+02
   31727 -0.754334400000E+02  0.366351000000E+02  0.210400000000E+02
   31728 -0.754901700000E+02  0.366360200000E+02  0.196560000000E+02
   31737 -0.749426400000E+02  0.366472700000E+02  0.301930000000E+02
   31738 -0.751136200000E+02  0.366453900000E+02  0.297940000000E+02
   31740 -0.751715800000E+02  0.366457900000E+02  0.327460000000E+02
   31741 -0.749928900000E+02  0.366467800000E+02  0.302750000000E+02
   31742 -0.748895400000E+02  0.366494600000E+02  0.388440000000E+02
   31743 -0.752301900000E+02  0.366467000000E+02  0.282490000000E+02
   31745 -0.752889900000E+02  0.366477900000E+02  0.304200000000E+02
   31746 -0.753475600000E+02  0.366488700000E+02  0.263970000000E+02
   31748 -0.754056000000E+02  0.366498800000E+02  0.214850000000E+02
   31749 -0.754629200000E+02  0.366507500000E+02  0.214730000000E+02
   31762 -0.751430400000E+02  0.366607100000E+02  0.329600000000E+02
   31765 -0.752014100000E+02  0.366615500000E+02  0.282840000000E+02
   31766 -0.752602400000E+02  0.366626300000E+02  0.301440000000E+02
   31768 -0.753190500000E+02  0.366637200000E+02  0.266910000000E+02
   31769 -0.753775100000E+02  0.366647200000E+02  0.212130000000E+02
   31770 -0.754353500000E+02  0.366655800000E+02  0.225680000000E+02
   31771 -0.754924200000E+02  0.366662500000E+02  0.207400000000E+02
   31782 -0.751727000000E+02  0.366763600000E+02  0.302490000000E+02
   31784 -0.752314300000E+02  0.366774600000E+02  0.304270000000E+02
   31785 -0.752904000000E+02  0.366785900000E+02  0.261480000000E+02
   31786 -0.753491800000E+02  0.366796100000E+02  0.225240000000E+02
   31787 -0.754074900000E+02  0.366804700000E+02  0.221270000000E+02
   31788 -0.754651300000E+02  0.366811400000E+02  0.255260000000E+02
   31806 -0.752616200000E+02  0.366934400000E+02  0.287450000000E+02
   31807 -0.753206600000E+02  0.366945200000E+02  0.229620000000E+02
   31808 -0.753793600000E+02  0.366954100000E+02  0.215140000000E+02
   31810 -0.754375200000E+02  0.366961000000E+02  0.235400000000E+02
   31813 -0.754949400000E+02  0.366965500000E+02  0.210260000000E+02
   31827 -0.752919500000E+02  0.367094200000E+02  0.235230000000E+02
   31832 -0.754096100000E+02  0.367111100000E+02  0.226530000000E+02
   31834 -0.754675900000E+02  0.367115900000E+02  0.265950000000E+02
       1 3    30977    31079    31022
       2 3    30977    31034    31079
       3 3    31022    31123    31070
       4 3    31022    31079    31123
       5 3    31034    31126    31079
       6 3    31034    31084    31126
       7 3    31070    31165    31112
       8 3    31070    31123    31165
       9 3    31079    31171    31123
      10 3    31079    31126    31171
      11 3    31084    31172    31126
      12 3    31084    31131    31172
      13 3    31088    31176    31131
      14 3    31088    31136    31176
      15 3    31112    31165    31201
      16 3    31112    31201    31164
      17 3    31123    31202    31165
      18 3    31123    31171    31202
      19 3    31126    31203    31171
      20 3    31126    31172    31203
      21 3    31131    31208    31172
      22 3    31131    31176    31208
      23 3    31136    31210    31176
      24 3    31136    31178    31210
      25 3    31165    31235    31201
      26 3    31171    31236    31202
      27 3    31165    31202    31235
      28 3    31171    31203    31236
      29 3    31172    31238    31203
      30 3    31164    31201    31239
      31 3    31172    31208    31238
      32 3    31176    31241    31208
      33 3    31176    31210    31241
      34 3    31178    31244    31210
      35 3    31164    31239    31204
      36 3    31178    31211    31244
      37 3    31169    31252    31197
      38 3    31203    31259    31236
      39 3    31202    31260    31235
      40 3    31202    31236    31260
      41 3    31203    31238    31259
      42 3    31208    31263    31238
      43 3    31169    31230    31252
      44 3    31201    31235    31264
      45 3    31208    31241    31263
      46 3    31210    31265    31241
      47 3    31201    31264    31239
      48 3    31197    31266    31226
      49 3    31210    31244    31265
      50 3    31211    31267    31244
      51 3    31211    31246    31267
      52 3    31216    31269    31246
      53 3    31204    31239    31270
      54 3    31216    31249    31269
      55 3    31226    31271    31249
      56 3    31197    31252    31266
      57 3    31226    31266    31271
      58 3    31238    31280    31259
      59 3    31236    31281    31260
      60 3    31236    31259    31281
      61 3    31238    31263    31280
      62 3    31241    31282    31263
      63 3    31235    31260    31284
      64 3    31241    31265    31282
      65 3    31235    31284    31264
      66 3    31244    31286    31265
      67 3    31244    31267    31286
      68 3    31246    31288    31267
      69 3    31239    31264    31289
      70 3    31246    31269    31288
      71 3    31249    31271    31293
      72 3    31239    31289    31270
      73 3    31249    31293    31269
      74 3    31230    31299    31252
      75 3    31259    31303    31281
      76 3    31263    31304    31280
      77 3    31259    31280    31303
      78 3    31265    31305    31282
      79 3    31263    31282    31304
      80 3    31260    31281    31306
      81 3    31260    31306    31284
      82 3    31265    31286    31305
      83 3    31267    31309    31286
      84 3    31267    31288    31309
      85 3    31264    31284    31310
      86 3    31252    31311    31266
      87 3    31264    31310    31289
      88 3    31269    31312    31288
      89 3    31269    31293    31312
      90 3    31271    31266    31316
      91 3    31270    31289    31317
      92 3    31230    31291    31299
      93 3    31270    31317    31298
      94 3    31271    31316    31293
      95 3    31252    31299    31311
      96 3    31280    31329    31303
      97 3    31282    31330    31304
      98 3    31280    31304    31329
      99 3    31282    31305    31330
     100 3    31281    31331    31306
     101 3    31286    31332    31305
     102 3    31281    31303    31331
     103 3    31286    31309    31332
     104 3    31284    31306    31334
     105 3    31288    31335    31309
     106 3    31284    31334    31310
     107 3    31288    31312    31335
     108 3    31266    31311    31316
     109 3    31293    31339    31312
     110 3    31289    31310    31340
     111 3    31289    31340    31317
     112 3    31293    31316    31339
     113 3    31298    31317    31344
     114 3    31298    31344    31328
     115 3    31304    31347    31329
     116 3    31305    31348    31330
     117 3    31304    31330    31347
     118 3    31303    31349    31331
     119 3    31303    31329    31349
     120 3    31305    31332    31348
     121 3    31309    31350    31332
     122 3    31309    31335    31350
     123 3    31306    31331    31352
     124 3    31306    31352    31334
     125 3    31312    31354    31335
     126 3    31310    31334    31357
     127 3    31312    31339    31354
     128 3    31310    31357    31340
     129 3    31316    31360    31339
     130 3    31291    31361    31299
     131 3    31317    31340    31366
     132 3    31317    31366    31344
     133 3    31299    31368    31311
     134 3    31328    31344    31372
     135 3    31311    31373    31316
     136 3    31330    31374    31347
     137 3    31332    31375    31348
     138 3    31329    31376    31349
     139 3    31330    31348    31374
     140 3    31329    31347    31376
     141 3    31332    31350    31375
     142 3    31335    31379    31350
     143 3    31331    31380    31352
     144 3    31331    31349    31380
     145 3    31335    31354    31379
     146 3    31334    31352    31381
     147 3    31339    31383    31354
     148 3    31334    31381    31357
     149 3    31339    31360    31383
     150 3    31316    31373    31360
     151 3    31340    31357    31385
     152 3    31340    31385    31366
     153 3    31299    31361    31368
     154 3    31291    31365    31361
     155 3    31344    31366    31393
     156 3    31344    31393    31372
     157 3    31311    31368    31373
     158 3    31348    31398    31374
     159 3    31347    31399    31376
     160 3    31350    31400    31375
     161 3    31348    31375    31398
     162 3    31347    31374    31399
     163 3    31350    31379    31400
     164 3    31349    31402    31380
     165 3    31349    31376    31402
     166 3    31354    31403    31379
     167 3    31354    31383    31403
     168 3    31352    31380    31405
     169 3    31352    31405    31381
     170 3    31357    31381    31408
     171 3    31357    31408    31385
     172 3    31360    31409    31383
     173 3    31366    31385    31412
     174 3    31360    31373    31409
     175 3    31366    31412    31393
     176 3    31372    31393    31420
     177 3    31375    31421    31398
     178 3    31374    31422    31399
     179 3    31361    31365    31423
     180 3    31374    31398    31422
     181 3    31375    31400    31421
     182 3    31379    31425    31400
     183 3    31376    31426    31402
     184 3    31379    31403    31425
     185 3    31376    31399    31426
     186 3    31383    31427    31403
     187 3    31380    31428    31405
     188 3    31380    31402    31428
     189 3    31383    31409    31427
     190 3    31381    31405    31433
     191 3    31381    31433    31408
     192 3    31361    31435    31368
     193 3    31385    31408    31437
     194 3    31385    31437    31412
     195 3    31368    31440    31373
     196 3    31393    31412    31442
     197 3    31393    31442    31420
     198 3    31373    31445    31409
     199 3    31409    31448    31427
     200 3    31398    31451    31422
     201 3    31400    31452    31421
     202 3    31399    31453    31426
     203 3    31403    31427    31454
     204 3    31398    31421    31451
     205 3    31400    31425    31452
     206 3    31361    31423    31435
     207 3    31403    31454    31425
     208 3    31399    31422    31453
     209 3    31402    31455    31428
     210 3    31402    31426    31455
     211 3    31405    31428    31456
     212 3    31405    31456    31433
     213 3    31408    31433    31459
     214 3    31409    31445    31448
     215 3    31408    31459    31437
     216 3    31373    31440    31445
     217 3    31368    31435    31440
     218 3    31412    31437    31464
     219 3    31412    31464    31442
     220 3    31420    31442    31467
     221 3    31427    31448    31469
     222 3    31421    31472    31451
     223 3    31427    31469    31454
     224 3    31422    31473    31453
     225 3    31425    31474    31452
     226 3    31425    31454    31474
     227 3    31421    31452    31472
     228 3    31422    31451    31473
     229 3    31426    31476    31455
     230 3    31426    31453    31476
     231 3    31428    31479    31456
     232 3    31428    31455    31479
     233 3    31433    31456    31480
     234 3    31433    31480    31459
     235 3    31365    31482    31423
     236 3    31437    31459    31484
     237 3    31437    31484    31464
     238 3    31442    31464    31489
     239 3    31448    31445    31490
     240 3    31442    31489    31467
     241 3    31454    31469    31497
     242 3    31451    31498    31473
     243 3    31452    31499    31472
     244 3    31452    31474    31499
     245 3    31448    31490    31469
     246 3    31451    31472    31498
     247 3    31454    31497    31474
     248 3    31453    31500    31476
     249 3    31453    31473    31500
     250 3    31423    31501    31435
     251 3    31455    31502    31479
     252 3    31455    31476    31502
     253 3    31456    31506    31480
     254 3    31456    31479    31506
     255 3    31435    31508    31440
     256 3    31459    31480    31509
     257 3    31459    31509    31484
     258 3    31445    31440    31514
     259 3    31464    31484    31515
     260 3    31464    31515    31489
     261 3    31467    31489    31517
     262 3    31467    31517    31493
     263 3    31445    31514    31490
     264 3    31469    31490    31521
     265 3    31472    31522    31498
     266 3    31473    31523    31500
     267 3    31472    31499    31522
     268 3    31474    31524    31499
     269 3    31474    31497    31524
     270 3    31473    31498    31523
     271 3    31469    31521    31497
     272 3    31476    31527    31502
     273 3    31476    31500    31527
     274 3    31479    31530    31506
     275 3    31479    31502    31530
     276 3    31480    31532    31509
     277 3    31423    31482    31501
     278 3    31480    31506    31532
     279 3    31435    31501    31508
     280 3    31484    31509    31534
     281 3    31484    31534    31515
     282 3    31440    31508    31514
     283 3    31489    31515    31537
     284 3    31489    31537    31517
     285 3    31493    31517    31540
     286 3    31498    31543    31523
     287 3    31499    31544    31522
     288 3    31498    31522    31543
     289 3    31499    31524    31544
     290 3    31500    31545    31527
     291 3    31500    31523    31545
     292 3    31497    31547    31524
     293 3    31497    31521    31547
     294 3    31502    31548    31530
     295 3    31490    31549    31521
     296 3    31502    31527    31548
     297 3    31490    31514    31549
     298 3    31506    31550    31532
     299 3    31506    31530    31550
     300 3    31509    31552    31534
     301 3    31509    31532    31552
     302 3    31515    31554    31537
     303 3    31515    31534    31554
     304 3    31517    31557    31540
     305 3    31517    31537    31557
     306 3    31522    31561    31543
     307 3    31523    31562    31545
     308 3    31522    31544    31561
     309 3    31523    31543    31562
     310 3    31501    31482    31563
     311 3    31524    31564    31544
     312 3    31527    31565    31548
     313 3    31524    31547    31564
     314 3    31527    31545    31565
     315 3    31530    31566    31550
     316 3    31501    31567    31508
     317 3    31530    31548    31566
     318 3    31508    31570    31514
     319 3    31514    31571    31549
     320 3    31521    31572    31547
     321 3    31521    31549    31572
     322 3    31532    31573    31552
     323 3    31532    31550    31573
     324 3    31534    31576    31554
     325 3    31534    31552    31576
     326 3    31537    31577    31557
     327 3    31537    31554    31577
     328 3    31540    31557    31581
     329 3    31514    31570    31571
     330 3    31543    31584    31562
     331 3    31544    31586    31561
     332 3    31543    31561    31584
     333 3    31545    31587    31565
     334 3    31544    31564    31586
     335 3    31545    31562    31587
     336 3    31548    31588    31566
     337 3    31547    31589    31564
     338 3    31548    31565    31588
     339 3    31550    31591    31573
     340 3    31547    31572    31589
     341 3    31550    31566    31591
     342 3    31508    31567    31570
     343 3    31552    31592    31576
     344 3    31501    31563    31567
     345 3    31552    31573    31592
     346 3    31554    31594    31577
     347 3    31549    31571    31595
     348 3    31549    31595    31572
     349 3    31554    31576    31594
     350 3    31557    31596    31581
     351 3    31557    31577    31596
     352 3    31561    31602    31584
     353 3    31562    31604    31587
     354 3    31561    31586    31602
     355 3    31562    31584    31604
     356 3    31564    31605    31586
     357 3    31565    31606    31588
     358 3    31565    31587    31606
     359 3    31564    31589    31605
     360 3    31566    31607    31591
     361 3    31566    31588    31607
     362 3    31573    31609    31592
     363 3    31573    31591    31609
     364 3    31572    31612    31589
     365 3    31576    31613    31594
     366 3    31576    31592    31613
     367 3    31577    31614    31596
     368 3    31572    31595    31612
     369 3    31577    31594    31614
     370 3    31584    31621    31604
     371 3    31586    31622    31602
     372 3    31584    31602    31621
     373 3    31587    31624    31606
     374 3    31571    31570    31625
     375 3    31586    31605    31622
     376 3    31587    31604    31624
     377 3    31588    31626    31607
     378 3    31570    31567    31627
     379 3    31588    31606    31626
     380 3    31589    31628    31605
     381 3    31591    31630    31609
     382 3    31591    31607    31630
     383 3    31589    31612    31628
     384 3    31592    31631    31613
     385 3    31571    31625    31595
     386 3    31592    31609    31631
     387 3    31567    31563    31632
     388 3    31594    31633    31614
     389 3    31594    31613    31633
     390 3    31595    31640    31612
     391 3    31602    31642    31621
     392 3    31604    31644    31624
     393 3    31602    31622    31642
     394 3    31605    31645    31622
     395 3    31604    31621    31644
     396 3    31606    31646    31626
     397 3    31606    31624    31646
     398 3    31605    31628    31645
     399 3    31607    31647    31630
     400 3    31607    31626    31647
     401 3    31609    31649    31631
     402 3    31609    31630    31649
     403 3    31612    31650    31628
     404 3    31613    31651    31633
     405 3    31570    31627    31625
     406 3    31595    31625    31640
     407 3    31613    31631    31651
     408 3    31567    31632    31627
     409 3    31614    31633    31653
     410 3    31612    31640    31650
     411 3    31621    31660    31644
     412 3    31622    31661    31642
     413 3    31621    31642    31660
     414 3    31624    31663    31646
     415 3    31622    31645    31661
     416 3    31624    31644    31663
     417 3    31626    31664    31647
     418 3    31628    31665    31645
     419 3    31626    31646    31664
     420 3    31630    31667    31649
     421 3    31628    31650    31665
     422 3    31630    31647    31667
     423 3    31631    31669    31651
     424 3    31631    31649    31669
     425 3    31633    31671    31653
     426 3    31640    31672    31650
     427 3    31633    31651    31671
     428 3    31642    31679    31660
     429 3    31644    31680    31663
     430 3    31645    31681    31661
     431 3    31642    31661    31679
     432 3    31627    31682    31625
     433 3    31644    31660    31680
     434 3    31646    31683    31664
     435 3    31645    31665    31681
     436 3    31640    31625    31685
     437 3    31646    31663    31683
     438 3    31650    31686    31665
     439 3    31647    31687    31667
     440 3    31650    31672    31686
     441 3    31647    31664    31687
     442 3    31649    31688    31669
     443 3    31649    31667    31688
     444 3    31627    31632    31689
     445 3    31651    31690    31671
     446 3    31640    31685    31672
     447 3    31651    31669    31690
     448 3    31653    31671    31691
     449 3    31661    31700    31679
     450 3    31660    31701    31680
     451 3    31672    31702    31686
     452 3    31661    31681    31700
     453 3    31660    31679    31701
     454 3    31663    31704    31683
     455 3    31665    31705    31681
     456 3    31665    31686    31705
     457 3    31625    31682    31685
     458 3    31663    31680    31704
     459 3    31664    31706    31687
     460 3    31664    31683    31706
     461 3    31667    31707    31688
     462 3    31667    31687    31707
     463 3    31669    31709    31690
     464 3    31627    31689    31682
     465 3    31671    31710    31691
     466 3    31669    31688    31709
     467 3    31672    31685    31702
     468 3    31671    31690    31710
     469 3    31686    31702    31720
     470 3    31679    31721    31701
     471 3    31681    31722    31700
     472 3    31680    31723    31704
     473 3    31679    31700    31721
     474 3    31681    31705    31722
     475 3    31680    31701    31723
     476 3    31686    31720    31705
     477 3    31683    31724    31706
     478 3    31683    31704    31724
     479 3    31687    31725    31707
     480 3    31687    31706    31725
     481 3    31688    31726    31709
     482 3    31690    31727    31710
     483 3    31688    31707    31726
     484 3    31690    31709    31727
     485 3    31691    31710    31728
     486 3    31682    31737    31685
     487 3    31700    31738    31721
     488 3    31701    31740    31723
     489 3    31700    31722    31738
     490 3    31702    31685    31741
     491 3    31701    31721    31740
     492 3    31682    31689    31742
     493 3    31704    31743    31724
     494 3    31704    31723    31743
     495 3    31706    31745    31725
     496 3    31706    31724    31745
     497 3    31707    31746    31726
     498 3    31709    31748    31727
     499 3    31707    31725    31746
     500 3    31710    31749    31728
     501 3    31709    31726    31748
     502 3    31702    31741    31720
     503 3    31710    31727    31749
     504 3    31685    31737    31741
     505 3    31721    31762    31740
     506 3    31682    31742    31737
     507 3    31721    31738    31762
     508 3    31723    31765    31743
     509 3    31723    31740    31765
     510 3    31724    31766    31745
     511 3    31724    31743    31766
     512 3    31725    31768    31746
     513 3    31726    31769    31748
     514 3    31725    31745    31768
     515 3    31727    31770    31749
     516 3    31726    31746    31769
     517 3    31727    31748    31770
     518 3    31728    31749    31771
     519 3    31740    31782    31765
     520 3    31740    31762    31782
     521 3    31743    31784    31766
     522 3    31743    31765    31784
     523 3    31745    31785    31768
     524 3    31746    31786    31769
     525 3    31745    31766    31785
     526 3    31748    31787    31770
     527 3    31746    31768    31786
     528 3    31749    31788    31771
     529 3    31748    31769    31787
     530 3    31749    31770    31788
     531 3    31766    31806    31785
     532 3    31768    31807    31786
     533 3    31766    31784    31806
     534 3    31769    31808    31787
     535 3    31768    31785    31807
     536 3    31770    31810    31788
     537 3    31769    31786    31808
     538 3    31770    31787    31810
     539 3    31771    31788    31813
     540 3    31785    31827    31807
     541 3    31785    31806    31827
     542 3    31787    31832    31810
     543 3    31788    31834    31813
     544 3    31787    31808    31832
     545 3    31788    31810    31834
 0                                                                              
 0                                                                              
 0                                                                              
 0                                                                              
