bi_1997_v2.grd                                                                  
     512     287
    1649 -0.774932000000E+02  0.337254200000E+02  0.293310000000E+02
    1688 -0.774602600000E+02  0.337380500000E+02  0.294800000000E+02
    1715 -0.775214000000E+02  0.337452400000E+02  0.296260000000E+02
    1728 -0.774277500000E+02  0.337507900000E+02  0.291890000000E+02
    1752 -0.774883000000E+02  0.337575000000E+02  0.301650000000E+02
    1780 -0.773956100000E+02  0.337636600000E+02  0.296670000000E+02
    1783 -0.775492700000E+02  0.337652300000E+02  0.287670000000E+02
    1795 -0.774557200000E+02  0.337699100000E+02  0.307760000000E+02
    1815 -0.773637800000E+02  0.337766900000E+02  0.305330000000E+02
    1816 -0.775160500000E+02  0.337770300000E+02  0.298340000000E+02
    1835 -0.774235600000E+02  0.337824900000E+02  0.304830000000E+02
    1842 -0.775766700000E+02  0.337854300000E+02  0.264660000000E+02
    1861 -0.774834100000E+02  0.337890500000E+02  0.297610000000E+02
    1878 -0.773917600000E+02  0.337952500000E+02  0.287890000000E+02
    1885 -0.775433800000E+02  0.337967000000E+02  0.281940000000E+02
    1898 -0.774512500000E+02  0.338012900000E+02  0.296960000000E+02
    1913 -0.776034500000E+02  0.338058500000E+02  0.254160000000E+02
    1922 -0.775107300000E+02  0.338082600000E+02  0.285430000000E+02
    1924 -0.773602500000E+02  0.338082000000E+02  0.285870000000E+02
    1939 -0.774194900000E+02  0.338137500000E+02  0.281370000000E+02
    1949 -0.775701900000E+02  0.338165200000E+02  0.270490000000E+02
    1962 -0.774786000000E+02  0.338201000000E+02  0.278650000000E+02
    1978 -0.776294900000E+02  0.338264400000E+02  0.247730000000E+02
    1984 -0.773880700000E+02  0.338264300000E+02  0.280110000000E+02
    1987 -0.775375700000E+02  0.338275500000E+02  0.282260000000E+02
    2003 -0.774469100000E+02  0.338322000000E+02  0.274630000000E+02
    2009 -0.775963500000E+02  0.338364600000E+02  0.259450000000E+02
    2024 -0.775055200000E+02  0.338389300000E+02  0.273880000000E+02
    2027 -0.773569200000E+02  0.338393300000E+02  0.286680000000E+02
    2042 -0.774155900000E+02  0.338445700000E+02  0.275040000000E+02
    2047 -0.776546900000E+02  0.338471200000E+02  0.242170000000E+02
    2049 -0.775638600000E+02  0.338469300000E+02  0.270390000000E+02
    2057 -0.774739500000E+02  0.338506300000E+02  0.262640000000E+02
    2071 -0.776217700000E+02  0.338565100000E+02  0.250580000000E+02
    2081 -0.773845700000E+02  0.338572000000E+02  0.282370000000E+02
    2082 -0.775319400000E+02  0.338578000000E+02  0.272010000000E+02
    2087 -0.777121700000E+02  0.338595700000E+02  0.206180000000E+02
    2101 -0.774427600000E+02  0.338626400000E+02  0.271570000000E+02
    2107 -0.775894800000E+02  0.338663800000E+02  0.251350000000E+02
    2109 -0.776790000000E+02  0.338678300000E+02  0.220280000000E+02
    2116 -0.775005300000E+02  0.338690500000E+02  0.250610000000E+02
    2119 -0.773538000000E+02  0.338700800000E+02  0.298430000000E+02
    2133 -0.774119100000E+02  0.338749700000E+02  0.277940000000E+02
    2136 -0.776463900000E+02  0.338766100000E+02  0.230340000000E+02
    2137 -0.775577500000E+02  0.338767100000E+02  0.261670000000E+02
    2145 -0.777352500000E+02  0.338806700000E+02  0.182970000000E+02
    2152 -0.774695200000E+02  0.338806700000E+02  0.258390000000E+02
    2159 -0.773232200000E+02  0.338832200000E+02  0.310610000000E+02
    2164 -0.776143600000E+02  0.338859000000E+02  0.238320000000E+02
    2169 -0.775265500000E+02  0.338874700000E+02  0.255590000000E+02
    2170 -0.777024800000E+02  0.338885000000E+02  0.200790000000E+02
    2172 -0.773813100000E+02  0.338875800000E+02  0.290130000000E+02
    2184 -0.774388700000E+02  0.338926500000E+02  0.270620000000E+02
    2191 -0.775828900000E+02  0.338956600000E+02  0.247740000000E+02
    2193 -0.776701800000E+02  0.338967600000E+02  0.208930000000E+02
    2197 -0.772927900000E+02  0.338965900000E+02  0.311330000000E+02
    2201 -0.774957900000E+02  0.338986500000E+02  0.251950000000E+02
    2202 -0.777576600000E+02  0.339015700000E+02  0.179530000000E+02
    2206 -0.773509300000E+02  0.339004800000E+02  0.300680000000E+02
    2214 -0.776384400000E+02  0.339054700000E+02  0.218500000000E+02
    2217 -0.774084900000E+02  0.339049600000E+02  0.279400000000E+02
    2218 -0.775519600000E+02  0.339058900000E+02  0.253280000000E+02
    2221 -0.777251900000E+02  0.339091400000E+02  0.185200000000E+02
    2231 -0.774653900000E+02  0.339102400000E+02  0.263680000000E+02
    2239 -0.776072700000E+02  0.339146500000E+02  0.233300000000E+02
    2241 -0.773207000000E+02  0.339136500000E+02  0.299030000000E+02
    2243 -0.776931800000E+02  0.339169600000E+02  0.199550000000E+02
    2244 -0.775214800000E+02  0.339165900000E+02  0.249600000000E+02
    2248 -0.773783300000E+02  0.339175900000E+02  0.287870000000E+02
    2252 -0.777795900000E+02  0.339223600000E+02  0.170200000000E+02
    2254 -0.774352700000E+02  0.339222200000E+02  0.278600000000E+02
    2255 -0.775766500000E+02  0.339243200000E+02  0.239270000000E+02
    2256 -0.776617100000E+02  0.339251200000E+02  0.205760000000E+02
    2259 -0.778678000000E+02  0.339269600000E+02  0.132960000000E+02
    2268 -0.774913900000E+02  0.339277500000E+02  0.254400000000E+02
    2269 -0.772906000000E+02  0.339270700000E+02  0.303670000000E+02
    2271 -0.777472500000E+02  0.339298000000E+02  0.183350000000E+02
    2278 -0.773483400000E+02  0.339305400000E+02  0.295760000000E+02
    2282 -0.776308400000E+02  0.339337000000E+02  0.217010000000E+02
    2283 -0.778341300000E+02  0.339354300000E+02  0.155340000000E+02
    2284 -0.775465100000E+02  0.339344900000E+02  0.246190000000E+02
    2287 -0.774053900000E+02  0.339345700000E+02  0.291830000000E+02
    2289 -0.777154100000E+02  0.339372600000E+02  0.185750000000E+02
    2292 -0.779265100000E+02  0.339406400000E+02  0.927100000000E+01
    2293 -0.774615900000E+02  0.339393600000E+02  0.267310000000E+02
    2297 -0.778011700000E+02  0.339432700000E+02  0.158360000000E+02
    2298 -0.776005600000E+02  0.339427600000E+02  0.218480000000E+02
    2303 -0.776841600000E+02  0.339449000000E+02  0.191540000000E+02
    2309 -0.773184700000E+02  0.339437800000E+02  0.299420000000E+02
    2314 -0.775167800000E+02  0.339451800000E+02  0.248270000000E+02
    2320 -0.778901800000E+02  0.339476900000E+02  0.114890000000E+02
    2323 -0.773756700000E+02  0.339472700000E+02  0.288580000000E+02
    2325 -0.777687700000E+02  0.339506500000E+02  0.165060000000E+02
    2330 -0.774320400000E+02  0.339514000000E+02  0.279900000000E+02
    2331 -0.776535600000E+02  0.339528600000E+02  0.196780000000E+02
    2332 -0.775708000000E+02  0.339523500000E+02  0.225510000000E+02
    2335 -0.778557900000E+02  0.339564400000E+02  0.136340000000E+02
    2337 -0.777369500000E+02  0.339577900000E+02  0.178070000000E+02
    2338 -0.774873800000E+02  0.339563800000E+02  0.255570000000E+02
    2339 -0.772886900000E+02  0.339572800000E+02  0.295150000000E+02
    2340 -0.776236000000E+02  0.339612600000E+02  0.205090000000E+02
    2344 -0.773460700000E+02  0.339603000000E+02  0.295470000000E+02
    2352 -0.775415000000E+02  0.339625100000E+02  0.239770000000E+02
    2354 -0.778224600000E+02  0.339645200000E+02  0.153420000000E+02
    2356 -0.777058000000E+02  0.339649200000E+02  0.179290000000E+02
    2357 -0.774026500000E+02  0.339638300000E+02  0.276130000000E+02
    2359 -0.779114200000E+02  0.339663500000E+02  0.103890000000E+02
    2364 -0.774582200000E+02  0.339680600000E+02  0.263460000000E+02
    2365 -0.775942500000E+02  0.339702000000E+02  0.205890000000E+02
    2367 -0.777898300000E+02  0.339718700000E+02  0.159460000000E+02
    2369 -0.776753800000E+02  0.339722300000E+02  0.183760000000E+02
    2372 -0.775125500000E+02  0.339732400000E+02  0.246230000000E+02
    2374 -0.773165500000E+02  0.339736300000E+02  0.289830000000E+02
    2376 -0.778768100000E+02  0.339776600000E+02  0.116600000000E+02
    2379 -0.777578800000E+02  0.339787300000E+02  0.168180000000E+02
    2380 -0.773733700000E+02  0.339766400000E+02  0.278600000000E+02
    2388 -0.776457100000E+02  0.339799000000E+02  0.188510000000E+02
    2392 -0.775654300000E+02  0.339797600000E+02  0.217840000000E+02
    2396 -0.774292200000E+02  0.339802100000E+02  0.258660000000E+02
    2399 -0.777266800000E+02  0.339853400000E+02  0.170050000000E+02
    2402 -0.778433700000E+02  0.339863500000E+02  0.135950000000E+02
    2403 -0.774838600000E+02  0.339845400000E+02  0.250870000000E+02
    2406 -0.776167600000E+02  0.339880900000E+02  0.195280000000E+02
    2407 -0.772870700000E+02  0.339872300000E+02  0.281820000000E+02
    2409 -0.775370100000E+02  0.339899600000E+02  0.225590000000E+02
    2410 -0.776963000000E+02  0.339919500000E+02  0.176290000000E+02
    2411 -0.773441500000E+02  0.339897800000E+02  0.277320000000E+02
    2412 -0.778104900000E+02  0.339937300000E+02  0.150420000000E+02
    2413 -0.774003100000E+02  0.339927800000E+02  0.261150000000E+02
    2425 -0.775884500000E+02  0.339969300000E+02  0.202760000000E+02
    2427 -0.774553200000E+02  0.339963700000E+02  0.250440000000E+02
    2432 -0.776668100000E+02  0.339987900000E+02  0.183070000000E+02
    2433 -0.778962700000E+02  0.339999300000E+02  0.113530000000E+02
    2434 -0.777782700000E+02  0.340003000000E+02  0.166360000000E+02
    2438 -0.775088700000E+02  0.340008200000E+02  0.230380000000E+02
    2443 -0.773149600000E+02  0.340032400000E+02  0.272880000000E+02
    2445 -0.777468300000E+02  0.340063700000E+02  0.168110000000E+02
    2446 -0.776382100000E+02  0.340061000000E+02  0.188360000000E+02
    2447 -0.775606300000E+02  0.340065100000E+02  0.209520000000E+02
    2449 -0.773714500000E+02  0.340057300000E+02  0.267270000000E+02
    2452 -0.778638500000E+02  0.340091900000E+02  0.124820000000E+02
    2456 -0.774268600000E+02  0.340086900000E+02  0.246890000000E+02
    2462 -0.777163300000E+02  0.340122300000E+02  0.168540000000E+02
    2468 -0.774808800000E+02  0.340123000000E+02  0.235400000000E+02
    2471 -0.776104100000E+02  0.340140800000E+02  0.193350000000E+02
    2481 -0.778308300000E+02  0.340165500000E+02  0.139260000000E+02
    2483 -0.776868600000E+02  0.340181500000E+02  0.178720000000E+02
    2484 -0.775331400000E+02  0.340168500000E+02  0.214790000000E+02
    2487 -0.773425900000E+02  0.340190400000E+02  0.269180000000E+02
    2488 -0.777982200000E+02  0.340227900000E+02  0.152840000000E+02
    2490 -0.773984300000E+02  0.340214500000E+02  0.256640000000E+02
    2491 -0.775832700000E+02  0.340228800000E+02  0.200430000000E+02
    2492 -0.776584700000E+02  0.340244100000E+02  0.185090000000E+02
    2493 -0.774529600000E+02  0.340243500000E+02  0.237620000000E+02
    2498 -0.777663700000E+02  0.340282800000E+02  0.161260000000E+02
    2503 -0.775058300000E+02  0.340279400000E+02  0.222290000000E+02
    2507 -0.776311400000E+02  0.340313000000E+02  0.189280000000E+02
    2511 -0.777355300000E+02  0.340333200000E+02  0.166240000000E+02
    2516 -0.778846900000E+02  0.340339500000E+02  0.116660000000E+02
    2518 -0.775565600000E+02  0.340326100000E+02  0.208370000000E+02
    2520 -0.773137100000E+02  0.340326500000E+02  0.284810000000E+02
    2522 -0.773699600000E+02  0.340346000000E+02  0.269420000000E+02
    2523 -0.777058300000E+02  0.340382200000E+02  0.176000000000E+02
    2525 -0.774250300000E+02  0.340369000000E+02  0.243890000000E+02
    2526 -0.776047100000E+02  0.340391100000E+02  0.196100000000E+02
    2528 -0.778511300000E+02  0.340407100000E+02  0.124240000000E+02
    2529 -0.774785500000E+02  0.340397000000E+02  0.231390000000E+02
    2532 -0.776774400000E+02  0.340432600000E+02  0.184600000000E+02
    2541 -0.775300400000E+02  0.340432300000E+02  0.219870000000E+02
    2544 -0.778179300000E+02  0.340465000000E+02  0.141230000000E+02
    2550 -0.776504000000E+02  0.340487900000E+02  0.189770000000E+02
    2552 -0.775789100000E+02  0.340480300000E+02  0.208060000000E+02
    2556 -0.773414300000E+02  0.340481000000E+02  0.278610000000E+02
    2557 -0.777854500000E+02  0.340513500000E+02  0.149560000000E+02
    2561 -0.773970300000E+02  0.340499000000E+02  0.261300000000E+02
    2563 -0.774512100000E+02  0.340520400000E+02  0.242680000000E+02
    2564 -0.777540000000E+02  0.340555100000E+02  0.159580000000E+02
    2565 -0.776246700000E+02  0.340552600000E+02  0.199740000000E+02
    2566 -0.775035400000E+02  0.340546700000E+02  0.226350000000E+02
    2567 -0.777238200000E+02  0.340593100000E+02  0.169970000000E+02
    2570 -0.775533800000E+02  0.340580900000E+02  0.214610000000E+02
    2581 -0.776950800000E+02  0.340630100000E+02  0.178750000000E+02
    2583 -0.775999400000E+02  0.340630700000E+02  0.206860000000E+02
    2586 -0.773689100000E+02  0.340632900000E+02  0.268300000000E+02
    2587 -0.778717700000E+02  0.340664200000E+02  0.110020000000E+02
    2589 -0.776680000000E+02  0.340669400000E+02  0.186580000000E+02
    2591 -0.774237600000E+02  0.340649000000E+02  0.253550000000E+02
    2597 -0.774769300000E+02  0.340668100000E+02  0.235080000000E+02
    2600 -0.775278500000E+02  0.340691800000E+02  0.219460000000E+02
    2601 -0.778377200000E+02  0.340716600000E+02  0.124780000000E+02
    2603 -0.776427300000E+02  0.340715800000E+02  0.192850000000E+02
    2605 -0.775756600000E+02  0.340723900000E+02  0.209650000000E+02
    2613 -0.778042600000E+02  0.340759200000E+02  0.140230000000E+02
    2623 -0.776191600000E+02  0.340776800000E+02  0.199410000000E+02
    2625 -0.777719000000E+02  0.340790900000E+02  0.150400000000E+02
    2631 -0.773961300000E+02  0.340782000000E+02  0.255940000000E+02
    2632 -0.777409400000E+02  0.340817100000E+02  0.161330000000E+02
    2633 -0.774501200000E+02  0.340795400000E+02  0.238100000000E+02
    2636 -0.775021100000E+02  0.340811100000E+02  0.223050000000E+02
    2637 -0.777115300000E+02  0.340840400000E+02  0.171970000000E+02
    2639 -0.775513500000E+02  0.340830700000E+02  0.206180000000E+02
    2642 -0.776839200000E+02  0.340862800000E+02  0.183290000000E+02
    2645 -0.775965400000E+02  0.340859200000E+02  0.201840000000E+02
    2647 -0.776584700000E+02  0.340887300000E+02  0.188140000000E+02
    2656 -0.776357100000E+02  0.340920100000E+02  0.184290000000E+02
    2663 -0.774230800000E+02  0.340927600000E+02  0.241180000000E+02
    2665 -0.774760800000E+02  0.340937400000E+02  0.226060000000E+02
    2667 -0.775267000000E+02  0.340948300000E+02  0.209280000000E+02
    2668 -0.778581200000E+02  0.340977900000E+02  0.120650000000E+02
    2669 -0.775738900000E+02  0.340961400000E+02  0.199360000000E+02
    2673 -0.776153600000E+02  0.340982200000E+02  0.189300000000E+02
    2677 -0.778231400000E+02  0.341025700000E+02  0.131640000000E+02
    2679 -0.777894300000E+02  0.341043700000E+02  0.143030000000E+02
    2683 -0.777573800000E+02  0.341056700000E+02  0.157060000000E+02
    2688 -0.777270100000E+02  0.341066300000E+02  0.166900000000E+02
    2693 -0.776984500000E+02  0.341072800000E+02  0.170500000000E+02
    2696 -0.776720200000E+02  0.341076700000E+02  0.177770000000E+02
    2697 -0.776484600000E+02  0.341078800000E+02  0.183290000000E+02
    2702 -0.776301400000E+02  0.341079600000E+02  0.183280000000E+02
    2706 -0.774497200000E+02  0.341069300000E+02  0.225660000000E+02
    2707 -0.775952800000E+02  0.341079700000E+02  0.196230000000E+02
    2708 -0.775016100000E+02  0.341074100000E+02  0.210380000000E+02
    2709 -0.775506400000E+02  0.341077800000E+02  0.201380000000E+02
    2716 -0.776154000000E+02  0.341177600000E+02  0.194370000000E+02
    2720 -0.775739100000E+02  0.341196700000E+02  0.193600000000E+02
    2728 -0.775267000000E+02  0.341204000000E+02  0.204290000000E+02
    2731 -0.774760500000E+02  0.341206100000E+02  0.209040000000E+02
    2737 -0.776358000000E+02  0.341239200000E+02  0.185930000000E+02
    2740 -0.776586300000E+02  0.341269600000E+02  0.183400000000E+02
    2744 -0.776842000000E+02  0.341288800000E+02  0.171650000000E+02
    2746 -0.777120200000E+02  0.341301500000E+02  0.166220000000E+02
    2747 -0.777417500000E+02  0.341309200000E+02  0.162090000000E+02
    2748 -0.777732600000E+02  0.341312800000E+02  0.149280000000E+02
    2750 -0.775965900000E+02  0.341300800000E+02  0.188530000000E+02
    2751 -0.778066300000E+02  0.341316900000E+02  0.134060000000E+02
    2755 -0.778426600000E+02  0.341340100000E+02  0.123270000000E+02
    2757 -0.775513500000E+02  0.341325200000E+02  0.196700000000E+02
    2759 -0.775020800000E+02  0.341337200000E+02  0.201920000000E+02
    2762 -0.774500300000E+02  0.341343000000E+02  0.212710000000E+02
    2775 -0.776192600000E+02  0.341384200000E+02  0.178410000000E+02
    2787 -0.776429400000E+02  0.341445000000E+02  0.179850000000E+02
    2788 -0.775757000000E+02  0.341435200000E+02  0.184860000000E+02
    2793 -0.775278200000E+02  0.341461100000E+02  0.197350000000E+02
    2794 -0.776683700000E+02  0.341489000000E+02  0.183310000000E+02
    2796 -0.774768400000E+02  0.341475500000E+02  0.204250000000E+02
    2802 -0.776957600000E+02  0.341522800000E+02  0.175040000000E+02
    2812 -0.776000200000E+02  0.341531200000E+02  0.179770000000E+02
    2813 -0.777249700000E+02  0.341549100000E+02  0.162170000000E+02
    2818 -0.777559100000E+02  0.341568700000E+02  0.151140000000E+02
    2821 -0.777884700000E+02  0.341581600000E+02  0.113880000000E+02
    2822 -0.775533900000E+02  0.341576200000E+02  0.188270000000E+02
    2823 -0.778228500000E+02  0.341597200000E+02  0.981300000000E+01
    2828 -0.776248400000E+02  0.341611300000E+02  0.172580000000E+02
    2831 -0.775034700000E+02  0.341602000000E+02  0.196770000000E+02
    2846 -0.776507200000E+02  0.341676800000E+02  0.171330000000E+02
    2849 -0.775789500000E+02  0.341681100000E+02  0.182340000000E+02
    2859 -0.776780300000E+02  0.341731000000E+02  0.171950000000E+02
    2860 -0.775300100000E+02  0.341721500000E+02  0.190070000000E+02
    2866 -0.777069300000E+02  0.341777000000E+02  0.166370000000E+02
    2867 -0.776048000000E+02  0.341774300000E+02  0.173930000000E+02
    2873 -0.777374600000E+02  0.341815600000E+02  0.154120000000E+02
    2884 -0.777695500000E+02  0.341844000000E+02  0.130920000000E+02
    2885 -0.775565400000E+02  0.341833200000E+02  0.188800000000E+02
    2887 -0.778025800000E+02  0.341850300000E+02  0.101880000000E+02
    2890 -0.776313200000E+02  0.341856200000E+02  0.165020000000E+02
    2901 -0.776588300000E+02  0.341928100000E+02  0.158950000000E+02
    2905 -0.775832700000E+02  0.341936000000E+02  0.182180000000E+02
    2920 -0.776876000000E+02  0.341992500000E+02  0.153480000000E+02
    2926 -0.776104400000E+02  0.342030100000E+02  0.169700000000E+02
    2931 -0.777178000000E+02  0.342050900000E+02  0.151810000000E+02
    2941 -0.777495900000E+02  0.342103500000E+02  0.143430000000E+02
    2947 -0.776382800000E+02  0.342116200000E+02  0.158160000000E+02
    2955 -0.777833300000E+02  0.342144100000E+02  0.118260000000E+02
    2968 -0.776670500000E+02  0.342196000000E+02  0.149770000000E+02
    2969 -0.775883600000E+02  0.342200400000E+02  0.177370000000E+02
    2985 -0.776969600000E+02  0.342271700000E+02  0.141130000000E+02
    2994 -0.776166000000E+02  0.342297400000E+02  0.162940000000E+02
    3002 -0.777282300000E+02  0.342345400000E+02  0.135520000000E+02
    3015 -0.776454800000E+02  0.342389400000E+02  0.152170000000E+02
    3021 -0.777611500000E+02  0.342421200000E+02  0.130400000000E+02
    3037 -0.776751600000E+02  0.342478300000E+02  0.142460000000E+02
    3055 -0.777059100000E+02  0.342566800000E+02  0.130850000000E+02
    3079 -0.777380200000E+02  0.342658000000E+02  0.124870000000E+02
    3086 -0.776526800000E+02  0.342673500000E+02  0.145110000000E+02
    3111 -0.776828800000E+02  0.342772300000E+02  0.133210000000E+02
    3141 -0.777142100000E+02  0.342875300000E+02  0.123810000000E+02
    3199 -0.776896100000E+02  0.343073800000E+02  0.125750000000E+02
       1 3     1649     1688     1752
       2 3     1649     1752     1715
       3 3     1688     1728     1795
       4 3     1688     1795     1752
       5 3     1715     1752     1816
       6 3     1715     1816     1783
       7 3     1728     1780     1835
       8 3     1728     1835     1795
       9 3     1752     1795     1861
      10 3     1752     1861     1816
      11 3     1780     1815     1878
      12 3     1783     1816     1885
      13 3     1780     1878     1835
      14 3     1783     1885     1842
      15 3     1795     1835     1898
      16 3     1795     1898     1861
      17 3     1816     1861     1922
      18 3     1815     1924     1878
      19 3     1816     1922     1885
      20 3     1835     1878     1939
      21 3     1842     1885     1949
      22 3     1835     1939     1898
      23 3     1861     1898     1962
      24 3     1842     1949     1913
      25 3     1861     1962     1922
      26 3     1878     1924     1984
      27 3     1885     1922     1987
      28 3     1878     1984     1939
      29 3     1885     1987     1949
      30 3     1898     1939     2003
      31 3     1898     2003     1962
      32 3     1913     1949     2009
      33 3     1922     1962     2024
      34 3     1913     2009     1978
      35 3     1924     2027     1984
      36 3     1922     2024     1987
      37 3     1939     1984     2042
      38 3     1949     1987     2049
      39 3     1939     2042     2003
      40 3     1962     2003     2057
      41 3     1949     2049     2009
      42 3     1962     2057     2024
      43 3     1978     2009     2071
      44 3     1984     2027     2081
      45 3     1987     2024     2082
      46 3     1984     2081     2042
      47 3     1978     2071     2047
      48 3     1987     2082     2049
      49 3     2003     2042     2101
      50 3     2003     2101     2057
      51 3     2009     2049     2107
      52 3     2024     2057     2116
      53 3     2009     2107     2071
      54 3     2024     2116     2082
      55 3     2027     2119     2081
      56 3     2042     2081     2133
      57 3     2047     2071     2136
      58 3     2049     2082     2137
      59 3     2042     2133     2101
      60 3     2049     2137     2107
      61 3     2057     2101     2152
      62 3     2047     2136     2109
      63 3     2057     2152     2116
      64 3     2071     2107     2164
      65 3     2082     2116     2169
      66 3     2087     2109     2170
      67 3     2081     2119     2172
      68 3     2081     2172     2133
      69 3     2071     2164     2136
      70 3     2082     2169     2137
      71 3     2101     2133     2184
      72 3     2087     2170     2145
      73 3     2107     2137     2191
      74 3     2101     2184     2152
      75 3     2109     2136     2193
      76 3     2116     2152     2201
      77 3     2107     2191     2164
      78 3     2119     2159     2206
      79 3     2109     2193     2170
      80 3     2116     2201     2169
      81 3     2119     2206     2172
      82 3     2136     2164     2214
      83 3     2133     2172     2217
      84 3     2137     2169     2218
      85 3     2133     2217     2184
      86 3     2145     2170     2221
      87 3     2137     2218     2191
      88 3     2136     2214     2193
      89 3     2152     2184     2231
      90 3     2152     2231     2201
      91 3     2164     2191     2239
      92 3     2159     2197     2241
      93 3     2145     2221     2202
      94 3     2170     2193     2243
      95 3     2159     2241     2206
      96 3     2169     2201     2244
      97 3     2172     2206     2248
      98 3     2164     2239     2214
      99 3     2169     2244     2218
     100 3     2172     2248     2217
     101 3     2170     2243     2221
     102 3     2184     2217     2254
     103 3     2191     2218     2255
     104 3     2193     2214     2256
     105 3     2184     2254     2231
     106 3     2201     2231     2268
     107 3     2191     2255     2239
     108 3     2202     2221     2271
     109 3     2197     2269     2241
     110 3     2193     2256     2243
     111 3     2201     2268     2244
     112 3     2206     2241     2278
     113 3     2214     2239     2282
     114 3     2206     2278     2248
     115 3     2218     2244     2284
     116 3     2217     2248     2287
     117 3     2202     2271     2252
     118 3     2221     2243     2289
     119 3     2217     2287     2254
     120 3     2218     2284     2255
     121 3     2214     2282     2256
     122 3     2231     2254     2293
     123 3     2239     2255     2298
     124 3     2231     2293     2268
     125 3     2221     2289     2271
     126 3     2243     2256     2303
     127 3     2241     2269     2309
     128 3     2244     2268     2314
     129 3     2241     2309     2278
     130 3     2239     2298     2282
     131 3     2248     2278     2323
     132 3     2244     2314     2284
     133 3     2252     2271     2325
     134 3     2248     2323     2287
     135 3     2243     2303     2289
     136 3     2254     2287     2330
     137 3     2256     2282     2331
     138 3     2255     2284     2332
     139 3     2254     2330     2293
     140 3     2259     2283     2335
     141 3     2255     2332     2298
     142 3     2252     2325     2297
     143 3     2271     2289     2337
     144 3     2268     2293     2338
     145 3     2256     2331     2303
     146 3     2268     2338     2314
     147 3     2269     2339     2309
     148 3     2282     2298     2340
     149 3     2278     2309     2344
     150 3     2284     2314     2352
     151 3     2278     2344     2323
     152 3     2259     2335     2320
     153 3     2283     2297     2354
     154 3     2271     2337     2325
     155 3     2289     2303     2356
     156 3     2287     2323     2357
     157 3     2292     2320     2359
     158 3     2282     2340     2331
     159 3     2284     2352     2332
     160 3     2287     2357     2330
     161 3     2293     2330     2364
     162 3     2298     2332     2365
     163 3     2289     2356     2337
     164 3     2297     2325     2367
     165 3     2283     2354     2335
     166 3     2293     2364     2338
     167 3     2303     2331     2369
     168 3     2314     2338     2372
     169 3     2298     2365     2340
     170 3     2309     2339     2374
     171 3     2309     2374     2344
     172 3     2320     2335     2376
     173 3     2314     2372     2352
     174 3     2303     2369     2356
     175 3     2325     2337     2379
     176 3     2323     2344     2380
     177 3     2297     2367     2354
     178 3     2323     2380     2357
     179 3     2331     2340     2388
     180 3     2332     2352     2392
     181 3     2330     2357     2396
     182 3     2330     2396     2364
     183 3     2332     2392     2365
     184 3     2320     2376     2359
     185 3     2337     2356     2399
     186 3     2331     2388     2369
     187 3     2325     2379     2367
     188 3     2335     2354     2402
     189 3     2338     2364     2403
     190 3     2338     2403     2372
     191 3     2340     2365     2406
     192 3     2339     2407     2374
     193 3     2352     2372     2409
     194 3     2337     2399     2379
     195 3     2356     2369     2410
     196 3     2344     2374     2411
     197 3     2340     2406     2388
     198 3     2344     2411     2380
     199 3     2335     2402     2376
     200 3     2354     2367     2412
     201 3     2352     2409     2392
     202 3     2357     2380     2413
     203 3     2357     2413     2396
     204 3     2365     2392     2425
     205 3     2364     2396     2427
     206 3     2356     2410     2399
     207 3     2369     2388     2432
     208 3     2376     2433     2359
     209 3     2367     2379     2434
     210 3     2364     2427     2403
     211 3     2354     2412     2402
     212 3     2365     2425     2406
     213 3     2372     2403     2438
     214 3     2369     2432     2410
     215 3     2372     2438     2409
     216 3     2374     2407     2443
     217 3     2379     2399     2445
     218 3     2388     2406     2446
     219 3     2374     2443     2411
     220 3     2367     2434     2412
     221 3     2392     2409     2447
     222 3     2380     2411     2449
     223 3     2376     2402     2452
     224 3     2380     2449     2413
     225 3     2396     2413     2456
     226 3     2392     2447     2425
     227 3     2388     2446     2432
     228 3     2399     2410     2462
     229 3     2396     2456     2427
     230 3     2379     2445     2434
     231 3     2403     2427     2468
     232 3     2406     2425     2471
     233 3     2376     2452     2433
     234 3     2403     2468     2438
     235 3     2402     2412     2481
     236 3     2410     2432     2483
     237 3     2409     2438     2484
     238 3     2399     2462     2445
     239 3     2406     2471     2446
     240 3     2409     2484     2447
     241 3     2411     2443     2487
     242 3     2411     2487     2449
     243 3     2412     2434     2488
     244 3     2402     2481     2452
     245 3     2413     2449     2490
     246 3     2425     2447     2491
     247 3     2410     2483     2462
     248 3     2432     2446     2492
     249 3     2413     2490     2456
     250 3     2427     2456     2493
     251 3     2425     2491     2471
     252 3     2427     2493     2468
     253 3     2434     2445     2498
     254 3     2438     2468     2503
     255 3     2412     2488     2481
     256 3     2432     2492     2483
     257 3     2438     2503     2484
     258 3     2446     2471     2507
     259 3     2445     2462     2511
     260 3     2433     2452     2516
     261 3     2447     2484     2518
     262 3     2434     2498     2488
     263 3     2443     2520     2487
     264 3     2446     2507     2492
     265 3     2447     2518     2491
     266 3     2449     2487     2522
     267 3     2449     2522     2490
     268 3     2462     2483     2523
     269 3     2456     2490     2525
     270 3     2471     2491     2526
     271 3     2456     2525     2493
     272 3     2445     2511     2498
     273 3     2452     2481     2528
     274 3     2468     2493     2529
     275 3     2468     2529     2503
     276 3     2483     2492     2532
     277 3     2471     2526     2507
     278 3     2484     2503     2541
     279 3     2462     2523     2511
     280 3     2481     2488     2544
     281 3     2484     2541     2518
     282 3     2452     2528     2516
     283 3     2492     2507     2550
     284 3     2491     2518     2552
     285 3     2483     2532     2523
     286 3     2487     2520     2556
     287 3     2488     2498     2557
     288 3     2487     2556     2522
     289 3     2491     2552     2526
     290 3     2490     2522     2561
     291 3     2490     2561     2525
     292 3     2481     2544     2528
     293 3     2493     2525     2563
     294 3     2492     2550     2532
     295 3     2498     2511     2564
     296 3     2493     2563     2529
     297 3     2507     2526     2565
     298 3     2503     2529     2566
     299 3     2503     2566     2541
     300 3     2488     2557     2544
     301 3     2511     2523     2567
     302 3     2518     2541     2570
     303 3     2507     2565     2550
     304 3     2518     2570     2552
     305 3     2523     2532     2581
     306 3     2498     2564     2557
     307 3     2526     2552     2583
     308 3     2522     2556     2586
     309 3     2516     2528     2587
     310 3     2522     2586     2561
     311 3     2511     2567     2564
     312 3     2532     2550     2589
     313 3     2526     2583     2565
     314 3     2525     2561     2591
     315 3     2525     2591     2563
     316 3     2529     2563     2597
     317 3     2523     2581     2567
     318 3     2529     2597     2566
     319 3     2541     2566     2600
     320 3     2528     2544     2601
     321 3     2550     2565     2603
     322 3     2541     2600     2570
     323 3     2532     2589     2581
     324 3     2552     2570     2605
     325 3     2544     2557     2613
     326 3     2552     2605     2583
     327 3     2550     2603     2589
     328 3     2565     2583     2623
     329 3     2557     2564     2625
     330 3     2528     2601     2587
     331 3     2561     2586     2631
     332 3     2561     2631     2591
     333 3     2564     2567     2632
     334 3     2565     2623     2603
     335 3     2563     2591     2633
     336 3     2563     2633     2597
     337 3     2566     2597     2636
     338 3     2567     2581     2637
     339 3     2544     2613     2601
     340 3     2566     2636     2600
     341 3     2570     2600     2639
     342 3     2570     2639     2605
     343 3     2581     2589     2642
     344 3     2583     2605     2645
     345 3     2557     2625     2613
     346 3     2589     2603     2647
     347 3     2583     2645     2623
     348 3     2564     2632     2625
     349 3     2567     2637     2632
     350 3     2603     2623     2656
     351 3     2581     2642     2637
     352 3     2589     2647     2642
     353 3     2591     2631     2663
     354 3     2591     2663     2633
     355 3     2597     2633     2665
     356 3     2597     2665     2636
     357 3     2603     2656     2647
     358 3     2600     2636     2667
     359 3     2600     2667     2639
     360 3     2587     2601     2668
     361 3     2605     2639     2669
     362 3     2605     2669     2645
     363 3     2623     2645     2673
     364 3     2623     2673     2656
     365 3     2601     2613     2677
     366 3     2613     2625     2679
     367 3     2625     2632     2683
     368 3     2632     2637     2688
     369 3     2637     2642     2693
     370 3     2642     2647     2696
     371 3     2647     2656     2697
     372 3     2656     2673     2702
     373 3     2633     2663     2706
     374 3     2633     2706     2665
     375 3     2645     2707     2673
     376 3     2645     2669     2707
     377 3     2636     2665     2708
     378 3     2636     2708     2667
     379 3     2639     2709     2669
     380 3     2639     2667     2709
     381 3     2601     2677     2668
     382 3     2656     2702     2697
     383 3     2613     2679     2677
     384 3     2625     2683     2679
     385 3     2647     2697     2696
     386 3     2632     2688     2683
     387 3     2642     2696     2693
     388 3     2637     2693     2688
     389 3     2673     2716     2702
     390 3     2673     2707     2716
     391 3     2669     2720     2707
     392 3     2669     2709     2720
     393 3     2667     2728     2709
     394 3     2667     2708     2728
     395 3     2665     2731     2708
     396 3     2665     2706     2731
     397 3     2702     2737     2697
     398 3     2697     2740     2696
     399 3     2696     2744     2693
     400 3     2702     2716     2737
     401 3     2693     2746     2688
     402 3     2688     2747     2683
     403 3     2683     2748     2679
     404 3     2707     2750     2716
     405 3     2679     2751     2677
     406 3     2697     2737     2740
     407 3     2707     2720     2750
     408 3     2668     2677     2755
     409 3     2709     2757     2720
     410 3     2709     2728     2757
     411 3     2696     2740     2744
     412 3     2708     2759     2728
     413 3     2708     2731     2759
     414 3     2706     2762     2731
     415 3     2693     2744     2746
     416 3     2716     2775     2737
     417 3     2688     2746     2747
     418 3     2683     2747     2748
     419 3     2679     2748     2751
     420 3     2716     2750     2775
     421 3     2677     2751     2755
     422 3     2737     2787     2740
     423 3     2720     2788     2750
     424 3     2720     2757     2788
     425 3     2728     2793     2757
     426 3     2740     2794     2744
     427 3     2728     2759     2793
     428 3     2737     2775     2787
     429 3     2731     2796     2759
     430 3     2731     2762     2796
     431 3     2744     2802     2746
     432 3     2750     2812     2775
     433 3     2746     2813     2747
     434 3     2740     2787     2794
     435 3     2747     2818     2748
     436 3     2750     2788     2812
     437 3     2748     2821     2751
     438 3     2744     2794     2802
     439 3     2757     2822     2788
     440 3     2751     2823     2755
     441 3     2757     2793     2822
     442 3     2775     2828     2787
     443 3     2759     2831     2793
     444 3     2746     2802     2813
     445 3     2759     2796     2831
     446 3     2747     2813     2818
     447 3     2775     2812     2828
     448 3     2748     2818     2821
     449 3     2787     2846     2794
     450 3     2788     2849     2812
     451 3     2751     2821     2823
     452 3     2788     2822     2849
     453 3     2787     2828     2846
     454 3     2794     2859     2802
     455 3     2793     2860     2822
     456 3     2793     2831     2860
     457 3     2802     2866     2813
     458 3     2812     2867     2828
     459 3     2794     2846     2859
     460 3     2813     2873     2818
     461 3     2812     2849     2867
     462 3     2818     2884     2821
     463 3     2802     2859     2866
     464 3     2822     2885     2849
     465 3     2821     2887     2823
     466 3     2828     2890     2846
     467 3     2822     2860     2885
     468 3     2813     2866     2873
     469 3     2828     2867     2890
     470 3     2818     2873     2884
     471 3     2846     2901     2859
     472 3     2849     2905     2867
     473 3     2821     2884     2887
     474 3     2849     2885     2905
     475 3     2846     2890     2901
     476 3     2859     2920     2866
     477 3     2867     2926     2890
     478 3     2866     2931     2873
     479 3     2859     2901     2920
     480 3     2867     2905     2926
     481 3     2873     2941     2884
     482 3     2866     2920     2931
     483 3     2890     2947     2901
     484 3     2884     2955     2887
     485 3     2890     2926     2947
     486 3     2873     2931     2941
     487 3     2901     2968     2920
     488 3     2905     2969     2926
     489 3     2884     2941     2955
     490 3     2901     2947     2968
     491 3     2920     2985     2931
     492 3     2926     2994     2947
     493 3     2920     2968     2985
     494 3     2926     2969     2994
     495 3     2931     3002     2941
     496 3     2947     3015     2968
     497 3     2931     2985     3002
     498 3     2941     3021     2955
     499 3     2947     2994     3015
     500 3     2968     3037     2985
     501 3     2941     3002     3021
     502 3     2968     3015     3037
     503 3     2985     3055     3002
     504 3     2985     3037     3055
     505 3     3002     3079     3021
     506 3     3015     3086     3037
     507 3     3002     3055     3079
     508 3     3037     3111     3055
     509 3     3037     3086     3111
     510 3     3055     3141     3079
     511 3     3055     3111     3141
     512 3     3111     3199     3141
 0                                                                              
 0                                                                              
 1                                                                              
 14                                                                             
      14       0                                                                
    3199
    3141
    3079
    3021
    2955
    2887
    2823
    2755
    2668
    2587
    2516
    2433
    2359
    2292
