FileFmt      1050624           0           0
NELG           58641         560         512
       -3276
       -3303
        3359
        3383
       -3405
       -3425
        3439
        3457
        3486
        3508
        3522
       -3532
        3541
       -3555
        3563
        3583
        3608
        3626
        3628
        3641
       -3658
        3660
        3689
       -3691
        3709
        3734
        3739
        3751
        3762
        3768
        3780
       -3784
        3812
       -3825
        3832
        3833
        3851
        3865
        3867
        3882
        3884
        3899
       -3912
        3929
        3930
        3946
       -3953
        3955
        3964
        3977
        3980
        3997
        4002
        4012
        4015
        4032
       -4038
        4041
        4048
        4063
        4066
       -4071
        4078
        4086
        4097
       -4098
        4101
        4110
        4112
        4121
        4137
       -4142
        4149
        4152
       -4155
        4166
        4171
        4178
       -4181
        4182
        4187
        4195
        4200
        4202
        4207
       -4208
        4222
        4227
        4230
        4245
        4251
        4255
       -4258
        4260
        4261
        4263
        4268
        4270
        4274
        4275
        4279
        4281
        4284
        4285
        4289
        4307
        4311
       -4314
        4320
        4322
        4326
        4328
        4334
        4335
        4340
        4343
       -4346
        4348
        4351
        4353
        4354
        4357
        4365
        4366
        4367
        4373
        4384
        4392
        4398
        4404
        4407
        4409
       -4412
        4414
        4415
        4420
        4421
        4422
        4427
       -4429
        4433
       -4434
        4435
        4436
        4440
        4443
       -4445
        4447
        4453
        4470
        4472
       -4475
       -4478
        4479
        4481
        4485
       -4487
        4490
        4491
        4493
        4497
        4501
        4503
       -4504
       -4505
        4507
        4509
        4513
        4515
       -4517
        4520
       -4521
        4522
        4526
        4527
        4528
       -4529
        4544
        4545
        4552
        4560
        4564
        4566
       -4568
        4569
        4570
        4572
        4574
        4575
        4581
        4582
       -4587
        4588
        4590
        4591
        4592
        4594
        4595
        4596
        4597
        4598
        4599
        4611
        4619
        4624
        4625
        4634
        4636
        4637
        4639
        4641
        4644
        4647
        4652
        4653
       -4656
        4658
        4659
       -4660
        4661
        4662
        4664
        4668
        4670
        4673
        4674
        4676
        4683
        4685
        4692
        4696
        4700
        4702
        4713
        4716
        4724
        4725
        4727
        4728
        4732
       -4733
        4735
        4737
        4739
        4742
        4743
        4745
        4746
        4748
        4749
        4751
        4753
        4758
        4768
        4770
        4771
        4777
        4779
        4788
        4794
        4798
        4805
       -4807
        4808
        4809
        4812
        4813
        4814
        4817
        4818
        4821
        4822
        4823
        4824
        4828
        4829
        4831
        4843
        4844
        4851
        4855
        4858
        4864
        4866
        4869
       -4877
        4878
       -4881
        4884
        4887
        4889
        4891
        4892
        4893
        4895
        4896
        4897
        4898
        4899
        4901
        4902
        4907
        4911
        4922
        4929
        4930
        4934
       -4940
        4941
       -4942
        4943
        4945
        4947
        4950
        4952
        4959
        4963
        4964
        4967
        4968
        4970
        4972
        4973
        4974
        4986
        4987
        4996
        5005
        5007
        5009
       -5017
       -5018
        5019
        5021
        5022
        5024
        5028
        5030
        5031
        5032
        5036
        5041
        5042
        5048
        5049
        5053
        5056
        5057
        5068
        5073
        5081
        5088
       -5089
       -5091
        5092
        5095
        5097
        5098
        5099
        5100
        5101
        5104
        5107
        5111
        5115
        5122
        5129
        5136
        5145
        5148
        5150
        5157
       -5166
       -5167
        5168
        5169
        5170
        5171
        5172
        5173
        5175
        5179
        5183
        5186
        5187
        5189
        5190
        5191
        5199
        5202
        5207
        5218
        5223
        5227
        5230
       -5235
        5240
        5247
        5251
        5252
        5255
        5256
        5257
        5260
        5261
        5267
        5268
        5269
        5272
        5274
        5275
        5276
        5279
       -5281
        5304
        5308
        5310
        5317
        5320
        5322
        5326
        5335
        5337
        5341
        5344
        5346
        5349
        5350
       -5351
       -5353
        5361
        5382
        5384
        5386
        5392
        5393
        5398
        5401
        5402
        5403
        5407
        5411
       -5416
        5418
       -5420
        5427
        5429
        5443
        5451
        5455
        5458
        5467
        5472
        5474
       -5475
       -5479
        5488
        5493
        5498
        5508
        5512
        5529
        5531
       -5533
        5536
        5539
       -5541
        5546
        5552
        5559
        5562
       -5569
        5570
       -5590
        5594
        5601
        5612
        5618
        5621
       -5630
        5641
        5647
        5651
        5671
        5679
        5682
        5693
       -5695
        5703
        5715
        5728
       -5744
        5752
       -5758
        5759
       -5783
        5788
        5798
       -5813
        5830
        5831
       -5851
        5867
        5894
        5913
       -5923
        5940
       -5975
       -5994
        6030
       -6054
       -6144
NNODG          32218         319         287
       -1649
       -1688
       -1715
       -1728
        1752
       -1780
       -1783
        1795
       -1815
        1816
        1835
       -1842
        1861
        1878
        1885
        1898
       -1913
        1922
       -1924
        1939
        1949
        1962
       -1978
        1984
        1987
        2003
        2009
        2024
       -2027
        2042
       -2047
        2049
        2057
        2071
        2081
        2082
       -2087
        2101
        2107
       -2109
        2116
       -2119
        2133
        2136
        2137
       -2145
        2152
       -2159
        2164
        2169
        2170
        2172
        2184
        2191
        2193
       -2197
        2201
       -2202
        2206
        2214
        2217
        2218
        2221
        2231
        2239
        2241
        2243
        2244
        2248
       -2252
        2254
        2255
        2256
       -2259
        2268
       -2269
        2271
        2278
        2282
       -2283
        2284
        2287
        2289
       -2292
        2293
       -2297
        2298
        2303
        2309
        2314
       -2320
        2323
        2325
        2330
        2331
        2332
        2335
        2337
        2338
       -2339
        2340
        2344
        2352
        2354
        2356
        2357
        2359
        2364
        2365
        2367
        2369
        2372
        2374
        2376
        2379
        2380
        2388
        2392
        2396
        2399
        2402
        2403
        2406
       -2407
        2409
        2410
        2411
        2412
        2413
        2425
        2427
        2432
        2433
        2434
        2438
       -2443
        2445
        2446
        2447
        2449
        2452
        2456
        2462
        2468
        2471
        2481
        2483
        2484
        2487
        2488
        2490
        2491
        2492
        2493
        2498
        2503
        2507
        2511
        2516
        2518
       -2520
        2522
        2523
        2525
        2526
        2528
        2529
        2532
        2541
        2544
        2550
        2552
       -2556
        2557
        2561
        2563
        2564
        2565
        2566
        2567
        2570
        2581
        2583
       -2586
        2587
        2589
        2591
        2597
        2600
        2601
        2603
        2605
        2613
        2623
        2625
       -2631
        2632
        2633
        2636
        2637
        2639
        2642
        2645
        2647
        2656
       -2663
        2665
        2667
        2668
        2669
        2673
        2677
        2679
        2683
        2688
        2693
        2696
        2697
        2702
       -2706
        2707
        2708
        2709
        2716
        2720
        2728
        2731
        2737
        2740
        2744
        2746
        2747
        2748
        2750
        2751
        2755
        2757
        2759
       -2762
        2775
        2787
        2788
        2793
        2794
       -2796
        2802
        2812
        2813
        2818
        2821
        2822
        2823
        2828
       -2831
        2846
        2849
        2859
       -2860
        2866
        2867
        2873
        2884
       -2885
        2887
        2890
        2901
       -2905
        2920
        2926
        2931
        2941
        2947
        2955
        2968
       -2969
        2985
       -2994
        3002
       -3015
        3021
        3037
        3055
        3079
       -3086
       -3111
        3141
       -3199
NFLUXF             0
NETA             128          29           0
NSTAE              0           0           0
NSTAV              0           0           0
NSTAM              0           0           0
NSTAC              0           0           0
RES NODE          61         239
                   5           8          10          11          13          14
                  15          16          18          20          21          22
                  24          25          26          27          28          30
                  32          33          34          35          36          38
                  39          41          43          44          45          47
                  49          50          51          52          53          54
                  55          57          59          60          61          62
                  63          64          65          66          67          68
                  69          71          72          73          75          77
                  78          79          81          82          83          85
                  87          88          89          90          92          93
                  94          95          96          97          98          99
                 101         102         103         104         105         106
                 107         108         109         110         111         112
                 113         114         115         116         117         118
                 119         120         121         122         123         125
                 126         127         128         129         130         131
                 132         133         134         135         137         138
                 139         140         141         142         143         144
                 145         146         147         148         149         150
                 151         152         153         154         155         156
                 157         158         159         160         162         163
                 164         165         166         167         168         169
                 170         171         172         174         175         176
                 177         178         179         180         181         182
                 183         185         186         187         188         189
                 190         191         192         193         194         195
                 197         198         199         200         201         202
                 203         204         205         207         208         209
                 210         211         212         213         214         215
                 216         217         218         219         221         222
                 223         224         225         226         227         228
                 229         230         231         232         233         234
                 235         236         237         238         240         241
                 242         243         244         246         247         248
                 249         250         251         252         253         255
                 256         257         259         260         261         262
                 264         265         266         268         269         270
                 271         272         273         274         276         278
                 280         281         282         283         286
COMM PE            3
RECV PE           53          21
                 100         124         136         161         173         184
                 196         206         220         239         245         254
                 258         263         267         275         277         279
                 284         285         287
RECV PE           60          17
                   1           3           7          12          17          23
                  31          37          40          46          58          70
                  74          80          84          86          91
RECV PE           62          10
                   2           4           6           9          19          29
                  42          48          56          76
SEND PE           53          21
                  89         113         127         149         162         175
                 187         198         207         227         238         243
                 251         256         260         269         272         274
                 281         282         286
SEND PE           60          17
                   5          10          15          21          27          34
                  44          51          55          63          77          93
                  97         104         107         110         114
SEND PE           62          10
                   5           8          11          14          24          35
                  52          59          66          89
