Nodal attrs for bi_1997_v2.grd - 10/24/2013                                     
         287
           1
primitive_weighting_in_continuity_equation                                      
1                                                                               
           1
  0.300000000E-01
primitive_weighting_in_continuity_equation                                      
         286
      1649    0.50000000E-02
      1688    0.50000000E-02
      1715    0.50000000E-02
      1728    0.50000000E-02
      1752    0.50000000E-02
      1780    0.50000000E-02
      1783    0.50000000E-02
      1795    0.50000000E-02
      1815    0.50000000E-02
      1816    0.50000000E-02
      1835    0.50000000E-02
      1842    0.50000000E-02
      1861    0.50000000E-02
      1878    0.50000000E-02
      1885    0.50000000E-02
      1898    0.50000000E-02
      1913    0.50000000E-02
      1922    0.50000000E-02
      1924    0.50000000E-02
      1939    0.50000000E-02
      1949    0.50000000E-02
      1962    0.50000000E-02
      1978    0.50000000E-02
      1984    0.50000000E-02
      1987    0.50000000E-02
      2003    0.50000000E-02
      2009    0.50000000E-02
      2024    0.50000000E-02
      2027    0.50000000E-02
      2042    0.50000000E-02
      2047    0.50000000E-02
      2049    0.50000000E-02
      2057    0.50000000E-02
      2071    0.50000000E-02
      2081    0.50000000E-02
      2082    0.50000000E-02
      2087    0.50000000E-02
      2101    0.50000000E-02
      2107    0.50000000E-02
      2109    0.50000000E-02
      2116    0.50000000E-02
      2119    0.50000000E-02
      2133    0.50000000E-02
      2136    0.50000000E-02
      2137    0.50000000E-02
      2145    0.50000000E-02
      2152    0.50000000E-02
      2159    0.50000000E-02
      2164    0.50000000E-02
      2169    0.50000000E-02
      2170    0.50000000E-02
      2172    0.50000000E-02
      2184    0.50000000E-02
      2191    0.50000000E-02
      2193    0.50000000E-02
      2197    0.50000000E-02
      2201    0.50000000E-02
      2202    0.50000000E-02
      2206    0.50000000E-02
      2214    0.50000000E-02
      2217    0.50000000E-02
      2218    0.50000000E-02
      2221    0.50000000E-02
      2231    0.50000000E-02
      2239    0.50000000E-02
      2241    0.50000000E-02
      2243    0.50000000E-02
      2244    0.50000000E-02
      2248    0.50000000E-02
      2252    0.50000000E-02
      2254    0.50000000E-02
      2255    0.50000000E-02
      2256    0.50000000E-02
      2259    0.50000000E-02
      2268    0.50000000E-02
      2269    0.50000000E-02
      2271    0.50000000E-02
      2278    0.50000000E-02
      2282    0.50000000E-02
      2283    0.50000000E-02
      2284    0.50000000E-02
      2287    0.50000000E-02
      2289    0.50000000E-02
      2292    0.20000000E-01
      2293    0.50000000E-02
      2297    0.50000000E-02
      2298    0.50000000E-02
      2303    0.50000000E-02
      2309    0.50000000E-02
      2314    0.50000000E-02
      2320    0.50000000E-02
      2323    0.50000000E-02
      2325    0.50000000E-02
      2330    0.50000000E-02
      2331    0.50000000E-02
      2332    0.50000000E-02
      2335    0.50000000E-02
      2337    0.50000000E-02
      2338    0.50000000E-02
      2339    0.50000000E-02
      2340    0.50000000E-02
      2344    0.50000000E-02
      2352    0.50000000E-02
      2354    0.50000000E-02
      2356    0.50000000E-02
      2357    0.50000000E-02
      2359    0.50000000E-02
      2364    0.50000000E-02
      2365    0.50000000E-02
      2367    0.50000000E-02
      2369    0.50000000E-02
      2372    0.50000000E-02
      2374    0.50000000E-02
      2376    0.50000000E-02
      2379    0.50000000E-02
      2380    0.50000000E-02
      2388    0.50000000E-02
      2392    0.50000000E-02
      2396    0.50000000E-02
      2399    0.50000000E-02
      2402    0.50000000E-02
      2403    0.50000000E-02
      2406    0.50000000E-02
      2407    0.50000000E-02
      2409    0.50000000E-02
      2410    0.50000000E-02
      2411    0.50000000E-02
      2412    0.50000000E-02
      2413    0.50000000E-02
      2425    0.50000000E-02
      2427    0.50000000E-02
      2432    0.50000000E-02
      2433    0.50000000E-02
      2434    0.50000000E-02
      2438    0.50000000E-02
      2443    0.50000000E-02
      2445    0.50000000E-02
      2446    0.50000000E-02
      2447    0.50000000E-02
      2449    0.50000000E-02
      2452    0.50000000E-02
      2456    0.50000000E-02
      2462    0.50000000E-02
      2468    0.50000000E-02
      2471    0.50000000E-02
      2481    0.50000000E-02
      2483    0.50000000E-02
      2484    0.50000000E-02
      2487    0.50000000E-02
      2488    0.50000000E-02
      2490    0.50000000E-02
      2491    0.50000000E-02
      2492    0.50000000E-02
      2493    0.50000000E-02
      2498    0.50000000E-02
      2503    0.50000000E-02
      2507    0.50000000E-02
      2511    0.50000000E-02
      2516    0.50000000E-02
      2518    0.50000000E-02
      2520    0.50000000E-02
      2522    0.50000000E-02
      2523    0.50000000E-02
      2525    0.50000000E-02
      2526    0.50000000E-02
      2528    0.50000000E-02
      2529    0.50000000E-02
      2532    0.50000000E-02
      2541    0.50000000E-02
      2544    0.50000000E-02
      2550    0.50000000E-02
      2552    0.50000000E-02
      2556    0.50000000E-02
      2557    0.50000000E-02
      2561    0.50000000E-02
      2563    0.50000000E-02
      2564    0.50000000E-02
      2565    0.50000000E-02
      2566    0.50000000E-02
      2567    0.50000000E-02
      2570    0.50000000E-02
      2581    0.50000000E-02
      2583    0.50000000E-02
      2586    0.50000000E-02
      2587    0.50000000E-02
      2589    0.50000000E-02
      2591    0.50000000E-02
      2597    0.50000000E-02
      2600    0.50000000E-02
      2601    0.50000000E-02
      2603    0.50000000E-02
      2605    0.50000000E-02
      2613    0.50000000E-02
      2623    0.50000000E-02
      2625    0.50000000E-02
      2631    0.50000000E-02
      2632    0.50000000E-02
      2633    0.50000000E-02
      2636    0.50000000E-02
      2637    0.50000000E-02
      2639    0.50000000E-02
      2642    0.50000000E-02
      2645    0.50000000E-02
      2647    0.50000000E-02
      2656    0.50000000E-02
      2663    0.50000000E-02
      2665    0.50000000E-02
      2667    0.50000000E-02
      2668    0.50000000E-02
      2669    0.50000000E-02
      2673    0.50000000E-02
      2677    0.50000000E-02
      2679    0.50000000E-02
      2683    0.50000000E-02
      2688    0.50000000E-02
      2693    0.50000000E-02
      2696    0.50000000E-02
      2697    0.50000000E-02
      2706    0.50000000E-02
      2707    0.50000000E-02
      2708    0.50000000E-02
      2709    0.50000000E-02
      2716    0.50000000E-02
      2720    0.50000000E-02
      2728    0.50000000E-02
      2731    0.50000000E-02
      2737    0.50000000E-02
      2740    0.50000000E-02
      2744    0.50000000E-02
      2746    0.50000000E-02
      2747    0.50000000E-02
      2748    0.50000000E-02
      2750    0.50000000E-02
      2751    0.50000000E-02
      2755    0.50000000E-02
      2757    0.50000000E-02
      2759    0.50000000E-02
      2762    0.50000000E-02
      2775    0.50000000E-02
      2787    0.50000000E-02
      2788    0.50000000E-02
      2793    0.50000000E-02
      2794    0.50000000E-02
      2796    0.50000000E-02
      2802    0.50000000E-02
      2812    0.50000000E-02
      2813    0.50000000E-02
      2818    0.50000000E-02
      2821    0.50000000E-02
      2822    0.50000000E-02
      2823    0.20000000E-01
      2828    0.50000000E-02
      2831    0.50000000E-02
      2846    0.50000000E-02
      2849    0.50000000E-02
      2859    0.50000000E-02
      2860    0.50000000E-02
      2866    0.50000000E-02
      2867    0.50000000E-02
      2873    0.50000000E-02
      2884    0.50000000E-02
      2885    0.50000000E-02
      2887    0.50000000E-02
      2890    0.50000000E-02
      2901    0.50000000E-02
      2905    0.50000000E-02
      2920    0.50000000E-02
      2926    0.50000000E-02
      2931    0.50000000E-02
      2941    0.50000000E-02
      2947    0.50000000E-02
      2955    0.50000000E-02
      2968    0.50000000E-02
      2969    0.50000000E-02
      2985    0.50000000E-02
      2994    0.50000000E-02
      3002    0.50000000E-02
      3015    0.50000000E-02
      3021    0.50000000E-02
      3037    0.50000000E-02
      3055    0.50000000E-02
      3079    0.50000000E-02
      3086    0.50000000E-02
      3111    0.50000000E-02
      3141    0.50000000E-02
      3199    0.50000000E-02
