bi_1997_v2.grd                                                                  
     486     303
   24195 -0.761511800000E+02  0.349959100000E+02  0.555000000000E+00
   24240 -0.761567200000E+02  0.350035600000E+02  0.555000000000E+00
   24252 -0.761450100000E+02  0.350008400000E+02  0.555000000000E+00
   24253 -0.761498000000E+02  0.350052000000E+02  0.555000000000E+00
   24274 -0.761386200000E+02  0.350062300000E+02  0.555000000000E+00
   24275 -0.761441900000E+02  0.350075700000E+02  0.555000000000E+00
   24289 -0.761614500000E+02  0.350095800000E+02  0.677000000000E+00
   24298 -0.761543100000E+02  0.350109300000E+02  0.577000000000E+00
   24309 -0.761473600000E+02  0.350123700000E+02  0.555000000000E+00
   24318 -0.761401700000E+02  0.350131900000E+02  0.555000000000E+00
   24337 -0.761662400000E+02  0.350153500000E+02  0.796000000000E+00
   24344 -0.761302600000E+02  0.350135400000E+02  0.555000000000E+00
   24348 -0.761589500000E+02  0.350166900000E+02  0.996000000000E+00
   24362 -0.761516000000E+02  0.350180900000E+02  0.118900000000E+01
   24375 -0.761441300000E+02  0.350191700000E+02  0.558000000000E+00
   24384 -0.761365400000E+02  0.350202400000E+02  0.555000000000E+00
   24390 -0.761714600000E+02  0.350216300000E+02  0.126200000000E+01
   24392 -0.761635400000E+02  0.350219900000E+02  0.158000000000E+01
   24399 -0.761241500000E+02  0.350188400000E+02  0.555000000000E+00
   24400 -0.761295500000E+02  0.350225900000E+02  0.555000000000E+00
   24417 -0.761566200000E+02  0.350241400000E+02  0.153300000000E+01
   24425 -0.761483200000E+02  0.350251500000E+02  0.126600000000E+01
   24428 -0.761408400000E+02  0.350258700000E+02  0.675000000000E+00
   24438 -0.761175700000E+02  0.350242300000E+02  0.555000000000E+00
   24439 -0.761235000000E+02  0.350264200000E+02  0.555000000000E+00
   24443 -0.761343700000E+02  0.350269600000E+02  0.556000000000E+00
   24451 -0.761832280000E+02  0.350292870000E+02  0.911000000000E+00
   24470 -0.761285600000E+02  0.350294500000E+02  0.555000000000E+00
   24479 -0.761529200000E+02  0.350307200000E+02  0.196100000000E+01
   24480 -0.761378300000E+02  0.350307700000E+02  0.837000000000E+00
   24485 -0.761180400000E+02  0.350306200000E+02  0.555000000000E+00
   24488 -0.761125500000E+02  0.350289300000E+02  0.555000000000E+00
   24504 -0.761330000000E+02  0.350327000000E+02  0.702000000000E+00
   24505 -0.761439200000E+02  0.350327900000E+02  0.137600000000E+01
   24508 -0.761644500000E+02  0.350320400000E+02  0.265100000000E+01
   24510 -0.761232300000E+02  0.350326800000E+02  0.555000000000E+00
   24534 -0.761278700000E+02  0.350351800000E+02  0.588000000000E+00
   24535 -0.761130600000E+02  0.350351000000E+02  0.555000000000E+00
   24539 -0.761371900000E+02  0.350353700000E+02  0.111900000000E+01
   24547 -0.761064500000E+02  0.350340200000E+02  0.555000000000E+00
   24551 -0.761184400000E+02  0.350362100000E+02  0.555000000000E+00
   24573 -0.761231200000E+02  0.350380100000E+02  0.557000000000E+00
   24574 -0.761322700000E+02  0.350382800000E+02  0.937000000000E+00
   24584 -0.761145600000E+02  0.350395700000E+02  0.555000000000E+00
   24586 -0.761514100000E+02  0.350393500000E+02  0.292200000000E+01
   24591 -0.761272000000E+02  0.350397700000E+02  0.870000000000E+00
   24609 -0.761084300000E+02  0.350411400000E+02  0.555000000000E+00
   24614 -0.761187500000E+02  0.350410700000E+02  0.555000000000E+00
   24633 -0.761390500000E+02  0.350421700000E+02  0.182000000000E+01
   24637 -0.761233700000E+02  0.350429300000E+02  0.825000000000E+00
   24640 -0.760997600000E+02  0.350402900000E+02  0.661000000000E+00
   24646 -0.761762300000E+02  0.350435300000E+02  0.280000000000E+01
   24654 -0.761294600000E+02  0.350443100000E+02  0.143600000000E+01
   24657 -0.761142200000E+02  0.350441600000E+02  0.555000000000E+00
   24667 -0.761189600000E+02  0.350453600000E+02  0.671000000000E+00
   24678 -0.761019500000E+02  0.350466300000E+02  0.117500000000E+01
   24680 -0.761611000000E+02  0.350470000000E+02  0.265900000000E+01
   24695 -0.761091100000E+02  0.350480500000E+02  0.680000000000E+00
   24704 -0.760938600000E+02  0.350451800000E+02  0.608000000000E+00
   24708 -0.761229200000E+02  0.350488900000E+02  0.145800000000E+01
   24717 -0.761156300000E+02  0.350495900000E+02  0.851000000000E+00
   24741 -0.761471000000E+02  0.350512200000E+02  0.411100000000E+01
   24753 -0.760966900000E+02  0.350520200000E+02  0.604000000000E+00
   24765 -0.761039400000E+02  0.350529700000E+02  0.131200000000E+01
   24774 -0.761105800000E+02  0.350536500000E+02  0.859000000000E+00
   24779 -0.760887700000E+02  0.350523600000E+02  0.555000000000E+00
   24780 -0.761320900000E+02  0.350536700000E+02  0.246500000000E+01
   24797 -0.761701800000E+02  0.350554200000E+02  0.276100000000E+01
   24819 -0.760992100000E+02  0.350571700000E+02  0.151400000000E+01
   24824 -0.761181000000E+02  0.350573200000E+02  0.111100000000E+01
   24827 -0.760924500000E+02  0.350577300000E+02  0.113600000000E+01
   24829 -0.761861700000E+02  0.350579200000E+02  0.225300000000E+01
   24856 -0.761062000000E+02  0.350602000000E+02  0.138300000000E+01
   24859 -0.761573300000E+02  0.350602900000E+02  0.378700000000E+01
   24861 -0.760845400000E+02  0.350583900000E+02  0.723000000000E+00
   24880 -0.760968200000E+02  0.350628600000E+02  0.628000000000E+00
   24886 -0.760886600000E+02  0.350635100000E+02  0.872000000000E+00
   24907 -0.761417800000E+02  0.350646900000E+02  0.208700000000E+01
   24927 -0.760807900000E+02  0.350638800000E+02  0.102900000000E+01
   24931 -0.761263400000E+02  0.350669500000E+02  0.159200000000E+01
   24939 -0.761130100000E+02  0.350681300000E+02  0.263200000000E+01
   24947 -0.760848400000E+02  0.350688600000E+02  0.938000000000E+00
   24951 -0.761018400000E+02  0.350692100000E+02  0.163200000000E+01
   24953 -0.760925900000E+02  0.350693000000E+02  0.942000000000E+00
   24961 -0.761701700000E+02  0.350682400000E+02  0.274800000000E+01
   24968 -0.760784100000E+02  0.350679300000E+02  0.556000000000E+00
   24999 -0.760809200000E+02  0.350736900000E+02  0.166100000000E+01
   25012 -0.760877000000E+02  0.350747800000E+02  0.124600000000E+01
   25014 -0.760747800000E+02  0.350729100000E+02  0.183300000000E+01
   25019 -0.761537600000E+02  0.350750400000E+02  0.349700000000E+01
   25035 -0.760957200000E+02  0.350765700000E+02  0.100800000000E+01
   25038 -0.761189700000E+02  0.350769300000E+02  0.237900000000E+01
   25041 -0.761852600000E+02  0.350763500000E+02  0.378600000000E+01
   25049 -0.760654800000E+02  0.350754700000E+02  0.718000000000E+00
   25050 -0.761067400000E+02  0.350781000000E+02  0.136300000000E+01
   25052 -0.760769000000E+02  0.350782700000E+02  0.228300000000E+01
   25068 -0.760829200000E+02  0.350793800000E+02  0.172700000000E+01
   25078 -0.760700600000E+02  0.350785600000E+02  0.186500000000E+01
   25083 -0.760650300000E+02  0.350802600000E+02  0.220400000000E+01
   25088 -0.761341500000E+02  0.350808400000E+02  0.130500000000E+01
   25093 -0.760892800000E+02  0.350808100000E+02  0.829000000000E+00
   25100 -0.760738800000E+02  0.350825200000E+02  0.142900000000E+01
   25103 -0.760788400000E+02  0.350825500000E+02  0.179400000000E+01
   25110 -0.760688800000E+02  0.350832400000E+02  0.224200000000E+01
   25140 -0.761683700000E+02  0.350843300000E+02  0.410700000000E+01
   25145 -0.760720100000E+02  0.350860300000E+02  0.917000000000E+00
   25152 -0.760766800000E+02  0.350864200000E+02  0.115500000000E+01
   25153 -0.760838900000E+02  0.350861500000E+02  0.111700000000E+01
   25165 -0.760962300000E+02  0.350871500000E+02  0.604000000000E+00
   25213 -0.761147200000E+02  0.350905500000E+02  0.167800000000E+01
   25215 -0.760726700000E+02  0.350904800000E+02  0.785000000000E+00
   25219 -0.760788000000E+02  0.350907700000E+02  0.148700000000E+01
   25244 -0.761508100000E+02  0.350917600000E+02  0.339800000000E+01
   25257 -0.761837200000E+02  0.350933200000E+02  0.519200000000E+01
   25262 -0.760762800000E+02  0.350948300000E+02  0.641000000000E+01
   25277 -0.760845400000E+02  0.350959700000E+02  0.108600000000E+01
   25339 -0.760751000000E+02  0.351009600000E+02  0.755000000000E+00
   25346 -0.761327500000E+02  0.350998700000E+02  0.331000000000E+01
   25355 -0.761666100000E+02  0.351011900000E+02  0.476300000000E+01
   25371 -0.760988100000E+02  0.351018300000E+02  0.792000000000E+00
   25416 -0.760696100000E+02  0.351079200000E+02  0.558000000000E+00
   25436 -0.760827600000E+02  0.351100300000E+02  0.690000000000E+00
   25440 -0.761154800000E+02  0.351090900000E+02  0.303300000000E+01
   25441 -0.761493000000E+02  0.351092300000E+02  0.347500000000E+01
   25450 -0.761822600000E+02  0.351101800000E+02  0.515200000000E+01
   25505 -0.760686000000E+02  0.351188600000E+02  0.104700000000E+01
   25510 -0.761321100000E+02  0.351177000000E+02  0.435800000000E+01
   25514 -0.761652800000E+02  0.351182800000E+02  0.429400000000E+01
   25517 -0.760991700000E+02  0.351181200000E+02  0.187000000000E+01
   25574 -0.760835000000E+02  0.351265000000E+02  0.182500000000E+01
   25575 -0.761153900000E+02  0.351263800000E+02  0.386600000000E+01
   25576 -0.761483000000E+02  0.351265600000E+02  0.137800000000E+01
   25579 -0.761810200000E+02  0.351270900000E+02  0.522800000000E+01
   25636 -0.760991400000E+02  0.351348700000E+02  0.138200000000E+01
   25637 -0.761315000000E+02  0.351350200000E+02  0.376000000000E+01
   25640 -0.761642000000E+02  0.351353600000E+02  0.378600000000E+01
   25717 -0.761149800000E+02  0.351434800000E+02  0.580000000000E+00
   25719 -0.761474500000E+02  0.351437500000E+02  0.121100000000E+01
   25724 -0.761799500000E+02  0.351440300000E+02  0.571100000000E+01
   25804 -0.761308300000E+02  0.351521900000E+02  0.149400000000E+01
   25809 -0.761632500000E+02  0.351524400000E+02  0.422200000000E+01
   25916 -0.761466100000E+02  0.351609200000E+02  0.230700000000E+01
   27769 -0.768172000000E+02  0.353922500000E+02  0.195800000000E+01
   27770 -0.768166200000E+02  0.354018200000E+02  0.304900000000E+01
   27771 -0.768230100000E+02  0.353953100000E+02  0.555000000000E+00
   27773 -0.768089900000E+02  0.353953100000E+02  0.885000000000E+00
   27775 -0.767963500000E+02  0.353898600000E+02  0.178600000000E+01
   27776 -0.767966800000E+02  0.354010100000E+02  0.390800000000E+01
   27779 -0.767843900000E+02  0.353915700000E+02  0.281400000000E+01
   27787 -0.767719400000E+02  0.354037700000E+02  0.468000000000E+01
   27802 -0.768257400000E+02  0.354072400000E+02  0.829000000000E+00
   27803 -0.768075300000E+02  0.354074800000E+02  0.395600000000E+01
   27807 -0.767854400000E+02  0.354079700000E+02  0.421200000000E+01
   27838 -0.768172300000E+02  0.354133200000E+02  0.343700000000E+01
   27844 -0.767973600000E+02  0.354138700000E+02  0.421200000000E+01
   27860 -0.767750300000E+02  0.354166000000E+02  0.468100000000E+01
   27872 -0.768267000000E+02  0.354190600000E+02  0.354600000000E+01
   27873 -0.768349700000E+02  0.354154200000E+02  0.795000000000E+00
   27876 -0.768083000000E+02  0.354195400000E+02  0.421200000000E+01
   27881 -0.767872500000E+02  0.354209800000E+02  0.458700000000E+01
   27896 -0.768355800000E+02  0.354242000000E+02  0.306400000000E+01
   27897 -0.768421400000E+02  0.354201900000E+02  0.662000000000E+00
   27904 -0.768185100000E+02  0.354247900000E+02  0.412200000000E+01
   27905 -0.767659400000E+02  0.354249600000E+02  0.559000000000E+00
   27912 -0.767989700000E+02  0.354262500000E+02  0.449100000000E+01
   27925 -0.768441200000E+02  0.354279900000E+02  0.196600000000E+01
   27926 -0.768500000000E+02  0.354236000000E+02  0.915000000000E+00
   27927 -0.767782000000E+02  0.354280700000E+02  0.104200000000E+01
   27933 -0.768281400000E+02  0.354293900000E+02  0.447100000000E+01
   27938 -0.768529600000E+02  0.354307200000E+02  0.300200000000E+01
   27939 -0.768585400000E+02  0.354259800000E+02  0.121200000000E+01
   27944 -0.768102100000E+02  0.354315400000E+02  0.483400000000E+01
   27947 -0.768625400000E+02  0.354324700000E+02  0.374700000000E+01
   27948 -0.768702200000E+02  0.354263100000E+02  0.971000000000E+00
   27950 -0.768374000000E+02  0.354331600000E+02  0.451700000000E+01
   27954 -0.767884900000E+02  0.354331400000E+02  0.110200000000E+01
   27955 -0.768723100000E+02  0.354336500000E+02  0.363500000000E+01
   27956 -0.768805500000E+02  0.354265600000E+02  0.167200000000E+01
   27963 -0.768810000000E+02  0.354351300000E+02  0.360300000000E+01
   27964 -0.768876000000E+02  0.354287100000E+02  0.742000000000E+00
   27965 -0.768205000000E+02  0.354358800000E+02  0.444200000000E+01
   27967 -0.768466200000E+02  0.354360500000E+02  0.406800000000E+01
   27973 -0.768886900000E+02  0.354371300000E+02  0.343900000000E+01
   27974 -0.768940900000E+02  0.354314300000E+02  0.109000000000E+01
   27983 -0.768559400000E+02  0.354382200000E+02  0.432700000000E+01
   27984 -0.768022300000E+02  0.354384000000E+02  0.555000000000E+00
   27990 -0.768301500000E+02  0.354392600000E+02  0.432700000000E+01
   27991 -0.768963200000E+02  0.354393500000E+02  0.336100000000E+01
   27992 -0.769022900000E+02  0.354345000000E+02  0.106200000000E+01
   27996 -0.768652800000E+02  0.354399300000E+02  0.382300000000E+01
   28000 -0.769037700000E+02  0.354415500000E+02  0.329800000000E+01
   28001 -0.769084400000E+02  0.354362000000E+02  0.181000000000E+01
   28003 -0.768742400000E+02  0.354415200000E+02  0.380700000000E+01
   28005 -0.768398100000E+02  0.354420600000E+02  0.354700000000E+01
   28014 -0.768825800000E+02  0.354432200000E+02  0.360300000000E+01
   28020 -0.768494700000E+02  0.354441700000E+02  0.343100000000E+01
   28021 -0.769111100000E+02  0.354442000000E+02  0.311300000000E+01
   28022 -0.769173200000E+02  0.354409700000E+02  0.127200000000E+01
   28023 -0.768127500000E+02  0.354443800000E+02  0.634000000000E+00
   28026 -0.768905900000E+02  0.354449200000E+02  0.360300000000E+01
   28028 -0.768232100000E+02  0.354459200000E+02  0.343700000000E+01
   28029 -0.769696100000E+02  0.354334800000E+02  0.149200000000E+01
   28030 -0.769600400000E+02  0.354362000000E+02  0.611000000000E+00
   28031 -0.769696100000E+02  0.354450600000E+02  0.134600000000E+01
   28032 -0.768587700000E+02  0.354460000000E+02  0.374500000000E+01
   28038 -0.768984500000E+02  0.354465700000E+02  0.380400000000E+01
   28039 -0.769511600000E+02  0.354402900000E+02  0.821000000000E+00
   28040 -0.769589700000E+02  0.354472100000E+02  0.291900000000E+01
   28043 -0.768678900000E+02  0.354477300000E+02  0.362300000000E+01
   28045 -0.769176400000E+02  0.354472100000E+02  0.190300000000E+01
   28049 -0.769060300000E+02  0.354484700000E+02  0.450200000000E+01
   28051 -0.769245000000E+02  0.354471100000E+02  0.595000000000E+00
   28054 -0.768318900000E+02  0.354491500000E+02  0.855000000000E+00
   28057 -0.768763800000E+02  0.354494800000E+02  0.361700000000E+01
   28061 -0.768433200000E+02  0.354505900000E+02  0.555000000000E+00
   28062 -0.769134400000E+02  0.354508100000E+02  0.470000000000E+01
   28063 -0.769323600000E+02  0.354467700000E+02  0.993000000000E+00
   28064 -0.769286400000E+02  0.354511200000E+02  0.226400000000E+01
   28066 -0.769398500000E+02  0.354440800000E+02  0.616000000000E+00
   28067 -0.769498100000E+02  0.354503500000E+02  0.319300000000E+01
   28068 -0.768845700000E+02  0.354511300000E+02  0.360200000000E+01
   28073 -0.768523600000E+02  0.354520900000E+02  0.662000000000E+00
   28074 -0.768929400000E+02  0.354521300000E+02  0.360200000000E+01
   28076 -0.769349400000E+02  0.354520700000E+02  0.313700000000E+01
   28079 -0.768182200000E+02  0.354529000000E+02  0.179500000000E+01
   28080 -0.769218400000E+02  0.354529600000E+02  0.298400000000E+01
   28082 -0.769010200000E+02  0.354529800000E+02  0.384900000000E+01
   28087 -0.768616800000E+02  0.354538400000E+02  0.721000000000E+00
   28088 -0.768257400000E+02  0.354539200000E+02  0.177400000000E+01
   28089 -0.769423200000E+02  0.354544400000E+02  0.329700000000E+01
   28090 -0.769659200000E+02  0.354546500000E+02  0.291600000000E+01
   28091 -0.769084100000E+02  0.354547400000E+02  0.304000000000E+01
   28098 -0.768710000000E+02  0.354555900000E+02  0.960000000000E+00
   28103 -0.769745200000E+02  0.354545900000E+02  0.731000000000E+00
   28106 -0.769572600000E+02  0.354567300000E+02  0.312100000000E+01
   28107 -0.769295700000E+02  0.354567000000E+02  0.360300000000E+01
   28110 -0.769156000000E+02  0.354572500000E+02  0.330200000000E+01
   28113 -0.768961300000E+02  0.354578400000E+02  0.171800000000E+01
   28114 -0.768780200000E+02  0.354576700000E+02  0.116800000000E+01
   28115 -0.769041700000E+02  0.354581000000E+02  0.104200000000E+01
   28121 -0.769368700000E+02  0.354592900000E+02  0.302700000000E+01
   28122 -0.768869100000E+02  0.354593700000E+02  0.842000000000E+00
   28125 -0.769493000000E+02  0.354593500000E+02  0.263500000000E+01
   28130 -0.769234700000E+02  0.354605500000E+02  0.227300000000E+01
   28132 -0.769102000000E+02  0.354608500000E+02  0.137000000000E+01
   28133 -0.769713500000E+02  0.354611700000E+02  0.286000000000E+01
   28134 -0.768223200000E+02  0.354614100000E+02  0.121800000000E+01
   28138 -0.769431300000E+02  0.354614700000E+02  0.266500000000E+01
   28139 -0.769775300000E+02  0.354598500000E+02  0.878000000000E+00
   28145 -0.769638200000E+02  0.354631100000E+02  0.296500000000E+01
   28146 -0.768141200000E+02  0.354614100000E+02  0.164200000000E+01
   28152 -0.769316900000E+02  0.354642200000E+02  0.322900000000E+01
   28153 -0.769162300000E+02  0.354636000000E+02  0.130000000000E+01
   28160 -0.769557500000E+02  0.354657000000E+02  0.268800000000E+01
   28164 -0.769763300000E+02  0.354662300000E+02  0.262700000000E+01
   28165 -0.769815700000E+02  0.354638000000E+02  0.781000000000E+00
   28166 -0.769396100000E+02  0.354668500000E+02  0.227300000000E+01
   28169 -0.769475600000E+02  0.354674300000E+02  0.222500000000E+01
   28175 -0.769258700000E+02  0.354685700000E+02  0.117400000000E+01
   28177 -0.769700000000E+02  0.354686200000E+02  0.324500000000E+01
   28188 -0.768178800000E+02  0.354702800000E+02  0.253000000000E+01
   28190 -0.769814500000E+02  0.354707800000E+02  0.200300000000E+01
   28191 -0.769858200000E+02  0.354688600000E+02  0.108000000000E+01
   28195 -0.768100200000E+02  0.354678900000E+02  0.225800000000E+01
   28197 -0.769626300000E+02  0.354717800000E+02  0.195900000000E+01
   28201 -0.769347500000E+02  0.354733400000E+02  0.265600000000E+01
   28202 -0.769760300000E+02  0.354731700000E+02  0.287300000000E+01
   28215 -0.769870400000E+02  0.354751900000E+02  0.250800000000E+01
   28216 -0.769911000000E+02  0.354726100000E+02  0.907000000000E+00
   28218 -0.769436300000E+02  0.354753800000E+02  0.165900000000E+01
   28223 -0.769539100000E+02  0.354758100000E+02  0.165200000000E+01
   28226 -0.769698700000E+02  0.354762700000E+02  0.155500000000E+01
   28232 -0.769819200000E+02  0.354773900000E+02  0.313200000000E+01
   28239 -0.769936400000E+02  0.354789400000E+02  0.295400000000E+01
   28240 -0.769986400000E+02  0.354754000000E+02  0.985000000000E+00
   28243 -0.769766200000E+02  0.354797400000E+02  0.198200000000E+01
   28247 -0.769624300000E+02  0.354811800000E+02  0.119000000000E+01
   28252 -0.770008200000E+02  0.354820900000E+02  0.268800000000E+01
   28253 -0.770061800000E+02  0.354781800000E+02  0.155400000000E+01
   28260 -0.769882900000E+02  0.354825900000E+02  0.239800000000E+01
   28263 -0.769715000000E+02  0.354831200000E+02  0.738000000000E+00
   28264 -0.769820900000E+02  0.354828700000E+02  0.163800000000E+01
   28269 -0.769491000000E+02  0.354842500000E+02  0.833000000000E+00
   28273 -0.769562800000E+02  0.354849200000E+02  0.112800000000E+01
   28276 -0.770076800000E+02  0.354853000000E+02  0.261900000000E+01
   28277 -0.770127400000E+02  0.354821900000E+02  0.111800000000E+01
   28278 -0.769782900000E+02  0.354856300000E+02  0.930000000000E+00
   28279 -0.769959500000E+02  0.354857300000E+02  0.284000000000E+01
   28292 -0.770141800000E+02  0.354884600000E+02  0.257500000000E+01
   28293 -0.770193000000E+02  0.354861900000E+02  0.907000000000E+00
   28294 -0.769920500000E+02  0.354889900000E+02  0.270000000000E+01
   28295 -0.769853300000E+02  0.354890100000E+02  0.196400000000E+01
   28296 -0.770028100000E+02  0.354890000000E+02  0.282800000000E+01
   28303 -0.770208700000E+02  0.354910600000E+02  0.227200000000E+01
   28304 -0.770256500000E+02  0.354886700000E+02  0.125000000000E+01
   28306 -0.770093800000E+02  0.354918900000E+02  0.245200000000E+01
   28312 -0.769980800000E+02  0.354927500000E+02  0.264500000000E+01
   28323 -0.770150600000E+02  0.354941300000E+02  0.174300000000E+01
   28327 -0.769926100000E+02  0.354948900000E+02  0.196500000000E+01
   28330 -0.770049300000E+02  0.354962500000E+02  0.256800000000E+01
   28339 -0.770116400000E+02  0.354982100000E+02  0.234800000000E+01
   28355 -0.770001400000E+02  0.355016400000E+02  0.147100000000E+01
   28366 -0.770075400000E+02  0.355040100000E+02  0.250900000000E+01
       1 3    24195    24252    24253
       2 3    24195    24253    24240
       3 3    24252    24274    24275
       4 3    24252    24275    24253
       5 3    24240    24253    24298
       6 3    24240    24298    24289
       7 3    24275    24309    24253
       8 3    24274    24318    24275
       9 3    24253    24309    24298
      10 3    24275    24318    24309
      11 3    24274    24344    24318
      12 3    24289    24298    24348
      13 3    24298    24309    24362
      14 3    24289    24348    24337
      15 3    24309    24318    24375
      16 3    24298    24362    24348
      17 3    24318    24344    24384
      18 3    24309    24375    24362
      19 3    24318    24384    24375
      20 3    24337    24348    24392
      21 3    24344    24399    24400
      22 3    24344    24400    24384
      23 3    24337    24392    24390
      24 3    24348    24362    24417
      25 3    24362    24375    24425
      26 3    24348    24417    24392
      27 3    24375    24384    24428
      28 3    24399    24438    24439
      29 3    24399    24439    24400
      30 3    24384    24400    24443
      31 3    24362    24425    24417
      32 3    24375    24428    24425
      33 3    24384    24443    24428
      34 3    24400    24439    24470
      35 3    24400    24470    24443
      36 3    24417    24425    24479
      37 3    24428    24443    24480
      38 3    24438    24485    24439
      39 3    24438    24488    24485
      40 3    24443    24470    24504
      41 3    24428    24505    24425
      42 3    24392    24417    24508
      43 3    24392    24508    24390
      44 3    24439    24485    24510
      45 3    24439    24510    24470
      46 3    24443    24504    24480
      47 3    24428    24480    24505
      48 3    24425    24505    24479
      49 3    24470    24510    24534
      50 3    24488    24535    24485
      51 3    24480    24504    24539
      52 3    24470    24534    24504
      53 3    24417    24479    24508
      54 3    24488    24547    24535
      55 3    24485    24551    24510
      56 3    24485    24535    24551
      57 3    24480    24539    24505
      58 3    24510    24551    24573
      59 3    24510    24573    24534
      60 3    24504    24534    24574
      61 3    24504    24574    24539
      62 3    24535    24584    24551
      63 3    24479    24505    24586
      64 3    24390    24508    24451
      65 3    24534    24573    24591
      66 3    24534    24591    24574
      67 3    24547    24609    24535
      68 3    24551    24614    24573
      69 3    24551    24584    24614
      70 3    24535    24609    24584
      71 3    24539    24633    24505
      72 3    24573    24637    24591
      73 3    24539    24574    24633
      74 3    24547    24640    24609
      75 3    24573    24614    24637
      76 3    24479    24586    24508
      77 3    24451    24508    24646
      78 3    24591    24654    24574
      79 3    24584    24657    24614
      80 3    24584    24609    24657
      81 3    24505    24633    24586
      82 3    24614    24667    24637
      83 3    24591    24637    24654
      84 3    24614    24657    24667
      85 3    24640    24678    24609
      86 3    24508    24586    24680
      87 3    24574    24654    24633
      88 3    24609    24695    24657
      89 3    24640    24704    24678
      90 3    24637    24667    24708
      91 3    24609    24678    24695
      92 3    24657    24717    24667
      93 3    24508    24680    24646
      94 3    24637    24708    24654
      95 3    24657    24695    24717
      96 3    24586    24633    24741
      97 3    24704    24753    24678
      98 3    24667    24717    24708
      99 3    24678    24765    24695
     100 3    24695    24774    24717
     101 3    24704    24779    24753
     102 3    24654    24780    24633
     103 3    24586    24741    24680
     104 3    24678    24753    24765
     105 3    24654    24708    24780
     106 3    24695    24765    24774
     107 3    24646    24680    24797
     108 3    24753    24819    24765
     109 3    24717    24824    24708
     110 3    24779    24827    24753
     111 3    24633    24780    24741
     112 3    24717    24774    24824
     113 3    24753    24827    24819
     114 3    24765    24856    24774
     115 3    24680    24741    24859
     116 3    24779    24861    24827
     117 3    24765    24819    24856
     118 3    24646    24797    24829
     119 3    24680    24859    24797
     120 3    24819    24827    24880
     121 3    24708    24824    24780
     122 3    24827    24861    24886
     123 3    24741    24780    24907
     124 3    24774    24856    24824
     125 3    24827    24886    24880
     126 3    24819    24880    24856
     127 3    24861    24927    24886
     128 3    24780    24824    24931
     129 3    24824    24856    24939
     130 3    24741    24907    24859
     131 3    24886    24927    24947
     132 3    24880    24951    24856
     133 3    24886    24953    24880
     134 3    24797    24859    24961
     135 3    24927    24968    24947
     136 3    24780    24931    24907
     137 3    24797    24961    24829
     138 3    24886    24947    24953
     139 3    24824    24939    24931
     140 3    24856    24951    24939
     141 3    24880    24953    24951
     142 3    24968    24999    24947
     143 3    24947    25012    24953
     144 3    24968    25014    24999
     145 3    24859    24907    25019
     146 3    24947    24999    25012
     147 3    24953    25035    24951
     148 3    24939    25038    24931
     149 3    24829    24961    25041
     150 3    24951    25050    24939
     151 3    24859    25019    24961
     152 3    24953    25012    25035
     153 3    25014    25052    24999
     154 3    24999    25068    25012
     155 3    25014    25078    25052
     156 3    24999    25052    25068
     157 3    24931    25088    24907
     158 3    25049    25083    25078
     159 3    24951    25035    25050
     160 3    25012    25093    25035
     161 3    24939    25050    25038
     162 3    25012    25068    25093
     163 3    25052    25078    25100
     164 3    25052    25103    25068
     165 3    25078    25083    25110
     166 3    25052    25100    25103
     167 3    24931    25038    25088
     168 3    25078    25110    25100
     169 3    24961    25019    25140
     170 3    24907    25088    25019
     171 3    25100    25110    25145
     172 3    25103    25100    25152
     173 3    25068    25103    25153
     174 3    25068    25153    25093
     175 3    24961    25140    25041
     176 3    25035    25093    25165
     177 3    25100    25145    25152
     178 3    25035    25165    25050
     179 3    25103    25152    25153
     180 3    25038    25050    25213
     181 3    25145    25215    25152
     182 3    25152    25219    25153
     183 3    25152    25215    25219
     184 3    25093    25153    25165
     185 3    25019    25088    25244
     186 3    25041    25140    25257
     187 3    25019    25244    25140
     188 3    25219    25215    25262
     189 3    25153    25219    25277
     190 3    25050    25165    25213
     191 3    25038    25213    25088
     192 3    25153    25277    25165
     193 3    25219    25262    25277
     194 3    25088    25213    25346
     195 3    25088    25346    25244
     196 3    25140    25244    25355
     197 3    25165    25371    25213
     198 3    25140    25355    25257
     199 3    25165    25277    25371
     200 3    25262    25339    25277
     201 3    25277    25339    25436
     202 3    25213    25440    25346
     203 3    25244    25346    25441
     204 3    25213    25371    25440
     205 3    25257    25355    25450
     206 3    25244    25441    25355
     207 3    25277    25436    25371
     208 3    25339    25416    25436
     209 3    25346    25440    25510
     210 3    25355    25441    25514
     211 3    25346    25510    25441
     212 3    25371    25517    25440
     213 3    25371    25436    25517
     214 3    25355    25514    25450
     215 3    25416    25505    25436
     216 3    25436    25505    25574
     217 3    25436    25574    25517
     218 3    25440    25517    25575
     219 3    25441    25510    25576
     220 3    25440    25575    25510
     221 3    25450    25514    25579
     222 3    25441    25576    25514
     223 3    25517    25574    25636
     224 3    25510    25575    25637
     225 3    25517    25636    25575
     226 3    25514    25576    25640
     227 3    25510    25637    25576
     228 3    25514    25640    25579
     229 3    25575    25636    25717
     230 3    25576    25637    25719
     231 3    25575    25717    25637
     232 3    25579    25640    25724
     233 3    25576    25719    25640
     234 3    25637    25717    25804
     235 3    25640    25719    25809
     236 3    25637    25804    25719
     237 3    25640    25809    25724
     238 3    25719    25804    25916
     239 3    25719    25916    25809
     240 3    27769    27770    27771
     241 3    27769    27773    27770
     242 3    27775    27776    27773
     243 3    27775    27779    27776
     244 3    27771    27770    27802
     245 3    27773    27803    27770
     246 3    27773    27776    27803
     247 3    27779    27807    27776
     248 3    27779    27787    27807
     249 3    27770    27838    27802
     250 3    27770    27803    27838
     251 3    27776    27844    27803
     252 3    27776    27807    27844
     253 3    27787    27860    27807
     254 3    27802    27872    27873
     255 3    27802    27838    27872
     256 3    27803    27876    27838
     257 3    27803    27844    27876
     258 3    27807    27881    27844
     259 3    27807    27860    27881
     260 3    27873    27896    27897
     261 3    27838    27904    27872
     262 3    27873    27872    27896
     263 3    27838    27876    27904
     264 3    27844    27912    27876
     265 3    27844    27881    27912
     266 3    27897    27925    27926
     267 3    27860    27927    27881
     268 3    27872    27933    27896
     269 3    27897    27896    27925
     270 3    27860    27905    27927
     271 3    27872    27904    27933
     272 3    27926    27938    27939
     273 3    27876    27944    27904
     274 3    27939    27947    27948
     275 3    27926    27925    27938
     276 3    27876    27912    27944
     277 3    27896    27950    27925
     278 3    27881    27954    27912
     279 3    27881    27927    27954
     280 3    27948    27955    27956
     281 3    27896    27933    27950
     282 3    27956    27963    27964
     283 3    27939    27938    27947
     284 3    27904    27965    27933
     285 3    27925    27967    27938
     286 3    27948    27947    27955
     287 3    27956    27955    27963
     288 3    27904    27944    27965
     289 3    27964    27973    27974
     290 3    27925    27950    27967
     291 3    27964    27963    27973
     292 3    27938    27983    27947
     293 3    27912    27984    27944
     294 3    27933    27990    27950
     295 3    27974    27991    27992
     296 3    27947    27996    27955
     297 3    27974    27973    27991
     298 3    27938    27967    27983
     299 3    27933    27965    27990
     300 3    27912    27954    27984
     301 3    27992    28000    28001
     302 3    27955    28003    27963
     303 3    27950    28005    27967
     304 3    27947    27983    27996
     305 3    27992    27991    28000
     306 3    27963    28014    27973
     307 3    27955    27996    28003
     308 3    27950    27990    28005
     309 3    27967    28020    27983
     310 3    28001    28021    28022
     311 3    27944    28023    27965
     312 3    27963    28003    28014
     313 3    27973    28026    27991
     314 3    28001    28000    28021
     315 3    27944    27984    28023
     316 3    27965    28028    27990
     317 3    28029    28030    28031
     318 3    27983    28032    27996
     319 3    27973    28014    28026
     320 3    27967    28005    28020
     321 3    27991    28038    28000
     322 3    28030    28039    28040
     323 3    27996    28043    28003
     324 3    27965    28023    28028
     325 3    28022    28021    28045
     326 3    27991    28026    28038
     327 3    27983    28020    28032
     328 3    28000    28049    28021
     329 3    28022    28045    28051
     330 3    28030    28040    28031
     331 3    27990    28054    28005
     332 3    28003    28057    28014
     333 3    27996    28032    28043
     334 3    28000    28038    28049
     335 3    27990    28028    28054
     336 3    28005    28061    28020
     337 3    28021    28062    28045
     338 3    28063    28051    28064
     339 3    28003    28043    28057
     340 3    28039    28066    28067
     341 3    28014    28068    28026
     342 3    28039    28067    28040
     343 3    28020    28073    28032
     344 3    28026    28074    28038
     345 3    28021    28049    28062
     346 3    28063    28076    28066
     347 3    28014    28057    28068
     348 3    28028    28023    28079
     349 3    28051    28045    28080
     350 3    28038    28082    28049
     351 3    28063    28064    28076
     352 3    28005    28054    28061
     353 3    28032    28087    28043
     354 3    28028    28088    28054
     355 3    28026    28068    28074
     356 3    28020    28061    28073
     357 3    28051    28080    28064
     358 3    28066    28089    28067
     359 3    28031    28040    28090
     360 3    28049    28091    28062
     361 3    28066    28076    28089
     362 3    28038    28074    28082
     363 3    28028    28079    28088
     364 3    28043    28098    28057
     365 3    28045    28062    28080
     366 3    28032    28073    28087
     367 3    28049    28082    28091
     368 3    28031    28090    28103
     369 3    28040    28067    28106
     370 3    28064    28107    28076
     371 3    28062    28110    28080
     372 3    28043    28087    28098
     373 3    28074    28113    28082
     374 3    28040    28106    28090
     375 3    28057    28114    28068
     376 3    28082    28115    28091
     377 3    28057    28098    28114
     378 3    28062    28091    28110
     379 3    28064    28080    28107
     380 3    28076    28121    28089
     381 3    28068    28122    28074
     382 3    28067    28089    28125
     383 3    28067    28125    28106
     384 3    28076    28107    28121
     385 3    28080    28130    28107
     386 3    28091    28132    28110
     387 3    28082    28113    28115
     388 3    28068    28114    28122
     389 3    28103    28090    28133
     390 3    28088    28079    28134
     391 3    28091    28115    28132
     392 3    28074    28122    28113
     393 3    28080    28110    28130
     394 3    28089    28138    28125
     395 3    28103    28133    28139
     396 3    28089    28121    28138
     397 3    28090    28106    28145
     398 3    28079    28146    28134
     399 3    28090    28145    28133
     400 3    28107    28152    28121
     401 3    28110    28132    28153
     402 3    28110    28153    28130
     403 3    28107    28130    28152
     404 3    28106    28125    28160
     405 3    28139    28133    28164
     406 3    28139    28164    28165
     407 3    28106    28160    28145
     408 3    28138    28121    28166
     409 3    28125    28138    28169
     410 3    28121    28152    28166
     411 3    28130    28175    28152
     412 3    28125    28169    28160
     413 3    28133    28145    28177
     414 3    28133    28177    28164
     415 3    28138    28166    28169
     416 3    28146    28188    28134
     417 3    28165    28190    28191
     418 3    28130    28153    28175
     419 3    28165    28164    28190
     420 3    28146    28195    28188
     421 3    28145    28160    28197
     422 3    28145    28197    28177
     423 3    28166    28152    28201
     424 3    28164    28202    28190
     425 3    28164    28177    28202
     426 3    28152    28175    28201
     427 3    28191    28215    28216
     428 3    28169    28166    28218
     429 3    28160    28169    28223
     430 3    28191    28190    28215
     431 3    28177    28226    28202
     432 3    28160    28223    28197
     433 3    28177    28197    28226
     434 3    28166    28201    28218
     435 3    28190    28232    28215
     436 3    28190    28202    28232
     437 3    28169    28218    28223
     438 3    28216    28239    28240
     439 3    28202    28243    28232
     440 3    28216    28215    28239
     441 3    28202    28226    28243
     442 3    28197    28247    28226
     443 3    28197    28223    28247
     444 3    28240    28252    28253
     445 3    28215    28260    28239
     446 3    28226    28263    28243
     447 3    28215    28232    28260
     448 3    28240    28239    28252
     449 3    28232    28243    28264
     450 3    28232    28264    28260
     451 3    28223    28218    28269
     452 3    28223    28273    28247
     453 3    28226    28247    28263
     454 3    28253    28276    28277
     455 3    28243    28278    28264
     456 3    28239    28279    28252
     457 3    28223    28269    28273
     458 3    28253    28252    28276
     459 3    28243    28263    28278
     460 3    28239    28260    28279
     461 3    28277    28292    28293
     462 3    28279    28260    28294
     463 3    28260    28264    28295
     464 3    28252    28296    28276
     465 3    28277    28276    28292
     466 3    28252    28279    28296
     467 3    28260    28295    28294
     468 3    28264    28278    28295
     469 3    28293    28303    28304
     470 3    28276    28306    28292
     471 3    28279    28312    28296
     472 3    28276    28296    28306
     473 3    28293    28292    28303
     474 3    28279    28294    28312
     475 3    28292    28323    28303
     476 3    28292    28306    28323
     477 3    28294    28327    28312
     478 3    28296    28330    28306
     479 3    28294    28295    28327
     480 3    28296    28312    28330
     481 3    28323    28306    28339
     482 3    28306    28330    28339
     483 3    28312    28355    28330
     484 3    28312    28327    28355
     485 3    28330    28366    28339
     486 3    28330    28355    28366
 0                                                                              
 0                                                                              
 2                                                                              
 89                                                                             
      71       0                                                                
   27905
   27927
   27954
   27984
   28023
   28079
   28146
   28195
   28188
   28134
   28088
   28054
   28061
   28073
   28087
   28098
   28114
   28122
   28113
   28115
   28132
   28153
   28175
   28201
   28218
   28269
   28273
   28247
   28263
   28278
   28295
   28327
   28355
   28366
   28339
   28323
   28303
   28304
   28293
   28277
   28253
   28240
   28216
   28191
   28165
   28139
   28103
   28031
   28029
   28030
   28039
   28066
   28063
   28051
   28022
   28001
   27992
   27974
   27964
   27956
   27948
   27939
   27926
   27897
   27873
   27802
   27771
   27769
   27773
   27775
   27779
      17       1                                                                
   24195
   24252
   24274
   24344
   24399
   24438
   24488
   24547
   24640
   24704
   24779
   24861
   24927
   24968
   25014
   25078
   25049
