Nodal attrs for bi_1997_v2.grd - 10/24/2013                                     
         290
           1
primitive_weighting_in_continuity_equation                                      
1                                                                               
           1
  0.300000000E-01
primitive_weighting_in_continuity_equation                                      
         290
      2269    0.50000000E-02
      2295    0.50000000E-02
      2309    0.50000000E-02
      2336    0.50000000E-02
      2339    0.50000000E-02
      2366    0.50000000E-02
      2370    0.50000000E-02
      2374    0.50000000E-02
      2405    0.50000000E-02
      2407    0.50000000E-02
      2411    0.50000000E-02
      2436    0.50000000E-02
      2439    0.50000000E-02
      2443    0.50000000E-02
      2482    0.50000000E-02
      2485    0.50000000E-02
      2487    0.50000000E-02
      2509    0.50000000E-02
      2515    0.50000000E-02
      2520    0.50000000E-02
      2522    0.50000000E-02
      2548    0.50000000E-02
      2553    0.50000000E-02
      2556    0.50000000E-02
      2561    0.50000000E-02
      2578    0.50000000E-02
      2582    0.50000000E-02
      2584    0.50000000E-02
      2586    0.50000000E-02
      2591    0.50000000E-02
      2621    0.50000000E-02
      2624    0.50000000E-02
      2629    0.50000000E-02
      2631    0.50000000E-02
      2633    0.50000000E-02
      2657    0.50000000E-02
      2659    0.50000000E-02
      2661    0.50000000E-02
      2662    0.50000000E-02
      2663    0.50000000E-02
      2665    0.50000000E-02
      2698    0.50000000E-02
      2701    0.50000000E-02
      2704    0.50000000E-02
      2705    0.50000000E-02
      2706    0.50000000E-02
      2727    0.50000000E-02
      2729    0.50000000E-02
      2730    0.50000000E-02
      2731    0.50000000E-02
      2732    0.50000000E-02
      2733    0.50000000E-02
      2759    0.50000000E-02
      2762    0.50000000E-02
      2766    0.50000000E-02
      2767    0.50000000E-02
      2769    0.50000000E-02
      2770    0.50000000E-02
      2771    0.50000000E-02
      2793    0.50000000E-02
      2796    0.50000000E-02
      2798    0.50000000E-02
      2800    0.50000000E-02
      2801    0.50000000E-02
      2806    0.50000000E-02
      2808    0.50000000E-02
      2822    0.50000000E-02
      2831    0.50000000E-02
      2833    0.50000000E-02
      2836    0.50000000E-02
      2838    0.50000000E-02
      2839    0.50000000E-02
      2840    0.50000000E-02
      2841    0.50000000E-02
      2849    0.50000000E-02
      2860    0.50000000E-02
      2863    0.50000000E-02
      2867    0.50000000E-02
      2869    0.50000000E-02
      2871    0.50000000E-02
      2872    0.50000000E-02
      2875    0.50000000E-02
      2876    0.50000000E-02
      2877    0.50000000E-02
      2885    0.50000000E-02
      2893    0.50000000E-02
      2898    0.50000000E-02
      2903    0.50000000E-02
      2905    0.50000000E-02
      2906    0.50000000E-02
      2907    0.50000000E-02
      2908    0.50000000E-02
      2909    0.50000000E-02
      2911    0.50000000E-02
      2922    0.50000000E-02
      2926    0.50000000E-02
      2928    0.50000000E-02
      2936    0.50000000E-02
      2938    0.50000000E-02
      2940    0.50000000E-02
      2943    0.50000000E-02
      2944    0.50000000E-02
      2946    0.50000000E-02
      2947    0.50000000E-02
      2948    0.50000000E-02
      2959    0.50000000E-02
      2967    0.50000000E-02
      2968    0.50000000E-02
      2969    0.50000000E-02
      2971    0.50000000E-02
      2976    0.50000000E-02
      2979    0.50000000E-02
      2981    0.50000000E-02
      2983    0.50000000E-02
      2984    0.50000000E-02
      2986    0.50000000E-02
      2994    0.50000000E-02
      2995    0.50000000E-02
      3003    0.50000000E-02
      3008    0.50000000E-02
      3011    0.50000000E-02
      3014    0.50000000E-02
      3015    0.50000000E-02
      3018    0.50000000E-02
      3020    0.50000000E-02
      3022    0.50000000E-02
      3027    0.50000000E-02
      3034    0.50000000E-02
      3036    0.50000000E-02
      3037    0.50000000E-02
      3041    0.50000000E-02
      3047    0.50000000E-02
      3049    0.50000000E-02
      3050    0.50000000E-02
      3054    0.50000000E-02
      3055    0.50000000E-02
      3056    0.50000000E-02
      3058    0.50000000E-02
      3061    0.50000000E-02
      3066    0.50000000E-02
      3071    0.50000000E-02
      3078    0.50000000E-02
      3081    0.50000000E-02
      3086    0.50000000E-02
      3088    0.50000000E-02
      3092    0.50000000E-02
      3093    0.50000000E-02
      3095    0.50000000E-02
      3097    0.50000000E-02
      3105    0.50000000E-02
      3107    0.50000000E-02
      3111    0.50000000E-02
      3115    0.50000000E-02
      3119    0.50000000E-02
      3123    0.50000000E-02
      3125    0.50000000E-02
      3129    0.50000000E-02
      3131    0.50000000E-02
      3134    0.50000000E-02
      3137    0.50000000E-02
      3138    0.50000000E-02
      3141    0.50000000E-02
      3151    0.50000000E-02
      3155    0.50000000E-02
      3159    0.50000000E-02
      3166    0.50000000E-02
      3167    0.50000000E-02
      3169    0.50000000E-02
      3170    0.50000000E-02
      3173    0.50000000E-02
      3175    0.50000000E-02
      3186    0.50000000E-02
      3188    0.50000000E-02
      3198    0.50000000E-02
      3199    0.50000000E-02
      3202    0.50000000E-02
      3203    0.50000000E-02
      3208    0.50000000E-02
      3212    0.50000000E-02
      3215    0.50000000E-02
      3218    0.50000000E-02
      3222    0.50000000E-02
      3225    0.50000000E-02
      3235    0.50000000E-02
      3241    0.50000000E-02
      3244    0.50000000E-02
      3247    0.50000000E-02
      3249    0.50000000E-02
      3250    0.50000000E-02
      3256    0.50000000E-02
      3264    0.50000000E-02
      3268    0.50000000E-02
      3273    0.50000000E-02
      3277    0.50000000E-02
      3287    0.50000000E-02
      3291    0.50000000E-02
      3292    0.50000000E-02
      3301    0.50000000E-02
      3304    0.50000000E-02
      3305    0.50000000E-02
      3306    0.50000000E-02
      3313    0.50000000E-02
      3316    0.50000000E-02
      3325    0.50000000E-02
      3334    0.50000000E-02
      3342    0.50000000E-02
      3351    0.50000000E-02
      3352    0.50000000E-02
      3359    0.50000000E-02
      3368    0.50000000E-02
      3370    0.50000000E-02
      3377    0.50000000E-02
      3385    0.50000000E-02
      3391    0.50000000E-02
      3404    0.50000000E-02
      3408    0.50000000E-02
      3420    0.50000000E-02
      3422    0.50000000E-02
      3437    0.50000000E-02
      3447    0.50000000E-02
      3450    0.50000000E-02
      3457    0.50000000E-02
      3470    0.50000000E-02
      3478    0.50000000E-02
      3487    0.50000000E-02
      3494    0.50000000E-02
      3507    0.50000000E-02
      3511    0.50000000E-02
      3516    0.50000000E-02
      3522    0.50000000E-02
      3535    0.50000000E-02
      3560    0.50000000E-02
      3562    0.50000000E-02
      3567    0.50000000E-02
      3581    0.50000000E-02
      3592    0.50000000E-02
      3595    0.50000000E-02
      3596    0.50000000E-02
      3598    0.50000000E-02
      3622    0.50000000E-02
      3629    0.50000000E-02
      3644    0.50000000E-02
      3655    0.50000000E-02
      3666    0.50000000E-02
      3669    0.50000000E-02
      3673    0.50000000E-02
      3690    0.50000000E-02
      3709    0.50000000E-02
      3724    0.50000000E-02
      3750    0.50000000E-02
      3753    0.50000000E-02
      3755    0.50000000E-02
      3756    0.50000000E-02
      3759    0.50000000E-02
      3779    0.50000000E-02
      3803    0.50000000E-02
      3807    0.50000000E-02
      3827    0.50000000E-02
      3848    0.50000000E-02
      3855    0.50000000E-02
      3865    0.50000000E-02
      3873    0.50000000E-02
      3906    0.50000000E-02
      3908    0.50000000E-02
      3917    0.50000000E-02
      3921    0.50000000E-02
      3925    0.50000000E-02
      3948    0.50000000E-02
      3970    0.50000000E-02
      3973    0.50000000E-02
      3978    0.50000000E-02
      4005    0.50000000E-02
      4017    0.50000000E-02
      4019    0.50000000E-02
      4028    0.50000000E-02
      4032    0.50000000E-02
      4054    0.50000000E-02
      4059    0.50000000E-02
      4083    0.50000000E-02
      4108    0.50000000E-02
      4127    0.50000000E-02
      4154    0.20000000E-01
      4164    0.50000000E-02
      4165    0.50000000E-02
      4188    0.50000000E-02
      4191    0.50000000E-02
      4223    0.20000000E-01
      4253    0.20000000E-01
      4313    0.20000000E-01
      4427    0.20000000E-01
