bi_1997_v2.grd                                                                  
     511     290
    2269 -0.772906000000E+02  0.339270700000E+02  0.303670000000E+02
    2295 -0.772606000000E+02  0.339407400000E+02  0.306350000000E+02
    2309 -0.773184700000E+02  0.339437800000E+02  0.299420000000E+02
    2336 -0.772306500000E+02  0.339546400000E+02  0.303510000000E+02
    2339 -0.772886900000E+02  0.339572800000E+02  0.295150000000E+02
    2366 -0.772007700000E+02  0.339687500000E+02  0.303280000000E+02
    2370 -0.772589600000E+02  0.339710300000E+02  0.291350000000E+02
    2374 -0.773165500000E+02  0.339736300000E+02  0.289830000000E+02
    2405 -0.772292800000E+02  0.339850100000E+02  0.294370000000E+02
    2407 -0.772870700000E+02  0.339872300000E+02  0.281820000000E+02
    2411 -0.773441500000E+02  0.339897800000E+02  0.277320000000E+02
    2436 -0.771996200000E+02  0.339992000000E+02  0.302000000000E+02
    2439 -0.772576100000E+02  0.340010900000E+02  0.289130000000E+02
    2443 -0.773149600000E+02  0.340032400000E+02  0.272880000000E+02
    2482 -0.772281600000E+02  0.340151700000E+02  0.296050000000E+02
    2485 -0.772857600000E+02  0.340169700000E+02  0.289440000000E+02
    2487 -0.773425900000E+02  0.340190400000E+02  0.269180000000E+02
    2509 -0.771987100000E+02  0.340294600000E+02  0.309170000000E+02
    2515 -0.772565500000E+02  0.340309500000E+02  0.299960000000E+02
    2520 -0.773137100000E+02  0.340326500000E+02  0.284810000000E+02
    2522 -0.773699600000E+02  0.340346000000E+02  0.269420000000E+02
    2548 -0.772273100000E+02  0.340451600000E+02  0.302890000000E+02
    2553 -0.772847700000E+02  0.340465300000E+02  0.291240000000E+02
    2556 -0.773414300000E+02  0.340481000000E+02  0.278610000000E+02
    2561 -0.773970300000E+02  0.340499000000E+02  0.261300000000E+02
    2578 -0.771980300000E+02  0.340595700000E+02  0.300580000000E+02
    2582 -0.772557800000E+02  0.340606600000E+02  0.289910000000E+02
    2584 -0.773128100000E+02  0.340618900000E+02  0.273050000000E+02
    2586 -0.773689100000E+02  0.340632900000E+02  0.268300000000E+02
    2591 -0.774237600000E+02  0.340649000000E+02  0.253550000000E+02
    2621 -0.772267200000E+02  0.340750000000E+02  0.294270000000E+02
    2624 -0.772841000000E+02  0.340759600000E+02  0.268150000000E+02
    2629 -0.773406700000E+02  0.340770100000E+02  0.258890000000E+02
    2631 -0.773961300000E+02  0.340782000000E+02  0.255940000000E+02
    2633 -0.774501200000E+02  0.340795400000E+02  0.238100000000E+02
    2657 -0.771975900000E+02  0.340895400000E+02  0.299380000000E+02
    2659 -0.772552900000E+02  0.340902500000E+02  0.280310000000E+02
    2661 -0.773122900000E+02  0.340910300000E+02  0.259510000000E+02
    2662 -0.773683300000E+02  0.340918600000E+02  0.249710000000E+02
    2663 -0.774230800000E+02  0.340927600000E+02  0.241180000000E+02
    2665 -0.774760800000E+02  0.340937400000E+02  0.226060000000E+02
    2698 -0.772263600000E+02  0.341047500000E+02  0.293700000000E+02
    2701 -0.772837500000E+02  0.341052900000E+02  0.268990000000E+02
    2704 -0.773403200000E+02  0.341058400000E+02  0.252910000000E+02
    2705 -0.773957700000E+02  0.341063900000E+02  0.240830000000E+02
    2706 -0.774497200000E+02  0.341069300000E+02  0.225660000000E+02
    2727 -0.771973600000E+02  0.341194200000E+02  0.287290000000E+02
    2729 -0.772550700000E+02  0.341197600000E+02  0.282590000000E+02
    2730 -0.773121200000E+02  0.341200900000E+02  0.267080000000E+02
    2731 -0.774760500000E+02  0.341206100000E+02  0.209040000000E+02
    2732 -0.773682200000E+02  0.341203700000E+02  0.246740000000E+02
    2733 -0.774230100000E+02  0.341205600000E+02  0.227130000000E+02
    2759 -0.775020800000E+02  0.341337200000E+02  0.201920000000E+02
    2762 -0.774500300000E+02  0.341343000000E+02  0.212710000000E+02
    2766 -0.771682600000E+02  0.341342300000E+02  0.282360000000E+02
    2767 -0.773959600000E+02  0.341345600000E+02  0.231280000000E+02
    2769 -0.772262600000E+02  0.341344200000E+02  0.281710000000E+02
    2770 -0.773403900000E+02  0.341346200000E+02  0.257000000000E+02
    2771 -0.772837100000E+02  0.341345600000E+02  0.272610000000E+02
    2793 -0.775278200000E+02  0.341461100000E+02  0.197350000000E+02
    2796 -0.774768400000E+02  0.341475500000E+02  0.204250000000E+02
    2798 -0.774235600000E+02  0.341483800000E+02  0.217950000000E+02
    2800 -0.773685600000E+02  0.341488600000E+02  0.241530000000E+02
    2801 -0.773123000000E+02  0.341491200000E+02  0.260530000000E+02
    2806 -0.772551300000E+02  0.341492300000E+02  0.271080000000E+02
    2808 -0.771973200000E+02  0.341492300000E+02  0.276150000000E+02
    2822 -0.775533900000E+02  0.341576200000E+02  0.188270000000E+02
    2831 -0.775034700000E+02  0.341602000000E+02  0.196770000000E+02
    2833 -0.774510300000E+02  0.341617700000E+02  0.209020000000E+02
    2836 -0.773966600000E+02  0.341627600000E+02  0.224640000000E+02
    2838 -0.773408400000E+02  0.341634100000E+02  0.246780000000E+02
    2839 -0.772839700000E+02  0.341638200000E+02  0.260100000000E+02
    2840 -0.772263600000E+02  0.341640600000E+02  0.267510000000E+02
    2841 -0.771682700000E+02  0.341641700000E+02  0.277310000000E+02
    2849 -0.775789500000E+02  0.341681100000E+02  0.182340000000E+02
    2860 -0.775300100000E+02  0.341721500000E+02  0.190070000000E+02
    2863 -0.774784100000E+02  0.341746600000E+02  0.200930000000E+02
    2867 -0.776048000000E+02  0.341774300000E+02  0.173930000000E+02
    2869 -0.774247000000E+02  0.341762800000E+02  0.213210000000E+02
    2871 -0.773693600000E+02  0.341773900000E+02  0.229420000000E+02
    2872 -0.773128200000E+02  0.341781700000E+02  0.250630000000E+02
    2875 -0.772554200000E+02  0.341786900000E+02  0.257060000000E+02
    2876 -0.771974600000E+02  0.341790300000E+02  0.269080000000E+02
    2877 -0.771391400000E+02  0.341792100000E+02  0.281800000000E+02
    2885 -0.775565400000E+02  0.341833200000E+02  0.188800000000E+02
    2893 -0.775057300000E+02  0.341869800000E+02  0.188270000000E+02
    2898 -0.774527000000E+02  0.341893900000E+02  0.201040000000E+02
    2903 -0.773978700000E+02  0.341910500000E+02  0.215780000000E+02
    2905 -0.775832700000E+02  0.341936000000E+02  0.182180000000E+02
    2906 -0.773416700000E+02  0.341922400000E+02  0.236590000000E+02
    2907 -0.772845000000E+02  0.341931000000E+02  0.247250000000E+02
    2908 -0.772266500000E+02  0.341937100000E+02  0.258740000000E+02
    2909 -0.771684100000E+02  0.341941000000E+02  0.270840000000E+02
    2911 -0.771099500000E+02  0.341943200000E+02  0.280220000000E+02
    2922 -0.775330800000E+02  0.341986800000E+02  0.185500000000E+02
    2926 -0.776104400000E+02  0.342030100000E+02  0.169700000000E+02
    2928 -0.774806900000E+02  0.342020300000E+02  0.188800000000E+02
    2936 -0.774263900000E+02  0.342043500000E+02  0.203670000000E+02
    2938 -0.773705700000E+02  0.342060200000E+02  0.219280000000E+02
    2940 -0.773136300000E+02  0.342072700000E+02  0.237370000000E+02
    2943 -0.775605800000E+02  0.342097100000E+02  0.184430000000E+02
    2944 -0.772559100000E+02  0.342081900000E+02  0.247430000000E+02
    2946 -0.771977100000E+02  0.342088300000E+02  0.259410000000E+02
    2947 -0.776382800000E+02  0.342116200000E+02  0.158160000000E+02
    2948 -0.771392600000E+02  0.342092400000E+02  0.271470000000E+02
    2959 -0.775087400000E+02  0.342141600000E+02  0.184980000000E+02
    2967 -0.774549700000E+02  0.342172500000E+02  0.194870000000E+02
    2968 -0.776670500000E+02  0.342196000000E+02  0.149770000000E+02
    2969 -0.775883600000E+02  0.342200400000E+02  0.177370000000E+02
    2971 -0.773995400000E+02  0.342194800000E+02  0.209950000000E+02
    2976 -0.773428400000E+02  0.342211600000E+02  0.225130000000E+02
    2979 -0.772852400000E+02  0.342224500000E+02  0.239800000000E+02
    2981 -0.772270700000E+02  0.342233900000E+02  0.248940000000E+02
    2983 -0.775369100000E+02  0.342257600000E+02  0.179750000000E+02
    2984 -0.771686100000E+02  0.342240300000E+02  0.260980000000E+02
    2986 -0.771100400000E+02  0.342244200000E+02  0.271190000000E+02
    2994 -0.776166000000E+02  0.342297400000E+02  0.162940000000E+02
    2995 -0.774836300000E+02  0.342297300000E+02  0.191850000000E+02
    3003 -0.774286200000E+02  0.342326000000E+02  0.211540000000E+02
    3008 -0.773721800000E+02  0.342347800000E+02  0.217360000000E+02
    3011 -0.775652900000E+02  0.342368100000E+02  0.176620000000E+02
    3014 -0.773147000000E+02  0.342364600000E+02  0.227350000000E+02
    3015 -0.776454800000E+02  0.342389400000E+02  0.152170000000E+02
    3018 -0.772565400000E+02  0.342377500000E+02  0.240570000000E+02
    3020 -0.771980300000E+02  0.342386700000E+02  0.249260000000E+02
    3022 -0.771393900000E+02  0.342392700000E+02  0.259590000000E+02
    3027 -0.775124200000E+02  0.342417800000E+02  0.182410000000E+02
    3034 -0.774578200000E+02  0.342453700000E+02  0.210060000000E+02
    3036 -0.775939900000E+02  0.342473600000E+02  0.163700000000E+02
    3037 -0.776751600000E+02  0.342478300000E+02  0.142460000000E+02
    3041 -0.774016600000E+02  0.342480900000E+02  0.213950000000E+02
    3047 -0.773443100000E+02  0.342502100000E+02  0.215830000000E+02
    3049 -0.775413800000E+02  0.342534000000E+02  0.172920000000E+02
    3050 -0.772861600000E+02  0.342518900000E+02  0.231060000000E+02
    3054 -0.772275600000E+02  0.342531500000E+02  0.240440000000E+02
    3055 -0.777059100000E+02  0.342566800000E+02  0.130850000000E+02
    3056 -0.771688100000E+02  0.342540100000E+02  0.250430000000E+02
    3058 -0.771100900000E+02  0.342545200000E+02  0.259640000000E+02
    3061 -0.776230900000E+02  0.342574800000E+02  0.152780000000E+02
    3066 -0.774871700000E+02  0.342577900000E+02  0.186920000000E+02
    3071 -0.774313200000E+02  0.342610900000E+02  0.202980000000E+02
    3078 -0.775705700000E+02  0.342646100000E+02  0.162770000000E+02
    3081 -0.773741100000E+02  0.342636900000E+02  0.204490000000E+02
    3086 -0.776526800000E+02  0.342673500000E+02  0.145110000000E+02
    3088 -0.773159600000E+02  0.342657900000E+02  0.215080000000E+02
    3092 -0.772572500000E+02  0.342674200000E+02  0.231040000000E+02
    3093 -0.775167000000E+02  0.342698500000E+02  0.171530000000E+02
    3095 -0.771983400000E+02  0.342685900000E+02  0.238360000000E+02
    3097 -0.771394700000E+02  0.342693400000E+02  0.250540000000E+02
    3105 -0.774611900000E+02  0.342737800000E+02  0.193600000000E+02
    3107 -0.776000200000E+02  0.342754600000E+02  0.153110000000E+02
    3111 -0.776828800000E+02  0.342772300000E+02  0.133210000000E+02
    3115 -0.774041600000E+02  0.342768800000E+02  0.190840000000E+02
    3119 -0.773460100000E+02  0.342794200000E+02  0.200770000000E+02
    3123 -0.775464200000E+02  0.342815900000E+02  0.160930000000E+02
    3125 -0.772871600000E+02  0.342814700000E+02  0.216210000000E+02
    3129 -0.772280300000E+02  0.342830100000E+02  0.231210000000E+02
    3131 -0.776297500000E+02  0.342860500000E+02  0.144430000000E+02
    3134 -0.771689300000E+02  0.342840400000E+02  0.238600000000E+02
    3137 -0.771100400000E+02  0.342846300000E+02  0.251210000000E+02
    3138 -0.774912600000E+02  0.342862000000E+02  0.183120000000E+02
    3141 -0.777142100000E+02  0.342875300000E+02  0.123810000000E+02
    3151 -0.774344800000E+02  0.342898000000E+02  0.183150000000E+02
    3155 -0.775763200000E+02  0.342930400000E+02  0.153400000000E+02
    3159 -0.773763500000E+02  0.342927700000E+02  0.186840000000E+02
    3166 -0.776597200000E+02  0.342965900000E+02  0.133310000000E+02
    3167 -0.773173600000E+02  0.342952700000E+02  0.202910000000E+02
    3169 -0.775215500000E+02  0.342983600000E+02  0.168370000000E+02
    3170 -0.772579500000E+02  0.342972300000E+02  0.217110000000E+02
    3173 -0.771985500000E+02  0.342986100000E+02  0.228450000000E+02
    3175 -0.771394000000E+02  0.342994500000E+02  0.239940000000E+02
    3186 -0.774650700000E+02  0.343024700000E+02  0.178990000000E+02
    3188 -0.776064000000E+02  0.343042200000E+02  0.146870000000E+02
    3198 -0.774070300000E+02  0.343058600000E+02  0.181210000000E+02
    3199 -0.776896100000E+02  0.343073800000E+02  0.125750000000E+02
    3202 -0.775519900000E+02  0.343103000000E+02  0.155040000000E+02
    3203 -0.773479000000E+02  0.343087800000E+02  0.186490000000E+02
    3208 -0.772881900000E+02  0.343112200000E+02  0.203650000000E+02
    3212 -0.776366300000E+02  0.343151800000E+02  0.134260000000E+02
    3215 -0.772283900000E+02  0.343130200000E+02  0.219930000000E+02
    3218 -0.774959300000E+02  0.343149400000E+02  0.173310000000E+02
    3222 -0.771688800000E+02  0.343141700000E+02  0.226760000000E+02
    3225 -0.771098000000E+02  0.343147700000E+02  0.241410000000E+02
    3235 -0.774380700000E+02  0.343187200000E+02  0.169880000000E+02
    3241 -0.775825300000E+02  0.343220400000E+02  0.145550000000E+02
    3244 -0.773788500000E+02  0.343220200000E+02  0.181100000000E+02
    3247 -0.776668000000E+02  0.343263500000E+02  0.124790000000E+02
    3249 -0.773188300000E+02  0.343249200000E+02  0.188310000000E+02
    3250 -0.775270000000E+02  0.343272600000E+02  0.160800000000E+02
    3256 -0.772585400000E+02  0.343272400000E+02  0.204140000000E+02
    3264 -0.771985500000E+02  0.343287600000E+02  0.218880000000E+02
    3268 -0.771391100000E+02  0.343296300000E+02  0.229240000000E+02
    3273 -0.774694700000E+02  0.343314100000E+02  0.164980000000E+02
    3277 -0.776131200000E+02  0.343335500000E+02  0.133750000000E+02
    3287 -0.774102300000E+02  0.343350100000E+02  0.172350000000E+02
    3291 -0.775581600000E+02  0.343394900000E+02  0.145500000000E+02
    3292 -0.773499400000E+02  0.343383200000E+02  0.181140000000E+02
    3301 -0.772891500000E+02  0.343411900000E+02  0.190690000000E+02
    3304 -0.776439700000E+02  0.343443200000E+02  0.124720000000E+02
    3305 -0.775012100000E+02  0.343439700000E+02  0.158510000000E+02
    3306 -0.772285100000E+02  0.343432200000E+02  0.207080000000E+02
    3313 -0.771685600000E+02  0.343443900000E+02  0.217500000000E+02
    3316 -0.771093000000E+02  0.343449600000E+02  0.230660000000E+02
    3325 -0.774421000000E+02  0.343478200000E+02  0.160520000000E+02
    3334 -0.775892300000E+02  0.343516600000E+02  0.133310000000E+02
    3342 -0.773815600000E+02  0.343514100000E+02  0.171680000000E+02
    3351 -0.775331600000E+02  0.343565100000E+02  0.146010000000E+02
    3352 -0.773203200000E+02  0.343548000000E+02  0.182530000000E+02
    3359 -0.772589200000E+02  0.343575000000E+02  0.188920000000E+02
    3368 -0.774744600000E+02  0.343605200000E+02  0.153360000000E+02
    3370 -0.771982200000E+02  0.343590500000E+02  0.206460000000E+02
    3377 -0.771385100000E+02  0.343598900000E+02  0.219610000000E+02
    3385 -0.776199700000E+02  0.343638800000E+02  0.124280000000E+02
    3391 -0.774137600000E+02  0.343642700000E+02  0.160580000000E+02
    3404 -0.775650300000E+02  0.343691700000E+02  0.132840000000E+02
    3408 -0.773520800000E+02  0.343680000000E+02  0.171060000000E+02
    3420 -0.775072500000E+02  0.343732100000E+02  0.142370000000E+02
    3422 -0.772899900000E+02  0.343714700000E+02  0.182700000000E+02
    3437 -0.772282300000E+02  0.343736600000E+02  0.194630000000E+02
    3447 -0.771678700000E+02  0.343747200000E+02  0.207810000000E+02
    3450 -0.771084700000E+02  0.343752000000E+02  0.221940000000E+02
    3457 -0.774465900000E+02  0.343770000000E+02  0.150460000000E+02
    3470 -0.775965200000E+02  0.343818100000E+02  0.127090000000E+02
    3478 -0.773844600000E+02  0.343808600000E+02  0.159460000000E+02
    3487 -0.775402800000E+02  0.343859800000E+02  0.129820000000E+02
    3494 -0.773218100000E+02  0.343848900000E+02  0.170670000000E+02
    3507 -0.774801200000E+02  0.343897300000E+02  0.140900000000E+02
    3511 -0.772589000000E+02  0.343882100000E+02  0.181940000000E+02
    3516 -0.771973900000E+02  0.343894700000E+02  0.197200000000E+02
    3522 -0.771375500000E+02  0.343902800000E+02  0.207940000000E+02
    3535 -0.774175400000E+02  0.343935400000E+02  0.148370000000E+02
    3560 -0.775728500000E+02  0.343995900000E+02  0.124290000000E+02
    3562 -0.773543100000E+02  0.343977300000E+02  0.158230000000E+02
    3567 -0.775142600000E+02  0.344025400000E+02  0.129120000000E+02
    3581 -0.772906500000E+02  0.344022200000E+02  0.169520000000E+02
    3592 -0.772272500000E+02  0.344044300000E+02  0.182540000000E+02
    3595 -0.771667600000E+02  0.344050700000E+02  0.196150000000E+02
    3596 -0.771072200000E+02  0.344055700000E+02  0.212850000000E+02
    3598 -0.774515300000E+02  0.344061800000E+02  0.139140000000E+02
    3622 -0.773874400000E+02  0.344102400000E+02  0.146500000000E+02
    3629 -0.775491600000E+02  0.344148600000E+02  0.121170000000E+02
    3644 -0.773233900000E+02  0.344151400000E+02  0.154030000000E+02
    3655 -0.774866100000E+02  0.344189300000E+02  0.128040000000E+02
    3666 -0.771958000000E+02  0.344197200000E+02  0.183470000000E+02
    3669 -0.772582200000E+02  0.344199300000E+02  0.171350000000E+02
    3673 -0.771362700000E+02  0.344210200000E+02  0.196310000000E+02
    3690 -0.774214400000E+02  0.344226800000E+02  0.134250000000E+02
    3709 -0.773565800000E+02  0.344272900000E+02  0.142680000000E+02
    3724 -0.775221300000E+02  0.344325500000E+02  0.119800000000E+02
    3750 -0.772914700000E+02  0.344336700000E+02  0.154300000000E+02
    3753 -0.774568500000E+02  0.344352200000E+02  0.126660000000E+02
    3755 -0.772247500000E+02  0.344355300000E+02  0.172770000000E+02
    3756 -0.771654400000E+02  0.344350700000E+02  0.182680000000E+02
    3759 -0.771054000000E+02  0.344361300000E+02  0.198600000000E+02
    3779 -0.773902200000E+02  0.344393300000E+02  0.131510000000E+02
    3803 -0.773254500000E+02  0.344450400000E+02  0.138960000000E+02
    3807 -0.774947700000E+02  0.344473600000E+02  0.121270000000E+02
    3827 -0.771930500000E+02  0.344486500000E+02  0.175480000000E+02
    3848 -0.774250400000E+02  0.344516000000E+02  0.121200000000E+02
    3855 -0.771350400000E+02  0.344537800000E+02  0.185280000000E+02
    3865 -0.772561400000E+02  0.344554900000E+02  0.153090000000E+02
    3873 -0.773586000000E+02  0.344562800000E+02  0.123010000000E+02
    3906 -0.771655500000E+02  0.344620400000E+02  0.178790000000E+02
    3908 -0.772179400000E+02  0.344648500000E+02  0.162040000000E+02
    3917 -0.772948500000E+02  0.344641600000E+02  0.140690000000E+02
    3921 -0.771017800000E+02  0.344656300000E+02  0.183990000000E+02
    3925 -0.774616900000E+02  0.344645700000E+02  0.119680000000E+02
    3948 -0.773922000000E+02  0.344679200000E+02  0.114750000000E+02
    3970 -0.771464500000E+02  0.344752300000E+02  0.179950000000E+02
    3973 -0.771886500000E+02  0.344745700000E+02  0.170150000000E+02
    3978 -0.773277700000E+02  0.344736900000E+02  0.122140000000E+02
    4005 -0.771242000000E+02  0.344810900000E+02  0.178460000000E+02
    4017 -0.774278200000E+02  0.344798500000E+02  0.112800000000E+02
    4019 -0.772369900000E+02  0.344848600000E+02  0.144180000000E+02
    4028 -0.771645100000E+02  0.344847800000E+02  0.172290000000E+02
    4032 -0.772686400000E+02  0.344853800000E+02  0.134740000000E+02
    4054 -0.773593700000E+02  0.344844000000E+02  0.109310000000E+02
    4059 -0.772079200000E+02  0.344899100000E+02  0.156650000000E+02
    4083 -0.772995700000E+02  0.344916700000E+02  0.118660000000E+02
    4108 -0.771828400000E+02  0.344970900000E+02  0.164840000000E+02
    4127 -0.773921700000E+02  0.344960700000E+02  0.104280000000E+02
    4154 -0.773287200000E+02  0.345006100000E+02  0.861400000000E+01
    4164 -0.772486700000E+02  0.345063900000E+02  0.131560000000E+02
    4165 -0.772225400000E+02  0.345070800000E+02  0.142630000000E+02
    4188 -0.771984600000E+02  0.345109400000E+02  0.152390000000E+02
    4191 -0.772755400000E+02  0.345096800000E+02  0.115630000000E+02
    4223 -0.773567200000E+02  0.345118300000E+02  0.603700000000E+01
    4253 -0.773018500000E+02  0.345164700000E+02  0.881000000000E+01
    4313 -0.773270500000E+02  0.345256300000E+02  0.601400000000E+01
    4427 -0.773013500000E+02  0.345396500000E+02  0.134300000000E+01
       1 3     2269     2295     2339
       2 3     2269     2339     2309
       3 3     2295     2336     2370
       4 3     2295     2370     2339
       5 3     2309     2339     2374
       6 3     2336     2366     2405
       7 3     2336     2405     2370
       8 3     2339     2370     2407
       9 3     2339     2407     2374
      10 3     2366     2436     2405
      11 3     2370     2405     2439
      12 3     2370     2439     2407
      13 3     2374     2407     2443
      14 3     2374     2443     2411
      15 3     2405     2436     2482
      16 3     2405     2482     2439
      17 3     2407     2439     2485
      18 3     2407     2485     2443
      19 3     2411     2443     2487
      20 3     2436     2509     2482
      21 3     2439     2482     2515
      22 3     2439     2515     2485
      23 3     2443     2485     2520
      24 3     2443     2520     2487
      25 3     2482     2509     2548
      26 3     2482     2548     2515
      27 3     2485     2515     2553
      28 3     2485     2553     2520
      29 3     2487     2520     2556
      30 3     2487     2556     2522
      31 3     2509     2578     2548
      32 3     2515     2548     2582
      33 3     2515     2582     2553
      34 3     2520     2553     2584
      35 3     2520     2584     2556
      36 3     2522     2556     2586
      37 3     2522     2586     2561
      38 3     2548     2578     2621
      39 3     2548     2621     2582
      40 3     2553     2582     2624
      41 3     2553     2624     2584
      42 3     2556     2584     2629
      43 3     2556     2629     2586
      44 3     2561     2586     2631
      45 3     2561     2631     2591
      46 3     2578     2657     2621
      47 3     2582     2621     2659
      48 3     2582     2659     2624
      49 3     2584     2624     2661
      50 3     2584     2661     2629
      51 3     2586     2629     2662
      52 3     2586     2662     2631
      53 3     2591     2631     2663
      54 3     2591     2663     2633
      55 3     2621     2657     2698
      56 3     2621     2698     2659
      57 3     2624     2659     2701
      58 3     2624     2701     2661
      59 3     2629     2661     2704
      60 3     2629     2704     2662
      61 3     2631     2662     2705
      62 3     2631     2705     2663
      63 3     2633     2663     2706
      64 3     2633     2706     2665
      65 3     2657     2727     2698
      66 3     2659     2698     2729
      67 3     2659     2729     2701
      68 3     2661     2730     2704
      69 3     2661     2701     2730
      70 3     2662     2732     2705
      71 3     2663     2733     2706
      72 3     2662     2704     2732
      73 3     2665     2706     2731
      74 3     2663     2705     2733
      75 3     2706     2762     2731
      76 3     2705     2767     2733
      77 3     2706     2733     2762
      78 3     2698     2727     2769
      79 3     2698     2769     2729
      80 3     2704     2770     2732
      81 3     2701     2771     2730
      82 3     2705     2732     2767
      83 3     2701     2729     2771
      84 3     2704     2730     2770
      85 3     2731     2796     2759
      86 3     2731     2762     2796
      87 3     2733     2798     2762
      88 3     2733     2767     2798
      89 3     2732     2800     2767
      90 3     2730     2801     2770
      91 3     2732     2770     2800
      92 3     2729     2806     2771
      93 3     2730     2771     2801
      94 3     2727     2808     2769
      95 3     2727     2766     2808
      96 3     2729     2769     2806
      97 3     2759     2831     2793
      98 3     2759     2796     2831
      99 3     2762     2833     2796
     100 3     2762     2798     2833
     101 3     2767     2836     2798
     102 3     2767     2800     2836
     103 3     2770     2838     2800
     104 3     2770     2801     2838
     105 3     2771     2839     2801
     106 3     2771     2806     2839
     107 3     2769     2840     2806
     108 3     2769     2808     2840
     109 3     2766     2841     2808
     110 3     2793     2860     2822
     111 3     2793     2831     2860
     112 3     2796     2863     2831
     113 3     2796     2833     2863
     114 3     2798     2869     2833
     115 3     2798     2836     2869
     116 3     2800     2871     2836
     117 3     2800     2838     2871
     118 3     2801     2872     2838
     119 3     2801     2839     2872
     120 3     2806     2875     2839
     121 3     2806     2840     2875
     122 3     2808     2876     2840
     123 3     2808     2841     2876
     124 3     2822     2885     2849
     125 3     2822     2860     2885
     126 3     2831     2893     2860
     127 3     2831     2863     2893
     128 3     2833     2898     2863
     129 3     2833     2869     2898
     130 3     2836     2903     2869
     131 3     2836     2871     2903
     132 3     2849     2905     2867
     133 3     2838     2906     2871
     134 3     2838     2872     2906
     135 3     2839     2907     2872
     136 3     2839     2875     2907
     137 3     2840     2908     2875
     138 3     2840     2876     2908
     139 3     2841     2909     2876
     140 3     2841     2877     2909
     141 3     2849     2885     2905
     142 3     2860     2922     2885
     143 3     2860     2893     2922
     144 3     2863     2928     2893
     145 3     2863     2898     2928
     146 3     2869     2936     2898
     147 3     2867     2905     2926
     148 3     2869     2903     2936
     149 3     2871     2938     2903
     150 3     2871     2906     2938
     151 3     2872     2940     2906
     152 3     2872     2907     2940
     153 3     2885     2943     2905
     154 3     2875     2944     2907
     155 3     2875     2908     2944
     156 3     2876     2946     2908
     157 3     2876     2909     2946
     158 3     2877     2948     2909
     159 3     2877     2911     2948
     160 3     2885     2922     2943
     161 3     2893     2959     2922
     162 3     2893     2928     2959
     163 3     2898     2967     2928
     164 3     2905     2969     2926
     165 3     2898     2936     2967
     166 3     2903     2971     2936
     167 3     2903     2938     2971
     168 3     2906     2976     2938
     169 3     2905     2943     2969
     170 3     2906     2940     2976
     171 3     2907     2979     2940
     172 3     2907     2944     2979
     173 3     2908     2981     2944
     174 3     2908     2946     2981
     175 3     2922     2983     2943
     176 3     2909     2984     2946
     177 3     2909     2948     2984
     178 3     2911     2986     2948
     179 3     2922     2959     2983
     180 3     2926     2994     2947
     181 3     2928     2995     2959
     182 3     2928     2967     2995
     183 3     2926     2969     2994
     184 3     2936     3003     2967
     185 3     2936     2971     3003
     186 3     2938     3008     2971
     187 3     2943     3011     2969
     188 3     2938     2976     3008
     189 3     2940     3014     2976
     190 3     2947     3015     2968
     191 3     2940     2979     3014
     192 3     2944     3018     2979
     193 3     2944     2981     3018
     194 3     2943     2983     3011
     195 3     2946     3020     2981
     196 3     2946     2984     3020
     197 3     2948     3022     2984
     198 3     2948     2986     3022
     199 3     2959     3027     2983
     200 3     2947     2994     3015
     201 3     2959     2995     3027
     202 3     2967     3034     2995
     203 3     2969     3036     2994
     204 3     2967     3003     3034
     205 3     2971     3041     3003
     206 3     2969     3011     3036
     207 3     2971     3008     3041
     208 3     2976     3047     3008
     209 3     2968     3015     3037
     210 3     2976     3014     3047
     211 3     2983     3049     3011
     212 3     2979     3050     3014
     213 3     2979     3018     3050
     214 3     2981     3054     3018
     215 3     2981     3020     3054
     216 3     2984     3056     3020
     217 3     2984     3022     3056
     218 3     2986     3058     3022
     219 3     2983     3027     3049
     220 3     2994     3061     3015
     221 3     2995     3066     3027
     222 3     2995     3034     3066
     223 3     2994     3036     3061
     224 3     3003     3071     3034
     225 3     3003     3041     3071
     226 3     3011     3078     3036
     227 3     3008     3081     3041
     228 3     3008     3047     3081
     229 3     3015     3086     3037
     230 3     3014     3088     3047
     231 3     3011     3049     3078
     232 3     3014     3050     3088
     233 3     3018     3092     3050
     234 3     3018     3054     3092
     235 3     3027     3093     3049
     236 3     3020     3095     3054
     237 3     3020     3056     3095
     238 3     3015     3061     3086
     239 3     3022     3097     3056
     240 3     3022     3058     3097
     241 3     3027     3066     3093
     242 3     3034     3105     3066
     243 3     3036     3107     3061
     244 3     3037     3111     3055
     245 3     3034     3071     3105
     246 3     3041     3115     3071
     247 3     3036     3078     3107
     248 3     3041     3081     3115
     249 3     3047     3119     3081
     250 3     3037     3086     3111
     251 3     3049     3123     3078
     252 3     3047     3088     3119
     253 3     3050     3125     3088
     254 3     3050     3092     3125
     255 3     3054     3129     3092
     256 3     3049     3093     3123
     257 3     3054     3095     3129
     258 3     3061     3131     3086
     259 3     3056     3134     3095
     260 3     3056     3097     3134
     261 3     3066     3138     3093
     262 3     3058     3137     3097
     263 3     3066     3105     3138
     264 3     3061     3107     3131
     265 3     3071     3151     3105
     266 3     3055     3111     3141
     267 3     3078     3155     3107
     268 3     3071     3115     3151
     269 3     3081     3159     3115
     270 3     3081     3119     3159
     271 3     3086     3166     3111
     272 3     3078     3123     3155
     273 3     3088     3167     3119
     274 3     3088     3125     3167
     275 3     3093     3169     3123
     276 3     3092     3170     3125
     277 3     3092     3129     3170
     278 3     3086     3131     3166
     279 3     3095     3173     3129
     280 3     3095     3134     3173
     281 3     3097     3137     3175
     282 3     3097     3175     3134
     283 3     3093     3138     3169
     284 3     3105     3186     3138
     285 3     3107     3188     3131
     286 3     3105     3151     3186
     287 3     3115     3198     3151
     288 3     3111     3199     3141
     289 3     3107     3155     3188
     290 3     3115     3159     3198
     291 3     3123     3202     3155
     292 3     3119     3203     3159
     293 3     3111     3166     3199
     294 3     3119     3167     3203
     295 3     3125     3208     3167
     296 3     3125     3170     3208
     297 3     3123     3169     3202
     298 3     3131     3212     3166
     299 3     3129     3215     3170
     300 3     3138     3218     3169
     301 3     3129     3173     3215
     302 3     3134     3175     3222
     303 3     3134     3222     3173
     304 3     3137     3225     3175
     305 3     3138     3186     3218
     306 3     3131     3188     3212
     307 3     3151     3235     3186
     308 3     3155     3241     3188
     309 3     3151     3198     3235
     310 3     3159     3244     3198
     311 3     3159     3203     3244
     312 3     3166     3247     3199
     313 3     3155     3202     3241
     314 3     3167     3249     3203
     315 3     3169     3250     3202
     316 3     3167     3208     3249
     317 3     3170     3256     3208
     318 3     3170     3215     3256
     319 3     3166     3212     3247
     320 3     3173     3222     3264
     321 3     3173     3264     3215
     322 3     3169     3218     3250
     323 3     3175     3225     3268
     324 3     3175     3268     3222
     325 3     3186     3273     3218
     326 3     3188     3277     3212
     327 3     3186     3235     3273
     328 3     3198     3287     3235
     329 3     3188     3241     3277
     330 3     3198     3244     3287
     331 3     3202     3291     3241
     332 3     3203     3292     3244
     333 3     3203     3249     3292
     334 3     3208     3301     3249
     335 3     3202     3250     3291
     336 3     3212     3304     3247
     337 3     3208     3256     3301
     338 3     3218     3305     3250
     339 3     3215     3306     3256
     340 3     3215     3264     3306
     341 3     3222     3268     3313
     342 3     3222     3313     3264
     343 3     3225     3316     3268
     344 3     3218     3273     3305
     345 3     3212     3277     3304
     346 3     3235     3325     3273
     347 3     3241     3334     3277
     348 3     3235     3287     3325
     349 3     3244     3342     3287
     350 3     3244     3292     3342
     351 3     3241     3291     3334
     352 3     3250     3351     3291
     353 3     3249     3352     3292
     354 3     3249     3301     3352
     355 3     3256     3359     3301
     356 3     3256     3306     3359
     357 3     3250     3305     3351
     358 3     3273     3368     3305
     359 3     3264     3313     3370
     360 3     3264     3370     3306
     361 3     3268     3316     3377
     362 3     3268     3377     3313
     363 3     3277     3385     3304
     364 3     3273     3325     3368
     365 3     3287     3391     3325
     366 3     3277     3334     3385
     367 3     3287     3342     3391
     368 3     3291     3404     3334
     369 3     3292     3408     3342
     370 3     3292     3352     3408
     371 3     3305     3420     3351
     372 3     3291     3351     3404
     373 3     3301     3422     3352
     374 3     3301     3359     3422
     375 3     3306     3370     3437
     376 3     3306     3437     3359
     377 3     3313     3377     3447
     378 3     3313     3447     3370
     379 3     3316     3450     3377
     380 3     3325     3457     3368
     381 3     3305     3368     3420
     382 3     3334     3470     3385
     383 3     3325     3391     3457
     384 3     3342     3478     3391
     385 3     3342     3408     3478
     386 3     3351     3487     3404
     387 3     3334     3404     3470
     388 3     3352     3494     3408
     389 3     3352     3422     3494
     390 3     3368     3507     3420
     391 3     3359     3437     3511
     392 3     3359     3511     3422
     393 3     3351     3420     3487
     394 3     3370     3447     3516
     395 3     3377     3450     3522
     396 3     3370     3516     3437
     397 3     3377     3522     3447
     398 3     3391     3535     3457
     399 3     3368     3457     3507
     400 3     3391     3478     3535
     401 3     3404     3560     3470
     402 3     3408     3562     3478
     403 3     3408     3494     3562
     404 3     3420     3567     3487
     405 3     3404     3487     3560
     406 3     3422     3581     3494
     407 3     3422     3511     3581
     408 3     3437     3516     3592
     409 3     3447     3522     3595
     410 3     3457     3598     3507
     411 3     3437     3592     3511
     412 3     3447     3595     3516
     413 3     3450     3596     3522
     414 3     3420     3507     3567
     415 3     3457     3535     3598
     416 3     3478     3622     3535
     417 3     3487     3629     3560
     418 3     3478     3562     3622
     419 3     3494     3644     3562
     420 3     3494     3581     3644
     421 3     3507     3655     3567
     422 3     3516     3595     3666
     423 3     3487     3567     3629
     424 3     3511     3592     3669
     425 3     3522     3596     3673
     426 3     3516     3666     3592
     427 3     3511     3669     3581
     428 3     3522     3673     3595
     429 3     3535     3690     3598
     430 3     3507     3598     3655
     431 3     3535     3622     3690
     432 3     3562     3709     3622
     433 3     3562     3644     3709
     434 3     3567     3724     3629
     435 3     3581     3750     3644
     436 3     3598     3753     3655
     437 3     3592     3666     3755
     438 3     3595     3673     3756
     439 3     3581     3669     3750
     440 3     3595     3756     3666
     441 3     3596     3759     3673
     442 3     3567     3655     3724
     443 3     3592     3755     3669
     444 3     3598     3690     3753
     445 3     3622     3779     3690
     446 3     3622     3709     3779
     447 3     3644     3803     3709
     448 3     3655     3807     3724
     449 3     3644     3750     3803
     450 3     3666     3756     3827
     451 3     3666     3827     3755
     452 3     3690     3848     3753
     453 3     3673     3759     3855
     454 3     3673     3855     3756
     455 3     3655     3753     3807
     456 3     3669     3755     3865
     457 3     3690     3779     3848
     458 3     3669     3865     3750
     459 3     3709     3873     3779
     460 3     3709     3803     3873
     461 3     3756     3906     3827
     462 3     3755     3827     3908
     463 3     3756     3855     3906
     464 3     3750     3917     3803
     465 3     3753     3925     3807
     466 3     3759     3921     3855
     467 3     3750     3865     3917
     468 3     3753     3848     3925
     469 3     3779     3948     3848
     470 3     3779     3873     3948
     471 3     3755     3908     3865
     472 3     3855     3970     3906
     473 3     3827     3906     3973
     474 3     3803     3978     3873
     475 3     3803     3917     3978
     476 3     3827     3973     3908
     477 3     3855     3921     4005
     478 3     3855     4005     3970
     479 3     3848     4017     3925
     480 3     3908     4019     3865
     481 3     3906     3970     4028
     482 3     3865     4032     3917
     483 3     3848     3948     4017
     484 3     3906     4028     3973
     485 3     3873     3978     4054
     486 3     3873     4054     3948
     487 3     3908     3973     4059
     488 3     3865     4019     4032
     489 3     3917     4083     3978
     490 3     3908     4059     4019
     491 3     3973     4028     4108
     492 3     3917     4032     4083
     493 3     3948     4054     4127
     494 3     3973     4108     4059
     495 3     3948     4127     4017
     496 3     3978     4154     4054
     497 3     3978     4083     4154
     498 3     4019     4164     4032
     499 3     4059     4165     4019
     500 3     4059     4108     4188
     501 3     4032     4191     4083
     502 3     4019     4165     4164
     503 3     4054     4154     4223
     504 3     4032     4164     4191
     505 3     4059     4188     4165
     506 3     4054     4223     4127
     507 3     4083     4253     4154
     508 3     4083     4191     4253
     509 3     4154     4253     4313
     510 3     4154     4313     4223
     511 3     4253     4427     4313
 0                                                                              
 0                                                                              
 1                                                                              
 16                                                                             
      16       0                                                                
    4427
    4313
    4223
    4127
    4017
    3925
    3807
    3724
    3629
    3560
    3470
    3385
    3304
    3247
    3199
    3141
