FileFmt      1050624           0           0
NELG           58641         560         407
       39755
       39756
       39762
       39764
       39768
       39769
       39779
       39783
       39784
       39789
       39793
       39798
       39799
       39800
       39802
       39804
       39806
       39807
       39808
       39809
       39810
       39812
       39814
       39816
       39817
       39818
       39819
       39821
       39824
       39827
       39829
       39832
       39833
       39834
       39836
       39837
       39840
       39843
       39844
       39852
       39856
       39861
       39862
       39869
       39873
       39879
       39881
       39887
       39890
       39893
       39898
       39899
       39900
       39902
       39906
       39907
       39908
       39909
       39915
       39916
       39918
       39919
       39927
       39928
       39930
       39931
       39935
       39937
       39939
       39940
       39949
       39950
       39951
       39958
       39959
       39960
       39962
       39968
       39970
       39972
       39973
       39975
       39977
       39978
       39981
       39987
       39988
       39991
       39998
       39999
       40001
       40011
       40012
       40013
       40021
       40022
       40023
       40029
       40031
       40032
       40038
       40039
       40041
       40055
       40056
       40058
       40062
       40063
       40064
       40067
       40069
       40070
       40071
       40083
       40084
       40085
       40086
       40099
       40101
       40102
       40103
       40104
       40113
       40114
       40115
       40116
       40119
       40120
       40125
       40126
       40127
       40128
       40129
       40133
       40136
       40138
       40139
       40141
       40142
       40149
       40152
       40154
       40155
       40156
       40157
       40169
       40170
       40171
       40172
       40173
       40175
       40177
       40178
       40179
       40182
       40183
       40185
       40186
       40191
       40192
       40193
       40194
       40195
       40200
       40203
       40205
       40207
       40208
       40215
       40217
       40219
       40222
       40228
       40229
       40231
       40233
       40237
       40240
       40242
       40248
       40251
       40253
       40258
       40261
       40263
       40267
       40269
       40273
       40274
       40275
       40279
       40282
       40284
       40286
       40291
       40292
       40297
       40298
       40302
       40303
       40309
       40311
       40315
       40316
       40323
       40325
       40330
       40332
       40335
       40339
       40343
       40346
       40352
       40353
       40356
       40358
       40362
       40363
       40368
       40371
       40373
       40374
       40377
       40378
       40380
       40381
       40385
       40392
       40397
       40398
       40401
       40402
       40407
       40413
       40417
       40418
       40420
       40425
       40428
       40429
       40435
       40438
       40441
       40442
       40443
       40447
       40450
       40453
       40454
       40457
       40459
       40460
       40461
       40467
       40468
       40469
       40470
       40471
       40473
       40474
       40478
       40480
       40482
       40483
       40485
       40491
       40493
       40494
       40496
       40498
       40500
       40502
       40503
       40504
       40508
       40509
       40513
       40514
       40518
       40519
       40524
       40525
       40528
       40529
       40532
       40533
       40537
       40540
       40542
       40543
       40548
       40549
       40551
       40554
       40555
       40556
       40558
       40562
       40563
       40565
       40568
       40569
       40571
       40573
       40577
       40578
       40583
       40584
       40588
       40591
       40592
       40593
       40598
       40600
       40602
       40603
       40604
       40605
       40606
       40608
       40612
       40613
       40619
       40620
       40624
       40626
       40629
       40630
       40634
       40636
       40638
       40639
       40640
       40642
       40645
       40647
       40650
       40651
       40656
       40657
       40660
       40661
       40664
       40666
       40667
       40671
       40674
       40676
       40678
       40679
       40682
       40684
       40685
       40687
       40689
       40690
       40693
       40694
       40695
       40696
       40698
       40700
       40702
       40705
       40707
       40712
       40715
       40717
       40720
       40721
       40722
       40723
       40726
       40728
       40729
       40730
       40731
       40734
       40735
       40737
       40738
       40743
       40744
       40745
       40747
       40751
       40752
       40753
       40755
       40756
       40758
       40760
       40764
       40766
       40768
       40770
       40772
       40775
       40777
       40780
       40784
       40787
       40788
       40789
       40790
       58616
       58617
NNODG          32218         319         293
      -21715
      -21721
      -21726
       21729
       21730
       21732
       21736
       21744
       21747
       21748
       21751
       21756
       21757
       21758
       21759
       21760
       21761
       21762
       21764
       21766
       21767
       21768
       21769
       21770
       21771
       21773
       21775
       21780
       21781
       21783
       21787
       21790
       21793
       21797
       21802
       21805
       21809
       21814
       21816
       21819
       21821
       21822
       21824
       21828
       21829
       21830
       21835
       21836
       21840
       21842
       21843
       21848
       21853
       21859
       21860
       21869
       21870
       21871
       21873
       21874
       21876
       21878
       21884
       21885
       21894
       21895
       21901
       21902
       21906
       21907
       21911
       21913
       21918
       21919
       21927
       21928
       21929
       21930
       21932
       21934
       21935
       21944
       21945
       21951
       21952
       21953
       21954
       21961
       21962
       21963
       21964
       21966
       21967
       21968
       21971
       21975
       21976
       21978
       21986
       21988
       21989
       21993
       21994
       21995
       21997
       21998
       21999
       22000
       22003
       22004
       22005
       22009
       22013
       22015
       22018
       22019
       22021
       22025
       22027
       22029
       22032
       22036
       22041
       22042
       22044
       22046
       22048
       22050
       22053
       22054
       22057
       22059
       22061
       22065
       22066
       22069
       22072
       22073
       22076
       22079
       22080
       22087
       22090
       22091
       22094
       22096
       22098
       22101
       22104
       22106
       22108
       22110
       22113
       22114
       22115
       22116
       22118
       22120
       22126
       22128
       22129
       22130
       22132
       22136
       22139
       22142
       22143
       22146
       22148
       22151
       22154
       22155
       22156
       22159
       22160
       22162
       22164
       22166
       22167
       22171
       22172
       22173
       22174
       22176
       22178
       22180
       22182
       22183
       22185
       22186
       22188
       22189
       22191
       22193
       22194
       22200
       22203
       22204
       22207
       22209
       22210
       22211
       22213
       22214
       22216
       22219
       22220
       22225
       22226
       22228
       22229
       22230
       22233
       22234
       22236
       22237
       22239
       22243
       22244
       22246
       22249
       22251
       22252
       22254
       22256
       22258
       22259
       22260
       22261
       22265
       22266
       22269
       22273
       22275
       22277
       22279
       22280
       22281
       22282
       22284
       22285
       22289
       22290
       22292
       22294
       22295
       22297
       22299
       22301
       22303
       22305
       22306
       22308
       22309
       22310
       22311
       22314
       22315
       22316
       22319
       22321
       22323
       22326
       22329
       22331
       22333
       22334
       22335
       22337
       22338
       22339
       22340
       22342
       22343
       22344
       22348
       22349
       22351
       22353
       22354
       22355
       22356
       22357
       22361
       22363
       22364
       22366
       22369
       22371
       22374
      -22375
      -22376
      -22377
NFLUXF             0
NETA             128          29           0
NSTAE              0           0           0
NSTAV              0           0           0
NSTAM              0           0           0
NSTAC              0           0           0
RES NODE          64         287
                   4           5           6           7           8           9
                  10          11          12          13          14          15
                  16          17          18          19          20          21
                  22          23          24          25          26          27
                  28          29          30          31          32          33
                  34          35          36          37          38          39
                  40          41          42          43          44          45
                  46          47          48          49          50          51
                  52          53          54          55          56          57
                  58          59          60          61          62          63
                  64          65          66          67          68          69
                  70          71          72          73          74          75
                  76          77          78          79          80          81
                  82          83          84          85          86          87
                  88          89          90          91          92          93
                  94          95          96          97          98          99
                 100         101         102         103         104         105
                 106         107         108         109         110         111
                 112         113         114         115         116         117
                 118         119         120         121         122         123
                 124         125         126         127         128         129
                 130         131         132         133         134         135
                 136         137         138         139         140         141
                 142         143         144         145         146         147
                 148         149         150         151         152         153
                 154         155         156         157         158         159
                 160         161         162         163         164         165
                 166         167         168         169         170         171
                 172         173         174         175         176         177
                 178         179         180         181         182         183
                 184         185         186         187         188         189
                 190         191         192         193         194         195
                 196         197         198         199         200         201
                 202         203         204         205         206         207
                 208         209         210         211         212         213
                 214         215         216         217         218         219
                 220         221         222         223         224         225
                 226         227         228         229         230         231
                 232         233         234         235         236         237
                 238         239         240         241         242         243
                 244         245         246         247         248         249
                 250         251         252         253         254         255
                 256         257         258         259         260         261
                 262         263         264         265         266         267
                 268         269         270         271         272         273
                 274         275         276         277         278         279
                 280         281         282         283         284         285
                 286         287         288         289         290
COMM PE            2
RECV PE           65           3
                   1           2           3
RECV PE           66           3
                 291         292         293
SEND PE           65           3
                   4           5           6
SEND PE           66           3
                 288         289         290
