FileFmt      1050624           0           0
NELG           58641         560         497
       14903
       15030
       15142
       15370
       15471
       15503
       15580
       15626
       15635
       15674
       15682
       15703
       15732
       15741
       15755
       15805
       15809
       15833
       15932
       15941
       15957
       15979
       15996
       16008
       16036
       16055
       16061
       16070
       16095
       16178
       16179
       16186
       16206
       16207
       16214
       16239
       16255
       16324
       16335
       16353
       16398
       16429
       16458
       16486
       16524
       16589
       16606
       16623
       16650
       16784
       16797
       16804
       16815
       16906
       16929
       16934
       17024
       17082
       17092
       17143
       17152
       17164
       17262
       17273
       17327
       17337
       17338
       17470
       17522
       17549
       17556
       17579
       17631
       17639
       17662
       17674
       17681
       17749
       17751
       17969
       17993
       18017
       18031
       18053
       18054
       18061
       18077
       18088
       18090
       18093
       18112
       18255
       18299
       18334
       18375
       18383
       18402
       18451
       18459
       18463
       18494
       18501
       18559
       18565
       18570
       18630
       18680
       18690
       18740
       18751
       18781
       18831
       18833
       18848
       18884
       18897
       18901
       18912
       18945
       18947
       18969
       18993
       19071
       19133
       19151
       19159
       19190
       19203
       19257
       19279
       19286
       19295
       19305
       19329
       19356
       19402
       19403
       19426
       19489
       19518
       19527
       19568
       19570
       19616
       19626
       19631
       19654
       19698
       19738
       19746
       19749
       19773
       19775
       19780
       19801
       19825
       19832
       19865
       19905
       19918
       19959
       19965
       20009
       20012
       20032
       20048
       20051
       20076
       20126
       20141
       20155
       20160
       20176
       20195
       20214
       20232
       20236
       20247
       20250
       20268
       20320
       20325
       20334
       20383
       20394
       20401
      -20408
       20430
       20431
       20477
       20490
       20496
       20508
       20547
       20555
       20556
       20572
       20600
      -20618
       20636
       20639
       20641
       20661
       20667
       20683
       20684
       20695
       20696
       20722
       20742
       20774
       20785
      -20820
       20831
       20834
       20838
       20841
       20851
       20859
       20899
       20909
       20919
       20929
       20941
       20944
      -20988
      -20997
       20998
       21000
       21033
       21034
       21039
       21042
       21044
       21063
       21064
       21066
       21102
       21146
      -21168
       21177
       21181
       21189
       21199
       21202
       21221
       21235
       21244
       21264
       21266
       21283
       21285
       21302
       21336
       21356
       21361
      -21366
       21370
       21378
       21401
       21408
       21419
       21422
       21433
       21436
       21449
       21458
       21513
       21520
       21533
      -21537
       21540
       21541
       21544
       21551
       21577
       21582
       21597
       21637
       21642
       21653
       21654
      -21694
       21700
       21702
       21718
       21719
       21737
       21747
       21749
       21759
       21763
       21764
       21765
       21803
       21827
       21840
       21842
      -21843
       21850
       21853
       21871
       21880
       21893
       21900
       21905
       21931
       21942
       21958
       21969
      -22005
       22018
       22021
       22022
       22041
       22053
       22070
       22075
       22092
       22108
       22130
       22131
       22139
      -22148
       22156
       22176
       22184
       22192
       22198
       22202
       22218
       22219
       22228
       22241
       22242
       22250
      -22301
       22306
       22310
       22317
       22329
       22337
       22340
       22360
       22361
       22376
       22399
       22402
      -22410
       22429
       22453
       22454
       22466
       22482
       22492
       22504
       22525
       22529
       22530
       22537
      -22549
       22550
       22554
       22594
       22595
       22598
       22599
      -22609
       22617
       22619
       22634
       22644
       22656
       22657
       22676
       22686
       22700
       22736
       22751
       22752
      -22753
       22754
       22777
       22801
       22810
       22815
       22818
       22844
       22850
       22878
       22884
      -22893
       22900
       22909
       22914
       22917
       22921
       22936
       22939
       22950
       22952
       22956
       22968
       22983
       22992
       23002
       23017
      -23021
       23039
       23045
       23068
       23129
      -23130
       23141
       23167
       23182
       23183
       23190
       23191
       23196
       23198
       23202
       23206
       23214
      -23242
       23249
       23267
       23278
       23283
       23295
       23312
       23314
       23315
       23316
       23317
       23321
       23330
       23333
       23334
       23352
       23354
       23359
      -23364
       23372
       23380
       23394
       23399
       23415
       23471
      -23506
       23515
       23519
       23532
       23535
       23536
       23564
       23579
       23585
       23591
       23594
       23595
       23596
       23608
       23609
       23614
       23629
       23630
       23644
       23645
       23659
       23661
       23667
       23672
       23717
       23768
       23772
       23773
       23782
       23798
       23850
       23854
       23858
       23861
       23900
       23985
       23994
       23997
       24002
       24032
       24085
       24087
       24172
       24173
       24184
       24270
       24284
       24321
NNODG          32218         319         281
       -7512
       -7549
       -7775
        7825
       -7871
       -8014
       -8040
        8086
       -8133
       -8160
        8161
       -8182
        8204
        8235
        8252
        8295
        8304
       -8329
        8337
        8403
        8409
        8436
        8445
        8459
       -8465
        8474
        8477
       -8486
        8540
        8556
       -8563
       -8590
        8622
        8626
        8693
        8712
       -8750
        8757
        8800
        8822
        8911
        8925
       -8982
        8997
        9085
        9124
        9127
        9195
       -9232
        9242
        9312
        9343
        9361
        9418
       -9441
        9443
        9487
       -9587
        9636
        9650
        9658
        9670
        9671
        9684
        9804
       -9816
        9849
       -9854
        9860
        9896
        9911
        9941
        9977
       10014
       10056
       10071
       10105
       10114
       10131
       10141
      -10148
       10232
      -10250
       10282
       10287
       10304
       10311
       10360
       10387
       10424
       10477
      -10482
       10491
       10496
       10519
      -10540
       10550
      -10611
       10613
       10616
       10627
       10628
       10678
       10698
       10706
      -10724
       10727
       10753
      -10782
       10792
       10826
       10833
      -10842
       10853
       10861
       10873
       10885
       10923
       10927
       10960
       10971
       10975
       11018
       11030
       11050
       11062
       11076
      -11078
       11095
       11098
       11108
       11119
       11150
       11164
      -11168
       11190
       11196
       11202
       11217
       11237
       11261
       11284
       11289
       11290
       11311
       11312
       11314
       11326
       11375
      -11384
      -11387
       11392
       11398
       11404
       11444
       11449
       11456
       11477
       11490
       11497
       11523
       11532
       11540
       11544
      -11583
       11584
       11588
       11590
       11614
       11617
       11645
       11673
       11676
       11687
       11688
       11693
       11703
       11749
      -11754
       11758
       11759
       11763
       11772
       11809
       11821
       11828
       11849
       11857
       11875
       11884
      -11900
      -11915
       11916
       11927
       11937
       11940
       11946
       11949
       11973
       11974
       12006
       12011
       12020
       12027
      -12049
       12060
       12061
       12082
       12092
       12102
       12116
       12129
       12130
      -12138
       12165
       12166
       12168
       12176
       12190
       12206
       12213
       12237
       12246
       12247
       12259
      -12275
       12280
       12296
       12316
       12324
       12332
       12335
      -12336
       12353
       12355
       12369
       12391
       12404
      -12449
       12454
       12459
       12473
       12482
       12486
       12487
       12491
       12493
       12495
       12498
       12503
       12515
       12533
       12554
       12561
       12568
      -12573
       12586
       12589
       12629
       12653
       12659
       12661
       12676
      -12688
       12690
       12692
       12695
       12703
       12722
       12730
       12757
       12790
       12791
       12828
       12831
       12861
       12903
       12908
       12912
       12917
      -12938
NFLUXF             0
NETA             128          29           0
NSTAE              0           0           0
NSTAV              0           0           0
NSTAM              0           0           0
NSTAC              0           0           0
RES NODE          36         236
                   4           8          11          13          14          15
                  16          17          19          20          21          22
                  23          24          26          27          29          30
                  33          34          35          36          38          39
                  40          41          42          44          45          46
                  47          48          50          51          52          53
                  54          56          57          59          60          61
                  62          63          64          65          67          69
                  70          71          72          73          74          75
                  76          77          78          79          80          82
                  84          85          86          87          88          89
                  90          91          93          94          95          97
                  99         100         101         102         103         104
                 105         107         108         110         111         112
                 114         115         116         117         118         119
                 120         121         122         123         124         125
                 126         127         129         130         131         132
                 133         134         136         137         138         139
                 140         141         142         143         144         145
                 146         147         148         149         152         153
                 154         155         156         157         158         159
                 160         161         162         163         164         166
                 167         168         169         170         171         172
                 173         174         175         176         177         178
                 180         181         182         183         184         185
                 186         187         188         189         190         193
                 194         195         196         197         198         199
                 200         201         202         203         204         206
                 207         208         209         210         211         212
                 213         215         216         217         218         219
                 220         221         222         223         224         225
                 227         228         229         230         231         232
                 234         235         236         237         238         240
                 241         242         243         244         245         246
                 247         248         249         250         251         252
                 253         254         255         257         258         259
                 260         261         262         263         265         266
                 267         268         269         270         271         272
                 273         274         275         276         277         278
                 279         280
COMM PE            3
RECV PE           35          12
                 113         128         135         150         165         179
                 192         205         214         226         239         256
RECV PE           37          18
                   1           3           6           7           9          12
                  18          25          32          43          49          55
                  66          81          83          92          98         106
RECV PE           39          15
                   2           5          10          28          31          37
                  58          68          96         109         151         191
                 233         264         281
SEND PE           35          12
                 122         136         142         160         172         187
                 201         210         224         237         251         258
SEND PE           37          19
                   4           8          13          14          15          19
                  20          29          36          48          56          60
                  74          89          95         102         108         116
                 122
SEND PE           39          14
                   4          11          23          42          45          51
                  75          85         119         133         174         213
                 253         280
