bi_1997_v2.grd                                                                  
     497     288
   13435 -0.767286200000E+02  0.347015800000E+02  0.670000000000E+00
   13436 -0.767271000000E+02  0.347024900000E+02  0.699000000000E+00
   13437 -0.767282800000E+02  0.347030400000E+02  0.124000000000E+01
   13450 -0.767296000000E+02  0.347022600000E+02  0.107500000000E+01
   13507 -0.767259800000E+02  0.347031900000E+02  0.804000000000E+00
   13508 -0.767269700000E+02  0.347037000000E+02  0.120000000000E+01
   13515 -0.767293800000E+02  0.347037800000E+02  0.105700000000E+01
   13528 -0.767307600000E+02  0.347030400000E+02  0.135300000000E+01
   13554 -0.767250400000E+02  0.347033500000E+02  0.664000000000E+00
   13555 -0.767257800000E+02  0.347041400000E+02  0.101400000000E+01
   13581 -0.767241100000E+02  0.347035100000E+02  0.555000000000E+00
   13582 -0.767246200000E+02  0.347044100000E+02  0.776000000000E+00
   13597 -0.767280000000E+02  0.347044400000E+02  0.131800000000E+01
   13613 -0.767226100000E+02  0.347037500000E+02  0.555000000000E+00
   13614 -0.767233500000E+02  0.347046300000E+02  0.556000000000E+00
   13621 -0.767305200000E+02  0.347046100000E+02  0.200400000000E+01
   13630 -0.767317700000E+02  0.347037700000E+02  0.267700000000E+01
   13648 -0.767211100000E+02  0.347039900000E+02  0.555000000000E+00
   13649 -0.767219600000E+02  0.347048500000E+02  0.555000000000E+00
   13668 -0.767266600000E+02  0.347049300000E+02  0.124200000000E+01
   13676 -0.767198300000E+02  0.347041600000E+02  0.555000000000E+00
   13677 -0.767205900000E+02  0.347050300000E+02  0.557000000000E+00
   13696 -0.767185600000E+02  0.347043300000E+02  0.461000000000E+00
   13697 -0.767192300000E+02  0.347051800000E+02  0.544000000000E+00
   13710 -0.767171900000E+02  0.347042900000E+02  0.449000000000E+00
   13711 -0.767178300000E+02  0.347052800000E+02  0.529000000000E+00
   13712 -0.767253700000E+02  0.347052800000E+02  0.791000000000E+00
   13715 -0.767324000000E+02  0.347047500000E+02  0.371900000000E+01
   13716 -0.767317000000E+02  0.347053100000E+02  0.269700000000E+01
   13719 -0.767151800000E+02  0.347041800000E+02  0.555000000000E+00
   13720 -0.767162200000E+02  0.347053300000E+02  0.602000000000E+00
   13726 -0.767291000000E+02  0.347053300000E+02  0.758000000000E+00
   13757 -0.767240800000E+02  0.347055400000E+02  0.921000000000E+00
   13784 -0.767227400000E+02  0.347057500000E+02  0.661000000000E+00
   13795 -0.767276300000E+02  0.347058300000E+02  0.105200000000E+01
   13814 -0.767213700000E+02  0.347059300000E+02  0.633000000000E+00
   13836 -0.767329700000E+02  0.347056300000E+02  0.188800000000E+01
   13842 -0.767200000000E+02  0.347060900000E+02  0.748000000000E+00
   13859 -0.767262300000E+02  0.347062000000E+02  0.851000000000E+00
   13861 -0.767186100000E+02  0.347062200000E+02  0.795000000000E+00
   13871 -0.767171400000E+02  0.347063400000E+02  0.818000000000E+00
   13888 -0.767248700000E+02  0.347064700000E+02  0.114700000000E+01
   13890 -0.767304200000E+02  0.347064300000E+02  0.849000000000E+00
   13892 -0.767155900000E+02  0.347064800000E+02  0.828000000000E+00
   13917 -0.767321200000E+02  0.347066600000E+02  0.150000000000E+01
   13918 -0.767235100000E+02  0.347066800000E+02  0.783000000000E+00
   13942 -0.767221500000E+02  0.347068600000E+02  0.771000000000E+00
   13944 -0.767286500000E+02  0.347068800000E+02  0.773000000000E+00
   13960 -0.767207900000E+02  0.347070200000E+02  0.898000000000E+00
   13972 -0.767335400000E+02  0.347065100000E+02  0.148800000000E+01
   13982 -0.767194100000E+02  0.347071500000E+02  0.102700000000E+01
   13995 -0.767271300000E+02  0.347072100000E+02  0.736000000000E+00
   14009 -0.767180000000E+02  0.347072900000E+02  0.111800000000E+01
   14039 -0.767165700000E+02  0.347074300000E+02  0.110100000000E+01
   14044 -0.767256900000E+02  0.347074700000E+02  0.981000000000E+00
   14089 -0.767243000000E+02  0.347076700000E+02  0.136700000000E+01
   14118 -0.767229300000E+02  0.347078300000E+02  0.114600000000E+01
   14146 -0.767215700000E+02  0.347079700000E+02  0.925000000000E+00
   14156 -0.767328600000E+02  0.347080400000E+02  0.134200000000E+01
   14158 -0.767312500000E+02  0.347080600000E+02  0.721000000000E+00
   14166 -0.767202000000E+02  0.347081000000E+02  0.110200000000E+01
   14171 -0.767296100000E+02  0.347081500000E+02  0.771000000000E+00
   14182 -0.767188300000E+02  0.347082200000E+02  0.105700000000E+01
   14200 -0.767280300000E+02  0.347083500000E+02  0.720000000000E+00
   14202 -0.767174600000E+02  0.347083600000E+02  0.138800000000E+01
   14210 -0.767345100000E+02  0.347079400000E+02  0.115700000000E+01
   14223 -0.767160900000E+02  0.347085200000E+02  0.150100000000E+01
   14224 -0.767265400000E+02  0.347085500000E+02  0.563000000000E+00
   14248 -0.767251100000E+02  0.347087100000E+02  0.832000000000E+00
   14268 -0.767237100000E+02  0.347088500000E+02  0.943000000000E+00
   14283 -0.767223400000E+02  0.347089600000E+02  0.143900000000E+01
   14299 -0.767209900000E+02  0.347090600000E+02  0.947000000000E+00
   14313 -0.767196400000E+02  0.347091700000E+02  0.926000000000E+00
   14335 -0.767183000000E+02  0.347092900000E+02  0.111700000000E+01
   14361 -0.767169600000E+02  0.347094200000E+02  0.179200000000E+01
   14374 -0.767320300000E+02  0.347095400000E+02  0.117100000000E+01
   14378 -0.767336900000E+02  0.347095500000E+02  0.185600000000E+01
   14380 -0.767304400000E+02  0.347095500000E+02  0.118200000000E+01
   14387 -0.767288700000E+02  0.347096200000E+02  0.761000000000E+00
   14404 -0.767273600000E+02  0.347097300000E+02  0.633000000000E+00
   14416 -0.767259000000E+02  0.347098300000E+02  0.639000000000E+00
   14431 -0.767244800000E+02  0.347099200000E+02  0.818000000000E+00
   14439 -0.767231000000E+02  0.347100000000E+02  0.875000000000E+00
   14448 -0.767217300000E+02  0.347100700000E+02  0.141500000000E+01
   14450 -0.767355500000E+02  0.347095500000E+02  0.179800000000E+01
   14457 -0.767204000000E+02  0.347101400000E+02  0.105600000000E+01
   14469 -0.767190900000E+02  0.347102200000E+02  0.188500000000E+01
   14483 -0.767177800000E+02  0.347103300000E+02  0.215600000000E+01
   14570 -0.767296500000E+02  0.347109600000E+02  0.919000000000E+00
   14575 -0.767312000000E+02  0.347109800000E+02  0.156300000000E+01
   14576 -0.767281400000E+02  0.347109900000E+02  0.576000000000E+00
   14587 -0.767266700000E+02  0.347110300000E+02  0.699000000000E+00
   14590 -0.767327700000E+02  0.347110400000E+02  0.135100000000E+01
   14595 -0.767252300000E+02  0.347110700000E+02  0.846000000000E+00
   14603 -0.767238300000E+02  0.347110900000E+02  0.160900000000E+01
   14613 -0.767224700000E+02  0.347111200000E+02  0.161500000000E+01
   14621 -0.767198300000E+02  0.347111500000E+02  0.247500000000E+01
   14622 -0.767211200000E+02  0.347111600000E+02  0.195100000000E+01
   14629 -0.767343800000E+02  0.347111800000E+02  0.149300000000E+01
   14643 -0.767185700000E+02  0.347112800000E+02  0.280600000000E+01
   14662 -0.767172200000E+02  0.347113800000E+02  0.281800000000E+01
   14689 -0.767389900000E+02  0.347102500000E+02  0.728000000000E+00
   14701 -0.767358800000E+02  0.347116100000E+02  0.101000000000E+01
   14702 -0.767369200000E+02  0.347109500000E+02  0.760000000000E+00
   14764 -0.767384000000E+02  0.347118600000E+02  0.838000000000E+00
   14766 -0.767193600000E+02  0.347119300000E+02  0.329500000000E+01
   14770 -0.767180200000E+02  0.347119400000E+02  0.288100000000E+01
   14814 -0.767186700000E+02  0.347120100000E+02  0.298600000000E+01
   14820 -0.767174200000E+02  0.347120800000E+02  0.384100000000E+01
   14834 -0.767231800000E+02  0.347121900000E+02  0.252300000000E+01
   14842 -0.767204300000E+02  0.347122300000E+02  0.257300000000E+01
   14846 -0.767218400000E+02  0.347122500000E+02  0.220300000000E+01
   14848 -0.767245300000E+02  0.347122500000E+02  0.328000000000E+01
   14858 -0.767259600000E+02  0.347122800000E+02  0.256700000000E+01
   14859 -0.767274100000E+02  0.347122900000E+02  0.169400000000E+01
   14865 -0.767288800000E+02  0.347123000000E+02  0.161200000000E+01
   14867 -0.767370800000E+02  0.347121200000E+02  0.106000000000E+01
   14876 -0.767303800000E+02  0.347123500000E+02  0.606000000000E+00
   14890 -0.767319100000E+02  0.347124300000E+02  0.153200000000E+01
   14893 -0.767190200000E+02  0.347124400000E+02  0.340300000000E+01
   14895 -0.767183900000E+02  0.347124500000E+02  0.343400000000E+01
   14901 -0.767177900000E+02  0.347124800000E+02  0.377700000000E+01
   14916 -0.767172000000E+02  0.347125300000E+02  0.405800000000E+01
   14923 -0.767334400000E+02  0.347125700000E+02  0.207700000000E+01
   14924 -0.767196200000E+02  0.347124900000E+02  0.345900000000E+01
   14978 -0.767349500000E+02  0.347127800000E+02  0.868000000000E+00
   15016 -0.767187200000E+02  0.347129100000E+02  0.382400000000E+01
   15021 -0.767193100000E+02  0.347129200000E+02  0.377000000000E+01
   15024 -0.767181200000E+02  0.347129200000E+02  0.389300000000E+01
   15026 -0.767199500000E+02  0.347129100000E+02  0.380300000000E+01
   15027 -0.767211800000E+02  0.347129300000E+02  0.275700000000E+01
   15034 -0.767175400000E+02  0.347129600000E+02  0.386000000000E+01
   15045 -0.767169600000E+02  0.347130100000E+02  0.352600000000E+01
   15048 -0.767226300000E+02  0.347130400000E+02  0.230500000000E+01
   15049 -0.767363800000E+02  0.347130400000E+02  0.249100000000E+01
   15056 -0.767205300000E+02  0.347130100000E+02  0.363600000000E+01
   15079 -0.767378100000E+02  0.347131700000E+02  0.310900000000E+01
   15083 -0.767218800000E+02  0.347130700000E+02  0.294100000000E+01
   15118 -0.767190000000E+02  0.347133600000E+02  0.382000000000E+01
   15119 -0.767184400000E+02  0.347133600000E+02  0.343000000000E+01
   15128 -0.767178700000E+02  0.347133900000E+02  0.330700000000E+01
   15132 -0.767195900000E+02  0.347134100000E+02  0.386500000000E+01
   15136 -0.767237500000E+02  0.347134100000E+02  0.299600000000E+01
   15141 -0.767173000000E+02  0.347134400000E+02  0.291500000000E+01
   15145 -0.767202100000E+02  0.347134600000E+02  0.394200000000E+01
   15146 -0.767167500000E+02  0.347134600000E+02  0.268700000000E+01
   15155 -0.767252200000E+02  0.347134900000E+02  0.635000000000E+00
   15162 -0.767208500000E+02  0.347135000000E+02  0.424000000000E+01
   15172 -0.767281300000E+02  0.347135500000E+02  0.111100000000E+01
   15173 -0.767215300000E+02  0.347135500000E+02  0.443800000000E+01
   15176 -0.767266800000E+02  0.347135800000E+02  0.583000000000E+00
   15180 -0.767222200000E+02  0.347136100000E+02  0.401700000000E+01
   15191 -0.767295800000E+02  0.347136500000E+02  0.103700000000E+01
   15206 -0.767187000000E+02  0.347137300000E+02  0.243800000000E+01
   15213 -0.767310700000E+02  0.347137700000E+02  0.709000000000E+00
   15214 -0.767228800000E+02  0.347136800000E+02  0.320300000000E+01
   15219 -0.767160600000E+02  0.347137800000E+02  0.246600000000E+01
   15232 -0.767176300000E+02  0.347138400000E+02  0.263000000000E+01
   15236 -0.767181800000E+02  0.347138600000E+02  0.241900000000E+01
   15237 -0.767192200000E+02  0.347138500000E+02  0.264800000000E+01
   15251 -0.767325700000E+02  0.347139000000E+02  0.951000000000E+00
   15255 -0.767198400000E+02  0.347139300000E+02  0.323800000000E+01
   15262 -0.767170300000E+02  0.347139600000E+02  0.216700000000E+01
   15273 -0.767204700000E+02  0.347140000000E+02  0.342600000000E+01
   15293 -0.767340800000E+02  0.347140500000E+02  0.559000000000E+00
   15301 -0.767211500000E+02  0.347140800000E+02  0.347500000000E+01
   15313 -0.767218600000E+02  0.347141400000E+02  0.376300000000E+01
   15319 -0.767225500000E+02  0.347141800000E+02  0.408100000000E+01
   15323 -0.767232400000E+02  0.347141800000E+02  0.386000000000E+01
   15324 -0.767244900000E+02  0.347142100000E+02  0.324000000000E+01
   15332 -0.767355500000E+02  0.347142300000E+02  0.555000000000E+00
   15346 -0.767186900000E+02  0.347142500000E+02  0.193500000000E+01
   15353 -0.767259100000E+02  0.347143400000E+02  0.221000000000E+01
   15354 -0.767238300000E+02  0.347142800000E+02  0.374600000000E+01
   15356 -0.767370100000E+02  0.347143600000E+02  0.150400000000E+01
   15370 -0.767200900000E+02  0.347144400000E+02  0.234900000000E+01
   15371 -0.767251800000E+02  0.347143700000E+02  0.334700000000E+01
   15373 -0.767194400000E+02  0.347144500000E+02  0.199900000000E+01
   15391 -0.767274900000E+02  0.347145800000E+02  0.615000000000E+00
   15394 -0.767177500000E+02  0.347145700000E+02  0.147600000000E+01
   15402 -0.767266500000E+02  0.347145700000E+02  0.240900000000E+01
   15404 -0.767207100000E+02  0.347146200000E+02  0.222100000000E+01
   15431 -0.767156400000E+02  0.347146900000E+02  0.135700000000E+01
   15432 -0.767214700000E+02  0.347146900000E+02  0.217900000000E+01
   15435 -0.767166400000E+02  0.347146700000E+02  0.142500000000E+01
   15451 -0.767222000000E+02  0.347147300000E+02  0.228700000000E+01
   15463 -0.767228900000E+02  0.347147600000E+02  0.265300000000E+01
   15468 -0.767235300000E+02  0.347147900000E+02  0.279900000000E+01
   15478 -0.767241600000E+02  0.347148200000E+02  0.367600000000E+01
   15486 -0.767248200000E+02  0.347148700000E+02  0.388300000000E+01
   15492 -0.767287500000E+02  0.347148900000E+02  0.560000000000E+00
   15501 -0.767254900000E+02  0.347149600000E+02  0.389200000000E+01
   15521 -0.767188300000E+02  0.347150300000E+02  0.122500000000E+01
   15523 -0.767302300000E+02  0.347150700000E+02  0.560000000000E+00
   15525 -0.767262000000E+02  0.347150800000E+02  0.433300000000E+01
   15548 -0.767317300000E+02  0.347152100000E+02  0.556000000000E+00
   15555 -0.767199900000E+02  0.347151800000E+02  0.121500000000E+01
   15557 -0.767218400000E+02  0.347152400000E+02  0.186700000000E+01
   15561 -0.767269400000E+02  0.347152500000E+02  0.517000000000E+01
   15566 -0.767232200000E+02  0.347152900000E+02  0.180400000000E+01
   15572 -0.767210800000E+02  0.347153400000E+02  0.990000000000E+00
   15576 -0.767332200000E+02  0.347153500000E+02  0.556000000000E+00
   15581 -0.767225600000E+02  0.347153800000E+02  0.177400000000E+01
   15587 -0.767238100000E+02  0.347153900000E+02  0.240600000000E+01
   15588 -0.767244600000E+02  0.347153900000E+02  0.294400000000E+01
   15589 -0.767170900000E+02  0.347153800000E+02  0.579000000000E+00
   15608 -0.767250800000E+02  0.347154800000E+02  0.315400000000E+01
   15643 -0.767257500000E+02  0.347156200000E+02  0.361400000000E+01
   15647 -0.767179000000E+02  0.347155600000E+02  0.512000000000E+00
   15656 -0.767163000000E+02  0.347156600000E+02  0.462000000000E+00
   15658 -0.767277800000E+02  0.347156300000E+02  0.522500000000E+01
   15667 -0.767264500000E+02  0.347157600000E+02  0.434700000000E+01
   15683 -0.767294200000E+02  0.347158600000E+02  0.298700000000E+01
   15686 -0.767241700000E+02  0.347158900000E+02  0.227200000000E+01
   15688 -0.767247100000E+02  0.347159000000E+02  0.236700000000E+01
   15702 -0.767286200000E+02  0.347158900000E+02  0.483400000000E+01
   15705 -0.767270600000E+02  0.347159000000E+02  0.498100000000E+01
   15710 -0.767309300000E+02  0.347160200000E+02  0.912000000000E+00
   15736 -0.767301700000E+02  0.347160800000E+02  0.252300000000E+01
   15741 -0.767252800000E+02  0.347161300000E+02  0.233000000000E+01
   15744 -0.767218900000E+02  0.347160900000E+02  0.175100000000E+01
   15747 -0.767233300000E+02  0.347161600000E+02  0.181800000000E+01
   15752 -0.767205800000E+02  0.347162000000E+02  0.176300000000E+01
   15755 -0.767191900000E+02  0.347162000000E+02  0.105000000000E+01
   15767 -0.767260100000E+02  0.347162900000E+02  0.291100000000E+01
   15785 -0.767267200000E+02  0.347164000000E+02  0.361600000000E+01
   15795 -0.767274200000E+02  0.347164300000E+02  0.407100000000E+01
   15816 -0.767281800000E+02  0.347164800000E+02  0.378200000000E+01
   15840 -0.767289700000E+02  0.347165700000E+02  0.529900000000E+01
   15850 -0.767245600000E+02  0.347166000000E+02  0.185100000000E+01
   15859 -0.767175400000E+02  0.347161400000E+02  0.791000000000E+00
   15860 -0.767180900000E+02  0.347166600000E+02  0.108800000000E+01
   15862 -0.767297400000E+02  0.347166600000E+02  0.423400000000E+01
   15872 -0.767305100000E+02  0.347167400000E+02  0.479600000000E+01
   15903 -0.767263100000E+02  0.347169200000E+02  0.224000000000E+01
   15904 -0.767255700000E+02  0.347169300000E+02  0.153300000000E+01
   15917 -0.767172900000E+02  0.347168200000E+02  0.105300000000E+01
   15927 -0.767277600000E+02  0.347170700000E+02  0.278700000000E+01
   15940 -0.767270200000E+02  0.347171200000E+02  0.265800000000E+01
   15943 -0.767212800000E+02  0.347171400000E+02  0.866000000000E+00
   15948 -0.767225600000E+02  0.347171700000E+02  0.656000000000E+00
   15956 -0.767153900000E+02  0.347162600000E+02  0.645000000000E+00
   15957 -0.767142000000E+02  0.347166400000E+02  0.955000000000E+00
   15958 -0.767149400000E+02  0.347172400000E+02  0.829000000000E+00
   15960 -0.767293200000E+02  0.347172500000E+02  0.322400000000E+01
   15962 -0.767200500000E+02  0.347172500000E+02  0.123500000000E+01
   15966 -0.767285200000E+02  0.347172800000E+02  0.269300000000E+01
   15994 -0.767238200000E+02  0.347174300000E+02  0.567000000000E+00
   16001 -0.767301000000E+02  0.347174800000E+02  0.355700000000E+01
   16008 -0.767188700000E+02  0.347175100000E+02  0.117100000000E+01
   16020 -0.767126900000E+02  0.347169700000E+02  0.769000000000E+00
   16021 -0.767136200000E+02  0.347175500000E+02  0.191200000000E+01
   16033 -0.767162600000E+02  0.347169300000E+02  0.760000000000E+00
   16054 -0.767177800000E+02  0.347177400000E+02  0.149800000000E+01
   16055 -0.767249900000E+02  0.347177400000E+02  0.556000000000E+00
   16061 -0.767167500000E+02  0.347177900000E+02  0.176700000000E+01
   16082 -0.767156800000E+02  0.347178900000E+02  0.224100000000E+01
   16086 -0.767218900000E+02  0.347179200000E+02  0.962000000000E+00
   16092 -0.767262500000E+02  0.347178600000E+02  0.706000000000E+00
   16113 -0.767276700000E+02  0.347180400000E+02  0.165300000000E+01
   16129 -0.767144600000E+02  0.347181500000E+02  0.268300000000E+01
   16130 -0.767207000000E+02  0.347181800000E+02  0.726000000000E+00
   16155 -0.767196900000E+02  0.347182800000E+02  0.734000000000E+00
   16162 -0.767231800000E+02  0.347183200000E+02  0.826000000000E+00
   16169 -0.767292300000E+02  0.347182600000E+02  0.203000000000E+01
   16174 -0.767122300000E+02  0.347178200000E+02  0.161000000000E+01
   16209 -0.767309400000E+02  0.347184900000E+02  0.207300000000E+01
   16211 -0.767132000000E+02  0.347184800000E+02  0.268800000000E+01
   16231 -0.767243000000E+02  0.347186200000E+02  0.679000000000E+00
   16234 -0.767162600000E+02  0.347186500000E+02  0.224600000000E+01
   16243 -0.767153700000E+02  0.347186000000E+02  0.268800000000E+01
   16250 -0.767172600000E+02  0.347187300000E+02  0.101300000000E+01
   16291 -0.767112800000E+02  0.347185800000E+02  0.212400000000E+01
   16292 -0.767120900000E+02  0.347188600000E+02  0.268800000000E+01
   16293 -0.767184200000E+02  0.347189300000E+02  0.478000000000E+00
   16317 -0.767254700000E+02  0.347190200000E+02  0.561000000000E+00
   16328 -0.767139600000E+02  0.347191200000E+02  0.268800000000E+01
   16344 -0.767093800000E+02  0.347188100000E+02  0.268800000000E+01
   16353 -0.767104000000E+02  0.347186900000E+02  0.205300000000E+01
   16354 -0.767111000000E+02  0.347192000000E+02  0.268400000000E+01
   16357 -0.767267100000E+02  0.347192600000E+02  0.575000000000E+00
   16379 -0.767128400000E+02  0.347193900000E+02  0.268800000000E+01
   16396 -0.767281700000E+02  0.347194500000E+02  0.689000000000E+00
   16403 -0.767090100000E+02  0.347195100000E+02  0.233400000000E+01
   16420 -0.767102100000E+02  0.347195200000E+02  0.268800000000E+01
   16443 -0.767118800000E+02  0.347197100000E+02  0.268800000000E+01
   16455 -0.767107200000E+02  0.347198200000E+02  0.268800000000E+01
   16459 -0.767299000000E+02  0.347198400000E+02  0.739000000000E+00
       1 3    13435    13436    13437
       2 3    13435    13437    13450
       3 3    13436    13507    13508
       4 3    13450    13437    13515
       5 3    13436    13508    13437
       6 3    13450    13515    13528
       7 3    13507    13554    13555
       8 3    13581    13582    13554
       9 3    13507    13555    13508
      10 3    13437    13508    13597
      11 3    13613    13614    13581
      12 3    13437    13597    13515
      13 3    13528    13515    13621
      14 3    13554    13582    13555
      15 3    13528    13621    13630
      16 3    13613    13648    13649
      17 3    13581    13614    13582
      18 3    13508    13555    13668
      19 3    13648    13676    13677
      20 3    13676    13696    13697
      21 3    13508    13668    13597
      22 3    13613    13649    13614
      23 3    13710    13711    13696
      24 3    13555    13582    13712
      25 3    13715    13630    13716
      26 3    13710    13719    13720
      27 3    13515    13597    13726
      28 3    13630    13621    13716
      29 3    13648    13677    13649
      30 3    13515    13726    13621
      31 3    13582    13614    13757
      32 3    13555    13712    13668
      33 3    13676    13697    13677
      34 3    13614    13649    13784
      35 3    13696    13711    13697
      36 3    13582    13757    13712
      37 3    13597    13668    13795
      38 3    13710    13720    13711
      39 3    13649    13677    13814
      40 3    13715    13716    13836
      41 3    13677    13697    13842
      42 3    13614    13784    13757
      43 3    13597    13795    13726
      44 3    13668    13712    13859
      45 3    13697    13711    13861
      46 3    13649    13814    13784
      47 3    13711    13720    13871
      48 3    13712    13757    13888
      49 3    13621    13726    13890
      50 3    13621    13890    13716
      51 3    13668    13859    13795
      52 3    13677    13842    13814
      53 3    13697    13861    13842
      54 3    13716    13917    13836
      55 3    13757    13784    13918
      56 3    13712    13888    13859
      57 3    13711    13871    13861
      58 3    13784    13814    13942
      59 3    13726    13795    13944
      60 3    13720    13892    13871
      61 3    13814    13842    13960
      62 3    13757    13918    13888
      63 3    13716    13890    13917
      64 3    13836    13917    13972
      65 3    13842    13861    13982
      66 3    13795    13859    13995
      67 3    13784    13942    13918
      68 3    13726    13944    13890
      69 3    13861    13871    14009
      70 3    13814    13960    13942
      71 3    13871    13892    14039
      72 3    13859    13888    14044
      73 3    13795    13995    13944
      74 3    13842    13982    13960
      75 3    13888    13918    14089
      76 3    13861    14009    13982
      77 3    13859    14044    13995
      78 3    13918    13942    14118
      79 3    13871    14039    14009
      80 3    13942    13960    14146
      81 3    13888    14089    14044
      82 3    13917    14156    13972
      83 3    13917    13890    14158
      84 3    13960    13982    14166
      85 3    13944    14171    13890
      86 3    13918    14118    14089
      87 3    13982    14009    14182
      88 3    13942    14146    14118
      89 3    13944    13995    14200
      90 3    14009    14039    14202
      91 3    13972    14156    14210
      92 3    13960    14166    14146
      93 3    13890    14171    14158
      94 3    13917    14158    14156
      95 3    13995    14044    14224
      96 3    13982    14182    14166
      97 3    14044    14089    14248
      98 3    13944    14200    14171
      99 3    14009    14202    14182
     100 3    14089    14118    14268
     101 3    14039    14223    14202
     102 3    13995    14224    14200
     103 3    14118    14146    14283
     104 3    14146    14166    14299
     105 3    14044    14248    14224
     106 3    14166    14182    14313
     107 3    14089    14268    14248
     108 3    14182    14202    14335
     109 3    14118    14283    14268
     110 3    14202    14223    14361
     111 3    14146    14299    14283
     112 3    14158    14374    14156
     113 3    14156    14378    14210
     114 3    14171    14380    14158
     115 3    14166    14313    14299
     116 3    14200    14387    14171
     117 3    14182    14335    14313
     118 3    14200    14224    14404
     119 3    14202    14361    14335
     120 3    14224    14248    14416
     121 3    14248    14268    14431
     122 3    14158    14380    14374
     123 3    14156    14374    14378
     124 3    14268    14283    14439
     125 3    14171    14387    14380
     126 3    14283    14299    14448
     127 3    14210    14378    14450
     128 3    14200    14404    14387
     129 3    14299    14313    14457
     130 3    14224    14416    14404
     131 3    14313    14335    14469
     132 3    14248    14431    14416
     133 3    14335    14361    14483
     134 3    14268    14439    14431
     135 3    14283    14448    14439
     136 3    14299    14457    14448
     137 3    14313    14469    14457
     138 3    14335    14483    14469
     139 3    14387    14570    14380
     140 3    14380    14575    14374
     141 3    14404    14576    14387
     142 3    14404    14416    14587
     143 3    14374    14590    14378
     144 3    14416    14431    14595
     145 3    14431    14439    14603
     146 3    14439    14448    14613
     147 3    14457    14469    14621
     148 3    14448    14457    14622
     149 3    14378    14629    14450
     150 3    14469    14483    14643
     151 3    14380    14570    14575
     152 3    14387    14576    14570
     153 3    14374    14575    14590
     154 3    14404    14587    14576
     155 3    14416    14595    14587
     156 3    14431    14603    14595
     157 3    14439    14613    14603
     158 3    14378    14590    14629
     159 3    14457    14621    14622
     160 3    14448    14622    14613
     161 3    14450    14701    14702
     162 3    14469    14643    14621
     163 3    14450    14629    14701
     164 3    14483    14662    14643
     165 3    14689    14702    14764
     166 3    14621    14643    14766
     167 3    14643    14662    14770
     168 3    14643    14814    14766
     169 3    14643    14770    14814
     170 3    14662    14820    14770
     171 3    14603    14613    14834
     172 3    14621    14842    14622
     173 3    14613    14622    14846
     174 3    14603    14848    14595
     175 3    14595    14858    14587
     176 3    14587    14859    14576
     177 3    14576    14865    14570
     178 3    14702    14701    14867
     179 3    14702    14867    14764
     180 3    14570    14876    14575
     181 3    14621    14766    14842
     182 3    14575    14890    14590
     183 3    14814    14893    14766
     184 3    14814    14770    14895
     185 3    14770    14820    14901
     186 3    14590    14923    14629
     187 3    14766    14924    14842
     188 3    14613    14846    14834
     189 3    14603    14834    14848
     190 3    14766    14893    14924
     191 3    14770    14901    14895
     192 3    14814    14895    14893
     193 3    14595    14848    14858
     194 3    14622    14842    14846
     195 3    14820    14916    14901
     196 3    14587    14858    14859
     197 3    14576    14859    14865
     198 3    14570    14865    14876
     199 3    14629    14978    14701
     200 3    14575    14876    14890
     201 3    14893    14895    15016
     202 3    14590    14890    14923
     203 3    14924    14893    15021
     204 3    14895    14901    15024
     205 3    14924    15026    14842
     206 3    14846    14842    15027
     207 3    14901    14916    15034
     208 3    14834    14846    15048
     209 3    14867    14701    15049
     210 3    14629    14923    14978
     211 3    14842    15026    15056
     212 3    14842    15056    15027
     213 3    14895    15024    15016
     214 3    14893    15016    15021
     215 3    14901    15034    15024
     216 3    14924    15021    15026
     217 3    14867    15079    14764
     218 3    14846    15027    15083
     219 3    14916    15045    15034
     220 3    14846    15083    15048
     221 3    14701    14978    15049
     222 3    15016    15118    15021
     223 3    15016    15024    15119
     224 3    15024    15034    15128
     225 3    15021    15132    15026
     226 3    14834    15136    14848
     227 3    15034    15045    15141
     228 3    15026    15145    15056
     229 3    14848    15155    14858
     230 3    15056    15162    15027
     231 3    15016    15119    15118
     232 3    14859    15172    14865
     233 3    15024    15128    15119
     234 3    15083    15027    15173
     235 3    15021    15118    15132
     236 3    14834    15048    15136
     237 3    14858    15176    14859
     238 3    15034    15141    15128
     239 3    15083    15180    15048
     240 3    15026    15132    15145
     241 3    15045    15146    15141
     242 3    14867    15049    15079
     243 3    14865    15191    14876
     244 3    15056    15145    15162
     245 3    15027    15162    15173
     246 3    15119    15206    15118
     247 3    14876    15213    14890
     248 3    15048    15214    15136
     249 3    15083    15173    15180
     250 3    15048    15180    15214
     251 3    15128    15141    15232
     252 3    15119    15128    15236
     253 3    15118    15237    15132
     254 3    14890    15251    14923
     255 3    14848    15136    15155
     256 3    15132    15255    15145
     257 3    15118    15206    15237
     258 3    15146    15262    15141
     259 3    15119    15236    15206
     260 3    14858    15155    15176
     261 3    14859    15176    15172
     262 3    14865    15172    15191
     263 3    15145    15273    15162
     264 3    15128    15232    15236
     265 3    14923    15293    14978
     266 3    15162    15301    15173
     267 3    15132    15237    15255
     268 3    15141    15262    15232
     269 3    14876    15191    15213
     270 3    15173    15313    15180
     271 3    15145    15255    15273
     272 3    15214    15180    15319
     273 3    15214    15323    15136
     274 3    15155    15136    15324
     275 3    14978    15332    15049
     276 3    14890    15213    15251
     277 3    15162    15273    15301
     278 3    15206    15236    15346
     279 3    15206    15346    15237
     280 3    15173    15301    15313
     281 3    15155    15353    15176
     282 3    15136    15323    15354
     283 3    15049    15356    15079
     284 3    15136    15354    15324
     285 3    15180    15313    15319
     286 3    14923    15251    15293
     287 3    15146    15219    15262
     288 3    15214    15319    15323
     289 3    15255    15370    15273
     290 3    15155    15324    15371
     291 3    15237    15373    15255
     292 3    15155    15371    15353
     293 3    14978    15293    15332
     294 3    15172    15176    15391
     295 3    15232    15394    15236
     296 3    15176    15353    15402
     297 3    15273    15404    15301
     298 3    15237    15346    15373
     299 3    15255    15373    15370
     300 3    15301    15432    15313
     301 3    15262    15219    15435
     302 3    15049    15332    15356
     303 3    15232    15262    15394
     304 3    15273    15370    15404
     305 3    15176    15402    15391
     306 3    15319    15313    15451
     307 3    15319    15463    15323
     308 3    15354    15323    15468
     309 3    15354    15478    15324
     310 3    15236    15394    15346
     311 3    15371    15324    15486
     312 3    15172    15492    15191
     313 3    15301    15404    15432
     314 3    15313    15432    15451
     315 3    15323    15463    15468
     316 3    15319    15451    15463
     317 3    15219    15431    15435
     318 3    15371    15501    15353
     319 3    15354    15468    15478
     320 3    15324    15478    15486
     321 3    15346    15521    15373
     322 3    15262    15435    15394
     323 3    15191    15523    15213
     324 3    15353    15525    15402
     325 3    15172    15391    15492
     326 3    15371    15486    15501
     327 3    15353    15501    15525
     328 3    15213    15548    15251
     329 3    15370    15373    15555
     330 3    15451    15432    15557
     331 3    15402    15561    15391
     332 3    15468    15463    15566
     333 3    15370    15555    15404
     334 3    15346    15394    15521
     335 3    15432    15404    15572
     336 3    15251    15576    15293
     337 3    15463    15451    15581
     338 3    15468    15587    15478
     339 3    15478    15588    15486
     340 3    15435    15589    15394
     341 3    15191    15492    15523
     342 3    15402    15525    15561
     343 3    15486    15608    15501
     344 3    15468    15566    15587
     345 3    15463    15581    15566
     346 3    15432    15572    15557
     347 3    15451    15557    15581
     348 3    15213    15523    15548
     349 3    15478    15587    15588
     350 3    15486    15588    15608
     351 3    15501    15643    15525
     352 3    15373    15521    15555
     353 3    15394    15647    15521
     354 3    15394    15589    15647
     355 3    15435    15431    15656
     356 3    15391    15658    15492
     357 3    15251    15548    15576
     358 3    15391    15561    15658
     359 3    15404    15555    15572
     360 3    15435    15656    15589
     361 3    15501    15608    15643
     362 3    15525    15667    15561
     363 3    15492    15683    15523
     364 3    15588    15587    15686
     365 3    15525    15643    15667
     366 3    15588    15688    15608
     367 3    15492    15658    15702
     368 3    15561    15705    15658
     369 3    15561    15667    15705
     370 3    15523    15710    15548
     371 3    15492    15702    15683
     372 3    15588    15686    15688
     373 3    15523    15683    15736
     374 3    15608    15741    15643
     375 3    15557    15744    15581
     376 3    15566    15747    15587
     377 3    15523    15736    15710
     378 3    15608    15688    15741
     379 3    15572    15555    15752
     380 3    15521    15755    15555
     381 3    15557    15572    15744
     382 3    15643    15767    15667
     383 3    15566    15581    15747
     384 3    15587    15747    15686
     385 3    15705    15667    15785
     386 3    15705    15795    15658
     387 3    15643    15741    15767
     388 3    15521    15647    15755
     389 3    15702    15658    15816
     390 3    15667    15767    15785
     391 3    15702    15840    15683
     392 3    15688    15686    15850
     393 3    15658    15795    15816
     394 3    15705    15785    15795
     395 3    15859    15860    15647
     396 3    15736    15683    15862
     397 3    15572    15752    15744
     398 3    15555    15755    15752
     399 3    15688    15850    15741
     400 3    15736    15872    15710
     401 3    15647    15860    15755
     402 3    15702    15816    15840
     403 3    15581    15744    15747
     404 3    15683    15840    15862
     405 3    15767    15903    15785
     406 3    15741    15904    15767
     407 3    15736    15862    15872
     408 3    15859    15917    15860
     409 3    15795    15927    15816
     410 3    15785    15940    15795
     411 3    15744    15752    15943
     412 3    15767    15904    15903
     413 3    15686    15747    15850
     414 3    15744    15948    15747
     415 3    15741    15850    15904
     416 3    15956    15957    15958
     417 3    15785    15903    15940
     418 3    15840    15960    15862
     419 3    15752    15755    15962
     420 3    15816    15966    15840
     421 3    15795    15940    15927
     422 3    15816    15927    15966
     423 3    15747    15994    15850
     424 3    15872    15862    16001
     425 3    15840    15966    15960
     426 3    15755    15860    16008
     427 3    15744    15943    15948
     428 3    15957    16020    16021
     429 3    15752    15962    15943
     430 3    15862    15960    16001
     431 3    15956    15958    16033
     432 3    15747    15948    15994
     433 3    15755    16008    15962
     434 3    15860    15917    16054
     435 3    15904    15850    16055
     436 3    16033    16061    15917
     437 3    16033    15958    16082
     438 3    15943    16086    15948
     439 3    15860    16054    16008
     440 3    15903    15904    16092
     441 3    15903    16092    15940
     442 3    15850    15994    16055
     443 3    15957    16021    15958
     444 3    15917    16061    16054
     445 3    15927    15940    16113
     446 3    16033    16082    16061
     447 3    15958    16021    16129
     448 3    15927    16113    15966
     449 3    15943    15962    16130
     450 3    15904    16055    16092
     451 3    15962    16008    16155
     452 3    15994    15948    16162
     453 3    15960    15966    16169
     454 3    16020    16174    16021
     455 3    15960    16169    16001
     456 3    15943    16130    16086
     457 3    15962    16155    16130
     458 3    15958    16129    16082
     459 3    16021    16174    16211
     460 3    15940    16092    16113
     461 3    15948    16086    16162
     462 3    15994    16231    16055
     463 3    16061    16082    16234
     464 3    16082    16129    16243
     465 3    16061    16250    16054
     466 3    15994    16162    16231
     467 3    16021    16211    16129
     468 3    15966    16113    16169
     469 3    16082    16243    16234
     470 3    16174    16291    16292
     471 3    16054    16293    16008
     472 3    16061    16234    16250
     473 3    16055    16317    16092
     474 3    16174    16292    16211
     475 3    16008    16293    16155
     476 3    16129    16211    16328
     477 3    16054    16250    16293
     478 3    16055    16231    16317
     479 3    16001    16169    16209
     480 3    16291    16353    16354
     481 3    16092    16357    16113
     482 3    16211    16292    16379
     483 3    16092    16317    16357
     484 3    16113    16396    16169
     485 3    16291    16354    16292
     486 3    16353    16344    16420
     487 3    16129    16328    16243
     488 3    16211    16379    16328
     489 3    16353    16420    16354
     490 3    16292    16354    16443
     491 3    16113    16357    16396
     492 3    16354    16420    16455
     493 3    16169    16459    16209
     494 3    16292    16443    16379
     495 3    16344    16403    16420
     496 3    16169    16396    16459
     497 3    16354    16455    16443
 0                                                                              
 0                                                                              
 3                                                                              
 55                                                                             
      19       0                                                                
   16403
   16420
   16455
   16443
   16379
   16328
   16243
   16234
   16250
   16293
   16155
   16130
   16086
   16162
   16231
   16317
   16357
   16396
   16459
      21       1                                                                
   14689
   14702
   14450
   14210
   13972
   13836
   13715
   13630
   13528
   13450
   13435
   13436
   13507
   13554
   13581
   13613
   13648
   13676
   13696
   13710
   13719
      13       1                                                                
   15656
   15589
   15647
   15859
   15917
   16033
   15956
   15957
   16020
   16174
   16291
   16353
   16344
