Nodal attrs for bi_1997_v2.grd - 10/24/2013                                     
         281
           1
primitive_weighting_in_continuity_equation                                      
1                                                                               
           1
  0.300000000E-01
primitive_weighting_in_continuity_equation                                      
         277
     31493    0.50000000E-02
     31496    0.50000000E-02
     31507    0.50000000E-02
     31516    0.50000000E-02
     31517    0.50000000E-02
     31518    0.50000000E-02
     31519    0.50000000E-02
     31520    0.50000000E-02
     31531    0.50000000E-02
     31533    0.50000000E-02
     31535    0.20000000E-01
     31536    0.50000000E-02
     31539    0.50000000E-02
     31540    0.50000000E-02
     31541    0.50000000E-02
     31542    0.50000000E-02
     31546    0.50000000E-02
     31553    0.20000000E-01
     31555    0.50000000E-02
     31556    0.50000000E-02
     31557    0.50000000E-02
     31558    0.50000000E-02
     31559    0.50000000E-02
     31560    0.50000000E-02
     31574    0.50000000E-02
     31575    0.20000000E-01
     31577    0.50000000E-02
     31579    0.50000000E-02
     31581    0.50000000E-02
     31582    0.50000000E-02
     31583    0.50000000E-02
     31585    0.50000000E-02
     31593    0.50000000E-02
     31594    0.50000000E-02
     31596    0.50000000E-02
     31597    0.50000000E-02
     31599    0.50000000E-02
     31600    0.50000000E-02
     31601    0.50000000E-02
     31603    0.20000000E-01
     31610    0.50000000E-02
     31614    0.50000000E-02
     31615    0.50000000E-02
     31616    0.50000000E-02
     31617    0.50000000E-02
     31618    0.50000000E-02
     31623    0.20000000E-01
     31629    0.50000000E-02
     31633    0.50000000E-02
     31634    0.50000000E-02
     31635    0.50000000E-02
     31636    0.50000000E-02
     31637    0.50000000E-02
     31639    0.50000000E-02
     31648    0.20000000E-01
     31652    0.50000000E-02
     31653    0.50000000E-02
     31654    0.50000000E-02
     31655    0.50000000E-02
     31656    0.50000000E-02
     31657    0.50000000E-02
     31658    0.20000000E-01
     31670    0.50000000E-02
     31671    0.50000000E-02
     31673    0.50000000E-02
     31674    0.50000000E-02
     31675    0.20000000E-01
     31676    0.50000000E-02
     31677    0.50000000E-02
     31678    0.50000000E-02
     31691    0.50000000E-02
     31692    0.50000000E-02
     31693    0.50000000E-02
     31694    0.50000000E-02
     31695    0.50000000E-02
     31696    0.50000000E-02
     31697    0.50000000E-02
     31703    0.20000000E-01
     31710    0.50000000E-02
     31711    0.50000000E-02
     31712    0.50000000E-02
     31713    0.50000000E-02
     31714    0.50000000E-02
     31715    0.50000000E-02
     31717    0.50000000E-02
     31719    0.20000000E-01
     31728    0.50000000E-02
     31729    0.50000000E-02
     31730    0.50000000E-02
     31731    0.50000000E-02
     31732    0.50000000E-02
     31733    0.50000000E-02
     31735    0.50000000E-02
     31749    0.50000000E-02
     31751    0.50000000E-02
     31752    0.20000000E-01
     31753    0.50000000E-02
     31755    0.50000000E-02
     31756    0.50000000E-02
     31757    0.50000000E-02
     31758    0.50000000E-02
     31763    0.50000000E-02
     31771    0.50000000E-02
     31772    0.50000000E-02
     31773    0.50000000E-02
     31774    0.50000000E-02
     31775    0.50000000E-02
     31776    0.50000000E-02
     31778    0.50000000E-02
     31788    0.50000000E-02
     31789    0.50000000E-02
     31790    0.50000000E-02
     31791    0.50000000E-02
     31792    0.50000000E-02
     31793    0.20000000E-01
     31794    0.50000000E-02
     31795    0.50000000E-02
     31805    0.50000000E-02
     31811    0.50000000E-02
     31812    0.50000000E-02
     31813    0.50000000E-02
     31814    0.50000000E-02
     31816    0.50000000E-02
     31817    0.50000000E-02
     31822    0.50000000E-02
     31830    0.50000000E-02
     31831    0.50000000E-02
     31833    0.50000000E-02
     31834    0.50000000E-02
     31835    0.50000000E-02
     31836    0.50000000E-02
     31837    0.50000000E-02
     31838    0.50000000E-02
     31840    0.50000000E-02
     31846    0.50000000E-02
     31848    0.50000000E-02
     31849    0.50000000E-02
     31852    0.50000000E-02
     31855    0.50000000E-02
     31856    0.50000000E-02
     31857    0.50000000E-02
     31863    0.50000000E-02
     31868    0.50000000E-02
     31869    0.50000000E-02
     31871    0.50000000E-02
     31872    0.50000000E-02
     31874    0.50000000E-02
     31881    0.50000000E-02
     31882    0.50000000E-02
     31885    0.50000000E-02
     31887    0.50000000E-02
     31889    0.50000000E-02
     31891    0.50000000E-02
     31892    0.50000000E-02
     31894    0.50000000E-02
     31896    0.50000000E-02
     31898    0.50000000E-02
     31903    0.50000000E-02
     31905    0.50000000E-02
     31906    0.50000000E-02
     31911    0.50000000E-02
     31913    0.50000000E-02
     31914    0.50000000E-02
     31917    0.50000000E-02
     31923    0.50000000E-02
     31925    0.50000000E-02
     31926    0.50000000E-02
     31927    0.50000000E-02
     31929    0.50000000E-02
     31933    0.50000000E-02
     31934    0.50000000E-02
     31936    0.50000000E-02
     31938    0.50000000E-02
     31941    0.50000000E-02
     31943    0.50000000E-02
     31944    0.50000000E-02
     31947    0.50000000E-02
     31950    0.50000000E-02
     31953    0.50000000E-02
     31954    0.50000000E-02
     31956    0.50000000E-02
     31961    0.50000000E-02
     31963    0.50000000E-02
     31964    0.50000000E-02
     31965    0.50000000E-02
     31967    0.50000000E-02
     31971    0.50000000E-02
     31975    0.50000000E-02
     31976    0.20000000E-01
     31978    0.50000000E-02
     31980    0.50000000E-02
     31981    0.50000000E-02
     31988    0.50000000E-02
     31989    0.50000000E-02
     31991    0.50000000E-02
     31992    0.20000000E-01
     31993    0.50000000E-02
     31995    0.50000000E-02
     31996    0.50000000E-02
     31997    0.50000000E-02
     31999    0.50000000E-02
     32006    0.50000000E-02
     32010    0.20000000E-01
     32012    0.50000000E-02
     32015    0.50000000E-02
     32016    0.50000000E-02
     32018    0.50000000E-02
     32026    0.50000000E-02
     32027    0.50000000E-02
     32030    0.50000000E-02
     32031    0.20000000E-01
     32032    0.50000000E-02
     32033    0.50000000E-02
     32034    0.50000000E-02
     32036    0.50000000E-02
     32038    0.20000000E-01
     32046    0.50000000E-02
     32050    0.50000000E-02
     32052    0.50000000E-02
     32053    0.50000000E-02
     32054    0.50000000E-02
     32058    0.50000000E-02
     32065    0.20000000E-01
     32066    0.50000000E-02
     32067    0.50000000E-02
     32068    0.50000000E-02
     32072    0.20000000E-01
     32073    0.50000000E-02
     32077    0.50000000E-02
     32079    0.50000000E-02
     32084    0.50000000E-02
     32091    0.50000000E-02
     32094    0.50000000E-02
     32096    0.50000000E-02
     32097    0.50000000E-02
     32099    0.50000000E-02
     32101    0.50000000E-02
     32110    0.50000000E-02
     32111    0.50000000E-02
     32115    0.50000000E-02
     32116    0.50000000E-02
     32117    0.50000000E-02
     32119    0.50000000E-02
     32125    0.50000000E-02
     32129    0.50000000E-02
     32130    0.50000000E-02
     32132    0.50000000E-02
     32133    0.50000000E-02
     32135    0.50000000E-02
     32137    0.50000000E-02
     32138    0.50000000E-02
     32142    0.50000000E-02
     32148    0.50000000E-02
     32152    0.50000000E-02
     32153    0.50000000E-02
     32154    0.50000000E-02
     32155    0.50000000E-02
     32159    0.50000000E-02
     32165    0.50000000E-02
     32166    0.50000000E-02
     32167    0.50000000E-02
     32168    0.50000000E-02
     32170    0.50000000E-02
     32172    0.50000000E-02
     32181    0.20000000E-01
     32182    0.20000000E-01
     32183    0.20000000E-01
     32189    0.20000000E-01
     32190    0.20000000E-01
     32191    0.50000000E-02
     32192    0.50000000E-02
     32193    0.50000000E-02
     32194    0.50000000E-02
     32195    0.50000000E-02
     32199    0.50000000E-02
     32205    0.20000000E-01
     32210    0.50000000E-02
