bi_1997_v2.grd                                                                  
     499     281
   31493 -0.755385800000E+02  0.364595700000E+02  0.239860000000E+02
   31496 -0.756811500000E+02  0.364625700000E+02  0.208140000000E+02
   31504 -0.758330500000E+02  0.364653600000E+02  0.536800000000E+01
   31507 -0.757547300000E+02  0.364660800000E+02  0.197270000000E+02
   31510 -0.758037900000E+02  0.364692000000E+02  0.132770000000E+02
   31512 -0.758178300000E+02  0.364693600000E+02  0.998200000000E+01
   31516 -0.757068800000E+02  0.364733300000E+02  0.173410000000E+02
   31517 -0.755118100000E+02  0.364722900000E+02  0.254020000000E+02
   31518 -0.757914200000E+02  0.364765600000E+02  0.161700000000E+02
   31519 -0.755641400000E+02  0.364758100000E+02  0.229750000000E+02
   31520 -0.756606100000E+02  0.364777700000E+02  0.221300000000E+02
   31525 -0.758513400000E+02  0.364764600000E+02  0.116300000000E+01
   31531 -0.757748300000E+02  0.364806400000E+02  0.167740000000E+02
   31533 -0.757338300000E+02  0.364843500000E+02  0.182140000000E+02
   31535 -0.758325700000E+02  0.364843800000E+02  0.729900000000E+01
   31536 -0.758105500000E+02  0.364861200000E+02  0.134830000000E+02
   31539 -0.756862000000E+02  0.364898600000E+02  0.224940000000E+02
   31540 -0.755382800000E+02  0.364886800000E+02  0.231440000000E+02
   31541 -0.755896400000E+02  0.364912700000E+02  0.234630000000E+02
   31542 -0.756386300000E+02  0.364920900000E+02  0.230960000000E+02
   31546 -0.757608600000E+02  0.364955200000E+02  0.163060000000E+02
   31553 -0.758558800000E+02  0.364943500000E+02  0.105600000000E+01
   31555 -0.757129700000E+02  0.365018300000E+02  0.231580000000E+02
   31556 -0.757909200000E+02  0.365025700000E+02  0.148500000000E+02
   31557 -0.755117500000E+02  0.365019600000E+02  0.242520000000E+02
   31558 -0.756644400000E+02  0.365053400000E+02  0.230160000000E+02
   31559 -0.755646100000E+02  0.365045000000E+02  0.212580000000E+02
   31560 -0.756153600000E+02  0.365059900000E+02  0.233180000000E+02
   31574 -0.757407600000E+02  0.365138500000E+02  0.176710000000E+02
   31575 -0.758267600000E+02  0.365146400000E+02  0.955700000000E+01
   31577 -0.754847000000E+02  0.365156000000E+02  0.271820000000E+02
   31579 -0.756911800000E+02  0.365183100000E+02  0.234480000000E+02
   31581 -0.755388000000E+02  0.365179700000E+02  0.215280000000E+02
   31582 -0.756415600000E+02  0.365201300000E+02  0.230800000000E+02
   31583 -0.755910200000E+02  0.365197500000E+02  0.207310000000E+02
   31585 -0.757701000000E+02  0.365256400000E+02  0.143940000000E+02
   31593 -0.757189400000E+02  0.365312800000E+02  0.211370000000E+02
   31594 -0.754572700000E+02  0.365295500000E+02  0.248280000000E+02
   31596 -0.755123600000E+02  0.365316800000E+02  0.249360000000E+02
   31597 -0.756684400000E+02  0.365339200000E+02  0.233690000000E+02
   31599 -0.755658300000E+02  0.365335400000E+02  0.236100000000E+02
   31600 -0.756176900000E+02  0.365345000000E+02  0.239470000000E+02
   31601 -0.758019000000E+02  0.365388500000E+02  0.138730000000E+02
   31603 -0.758604300000E+02  0.365392800000E+02  0.205000000000E+01
   31610 -0.757478700000E+02  0.365445000000E+02  0.140180000000E+02
   31614 -0.754854400000E+02  0.365456500000E+02  0.253960000000E+02
   31615 -0.756961200000E+02  0.365476300000E+02  0.231190000000E+02
   31616 -0.755399400000E+02  0.365474400000E+02  0.240760000000E+02
   31617 -0.756448100000E+02  0.365489200000E+02  0.228370000000E+02
   31618 -0.755929800000E+02  0.365487000000E+02  0.232940000000E+02
   31623 -0.758351000000E+02  0.365569600000E+02  0.816300000000E+01
   31629 -0.757782800000E+02  0.365585800000E+02  0.143170000000E+02
   31633 -0.754581200000E+02  0.365598400000E+02  0.217790000000E+02
   31634 -0.757247300000E+02  0.365615600000E+02  0.213750000000E+02
   31635 -0.755135100000E+02  0.365615000000E+02  0.245670000000E+02
   31636 -0.756725200000E+02  0.365631900000E+02  0.211390000000E+02
   31637 -0.755675700000E+02  0.365628600000E+02  0.240990000000E+02
   31639 -0.756204100000E+02  0.365635400000E+02  0.214590000000E+02
   31648 -0.758101900000E+02  0.365746800000E+02  0.993200000000E+01
   31652 -0.757544000000E+02  0.365760800000E+02  0.170190000000E+02
   31653 -0.754866300000E+02  0.365757300000E+02  0.216080000000E+02
   31654 -0.757009200000E+02  0.365775600000E+02  0.219280000000E+02
   31655 -0.755415800000E+02  0.365770800000E+02  0.238770000000E+02
   31656 -0.756482500000E+02  0.365782100000E+02  0.206830000000E+02
   31657 -0.755953500000E+02  0.365780000000E+02  0.212680000000E+02
   31658 -0.758681000000E+02  0.365811600000E+02  0.109100000000E+01
   31670 -0.757852600000E+02  0.365917200000E+02  0.140330000000E+02
   31671 -0.754593900000E+02  0.365901200000E+02  0.182110000000E+02
   31673 -0.757301000000E+02  0.365923100000E+02  0.196450000000E+02
   31674 -0.755151100000E+02  0.365914000000E+02  0.220280000000E+02
   31675 -0.758432300000E+02  0.365931400000E+02  0.543800000000E+01
   31676 -0.756765700000E+02  0.365928800000E+02  0.176520000000E+02
   31677 -0.755697300000E+02  0.365924100000E+02  0.235520000000E+02
   31678 -0.756233900000E+02  0.365929400000E+02  0.187070000000E+02
   31691 -0.754882400000E+02  0.366058500000E+02  0.192590000000E+02
   31692 -0.757601600000E+02  0.366078000000E+02  0.174880000000E+02
   31693 -0.755436200000E+02  0.366068500000E+02  0.210470000000E+02
   31694 -0.757054500000E+02  0.366077700000E+02  0.192180000000E+02
   31695 -0.755980300000E+02  0.366075400000E+02  0.188200000000E+02
   31696 -0.756517600000E+02  0.366078100000E+02  0.161720000000E+02
   31697 -0.758173800000E+02  0.366088100000E+02  0.107370000000E+02
   31703 -0.758774700000E+02  0.366102500000E+02  0.573000000000E+00
   31710 -0.754610000000E+02  0.366204200000E+02  0.188480000000E+02
   31711 -0.755170900000E+02  0.366213900000E+02  0.199870000000E+02
   31712 -0.755722200000E+02  0.366221200000E+02  0.201180000000E+02
   31713 -0.756805100000E+02  0.366227600000E+02  0.171610000000E+02
   31714 -0.756265500000E+02  0.366225400000E+02  0.175200000000E+02
   31715 -0.757349500000E+02  0.366231200000E+02  0.201190000000E+02
   31717 -0.757911700000E+02  0.366243100000E+02  0.162540000000E+02
   31719 -0.758511700000E+02  0.366269100000E+02  0.638800000000E+01
   31728 -0.754901700000E+02  0.366360200000E+02  0.196560000000E+02
   31729 -0.755459900000E+02  0.366367400000E+02  0.193670000000E+02
   31730 -0.756009400000E+02  0.366372200000E+02  0.183980000000E+02
   31731 -0.756553000000E+02  0.366375200000E+02  0.190660000000E+02
   31732 -0.757096600000E+02  0.366379700000E+02  0.136360000000E+02
   31733 -0.757650900000E+02  0.366391900000E+02  0.198010000000E+02
   31735 -0.758232400000E+02  0.366419800000E+02  0.165530000000E+02
   31749 -0.754629200000E+02  0.366507500000E+02  0.214730000000E+02
   31751 -0.755193800000E+02  0.366514500000E+02  0.187400000000E+02
   31752 -0.758926530000E+02  0.366490150000E+02  0.697700000000E+01
   31753 -0.755749700000E+02  0.366519300000E+02  0.191630000000E+02
   31755 -0.756298300000E+02  0.366522300000E+02  0.185020000000E+02
   31756 -0.756843100000E+02  0.366526000000E+02  0.166420000000E+02
   31757 -0.757392100000E+02  0.366536400000E+02  0.158510000000E+02
   31758 -0.757959300000E+02  0.366562200000E+02  0.175440000000E+02
   31763 -0.758563600000E+02  0.366609800000E+02  0.133790000000E+02
   31771 -0.754924200000E+02  0.366662500000E+02  0.207400000000E+02
   31772 -0.755486500000E+02  0.366667100000E+02  0.181060000000E+02
   31773 -0.756040600000E+02  0.366669700000E+02  0.200190000000E+02
   31774 -0.756588600000E+02  0.366672100000E+02  0.178380000000E+02
   31775 -0.757135400000E+02  0.366679100000E+02  0.186570000000E+02
   31776 -0.757691500000E+02  0.366699900000E+02  0.188200000000E+02
   31778 -0.758274700000E+02  0.366744600000E+02  0.166810000000E+02
   31788 -0.754651300000E+02  0.366811400000E+02  0.255260000000E+02
   31789 -0.756332400000E+02  0.366819000000E+02  0.196570000000E+02
   31790 -0.755219700000E+02  0.366815900000E+02  0.179410000000E+02
   31791 -0.755779900000E+02  0.366818000000E+02  0.209810000000E+02
   31792 -0.756880000000E+02  0.366822300000E+02  0.183360000000E+02
   31793 -0.758847260000E+02  0.366840190000E+02  0.990200000000E+01
   31794 -0.757429000000E+02  0.366836100000E+02  0.151640000000E+02
   31795 -0.757994500000E+02  0.366872900000E+02  0.169950000000E+02
   31805 -0.758596000000E+02  0.366942600000E+02  0.141470000000E+02
   31811 -0.756624700000E+02  0.366967500000E+02  0.199140000000E+02
   31812 -0.756073900000E+02  0.366967400000E+02  0.217850000000E+02
   31813 -0.754949400000E+02  0.366965500000E+02  0.210260000000E+02
   31814 -0.755515700000E+02  0.366967500000E+02  0.184280000000E+02
   31816 -0.757171200000E+02  0.366973900000E+02  0.196150000000E+02
   31817 -0.757722900000E+02  0.366999100000E+02  0.154320000000E+02
   31822 -0.758302500000E+02  0.367059100000E+02  0.148650000000E+02
   31830 -0.756368300000E+02  0.367115100000E+02  0.205240000000E+02
   31831 -0.756916500000E+02  0.367115300000E+02  0.194540000000E+02
   31833 -0.755812500000E+02  0.367117300000E+02  0.215900000000E+02
   31834 -0.754675900000E+02  0.367115900000E+02  0.265950000000E+02
   31835 -0.755248300000E+02  0.367118000000E+02  0.188430000000E+02
   31836 -0.757460800000E+02  0.367127900000E+02  0.175390000000E+02
   31837 -0.758938500000E+02  0.367157100000E+02  0.117620000000E+02
   31838 -0.759170010000E+02  0.366970040000E+02  0.102740000000E+02
   31840 -0.758016200000E+02  0.367171200000E+02  0.156870000000E+02
   31846 -0.756662400000E+02  0.367261000000E+02  0.198640000000E+02
   31848 -0.757206000000E+02  0.367262600000E+02  0.196960000000E+02
   31849 -0.756109700000E+02  0.367265100000E+02  0.223840000000E+02
   31852 -0.755547800000E+02  0.367268600000E+02  0.202450000000E+02
   31855 -0.754977300000E+02  0.367269200000E+02  0.217470000000E+02
   31856 -0.758623700000E+02  0.367264200000E+02  0.133480000000E+02
   31857 -0.757745600000E+02  0.367285800000E+02  0.157000000000E+02
   31863 -0.758309900000E+02  0.367358100000E+02  0.146000000000E+02
   31868 -0.756954700000E+02  0.367404500000E+02  0.193990000000E+02
   31869 -0.756406900000E+02  0.367410500000E+02  0.208770000000E+02
   31871 -0.757489900000E+02  0.367409300000E+02  0.180950000000E+02
   31872 -0.755847900000E+02  0.367417100000E+02  0.224150000000E+02
   31874 -0.755279600000E+02  0.367420900000E+02  0.208440000000E+02
   31881 -0.758021700000E+02  0.367451600000E+02  0.160860000000E+02
   31882 -0.759355500000E+02  0.367425400000E+02  0.101590000000E+02
   31885 -0.758985500000E+02  0.367499500000E+02  0.115560000000E+02
   31887 -0.757242700000E+02  0.367544600000E+02  0.188740000000E+02
   31889 -0.756703200000E+02  0.367552800000E+02  0.207650000000E+02
   31891 -0.756148500000E+02  0.367563200000E+02  0.215890000000E+02
   31892 -0.757762100000E+02  0.367555500000E+02  0.171860000000E+02
   31894 -0.755582700000E+02  0.367570600000E+02  0.223700000000E+02
   31896 -0.755007900000E+02  0.367574000000E+02  0.203860000000E+02
   31898 -0.758609800000E+02  0.367567700000E+02  0.131560000000E+02
   31903 -0.758285300000E+02  0.367634000000E+02  0.152780000000E+02
   31905 -0.757521900000E+02  0.367679000000E+02  0.184800000000E+02
   31906 -0.756997300000E+02  0.367690600000E+02  0.197420000000E+02
   31911 -0.756449100000E+02  0.367706000000E+02  0.207590000000E+02
   31913 -0.758011200000E+02  0.367704100000E+02  0.173480000000E+02
   31914 -0.755886500000E+02  0.367718000000E+02  0.232700000000E+02
   31917 -0.755313600000E+02  0.367725100000E+02  0.207660000000E+02
   31923 -0.757782100000E+02  0.367803000000E+02  0.183150000000E+02
   31925 -0.758919300000E+02  0.367805800000E+02  0.122400000000E+02
   31926 -0.757286700000E+02  0.367821400000E+02  0.194950000000E+02
   31927 -0.758535000000E+02  0.367844000000E+02  0.142100000000E+02
   31929 -0.756749000000E+02  0.367844400000E+02  0.203610000000E+02
   31933 -0.756190900000E+02  0.367862400000E+02  0.211960000000E+02
   31934 -0.758223900000E+02  0.367878100000E+02  0.163940000000E+02
   31936 -0.755620300000E+02  0.367874100000E+02  0.235240000000E+02
   31938 -0.755040800000E+02  0.367880000000E+02  0.204490000000E+02
   31941 -0.757992500000E+02  0.367902100000E+02  0.180780000000E+02
   31943 -0.759466400000E+02  0.367776500000E+02  0.105660000000E+02
   31944 -0.757567900000E+02  0.367940100000E+02  0.193880000000E+02
   31947 -0.757047300000E+02  0.367976000000E+02  0.196100000000E+02
   31950 -0.756495900000E+02  0.368002900000E+02  0.206360000000E+02
   31953 -0.755928300000E+02  0.368020600000E+02  0.213130000000E+02
   31954 -0.757837000000E+02  0.368036800000E+02  0.190530000000E+02
   31956 -0.755350200000E+02  0.368030700000E+02  0.220750000000E+02
   31961 -0.759158300000E+02  0.368064300000E+02  0.112110000000E+02
   31963 -0.758760500000E+02  0.368082600000E+02  0.139590000000E+02
   31964 -0.758108100000E+02  0.368088300000E+02  0.177220000000E+02
   31965 -0.758411300000E+02  0.368095700000E+02  0.155580000000E+02
   31967 -0.757343100000E+02  0.368097600000E+02  0.203260000000E+02
   31971 -0.756801100000E+02  0.368137700000E+02  0.196250000000E+02
   31975 -0.756237400000E+02  0.368163800000E+02  0.200200000000E+02
   31976 -0.759552700000E+02  0.368057600000E+02  0.871400000000E+01
   31978 -0.755661100000E+02  0.368179400000E+02  0.215140000000E+02
   31980 -0.755076100000E+02  0.368187400000E+02  0.228710000000E+02
   31981 -0.757636800000E+02  0.368203100000E+02  0.197070000000E+02
   31988 -0.757106600000E+02  0.368264600000E+02  0.199480000000E+02
   31989 -0.757934400000E+02  0.368283800000E+02  0.176040000000E+02
   31991 -0.756547900000E+02  0.368302700000E+02  0.202700000000E+02
   31992 -0.759302700000E+02  0.368325900000E+02  0.942000000000E+01
   31993 -0.758249500000E+02  0.368332900000E+02  0.166740000000E+02
   31995 -0.758948600000E+02  0.368337300000E+02  0.142360000000E+02
   31996 -0.755973500000E+02  0.368325600000E+02  0.191480000000E+02
   31997 -0.758590500000E+02  0.368348200000E+02  0.162440000000E+02
   31999 -0.755389400000E+02  0.368338200000E+02  0.222450000000E+02
   32006 -0.757413300000E+02  0.368380100000E+02  0.202720000000E+02
   32010 -0.759639100000E+02  0.368338700000E+02  0.818500000000E+01
   32012 -0.756860000000E+02  0.368435700000E+02  0.206640000000E+02
   32015 -0.756287900000E+02  0.368468600000E+02  0.197940000000E+02
   32016 -0.757724900000E+02  0.368480100000E+02  0.183250000000E+02
   32018 -0.755704600000E+02  0.368487200000E+02  0.195030000000E+02
   32026 -0.758050200000E+02  0.368561600000E+02  0.168900000000E+02
   32027 -0.757174600000E+02  0.368560500000E+02  0.211960000000E+02
   32030 -0.759109200000E+02  0.368581800000E+02  0.147260000000E+02
   32031 -0.759408500000E+02  0.368575700000E+02  0.853900000000E+01
   32032 -0.758402700000E+02  0.368619600000E+02  0.161290000000E+02
   32033 -0.758770100000E+02  0.368620900000E+02  0.157400000000E+02
   32034 -0.756604800000E+02  0.368607600000E+02  0.206760000000E+02
   32036 -0.756022000000E+02  0.368634000000E+02  0.197160000000E+02
   32038 -0.759686100000E+02  0.368613500000E+02  0.791800000000E+01
   32046 -0.757493700000E+02  0.368674600000E+02  0.194500000000E+02
   32050 -0.756924800000E+02  0.368741000000E+02  0.212070000000E+02
   32052 -0.759242400000E+02  0.368770200000E+02  0.139490000000E+02
   32053 -0.757820900000E+02  0.368777400000E+02  0.179490000000E+02
   32054 -0.756342100000E+02  0.368778200000E+02  0.211310000000E+02
   32058 -0.755750500000E+02  0.368797800000E+02  0.194680000000E+02
   32065 -0.759471300000E+02  0.368824000000E+02  0.879300000000E+01
   32066 -0.758982900000E+02  0.368860500000E+02  0.155700000000E+02
   32067 -0.757249500000E+02  0.368866900000E+02  0.186020000000E+02
   32068 -0.758168600000E+02  0.368875800000E+02  0.155280000000E+02
   32072 -0.759733200000E+02  0.368888200000E+02  0.760500000000E+01
   32073 -0.756665800000E+02  0.368919200000E+02  0.218520000000E+02
   32077 -0.756073000000E+02  0.368946400000E+02  0.210360000000E+02
   32079 -0.758587100000E+02  0.368978200000E+02  0.145770000000E+02
   32084 -0.757579100000E+02  0.368982700000E+02  0.174500000000E+02
   32091 -0.759240300000E+02  0.369009000000E+02  0.161090000000E+02
   32094 -0.756994500000E+02  0.369055800000E+02  0.186960000000E+02
   32096 -0.757909000000E+02  0.369089700000E+02  0.154290000000E+02
   32097 -0.759517000000E+02  0.369087700000E+02  0.153710000000E+02
   32099 -0.756398900000E+02  0.369093200000E+02  0.224040000000E+02
   32101 -0.755798400000E+02  0.369111600000E+02  0.201890000000E+02
   32110 -0.757330100000E+02  0.369186900000E+02  0.171080000000E+02
   32111 -0.759794200000E+02  0.369142000000E+02  0.144490000000E+02
   32115 -0.758948300000E+02  0.369202700000E+02  0.125710000000E+02
   32116 -0.756729700000E+02  0.369239500000E+02  0.206670000000E+02
   32117 -0.758242000000E+02  0.369228200000E+02  0.125350000000E+02
   32119 -0.756125900000E+02  0.369263500000E+02  0.220820000000E+02
   32125 -0.757671400000E+02  0.369300600000E+02  0.157010000000E+02
   32129 -0.759279800000E+02  0.369309100000E+02  0.171180000000E+02
   32130 -0.759583300000E+02  0.369353800000E+02  0.190530000000E+02
   32132 -0.757066700000E+02  0.369381400000E+02  0.171350000000E+02
   32133 -0.757972100000E+02  0.369373500000E+02  0.132870000000E+02
   32135 -0.756457100000E+02  0.369412800000E+02  0.195360000000E+02
   32137 -0.755847400000E+02  0.369426700000E+02  0.220750000000E+02
   32138 -0.759855100000E+02  0.369395900000E+02  0.214980000000E+02
   32142 -0.758595100000E+02  0.369439500000E+02  0.113470000000E+02
   32148 -0.757419600000E+02  0.369534000000E+02  0.161790000000E+02
   32152 -0.759384800000E+02  0.369581800000E+02  0.162530000000E+02
   32153 -0.756795300000E+02  0.369574500000E+02  0.182620000000E+02
   32154 -0.756181000000E+02  0.369590200000E+02  0.209110000000E+02
   32155 -0.759668700000E+02  0.369606200000E+02  0.198690000000E+02
   32159 -0.758220100000E+02  0.369612400000E+02  0.125480000000E+02
   32165 -0.759004700000E+02  0.369619600000E+02  0.107760000000E+02
   32166 -0.757818000000E+02  0.369636700000E+02  0.147590000000E+02
   32167 -0.757131300000E+02  0.369698000000E+02  0.166040000000E+02
   32168 -0.759919600000E+02  0.369689800000E+02  0.194760000000E+02
   32170 -0.756511700000E+02  0.369715500000E+02  0.193990000000E+02
   32172 -0.755893900000E+02  0.369722800000E+02  0.226530000000E+02
   32181 -0.759517100000E+02  0.369800500000E+02  0.884300000000E+01
   32182 -0.759255800000E+02  0.369801900000E+02  0.869400000000E+01
   32183 -0.759752000000E+02  0.369815400000E+02  0.927200000000E+01
   32189 -0.759370700000E+02  0.370001400000E+02  0.933800000000E+01
   32190 -0.759670600000E+02  0.369996500000E+02  0.966400000000E+01
   32191 -0.756875000000E+02  0.370000000000E+02  0.169120000000E+02
   32192 -0.759984100000E+02  0.369983700000E+02  0.102910000000E+02
   32193 -0.756250000000E+02  0.370000000000E+02  0.211100000000E+02
   32194 -0.758568300000E+02  0.369996100000E+02  0.112770000000E+02
   32195 -0.755625000000E+02  0.370000000000E+02  0.243190000000E+02
   32199 -0.757500000000E+02  0.370000000000E+02  0.160660000000E+02
   32205 -0.759001200000E+02  0.370006000000E+02  0.903000000000E+01
   32210 -0.758125000000E+02  0.370000000000E+02  0.139620000000E+02
       1 3    31504    31512    31535
       2 3    31510    31536    31512
       3 3    31504    31535    31525
       4 3    31496    31539    31516
       5 3    31510    31518    31536
       6 3    31493    31540    31519
       7 3    31493    31517    31540
       8 3    31512    31536    31535
       9 3    31496    31520    31539
      10 3    31531    31507    31546
      11 3    31507    31533    31546
      12 3    31525    31535    31553
      13 3    31516    31555    31533
      14 3    31518    31531    31556
      15 3    31518    31556    31536
      16 3    31517    31557    31540
      17 3    31516    31539    31555
      18 3    31520    31558    31539
      19 3    31519    31559    31541
      20 3    31519    31540    31559
      21 3    31520    31542    31558
      22 3    31531    31546    31556
      23 3    31533    31574    31546
      24 3    31535    31536    31575
      25 3    31533    31555    31574
      26 3    31539    31579    31555
      27 3    31535    31575    31553
      28 3    31540    31581    31559
      29 3    31540    31557    31581
      30 3    31542    31582    31558
      31 3    31541    31583    31560
      32 3    31539    31558    31579
      33 3    31541    31559    31583
      34 3    31542    31560    31582
      35 3    31536    31556    31575
      36 3    31546    31585    31556
      37 3    31546    31574    31585
      38 3    31555    31593    31574
      39 3    31557    31596    31581
      40 3    31557    31577    31596
      41 3    31558    31597    31579
      42 3    31555    31579    31593
      43 3    31559    31599    31583
      44 3    31560    31600    31582
      45 3    31559    31581    31599
      46 3    31558    31582    31597
      47 3    31560    31583    31600
      48 3    31556    31601    31575
      49 3    31553    31575    31603
      50 3    31556    31585    31601
      51 3    31574    31610    31585
      52 3    31577    31614    31596
      53 3    31574    31593    31610
      54 3    31579    31615    31593
      55 3    31577    31594    31614
      56 3    31581    31616    31599
      57 3    31582    31617    31597
      58 3    31583    31618    31600
      59 3    31581    31596    31616
      60 3    31579    31597    31615
      61 3    31583    31599    31618
      62 3    31582    31600    31617
      63 3    31575    31623    31603
      64 3    31585    31629    31601
      65 3    31575    31601    31623
      66 3    31594    31633    31614
      67 3    31593    31634    31610
      68 3    31585    31610    31629
      69 3    31596    31635    31616
      70 3    31597    31636    31615
      71 3    31596    31614    31635
      72 3    31599    31637    31618
      73 3    31600    31639    31617
      74 3    31593    31615    31634
      75 3    31599    31616    31637
      76 3    31597    31617    31636
      77 3    31600    31618    31639
      78 3    31601    31648    31623
      79 3    31610    31652    31629
      80 3    31614    31653    31635
      81 3    31601    31629    31648
      82 3    31615    31654    31634
      83 3    31614    31633    31653
      84 3    31616    31655    31637
      85 3    31617    31656    31636
      86 3    31618    31657    31639
      87 3    31610    31634    31652
      88 3    31616    31635    31655
      89 3    31615    31636    31654
      90 3    31618    31637    31657
      91 3    31617    31639    31656
      92 3    31603    31623    31658
      93 3    31629    31670    31648
      94 3    31633    31671    31653
      95 3    31634    31673    31652
      96 3    31635    31674    31655
      97 3    31623    31675    31658
      98 3    31636    31676    31654
      99 3    31637    31677    31657
     100 3    31639    31678    31656
     101 3    31635    31653    31674
     102 3    31629    31652    31670
     103 3    31637    31655    31677
     104 3    31634    31654    31673
     105 3    31639    31657    31678
     106 3    31636    31656    31676
     107 3    31623    31648    31675
     108 3    31653    31691    31674
     109 3    31652    31692    31670
     110 3    31655    31693    31677
     111 3    31654    31694    31673
     112 3    31653    31671    31691
     113 3    31657    31695    31678
     114 3    31656    31696    31676
     115 3    31648    31697    31675
     116 3    31655    31674    31693
     117 3    31657    31677    31695
     118 3    31656    31678    31696
     119 3    31654    31676    31694
     120 3    31652    31673    31692
     121 3    31648    31670    31697
     122 3    31658    31675    31703
     123 3    31671    31710    31691
     124 3    31674    31711    31693
     125 3    31677    31712    31695
     126 3    31676    31713    31694
     127 3    31678    31714    31696
     128 3    31673    31715    31692
     129 3    31674    31691    31711
     130 3    31670    31717    31697
     131 3    31677    31693    31712
     132 3    31678    31695    31714
     133 3    31676    31696    31713
     134 3    31673    31694    31715
     135 3    31675    31719    31703
     136 3    31670    31692    31717
     137 3    31675    31697    31719
     138 3    31691    31728    31711
     139 3    31693    31729    31712
     140 3    31695    31730    31714
     141 3    31696    31731    31713
     142 3    31694    31732    31715
     143 3    31691    31710    31728
     144 3    31693    31711    31729
     145 3    31692    31733    31717
     146 3    31695    31712    31730
     147 3    31696    31714    31731
     148 3    31694    31713    31732
     149 3    31692    31715    31733
     150 3    31697    31735    31719
     151 3    31697    31717    31735
     152 3    31710    31749    31728
     153 3    31711    31751    31729
     154 3    31703    31719    31752
     155 3    31712    31753    31730
     156 3    31714    31755    31731
     157 3    31713    31756    31732
     158 3    31711    31728    31751
     159 3    31715    31757    31733
     160 3    31712    31729    31753
     161 3    31714    31730    31755
     162 3    31713    31731    31756
     163 3    31715    31732    31757
     164 3    31717    31758    31735
     165 3    31717    31733    31758
     166 3    31719    31763    31752
     167 3    31719    31735    31763
     168 3    31728    31771    31751
     169 3    31729    31772    31753
     170 3    31730    31773    31755
     171 3    31731    31774    31756
     172 3    31732    31775    31757
     173 3    31728    31749    31771
     174 3    31729    31751    31772
     175 3    31730    31753    31773
     176 3    31731    31755    31774
     177 3    31733    31776    31758
     178 3    31732    31756    31775
     179 3    31733    31757    31776
     180 3    31735    31778    31763
     181 3    31735    31758    31778
     182 3    31749    31788    31771
     183 3    31755    31789    31774
     184 3    31751    31790    31772
     185 3    31753    31791    31773
     186 3    31756    31792    31775
     187 3    31752    31763    31793
     188 3    31757    31794    31776
     189 3    31751    31771    31790
     190 3    31753    31772    31791
     191 3    31755    31773    31789
     192 3    31756    31774    31792
     193 3    31757    31775    31794
     194 3    31758    31795    31778
     195 3    31758    31776    31795
     196 3    31763    31805    31793
     197 3    31774    31811    31792
     198 3    31773    31812    31789
     199 3    31763    31778    31805
     200 3    31771    31813    31790
     201 3    31772    31814    31791
     202 3    31775    31816    31794
     203 3    31771    31788    31813
     204 3    31772    31790    31814
     205 3    31773    31791    31812
     206 3    31774    31789    31811
     207 3    31775    31792    31816
     208 3    31776    31817    31795
     209 3    31776    31794    31817
     210 3    31778    31822    31805
     211 3    31778    31795    31822
     212 3    31789    31830    31811
     213 3    31792    31831    31816
     214 3    31791    31833    31812
     215 3    31788    31834    31813
     216 3    31790    31835    31814
     217 3    31794    31836    31817
     218 3    31789    31812    31830
     219 3    31792    31811    31831
     220 3    31791    31814    31833
     221 3    31790    31813    31835
     222 3    31793    31837    31838
     223 3    31794    31816    31836
     224 3    31795    31840    31822
     225 3    31795    31817    31840
     226 3    31793    31805    31837
     227 3    31811    31846    31831
     228 3    31816    31848    31836
     229 3    31812    31849    31830
     230 3    31814    31852    31833
     231 3    31813    31855    31835
     232 3    31805    31856    31837
     233 3    31811    31830    31846
     234 3    31816    31831    31848
     235 3    31812    31833    31849
     236 3    31814    31835    31852
     237 3    31813    31834    31855
     238 3    31805    31822    31856
     239 3    31817    31857    31840
     240 3    31817    31836    31857
     241 3    31822    31840    31863
     242 3    31822    31863    31856
     243 3    31831    31868    31848
     244 3    31830    31869    31846
     245 3    31836    31871    31857
     246 3    31833    31872    31849
     247 3    31835    31874    31852
     248 3    31831    31846    31868
     249 3    31836    31848    31871
     250 3    31830    31849    31869
     251 3    31833    31852    31872
     252 3    31835    31855    31874
     253 3    31840    31857    31881
     254 3    31840    31881    31863
     255 3    31838    31837    31882
     256 3    31837    31885    31882
     257 3    31848    31887    31871
     258 3    31837    31856    31885
     259 3    31846    31889    31868
     260 3    31849    31891    31869
     261 3    31857    31892    31881
     262 3    31848    31868    31887
     263 3    31852    31894    31872
     264 3    31857    31871    31892
     265 3    31855    31896    31874
     266 3    31846    31869    31889
     267 3    31856    31863    31898
     268 3    31849    31872    31891
     269 3    31852    31874    31894
     270 3    31856    31898    31885
     271 3    31863    31881    31903
     272 3    31871    31905    31892
     273 3    31863    31903    31898
     274 3    31868    31906    31887
     275 3    31871    31887    31905
     276 3    31869    31911    31889
     277 3    31881    31892    31913
     278 3    31872    31914    31891
     279 3    31868    31889    31906
     280 3    31874    31917    31894
     281 3    31881    31913    31903
     282 3    31869    31891    31911
     283 3    31872    31894    31914
     284 3    31874    31896    31917
     285 3    31892    31923    31913
     286 3    31885    31898    31925
     287 3    31887    31926    31905
     288 3    31892    31905    31923
     289 3    31898    31903    31927
     290 3    31889    31929    31906
     291 3    31887    31906    31926
     292 3    31891    31933    31911
     293 3    31903    31913    31934
     294 3    31889    31911    31929
     295 3    31894    31936    31914
     296 3    31896    31938    31917
     297 3    31891    31914    31933
     298 3    31894    31917    31936
     299 3    31913    31923    31941
     300 3    31882    31885    31943
     301 3    31905    31944    31923
     302 3    31913    31941    31934
     303 3    31898    31927    31925
     304 3    31903    31934    31927
     305 3    31906    31947    31926
     306 3    31905    31926    31944
     307 3    31885    31925    31943
     308 3    31911    31950    31929
     309 3    31906    31929    31947
     310 3    31914    31953    31933
     311 3    31923    31954    31941
     312 3    31917    31956    31936
     313 3    31911    31933    31950
     314 3    31925    31961    31943
     315 3    31914    31936    31953
     316 3    31917    31938    31956
     317 3    31925    31927    31963
     318 3    31941    31964    31934
     319 3    31923    31944    31954
     320 3    31927    31934    31965
     321 3    31926    31967    31944
     322 3    31926    31947    31967
     323 3    31929    31971    31947
     324 3    31933    31975    31950
     325 3    31941    31954    31964
     326 3    31943    31961    31976
     327 3    31929    31950    31971
     328 3    31934    31964    31965
     329 3    31936    31978    31953
     330 3    31938    31980    31956
     331 3    31944    31981    31954
     332 3    31927    31965    31963
     333 3    31933    31953    31975
     334 3    31925    31963    31961
     335 3    31936    31956    31978
     336 3    31944    31967    31981
     337 3    31947    31988    31967
     338 3    31954    31989    31964
     339 3    31950    31991    31971
     340 3    31947    31971    31988
     341 3    31961    31992    31976
     342 3    31964    31993    31965
     343 3    31963    31995    31961
     344 3    31953    31996    31975
     345 3    31963    31965    31997
     346 3    31950    31975    31991
     347 3    31954    31981    31989
     348 3    31956    31999    31978
     349 3    31953    31978    31996
     350 3    31956    31980    31999
     351 3    31967    32006    31981
     352 3    31964    31989    31993
     353 3    31976    31992    32010
     354 3    31967    31988    32006
     355 3    31961    31995    31992
     356 3    31971    32012    31988
     357 3    31965    31993    31997
     358 3    31963    31997    31995
     359 3    31975    32015    31991
     360 3    31981    32016    31989
     361 3    31971    31991    32012
     362 3    31978    32018    31996
     363 3    31975    31996    32015
     364 3    31978    31999    32018
     365 3    31981    32006    32016
     366 3    31989    32026    31993
     367 3    31988    32027    32006
     368 3    31995    32030    31992
     369 3    31992    32031    32010
     370 3    31988    32012    32027
     371 3    31993    32032    31997
     372 3    31997    32033    31995
     373 3    31991    32034    32012
     374 3    31989    32016    32026
     375 3    31996    32036    32015
     376 3    31991    32015    32034
     377 3    31992    32030    32031
     378 3    32010    32031    32038
     379 3    32006    32046    32016
     380 3    31996    32018    32036
     381 3    31995    32033    32030
     382 3    31993    32026    32032
     383 3    32006    32027    32046
     384 3    31997    32032    32033
     385 3    32012    32050    32027
     386 3    32030    32052    32031
     387 3    32016    32053    32026
     388 3    32015    32054    32034
     389 3    32012    32034    32050
     390 3    32018    32058    32036
     391 3    32015    32036    32054
     392 3    32031    32065    32038
     393 3    32016    32046    32053
     394 3    32031    32052    32065
     395 3    32030    32033    32066
     396 3    32027    32067    32046
     397 3    32026    32068    32032
     398 3    32030    32066    32052
     399 3    32027    32050    32067
     400 3    32038    32065    32072
     401 3    32034    32073    32050
     402 3    32026    32053    32068
     403 3    32036    32077    32054
     404 3    32034    32054    32073
     405 3    32033    32032    32079
     406 3    32046    32084    32053
     407 3    32036    32058    32077
     408 3    32052    32091    32065
     409 3    32046    32067    32084
     410 3    32052    32066    32091
     411 3    32033    32079    32066
     412 3    32050    32094    32067
     413 3    32032    32068    32079
     414 3    32053    32096    32068
     415 3    32065    32097    32072
     416 3    32054    32099    32073
     417 3    32050    32073    32094
     418 3    32058    32101    32077
     419 3    32065    32091    32097
     420 3    32054    32077    32099
     421 3    32053    32084    32096
     422 3    32067    32110    32084
     423 3    32072    32097    32111
     424 3    32066    32115    32091
     425 3    32066    32079    32115
     426 3    32067    32094    32110
     427 3    32073    32116    32094
     428 3    32068    32117    32079
     429 3    32068    32096    32117
     430 3    32077    32119    32099
     431 3    32073    32099    32116
     432 3    32084    32125    32096
     433 3    32077    32101    32119
     434 3    32091    32129    32097
     435 3    32097    32130    32111
     436 3    32084    32110    32125
     437 3    32091    32115    32129
     438 3    32094    32132    32110
     439 3    32096    32133    32117
     440 3    32097    32129    32130
     441 3    32099    32135    32116
     442 3    32096    32125    32133
     443 3    32094    32116    32132
     444 3    32101    32137    32119
     445 3    32111    32130    32138
     446 3    32079    32142    32115
     447 3    32079    32117    32142
     448 3    32099    32119    32135
     449 3    32110    32148    32125
     450 3    32129    32152    32130
     451 3    32116    32153    32132
     452 3    32110    32132    32148
     453 3    32119    32154    32135
     454 3    32130    32155    32138
     455 3    32117    32133    32159
     456 3    32115    32165    32129
     457 3    32116    32135    32153
     458 3    32133    32125    32166
     459 3    32119    32137    32154
     460 3    32117    32159    32142
     461 3    32130    32152    32155
     462 3    32115    32142    32165
     463 3    32129    32165    32152
     464 3    32132    32167    32148
     465 3    32138    32155    32168
     466 3    32125    32148    32166
     467 3    32135    32170    32153
     468 3    32137    32172    32154
     469 3    32132    32153    32167
     470 3    32135    32154    32170
     471 3    32133    32166    32159
     472 3    32152    32181    32155
     473 3    32152    32165    32182
     474 3    32155    32183    32168
     475 3    32155    32181    32183
     476 3    32152    32182    32181
     477 3    32182    32189    32181
     478 3    32183    32181    32190
     479 3    32153    32191    32167
     480 3    32168    32183    32192
     481 3    32154    32193    32170
     482 3    32142    32159    32194
     483 3    32148    32199    32166
     484 3    32165    32205    32182
     485 3    32159    32166    32210
     486 3    32142    32194    32165
     487 3    32148    32167    32199
     488 3    32153    32170    32191
     489 3    32154    32172    32193
     490 3    32165    32194    32205
     491 3    32181    32189    32190
     492 3    32159    32210    32194
     493 3    32183    32190    32192
     494 3    32182    32205    32189
     495 3    32166    32199    32210
     496 3    32167    32191    32199
     497 3    32170    32193    32191
     498 3    32172    32195    32193
     499 3    31838    31752    31793
 1                                                                              
 10                                                                             
 10                                                                             
       32195
       32193
       32191
       32199
       32210
       32194
       32205
       32189
       32190
       32192
 1                                                                              
 17                                                                             
      17       0                                                                
   32192
   32168
   32138
   32111
   32072
   32038
   32010
   31976
   31943
   31882
   31838
   31752
   31703
   31658
   31603
   31553
   31525
