Nodal attrs for bi_1997_v2.grd - 10/24/2013                                     
         292
           1
primitive_weighting_in_continuity_equation                                      
1                                                                               
           1
  0.300000000E-01
primitive_weighting_in_continuity_equation                                      
         286
       786    0.50000000E-02
       789    0.50000000E-02
       795    0.50000000E-02
       818    0.50000000E-02
       820    0.50000000E-02
       821    0.50000000E-02
       823    0.50000000E-02
       833    0.50000000E-02
       858    0.50000000E-02
       859    0.50000000E-02
       861    0.50000000E-02
       866    0.50000000E-02
       867    0.50000000E-02
       872    0.50000000E-02
       895    0.50000000E-02
       897    0.50000000E-02
       899    0.50000000E-02
       904    0.50000000E-02
       907    0.50000000E-02
       912    0.50000000E-02
       916    0.50000000E-02
       933    0.50000000E-02
       934    0.50000000E-02
       942    0.50000000E-02
       943    0.50000000E-02
       949    0.50000000E-02
       950    0.50000000E-02
       959    0.50000000E-02
       972    0.50000000E-02
       976    0.50000000E-02
       977    0.50000000E-02
       984    0.50000000E-02
       985    0.50000000E-02
       990    0.50000000E-02
       993    0.50000000E-02
      1009    0.50000000E-02
      1010    0.50000000E-02
      1013    0.50000000E-02
      1014    0.50000000E-02
      1021    0.50000000E-02
      1026    0.50000000E-02
      1039    0.50000000E-02
      1044    0.50000000E-02
      1046    0.50000000E-02
      1050    0.50000000E-02
      1052    0.50000000E-02
      1056    0.50000000E-02
      1063    0.50000000E-02
      1070    0.50000000E-02
      1080    0.50000000E-02
      1082    0.50000000E-02
      1087    0.50000000E-02
      1092    0.50000000E-02
      1096    0.50000000E-02
      1106    0.50000000E-02
      1118    0.50000000E-02
      1121    0.50000000E-02
      1122    0.50000000E-02
      1128    0.50000000E-02
      1130    0.50000000E-02
      1135    0.50000000E-02
      1137    0.50000000E-02
      1152    0.50000000E-02
      1160    0.50000000E-02
      1163    0.50000000E-02
      1164    0.50000000E-02
      1174    0.50000000E-02
      1176    0.50000000E-02
      1186    0.50000000E-02
      1197    0.50000000E-02
      1198    0.50000000E-02
      1202    0.50000000E-02
      1203    0.50000000E-02
      1205    0.50000000E-02
      1213    0.50000000E-02
      1220    0.50000000E-02
      1234    0.50000000E-02
      1235    0.50000000E-02
      1237    0.50000000E-02
      1239    0.50000000E-02
      1244    0.50000000E-02
      1248    0.50000000E-02
      1263    0.50000000E-02
      1273    0.50000000E-02
      1274    0.50000000E-02
      1277    0.50000000E-02
      1281    0.50000000E-02
      1284    0.50000000E-02
      1285    0.50000000E-02
      1296    0.50000000E-02
      1304    0.50000000E-02
      1310    0.50000000E-02
      1314    0.50000000E-02
      1318    0.50000000E-02
      1319    0.50000000E-02
      1326    0.50000000E-02
      1329    0.50000000E-02
      1346    0.50000000E-02
      1351    0.50000000E-02
      1352    0.50000000E-02
      1354    0.50000000E-02
      1359    0.50000000E-02
      1364    0.50000000E-02
      1372    0.50000000E-02
      1375    0.50000000E-02
      1384    0.50000000E-02
      1385    0.50000000E-02
      1388    0.50000000E-02
      1395    0.50000000E-02
      1399    0.50000000E-02
      1408    0.50000000E-02
      1409    0.50000000E-02
      1424    0.50000000E-02
      1426    0.50000000E-02
      1428    0.50000000E-02
      1429    0.50000000E-02
      1433    0.50000000E-02
      1436    0.50000000E-02
      1455    0.50000000E-02
      1456    0.50000000E-02
      1460    0.50000000E-02
      1462    0.50000000E-02
      1466    0.50000000E-02
      1471    0.50000000E-02
      1475    0.50000000E-02
      1478    0.50000000E-02
      1479    0.50000000E-02
      1492    0.50000000E-02
      1493    0.50000000E-02
      1497    0.50000000E-02
      1500    0.50000000E-02
      1505    0.50000000E-02
      1508    0.50000000E-02
      1510    0.50000000E-02
      1526    0.50000000E-02
      1527    0.50000000E-02
      1531    0.50000000E-02
      1533    0.50000000E-02
      1534    0.50000000E-02
      1538    0.50000000E-02
      1546    0.50000000E-02
      1548    0.50000000E-02
      1552    0.50000000E-02
      1563    0.50000000E-02
      1564    0.50000000E-02
      1569    0.50000000E-02
      1576    0.50000000E-02
      1579    0.50000000E-02
      1583    0.50000000E-02
      1590    0.50000000E-02
      1599    0.50000000E-02
      1600    0.50000000E-02
      1601    0.50000000E-02
      1602    0.50000000E-02
      1603    0.50000000E-02
      1612    0.50000000E-02
      1613    0.50000000E-02
      1621    0.50000000E-02
      1627    0.50000000E-02
      1630    0.50000000E-02
      1634    0.50000000E-02
      1637    0.50000000E-02
      1643    0.50000000E-02
      1646    0.50000000E-02
      1655    0.50000000E-02
      1657    0.50000000E-02
      1664    0.50000000E-02
      1666    0.50000000E-02
      1670    0.50000000E-02
      1673    0.50000000E-02
      1675    0.50000000E-02
      1677    0.50000000E-02
      1685    0.50000000E-02
      1693    0.50000000E-02
      1697    0.50000000E-02
      1699    0.50000000E-02
      1705    0.50000000E-02
      1709    0.50000000E-02
      1714    0.50000000E-02
      1716    0.50000000E-02
      1727    0.50000000E-02
      1730    0.50000000E-02
      1732    0.50000000E-02
      1734    0.50000000E-02
      1743    0.50000000E-02
      1750    0.50000000E-02
      1754    0.50000000E-02
      1756    0.50000000E-02
      1759    0.50000000E-02
      1760    0.50000000E-02
      1772    0.50000000E-02
      1777    0.50000000E-02
      1784    0.50000000E-02
      1785    0.50000000E-02
      1791    0.50000000E-02
      1798    0.50000000E-02
      1801    0.50000000E-02
      1807    0.50000000E-02
      1811    0.50000000E-02
      1813    0.50000000E-02
      1817    0.50000000E-02
      1818    0.50000000E-02
      1821    0.50000000E-02
      1823    0.50000000E-02
      1827    0.50000000E-02
      1828    0.50000000E-02
      1832    0.50000000E-02
      1851    0.50000000E-02
      1853    0.50000000E-02
      1862    0.50000000E-02
      1866    0.50000000E-02
      1871    0.50000000E-02
      1873    0.50000000E-02
      1879    0.50000000E-02
      1882    0.50000000E-02
      1883    0.50000000E-02
      1884    0.50000000E-02
      1888    0.50000000E-02
      1889    0.50000000E-02
      1899    0.50000000E-02
      1905    0.50000000E-02
      1910    0.50000000E-02
      1915    0.50000000E-02
      1923    0.50000000E-02
      1929    0.50000000E-02
      1933    0.50000000E-02
      1934    0.50000000E-02
      1935    0.50000000E-02
      1937    0.50000000E-02
      1945    0.50000000E-02
      1946    0.50000000E-02
      1950    0.50000000E-02
      1951    0.50000000E-02
      1960    0.50000000E-02
      1963    0.50000000E-02
      1965    0.50000000E-02
      1977    0.50000000E-02
      1980    0.50000000E-02
      1993    0.50000000E-02
      1996    0.50000000E-02
      1998    0.50000000E-02
      2004    0.50000000E-02
      2005    0.50000000E-02
      2010    0.50000000E-02
      2011    0.20000000E-01
      2013    0.50000000E-02
      2016    0.50000000E-02
      2020    0.50000000E-02
      2021    0.50000000E-02
      2039    0.50000000E-02
      2045    0.20000000E-01
      2048    0.50000000E-02
      2053    0.50000000E-02
      2060    0.50000000E-02
      2065    0.50000000E-02
      2067    0.20000000E-01
      2069    0.50000000E-02
      2075    0.50000000E-02
      2078    0.50000000E-02
      2086    0.50000000E-02
      2088    0.50000000E-02
      2090    0.50000000E-02
      2096    0.20000000E-01
      2097    0.20000000E-01
      2113    0.20000000E-01
      2122    0.20000000E-01
      2127    0.50000000E-02
      2128    0.50000000E-02
      2140    0.50000000E-02
      2141    0.20000000E-01
      2147    0.50000000E-02
      2148    0.50000000E-02
      2151    0.20000000E-01
      2153    0.50000000E-02
      2155    0.50000000E-02
      2156    0.50000000E-02
      2171    0.20000000E-01
      2186    0.20000000E-01
      2199    0.20000000E-01
      2204    0.20000000E-01
      2205    0.20000000E-01
      2207    0.20000000E-01
      2210    0.20000000E-01
      2212    0.20000000E-01
      2213    0.20000000E-01
      2219    0.20000000E-01
