FileFmt      1050624           0           0
NELG           58641         560         524
        1519
        1524
        1525
        1533
        1534
        1535
        1591
        1593
        1595
        1596
        1600
        1606
        1607
        1610
       -1613
        1619
        1664
        1665
        1672
        1676
        1677
        1678
        1679
        1687
        1692
       -1693
       -1695
        1702
        1739
        1743
        1745
        1747
        1748
        1757
        1758
        1760
        1763
        1774
       -1775
        1781
        1792
        1811
        1813
        1817
        1820
        1821
        1822
        1825
        1836
       -1839
        1840
        1849
        1862
        1874
        1883
        1886
        1890
        1893
        1895
        1899
        1901
        1908
        1910
       -1922
        1925
        1935
        1955
        1958
        1961
        1965
        1968
        1970
        1975
        1977
        1982
       -1985
        1991
        2001
        2019
        2029
        2035
        2036
        2040
        2045
        2049
        2051
        2053
        2060
       -2064
        2066
        2081
        2090
        2103
        2107
        2108
        2111
        2112
        2113
        2122
        2128
       -2132
        2133
        2147
        2158
        2174
        2181
        2182
        2187
        2191
        2192
        2193
        2194
        2197
       -2210
        2211
        2225
        2236
        2254
        2259
        2263
        2267
        2268
        2269
        2275
       -2278
        2279
        2281
        2286
        2302
        2312
        2328
        2329
        2331
        2337
        2339
        2341
        2345
        2351
       -2355
        2356
        2364
        2375
        2397
        2401
        2407
        2409
        2411
        2413
        2418
        2420
       -2427
        2433
        2438
        2444
        2461
        2475
        2485
        2486
        2488
        2490
        2493
        2495
        2500
        2502
       -2509
       -2517
        2521
        2527
        2531
        2548
        2549
        2554
        2557
        2559
        2561
        2571
        2577
        2578
        2580
        2591
       -2592
        2605
        2606
        2625
        2629
        2631
        2633
        2635
        2637
        2640
        2644
        2651
       -2657
        2658
        2664
        2688
        2690
        2699
        2702
        2704
        2705
        2708
        2711
        2721
        2723
        2726
        2735
       -2738
        2739
        2758
        2764
        2765
        2766
        2769
        2775
        2779
        2780
        2781
        2787
        2796
       -2809
        2814
        2818
        2830
        2834
        2843
        2844
        2847
        2848
        2849
        2858
        2862
        2864
        2867
        2875
       -2879
        2880
        2885
        2902
        2903
        2905
        2907
        2915
        2917
        2927
        2928
        2930
        2935
        2941
        2951
       -2954
        2956
        2967
        2969
        2973
        2977
        2978
        2979
        2984
        2995
        2998
        3001
        3005
        3011
        3019
       -3029
        3034
        3039
        3043
        3045
        3046
        3048
       -3050
        3055
        3059
        3063
        3074
        3082
        3083
        3086
        3089
        3095
        3096
        3103
        3104
        3108
        3113
        3115
        3116
       -3118
        3120
        3124
        3139
        3150
        3154
        3156
        3161
        3163
        3166
        3167
        3180
        3181
        3188
        3190
        3196
        3198
       -3205
        3206
        3212
        3216
        3217
        3221
        3223
        3229
        3233
        3237
        3241
        3244
        3250
        3258
        3259
        3260
        3264
        3271
       -3274
        3280
        3283
        3286
        3288
        3304
        3309
        3311
        3312
        3314
        3317
        3319
        3329
        3330
        3332
        3333
        3340
        3344
        3345
       -3358
        3360
        3361
        3362
        3367
        3371
        3376
        3386
        3393
        3395
        3401
        3402
        3406
        3409
        3410
        3415
        3417
        3421
        3428
       -3429
        3433
        3435
        3441
        3458
        3462
        3463
        3470
        3472
        3473
        3478
        3487
        3488
        3495
        3504
        3506
        3512
       -3513
        3514
        3523
        3529
        3531
        3537
        3538
        3539
        3542
        3564
        3565
        3569
        3570
        3577
        3582
       -3585
        3587
        3591
        3593
        3595
        3609
        3612
        3620
       -3621
        3632
        3633
        3636
        3637
        3649
        3654
        3655
        3661
        3663
        3670
        3678
        3684
        3687
       -3690
        3694
        3703
        3711
        3720
        3721
        3724
        3726
        3729
        3730
       -3736
        3749
        3756
        3758
        3769
        3773
        3774
        3777
        3783
        3786
       -3788
        3790
        3796
        3801
        3803
        3804
        3807
        3830
        3831
        3842
        3843
        3849
        3850
        3856
        3859
        3861
        3863
        3866
        3874
        3881
        3887
       -3896
        3898
        3902
        3905
        3915
        3918
        3926
        3937
        3939
        3940
        3943
        3950
        3957
       -3958
        3961
        3965
        3970
        3978
        3984
        3988
        3990
        3992
        3993
        3998
        4008
        4019
        4021
        4034
        4045
        4046
        4056
        4057
        4064
        4065
       -4067
        4068
        4070
        4072
        4082
        4088
        4099
        4100
        4103
        4106
        4107
        4108
        4117
        4119
        4141
        4148
        4164
        4176
        4177
        4180
        4184
        4191
        4193
        4194
        4201
        4203
        4214
        4239
        4244
        4247
        4248
        4249
        4257
NNODG          32218         319         292
        -786
        -789
        -795
        -818
        -820
        -821
        -823
        -833
        -858
         859
         861
         866
        -867
        -872
         895
         897
         899
         904
         907
        -912
        -916
         933
         934
         942
         943
         949
         950
        -959
         972
         976
         977
         984
         985
        -990
         993
        1009
        1010
        1013
        1014
        1021
        1026
       -1039
        1044
        1046
        1050
        1052
        1056
       -1063
        1070
        1080
        1082
        1087
        1092
        1096
        1106
       -1118
        1121
        1122
        1128
        1130
       -1135
        1137
        1152
        1160
        1163
        1164
        1174
        1176
        1186
        1197
        1198
        1202
       -1203
        1205
       -1213
        1220
        1234
        1235
        1237
        1239
        1244
        1248
        1263
        1273
        1274
        1277
        1281
       -1284
       -1285
        1296
        1304
        1310
        1314
        1318
        1319
        1326
       -1329
        1346
        1351
        1352
        1354
        1359
        1364
       -1372
        1375
        1384
        1385
        1388
        1395
        1399
        1408
       -1409
        1424
        1426
        1428
        1429
        1433
        1436
        1455
       -1456
        1460
        1462
        1466
        1471
        1475
       -1478
        1479
        1492
        1493
        1497
        1500
        1505
        1508
       -1510
        1526
        1527
        1531
        1533
        1534
        1538
        1546
       -1548
        1552
        1563
        1564
        1569
        1576
        1579
        1583
       -1590
        1599
       -1600
        1601
        1602
        1603
        1612
        1613
        1621
        1627
        1630
        1634
        1637
        1643
        1646
        1655
        1657
        1664
        1666
        1670
        1673
       -1675
       -1677
        1685
        1690
        1693
        1697
        1699
        1705
        1709
        1714
        1716
        1721
        1724
        1727
        1730
        1732
       -1734
        1739
        1743
       -1750
        1754
        1756
        1759
        1760
        1772
        1773
        1777
        1779
        1784
        1785
        1791
        1798
        1801
        1807
        1811
        1813
       -1817
        1818
        1821
        1823
        1827
       -1828
        1832
        1851
        1853
        1862
        1866
        1871
        1873
        1879
       -1882
        1883
        1884
        1888
        1889
       -1899
        1905
        1910
        1915
        1923
        1929
       -1933
        1934
        1935
        1937
        1945
        1946
        1950
        1951
        1960
        1963
       -1965
        1977
        1980
        1993
        1996
        1998
        2004
        2005
        2010
       -2011
        2013
        2016
        2020
        2021
        2039
        2045
       -2048
        2053
        2060
        2065
        2067
        2069
        2075
        2078
        2086
        2088
        2090
        2096
       -2097
        2113
        2122
       -2127
        2128
        2140
        2141
        2147
        2148
        2151
        2153
        2155
        2156
        2171
        2186
        2199
       -2204
        2205
        2207
        2210
        2212
        2213
        2219
NFLUXF             0
NETA             128          29           0
NSTAE              0           0           0
NSTAV              0           0           0
NSTAM              0           0           0
NSTAC              0           0           0
RES NODE          58         245
                  10          11          12          15          16          17
                  18          19          22          23          24          25
                  26          27          29          30          31          32
                  33          35          36          37          38          39
                  40          41          43          44          45          46
                  47          49          50          51          52          53
                  54          55          57          58          59          60
                  62          63          64          65          66          67
                  68          69          70          71          72          74
                  76          77          78          79          80          81
                  82          83          84          85          86          87
                  90          91          92          93          94          95
                  96          98          99         100         101         102
                 103         105         106         107         108         109
                 110         111         113         114         115         116
                 117         118         119         121         122         123
                 124         125         127         128         129         130
                 131         132         133         135         136         137
                 138         139         140         141         143         144
                 145         146         147         148         149         151
                 153         154         155         156         157         158
                 159         160         161         162         163         164
                 165         166         167         168         169         170
                 173         174         175         176         177         178
                 179         180         181         182         183         184
                 185         186         188         189         191         192
                 193         194         195         196         197         198
                 199         200         201         202         203         204
                 205         206         208         209         210         211
                 213         214         215         216         217         218
                 219         220         222         223         224         225
                 227         228         229         230         231         233
                 234         235         236         237         238         239
                 240         241         243         244         245         246
                 247         248         249         250         252         253
                 254         255         256         257         259         260
                 261         262         263         264         265         266
                 267         268         269         271         272         274
                 275         276         277         278         279         280
                 281         282         283         284         285         287
                 288         289         290         291         292
COMM PE            3
RECV PE           57          19
                  14          21          34          48          61          75
                  88          97         112         126         142         152
                 172         190         212         221         232         251
                 270
RECV PE           59          11
                   1           2           3           4           5           6
                   7           8           9          13          20
RECV PE           60          17
                  28          42          56          73          89         104
                 120         134         150         171         187         207
                 226         242         258         273         286
SEND PE           57          19
                  19          27          40          54          67          81
                  95         103         118         133         149         159
                 178         199         216         228         241         257
                 272
SEND PE           59          11
                  10          11          12          15          16          17
                  18          19          22          26          35
SEND PE           60          17
                  35          49          63          77          94         110
                 125         138         157         176         191         213
                 229         244         260         275         288
