FileFmt      1050624           0           0
NELG           58641         560         492
       21550
       21623
       21646
       21689
       21720
       21777
       21794
       21830
       21870
       21890
       21895
       21912
       21922
       21929
       21974
       21997
       22007
       22052
       22060
       22069
       22083
       22088
       22118
       22122
       22149
       22154
       22163
       22190
       22191
       22232
       22243
       22247
       22255
       22300
       22309
       22326
       22339
       22343
       22362
       22372
       22385
       22396
       22423
       22433
       22434
       22440
       22475
       22478
       22483
       22486
       22512
       22538
       22542
       22559
       22560
       22561
       22562
       22620
       22623
       22636
       22648
       22650
       22658
       22675
       22678
       22689
       22727
       22735
       22739
       22741
       22762
       22769
       22787
       22797
       22800
       22813
       22833
       22855
       22859
       22866
       22871
       22874
       22882
       22889
       22890
       22918
       22927
       22942
       22966
       22973
       22985
       22986
       22989
       23038
       23042
       23057
       23062
       23063
       23066
       23093
       23101
       23104
       23119
       23126
       23134
       23142
       23146
       23160
       23169
       23185
       23207
       23210
       23231
       23235
       23243
       23255
       23257
       23281
       23286
       23296
       23299
       23300
       23305
       23311
       23323
       23337
       23353
       23358
       23362
       23373
       23377
       23382
       23388
       23398
       23401
       23409
       23410
       23420
       23422
       23433
       23442
       23447
       23452
       23464
       23465
       23472
       23483
       23484
       23490
       23494
       23507
       23509
       23511
       23526
       23531
       23540
       23549
       23550
       23570
       23571
       23576
       23580
       23581
       23584
       23587
       23588
       23612
       23621
       23624
       23633
       23646
       23648
       23654
       23655
       23664
       23665
       23669
       23676
       23682
       23690
       23691
       23693
       23711
       23718
       23725
       23730
       23733
       23734
       23737
       23745
       23747
       23757
       23758
       23761
       23767
       23789
       23793
       23794
       23796
       23801
       23803
       23804
       23809
       23820
       23823
       23831
       23844
       23849
       23856
       23859
       23862
       23864
       23871
       23875
       23876
       23877
       23882
       23890
       23901
       23903
       23906
       23909
       23911
       23915
       23916
       23920
       23922
       23939
       23941
       23947
       23948
       23949
       23958
       23959
       23965
       23967
       23968
       23974
       23979
       23980
       23984
       24005
       24008
       24009
       24014
       24019
       24027
       24028
       24030
       24036
       24041
       24045
       24046
       24053
       24063
       24064
       24065
       24066
       24068
       24072
       24083
       24093
       24097
       24099
       24100
       24102
       24104
       24114
       24120
       24123
       24124
       24132
       24138
       24141
       24144
       24146
       24149
       24158
       24159
       24160
       24167
       24170
       24178
       24185
       24189
       24195
       24197
       24199
       24200
       24202
       24205
       24214
       24216
       24226
       24231
       24235
       24237
       24238
       24239
       24263
       24265
       24269
       24271
       24274
       24276
       24279
       24283
       24286
       24290
       24293
       24298
       24299
       24300
       24311
       24317
       24325
       24327
       24328
       24333
       24345
       24348
       24355
       24360
       24365
       24375
       24376
       24378
       24382
       24383
       24392
       24394
       24396
       24398
       24399
       24416
       24419
       24423
       24426
       24427
       24433
       24445
       24453
       24462
       24463
       24465
       24468
       24477
       24484
       24485
       24487
       24489
       24490
       24493
       24515
       24521
       24525
       24533
       24536
       24539
       24547
       24556
       24563
       24564
       24569
       24571
       24579
       24585
       24586
       24588
       24589
       24592
       24596
       24626
       24627
       24628
       24630
       24633
       24635
       24664
       24673
       24677
       24678
       24679
       24683
       24691
       24697
       24701
       24708
       24714
       24722
       24725
       24739
       24740
       24759
       24764
       24765
       24774
       24775
       24783
       24795
       24803
       24807
       24808
       24823
       24831
       24838
       24853
       24854
       24856
       24873
       24878
       24881
       24884
       24902
       24904
       24914
       24919
       24921
       24926
       24943
       24945
       24950
       24952
       24955
       24957
       24970
       24978
       24991
       24995
       24996
       25010
       25011
       25014
       25037
       25040
       25047
       25049
       25050
       25070
       25074
       25082
       25088
       25098
       25108
       25109
       25116
       25119
       25124
       25128
       25136
       25139
       25140
       25148
       25180
       25181
       25183
       25187
       25221
       25234
       25238
       25239
       25255
       25267
       25270
       25274
       25281
       25290
       25297
       25314
       25323
       25330
       25352
       25353
       25357
       25370
       25373
       25377
       25394
       25413
       25427
       25431
       25436
       25445
       25468
       25508
       25510
       25529
       25540
       25561
       25644
       25679
       25700
NNODG          32218         319         280
      -11542
      -11543
       11594
       11595
       11635
       11636
       11668
       11669
       11727
       11728
       11750
       11751
       11752
       11779
      -11784
       11792
       11793
       11801
       11802
       11831
       11844
       11873
       11874
       11877
       11892
       11893
       11923
       11931
       11945
       11975
       11976
       11978
       12010
      -12019
       12034
       12041
       12047
       12048
       12057
       12075
       12099
       12100
       12120
       12133
       12146
       12147
       12178
       12187
       12192
       12196
       12208
      -12232
       12241
       12251
       12254
       12264
       12273
       12305
       12310
       12312
       12314
       12319
       12321
       12359
       12371
       12372
       12374
       12414
       12417
      -12421
       12430
       12436
       12438
      -12450
       12461
      -12465
       12475
       12483
       12499
       12501
       12516
       12522
       12536
       12541
       12543
       12544
       12545
       12556
      -12564
       12570
       12571
       12581
       12588
       12591
       12592
       12597
       12610
       12617
       12619
       12625
       12630
       12639
       12643
       12649
      -12656
       12658
       12666
       12679
       12685
      -12687
       12689
       12691
       12705
       12715
       12723
       12725
       12727
      -12732
       12733
       12744
       12745
       12758
       12763
      -12764
       12765
       12766
       12777
       12781
       12800
       12801
       12806
       12807
       12808
       12818
      -12833
       12836
       12838
       12846
       12847
       12848
       12852
       12855
       12863
       12868
       12870
       12878
      -12879
       12880
       12885
       12886
       12893
       12900
       12920
       12922
       12923
       12925
       12935
       12939
       12944
       12952
       12954
       12957
       12963
       12966
       12968
       12969
      -12979
      -12984
       12985
       12990
       12992
       12995
       12998
       13000
       13015
       13018
       13024
       13025
       13026
       13028
       13043
       13044
       13061
       13063
       13064
       13065
       13071
       13073
       13077
       13085
      -13088
       13094
       13095
       13099
       13106
       13107
       13122
       13129
       13131
       13132
       13135
       13151
       13153
       13165
      -13170
       13171
       13173
       13180
       13185
       13189
       13206
       13208
       13214
       13217
       13225
       13229
       13241
       13242
       13244
       13247
       13270
       13271
       13291
      -13293
       13296
       13298
       13301
       13310
       13319
       13334
       13335
       13343
       13346
       13363
       13370
       13382
       13387
       13404
       13414
       13417
       13418
      -13430
       13433
       13440
       13446
       13462
       13464
       13478
       13486
       13491
       13495
       13512
       13520
       13529
       13533
       13545
       13556
       13557
       13563
      -13570
       13573
       13574
       13607
       13637
       13645
       13656
       13663
       13666
       13669
       13679
       13687
       13700
       13713
       13714
      -13746
       13765
       13790
       13818
       13828
       13852
NFLUXF             0
NETA             128          29           0
NSTAE              0           0           0
NSTAV              0           0           0
NSTAM              0           0           0
NSTAC              0           0           0
RES NODE          44         257
                   3           4           5           6           7           8
                   9          10          11          12          13          14
                  16          17          18          19          20          21
                  22          23          24          25          26          27
                  28          29          30          31          32          33
                  35          36          37          38          39          40
                  41          42          43          44          45          46
                  47          48          49          50          51          53
                  54          55          56          57          58          59
                  60          61          62          63          64          65
                  66          67          68          69          71          72
                  73          75          77          78          79          80
                  81          82          83          84          85          86
                  87          88          90          91          92          93
                  94          95          96          97          98          99
                 100         101         102         103         104         106
                 107         108         109         111         112         113
                 114         115         116         117         119         120
                 121         122         123         125         126         127
                 128         129         130         131         132         133
                 134         136         137         138         139         140
                 141         142         143         144         145         146
                 148         149         150         151         152         153
                 154         155         156         157         158         159
                 160         161         162         163         164         165
                 166         169         170         171         172         173
                 174         175         176         177         178         179
                 180         181         182         183         184         185
                 186         187         188         189         190         192
                 193         194         195         196         197         198
                 199         200         201         202         203         204
                 206         207         208         209         210         211
                 212         213         214         215         216         217
                 218         219         220         221         222         223
                 225         226         227         228         229         230
                 231         232         233         234         235         236
                 237         238         239         240         241         243
                 244         245         246         247         248         249
                 250         251         252         253         254         255
                 256         257         258         259         261         262
                 263         264         265         266         267         268
                 269         270         271         272         273         274
                 276         277         278         279         280
COMM PE            2
RECV PE           45          14
                  70          76          89         110         118         124
                 147         168         191         205         224         242
                 260         275
RECV PE           77           9
                   1           2          15          34          52          74
                 105         135         167
SEND PE           45          13
                  81          87         102         126         132         140
                 160         184         198         220         237         254
                 272
SEND PE           77           9
                   3           4          20          39          57          79
                 111         141         166
