bi_1997_v2.grd                                                                  
     537     297
    3473 -0.765521100000E+02  0.343828200000E+02  0.201260000000E+02
    3480 -0.765350200000E+02  0.343850300000E+02  0.183750000000E+02
    3537 -0.765636800000E+02  0.343967000000E+02  0.206840000000E+02
    3539 -0.765450100000E+02  0.343968800000E+02  0.185190000000E+02
    3541 -0.765293600000E+02  0.343968800000E+02  0.164200000000E+02
    3574 -0.765233200000E+02  0.344055400000E+02  0.151100000000E+02
    3601 -0.765361100000E+02  0.344092800000E+02  0.163030000000E+02
    3606 -0.765540700000E+02  0.344108000000E+02  0.188980000000E+02
    3610 -0.765178400000E+02  0.344118800000E+02  0.139360000000E+02
    3620 -0.765737600000E+02  0.344128800000E+02  0.213800000000E+02
    3625 -0.765260900000E+02  0.344128600000E+02  0.145540000000E+02
    3634 -0.765050600000E+02  0.344178100000E+02  0.135160000000E+02
    3635 -0.764970000000E+02  0.344178400000E+02  0.138460000000E+02
    3637 -0.765134400000E+02  0.344180500000E+02  0.141360000000E+02
    3641 -0.765220200000E+02  0.344185800000E+02  0.141670000000E+02
    3646 -0.765313400000E+02  0.344192000000E+02  0.148730000000E+02
    3667 -0.765439200000E+02  0.344231100000E+02  0.162610000000E+02
    3672 -0.765011700000E+02  0.344240200000E+02  0.149460000000E+02
    3674 -0.764933100000E+02  0.344240800000E+02  0.160300000000E+02
    3675 -0.765092900000E+02  0.344241700000E+02  0.153770000000E+02
    3681 -0.765176100000E+02  0.344245600000E+02  0.153430000000E+02
    3686 -0.765260800000E+02  0.344252400000E+02  0.148910000000E+02
    3692 -0.765621300000E+02  0.344262000000E+02  0.180700000000E+02
    3697 -0.765340400000E+02  0.344264100000E+02  0.149660000000E+02
    3699 -0.764974100000E+02  0.344302200000E+02  0.184980000000E+02
    3700 -0.765053300000E+02  0.344302800000E+02  0.179990000000E+02
    3701 -0.764897100000E+02  0.344303300000E+02  0.179250000000E+02
    3704 -0.765134200000E+02  0.344305500000E+02  0.174210000000E+02
    3708 -0.765817200000E+02  0.344307300000E+02  0.193830000000E+02
    3710 -0.765216600000E+02  0.344310800000E+02  0.166750000000E+02
    3715 -0.765300000000E+02  0.344319000000E+02  0.159100000000E+02
    3719 -0.765390000000E+02  0.344328500000E+02  0.156760000000E+02
    3733 -0.765015100000E+02  0.344364000000E+02  0.177470000000E+02
    3735 -0.764937800000E+02  0.344364400000E+02  0.159440000000E+02
    3737 -0.765094300000E+02  0.344365700000E+02  0.189410000000E+02
    3738 -0.764862100000E+02  0.344365900000E+02  0.141890000000E+02
    3741 -0.765174700000E+02  0.344369500000E+02  0.185830000000E+02
    3746 -0.765510300000E+02  0.344374500000E+02  0.165960000000E+02
    3747 -0.765256000000E+02  0.344376000000E+02  0.178340000000E+02
    3749 -0.766031200000E+02  0.344371000000E+02  0.209940000000E+02
    3758 -0.765337800000E+02  0.344385500000E+02  0.170230000000E+02
    3766 -0.765414000000E+02  0.344400400000E+02  0.165900000000E+02
    3773 -0.764978400000E+02  0.344425500000E+02  0.156690000000E+02
    3774 -0.765055900000E+02  0.344426200000E+02  0.168450000000E+02
    3775 -0.764902600000E+02  0.344426700000E+02  0.140130000000E+02
    3776 -0.765134700000E+02  0.344428700000E+02  0.183560000000E+02
    3777 -0.764828000000E+02  0.344428700000E+02  0.133030000000E+02
    3778 -0.765683800000E+02  0.344425500000E+02  0.175030000000E+02
    3781 -0.765214200000E+02  0.344433600000E+02  0.185930000000E+02
    3784 -0.765294200000E+02  0.344441100000E+02  0.183630000000E+02
    3788 -0.765374000000E+02  0.344451700000E+02  0.179470000000E+02
    3792 -0.765458600000E+02  0.344464300000E+02  0.174110000000E+02
    3793 -0.766261900000E+02  0.344456400000E+02  0.213650000000E+02
    3798 -0.765019000000E+02  0.344487000000E+02  0.163120000000E+02
    3801 -0.764943100000E+02  0.344487500000E+02  0.159580000000E+02
    3804 -0.765096300000E+02  0.344488400000E+02  0.168410000000E+02
    3805 -0.764868400000E+02  0.344489100000E+02  0.159300000000E+02
    3808 -0.764795000000E+02  0.344491600000E+02  0.156270000000E+02
    3809 -0.765174400000E+02  0.344491800000E+02  0.175930000000E+02
    3815 -0.765253000000E+02  0.344497400000E+02  0.179420000000E+02
    3819 -0.765871900000E+02  0.344496300000E+02  0.183160000000E+02
    3823 -0.765331400000E+02  0.344505700000E+02  0.180760000000E+02
    3829 -0.765409000000E+02  0.344516600000E+02  0.180410000000E+02
    3830 -0.765566000000E+02  0.344513900000E+02  0.172330000000E+02
    3841 -0.765479100000E+02  0.344532200000E+02  0.179460000000E+02
    3842 -0.764983400000E+02  0.344548400000E+02  0.167940000000E+02
    3843 -0.765059200000E+02  0.344548500000E+02  0.173150000000E+02
    3845 -0.764908800000E+02  0.344549500000E+02  0.155500000000E+02
    3846 -0.765136100000E+02  0.344550600000E+02  0.174390000000E+02
    3847 -0.764835200000E+02  0.344551600000E+02  0.149240000000E+02
    3850 -0.765213500000E+02  0.344554700000E+02  0.174020000000E+02
    3853 -0.765291000000E+02  0.344561000000E+02  0.174800000000E+02
    3858 -0.765368000000E+02  0.344569500000E+02  0.176590000000E+02
    3863 -0.765443300000E+02  0.344579800000E+02  0.178660000000E+02
    3868 -0.765518700000E+02  0.344588800000E+02  0.178100000000E+02
    3869 -0.766076500000E+02  0.344587700000E+02  0.193220000000E+02
    3876 -0.765023400000E+02  0.344609100000E+02  0.159890000000E+02
    3877 -0.764949000000E+02  0.344609900000E+02  0.134970000000E+02
    3878 -0.765099100000E+02  0.344610100000E+02  0.172440000000E+02
    3879 -0.765716600000E+02  0.344601700000E+02  0.175290000000E+02
    3880 -0.764875400000E+02  0.344611600000E+02  0.117790000000E+02
    3882 -0.765175400000E+02  0.344612900000E+02  0.176080000000E+02
    3887 -0.765251900000E+02  0.344617600000E+02  0.175550000000E+02
    3889 -0.765595100000E+02  0.344614300000E+02  0.174540000000E+02
    3893 -0.765328500000E+02  0.344624300000E+02  0.174460000000E+02
    3897 -0.765404600000E+02  0.344632800000E+02  0.176490000000E+02
    3902 -0.765479800000E+02  0.344642400000E+02  0.178710000000E+02
    3904 -0.765548200000E+02  0.344653200000E+02  0.177340000000E+02
    3911 -0.765063200000E+02  0.344670000000E+02  0.147340000000E+02
    3912 -0.764988900000E+02  0.344670200000E+02  0.129120000000E+02
    3913 -0.764915500000E+02  0.344671500000E+02  0.112260000000E+02
    3914 -0.765138300000E+02  0.344671700000E+02  0.164600000000E+02
    3916 -0.764843000000E+02  0.344673800000E+02  0.993900000000E+01
    3918 -0.765213900000E+02  0.344675100000E+02  0.175030000000E+02
    3923 -0.765289800000E+02  0.344680400000E+02  0.177050000000E+02
    3930 -0.765365700000E+02  0.344687500000E+02  0.176470000000E+02
    3934 -0.765442000000E+02  0.344696400000E+02  0.178250000000E+02
    3935 -0.765905000000E+02  0.344686800000E+02  0.183300000000E+02
    3940 -0.765521300000E+02  0.344706700000E+02  0.178900000000E+02
    3944 -0.766294300000E+02  0.344697300000E+02  0.197210000000E+02
    3947 -0.765624900000E+02  0.344716000000E+02  0.176170000000E+02
    3950 -0.765028300000E+02  0.344730300000E+02  0.129520000000E+02
    3951 -0.765102300000E+02  0.344730900000E+02  0.145310000000E+02
    3952 -0.764955200000E+02  0.344731200000E+02  0.106400000000E+02
    3953 -0.765176800000E+02  0.344733200000E+02  0.161450000000E+02
    3954 -0.764883000000E+02  0.344733200000E+02  0.905200000000E+01
    3955 -0.764811500000E+02  0.344735900000E+02  0.737800000000E+01
    3957 -0.765251700000E+02  0.344737200000E+02  0.174400000000E+02
    3960 -0.765326800000E+02  0.344743100000E+02  0.176290000000E+02
    3965 -0.765401900000E+02  0.344750900000E+02  0.176920000000E+02
    3972 -0.765477600000E+02  0.344760800000E+02  0.179420000000E+02
    3974 -0.765767200000E+02  0.344762100000E+02  0.178620000000E+02
    3979 -0.765553900000E+02  0.344773900000E+02  0.179340000000E+02
    3983 -0.765067300000E+02  0.344790300000E+02  0.127430000000E+02
    3984 -0.764994700000E+02  0.344790600000E+02  0.958900000000E+01
    3986 -0.765140700000E+02  0.344791600000E+02  0.147420000000E+02
    3988 -0.764922700000E+02  0.344792200000E+02  0.803400000000E+01
    3989 -0.765214500000E+02  0.344794500000E+02  0.164190000000E+02
    3990 -0.764851500000E+02  0.344794800000E+02  0.628800000000E+01
    3994 -0.765288400000E+02  0.344799300000E+02  0.173540000000E+02
    3996 -0.765613500000E+02  0.344799200000E+02  0.179260000000E+02
    4001 -0.765362400000E+02  0.344805900000E+02  0.174110000000E+02
    4004 -0.765436100000E+02  0.344814400000E+02  0.177540000000E+02
    4010 -0.765680700000E+02  0.344819800000E+02  0.179500000000E+02
    4011 -0.765508500000E+02  0.344825100000E+02  0.179870000000E+02
    4013 -0.766093600000E+02  0.344819600000E+02  0.188350000000E+02
    4014 -0.765575300000E+02  0.344838400000E+02  0.179920000000E+02
    4020 -0.765033500000E+02  0.344849700000E+02  0.112690000000E+02
    4021 -0.765105500000E+02  0.344850000000E+02  0.136630000000E+02
    4022 -0.764962200000E+02  0.344850800000E+02  0.921900000000E+01
    4023 -0.765178100000E+02  0.344852000000E+02  0.152440000000E+02
    4024 -0.765630100000E+02  0.344850200000E+02  0.180150000000E+02
    4025 -0.764891400000E+02  0.344853100000E+02  0.821600000000E+01
    4026 -0.765250900000E+02  0.344855700000E+02  0.165360000000E+02
    4031 -0.765323700000E+02  0.344861200000E+02  0.171220000000E+02
    4034 -0.765902300000E+02  0.344854600000E+02  0.184230000000E+02
    4038 -0.765396300000E+02  0.344868500000E+02  0.173080000000E+02
    4042 -0.766530200000E+02  0.344856000000E+02  0.192990000000E+02
    4045 -0.765468100000E+02  0.344877400000E+02  0.177700000000E+02
    4051 -0.765537900000E+02  0.344887600000E+02  0.179300000000E+02
    4055 -0.765604900000E+02  0.344896700000E+02  0.179900000000E+02
    4056 -0.765674400000E+02  0.344897800000E+02  0.180310000000E+02
    4057 -0.765771400000E+02  0.344895200000E+02  0.182100000000E+02
    4061 -0.765071500000E+02  0.344908400000E+02  0.127020000000E+02
    4062 -0.765000900000E+02  0.344908900000E+02  0.109250000000E+02
    4063 -0.765142700000E+02  0.344909500000E+02  0.142370000000E+02
    4064 -0.764931000000E+02  0.344910800000E+02  0.819900000000E+01
    4065 -0.765214200000E+02  0.344912300000E+02  0.155300000000E+02
    4069 -0.765285900000E+02  0.344916800000E+02  0.166000000000E+02
    4073 -0.765357500000E+02  0.344923000000E+02  0.168930000000E+02
    4075 -0.766295900000E+02  0.344899700000E+02  0.187980000000E+02
    4078 -0.765428800000E+02  0.344930800000E+02  0.172480000000E+02
    4081 -0.765499400000E+02  0.344940000000E+02  0.176740000000E+02
    4086 -0.765569300000E+02  0.344949700000E+02  0.178500000000E+02
    4093 -0.765640100000E+02  0.344958500000E+02  0.179030000000E+02
    4095 -0.765038800000E+02  0.344966500000E+02  0.102470000000E+02
    4096 -0.765108600000E+02  0.344966700000E+02  0.127370000000E+02
    4098 -0.764969700000E+02  0.344967700000E+02  0.644200000000E+01
    4099 -0.765715900000E+02  0.344967700000E+02  0.180490000000E+02
    4101 -0.765178800000E+02  0.344968600000E+02  0.143810000000E+02
    4103 -0.765249100000E+02  0.344972200000E+02  0.155480000000E+02
    4107 -0.765319500000E+02  0.344977500000E+02  0.163000000000E+02
    4110 -0.765869900000E+02  0.344977700000E+02  0.183390000000E+02
    4112 -0.765389900000E+02  0.344984500000E+02  0.165900000000E+02
    4113 -0.766003500000E+02  0.344986900000E+02  0.183940000000E+02
    4116 -0.765460100000E+02  0.344993100000E+02  0.171950000000E+02
    4117 -0.765786700000E+02  0.344988000000E+02  0.182370000000E+02
    4119 -0.765530100000E+02  0.345003000000E+02  0.175510000000E+02
    4125 -0.765600700000E+02  0.345013800000E+02  0.177370000000E+02
    4130 -0.765075700000E+02  0.345023500000E+02  0.928800000000E+01
    4131 -0.765007600000E+02  0.345024000000E+02  0.572700000000E+01
    4132 -0.765144400000E+02  0.345024600000E+02  0.124260000000E+02
    4133 -0.766174900000E+02  0.345024900000E+02  0.184250000000E+02
    4135 -0.764940000000E+02  0.345025900000E+02  0.431500000000E+01
    4136 -0.765672900000E+02  0.345026100000E+02  0.178490000000E+02
    4137 -0.765213300000E+02  0.345027400000E+02  0.144930000000E+02
    4140 -0.765282400000E+02  0.345031800000E+02  0.155360000000E+02
    4146 -0.765351600000E+02  0.345038000000E+02  0.160550000000E+02
    4148 -0.765747100000E+02  0.345041700000E+02  0.180680000000E+02
    4151 -0.765420800000E+02  0.345045900000E+02  0.165810000000E+02
    4155 -0.765489900000E+02  0.345055500000E+02  0.170980000000E+02
    4157 -0.765827000000E+02  0.345058000000E+02  0.182330000000E+02
    4162 -0.765559400000E+02  0.345066800000E+02  0.173990000000E+02
    4168 -0.765044300000E+02  0.345079600000E+02  0.671900000000E+01
    4169 -0.765111400000E+02  0.345080000000E+02  0.102590000000E+02
    4170 -0.765629700000E+02  0.345080000000E+02  0.175390000000E+02
    4171 -0.764977700000E+02  0.345080800000E+02  0.520700000000E+01
    4172 -0.765178800000E+02  0.345081900000E+02  0.125220000000E+02
    4175 -0.765924600000E+02  0.345084300000E+02  0.182930000000E+02
    4176 -0.765246400000E+02  0.345085600000E+02  0.144740000000E+02
    4180 -0.765314200000E+02  0.345090900000E+02  0.153930000000E+02
    4182 -0.765701400000E+02  0.345095800000E+02  0.177090000000E+02
    4183 -0.765381900000E+02  0.345098100000E+02  0.158000000000E+02
    4186 -0.766385000000E+02  0.345100400000E+02  0.186190000000E+02
    4187 -0.765449800000E+02  0.345107100000E+02  0.164790000000E+02
    4192 -0.765775800000E+02  0.345115200000E+02  0.179860000000E+02
    4195 -0.765517700000E+02  0.345118100000E+02  0.169180000000E+02
    4203 -0.765586100000E+02  0.345131100000E+02  0.171510000000E+02
    4206 -0.765079700000E+02  0.345134600000E+02  0.823700000000E+01
    4208 -0.765014300000E+02  0.345135000000E+02  0.565600000000E+01
    4210 -0.765145600000E+02  0.345135800000E+02  0.111720000000E+02
    4213 -0.765211600000E+02  0.345138700000E+02  0.130190000000E+02
    4217 -0.765277900000E+02  0.345143200000E+02  0.145480000000E+02
    4218 -0.765854900000E+02  0.345141200000E+02  0.181500000000E+02
    4220 -0.765655100000E+02  0.345146700000E+02  0.172900000000E+02
    4221 -0.765344200000E+02  0.345149600000E+02  0.152610000000E+02
    4225 -0.765410500000E+02  0.345157800000E+02  0.158820000000E+02
    4229 -0.766053200000E+02  0.345160100000E+02  0.182170000000E+02
    4231 -0.765725300000E+02  0.345165600000E+02  0.175190000000E+02
    4233 -0.765476800000E+02  0.345168000000E+02  0.164680000000E+02
    4237 -0.765543200000E+02  0.345180400000E+02  0.167130000000E+02
    4241 -0.765049700000E+02  0.345188500000E+02  0.660400000000E+01
    4242 -0.765113800000E+02  0.345189000000E+02  0.912400000000E+01
    4243 -0.765936100000E+02  0.345181800000E+02  0.181180000000E+02
    4245 -0.765796500000E+02  0.345189100000E+02  0.177910000000E+02
    4246 -0.765178300000E+02  0.345191000000E+02  0.119560000000E+02
    4249 -0.765242900000E+02  0.345194800000E+02  0.133780000000E+02
    4250 -0.765609800000E+02  0.345195200000E+02  0.168770000000E+02
    4252 -0.766215700000E+02  0.345182200000E+02  0.183490000000E+02
    4254 -0.765307600000E+02  0.345200200000E+02  0.146030000000E+02
    4258 -0.765372300000E+02  0.345207600000E+02  0.152910000000E+02
    4262 -0.765676800000E+02  0.345212900000E+02  0.170540000000E+02
    4263 -0.765436900000E+02  0.345216800000E+02  0.159930000000E+02
    4271 -0.765866900000E+02  0.345218800000E+02  0.178750000000E+02
    4273 -0.765501400000E+02  0.345228200000E+02  0.163590000000E+02
    4274 -0.765986000000E+02  0.345232400000E+02  0.179890000000E+02
    4275 -0.765743900000E+02  0.345234100000E+02  0.173100000000E+02
    4276 -0.765083600000E+02  0.345241300000E+02  0.747900000000E+01
    4278 -0.765565900000E+02  0.345242000000E+02  0.164920000000E+02
    4279 -0.765146500000E+02  0.345242600000E+02  0.869200000000E+01
    4282 -0.765209500000E+02  0.345245500000E+02  0.119510000000E+02
    4286 -0.765272600000E+02  0.345250100000E+02  0.131140000000E+02
    4293 -0.765335600000E+02  0.345256400000E+02  0.143740000000E+02
    4295 -0.765928400000E+02  0.345253700000E+02  0.178270000000E+02
    4296 -0.765630300000E+02  0.345258400000E+02  0.166620000000E+02
    4298 -0.765810100000E+02  0.345259200000E+02  0.175530000000E+02
    4300 -0.765398500000E+02  0.345264700000E+02  0.151660000000E+02
    4306 -0.765461200000E+02  0.345275000000E+02  0.158100000000E+02
    4310 -0.765694500000E+02  0.345277700000E+02  0.168330000000E+02
    4312 -0.766035200000E+02  0.345281300000E+02  0.179080000000E+02
    4314 -0.765974500000E+02  0.345284700000E+02  0.177150000000E+02
    4315 -0.765523700000E+02  0.345287500000E+02  0.160420000000E+02
    4316 -0.765873100000E+02  0.345287700000E+02  0.176460000000E+02
    4319 -0.765116200000E+02  0.345293400000E+02  0.655500000000E+01
    4321 -0.765177600000E+02  0.345295400000E+02  0.770500000000E+01
    4324 -0.765239100000E+02  0.345299100000E+02  0.109390000000E+02
    4328 -0.765758000000E+02  0.345300100000E+02  0.171870000000E+02
    4330 -0.765585900000E+02  0.345302400000E+02  0.163070000000E+02
    4331 -0.765300500000E+02  0.345304500000E+02  0.125770000000E+02
    4334 -0.766145100000E+02  0.345306200000E+02  0.180570000000E+02
    4339 -0.765361800000E+02  0.345311700000E+02  0.141440000000E+02
    4343 -0.765931200000E+02  0.345316300000E+02  0.175720000000E+02
    4344 -0.766319000000E+02  0.345319200000E+02  0.183530000000E+02
    4345 -0.765422800000E+02  0.345320700000E+02  0.149080000000E+02
    4346 -0.765647700000E+02  0.345320100000E+02  0.164660000000E+02
    4349 -0.765820100000E+02  0.345325500000E+02  0.173560000000E+02
    4351 -0.765483400000E+02  0.345331900000E+02  0.155890000000E+02
    4355 -0.765708800000E+02  0.345340500000E+02  0.166940000000E+02
    4356 -0.765990100000E+02  0.345339200000E+02  0.175350000000E+02
    4359 -0.765147200000E+02  0.345344600000E+02  0.416100000000E+01
    4363 -0.765543600000E+02  0.345345400000E+02  0.159130000000E+02
    4364 -0.765207200000E+02  0.345347400000E+02  0.705000000000E+01
    4367 -0.765267200000E+02  0.345351800000E+02  0.102610000000E+02
    4371 -0.765880000000E+02  0.345352600000E+02  0.173780000000E+02
    4372 -0.765326800000E+02  0.345357900000E+02  0.121770000000E+02
    4374 -0.765603200000E+02  0.345361400000E+02  0.161920000000E+02
    4376 -0.765386300000E+02  0.345365700000E+02  0.137250000000E+02
    4378 -0.765769100000E+02  0.345363700000E+02  0.170020000000E+02
    4381 -0.766058900000E+02  0.345364500000E+02  0.176400000000E+02
    4383 -0.765445200000E+02  0.345375500000E+02  0.147220000000E+02
    4388 -0.765662200000E+02  0.345380000000E+02  0.163170000000E+02
    4389 -0.765939000000E+02  0.345379700000E+02  0.172780000000E+02
    4392 -0.765503500000E+02  0.345387400000E+02  0.152880000000E+02
    4395 -0.765828200000E+02  0.345389200000E+02  0.170750000000E+02
    4406 -0.765561100000E+02  0.345401700000E+02  0.157070000000E+02
    4409 -0.765720400000E+02  0.345401300000E+02  0.165700000000E+02
    4415 -0.766120700000E+02  0.345408200000E+02  0.176810000000E+02
    4418 -0.765999600000E+02  0.345408000000E+02  0.174210000000E+02
    4424 -0.765886500000E+02  0.345416400000E+02  0.171230000000E+02
    4425 -0.765618000000E+02  0.345418500000E+02  0.160830000000E+02
    4430 -0.765777800000E+02  0.345425300000E+02  0.168840000000E+02
    4431 -0.766210300000E+02  0.345426800000E+02  0.178660000000E+02
    4436 -0.765674100000E+02  0.345438000000E+02  0.163670000000E+02
    4446 -0.766060500000E+02  0.345443500000E+02  0.175050000000E+02
    4451 -0.765944700000E+02  0.345445100000E+02  0.172480000000E+02
    4457 -0.765834600000E+02  0.345451600000E+02  0.169860000000E+02
    4461 -0.765729400000E+02  0.345460200000E+02  0.166550000000E+02
    4470 -0.766002200000E+02  0.345475500000E+02  0.174100000000E+02
    4472 -0.765891100000E+02  0.345480000000E+02  0.171070000000E+02
    4480 -0.765784100000E+02  0.345485200000E+02  0.168640000000E+02
    4498 -0.766126400000E+02  0.345499100000E+02  0.175240000000E+02
    4502 -0.766053100000E+02  0.345505100000E+02  0.174420000000E+02
    4510 -0.765948000000E+02  0.345510300000E+02  0.172970000000E+02
    4514 -0.765838500000E+02  0.345513000000E+02  0.170680000000E+02
    4537 -0.766005700000E+02  0.345540600000E+02  0.174070000000E+02
    4545 -0.765893200000E+02  0.345543500000E+02  0.172310000000E+02
    4578 -0.765949700000E+02  0.345576400000E+02  0.174400000000E+02
       1 3     3473     3480     3539
       2 3     3480     3541     3539
       3 3     3473     3539     3537
       4 3     3541     3601     3539
       5 3     3539     3606     3537
       6 3     3541     3574     3601
       7 3     3574     3625     3601
       8 3     3574     3610     3625
       9 3     3539     3601     3606
      10 3     3537     3606     3620
      11 3     3625     3610     3641
      12 3     3625     3646     3601
      13 3     3610     3637     3641
      14 3     3625     3641     3646
      15 3     3601     3667     3606
      16 3     3634     3635     3672
      17 3     3637     3634     3675
      18 3     3637     3681     3641
      19 3     3601     3646     3667
      20 3     3641     3686     3646
      21 3     3606     3692     3620
      22 3     3635     3674     3672
      23 3     3634     3672     3675
      24 3     3637     3675     3681
      25 3     3646     3697     3667
      26 3     3641     3681     3686
      27 3     3646     3686     3697
      28 3     3672     3674     3699
      29 3     3675     3672     3700
      30 3     3681     3675     3704
      31 3     3606     3667     3692
      32 3     3681     3710     3686
      33 3     3697     3686     3715
      34 3     3674     3701     3699
      35 3     3672     3699     3700
      36 3     3697     3719     3667
      37 3     3675     3700     3704
      38 3     3681     3704     3710
      39 3     3686     3710     3715
      40 3     3620     3692     3708
      41 3     3697     3715     3719
      42 3     3700     3699     3733
      43 3     3699     3701     3735
      44 3     3704     3700     3737
      45 3     3710     3704     3741
      46 3     3667     3746     3692
      47 3     3710     3747     3715
      48 3     3715     3758     3719
      49 3     3667     3719     3746
      50 3     3699     3735     3733
      51 3     3701     3738     3735
      52 3     3700     3733     3737
      53 3     3704     3737     3741
      54 3     3710     3741     3747
      55 3     3715     3747     3758
      56 3     3719     3766     3746
      57 3     3719     3758     3766
      58 3     3733     3735     3773
      59 3     3737     3733     3774
      60 3     3735     3738     3775
      61 3     3741     3737     3776
      62 3     3692     3778     3708
      63 3     3747     3741     3781
      64 3     3747     3784     3758
      65 3     3735     3775     3773
      66 3     3733     3773     3774
      67 3     3738     3777     3775
      68 3     3766     3758     3788
      69 3     3737     3774     3776
      70 3     3741     3776     3781
      71 3     3692     3746     3778
      72 3     3747     3781     3784
      73 3     3766     3792     3746
      74 3     3758     3784     3788
      75 3     3774     3773     3798
      76 3     3773     3775     3801
      77 3     3776     3774     3804
      78 3     3775     3777     3805
      79 3     3766     3788     3792
      80 3     3781     3776     3809
      81 3     3784     3781     3815
      82 3     3708     3819     3749
      83 3     3784     3823     3788
      84 3     3773     3801     3798
      85 3     3775     3805     3801
      86 3     3774     3798     3804
      87 3     3777     3808     3805
      88 3     3776     3804     3809
      89 3     3788     3829     3792
      90 3     3746     3830     3778
      91 3     3781     3809     3815
      92 3     3746     3792     3830
      93 3     3784     3815     3823
      94 3     3708     3778     3819
      95 3     3788     3823     3829
      96 3     3792     3841     3830
      97 3     3792     3829     3841
      98 3     3798     3801     3842
      99 3     3804     3798     3843
     100 3     3801     3805     3845
     101 3     3809     3804     3846
     102 3     3805     3808     3847
     103 3     3815     3809     3850
     104 3     3823     3815     3853
     105 3     3823     3858     3829
     106 3     3801     3845     3842
     107 3     3798     3842     3843
     108 3     3805     3847     3845
     109 3     3804     3843     3846
     110 3     3809     3846     3850
     111 3     3841     3829     3863
     112 3     3815     3850     3853
     113 3     3841     3868     3830
     114 3     3823     3853     3858
     115 3     3749     3869     3793
     116 3     3829     3858     3863
     117 3     3843     3842     3876
     118 3     3842     3845     3877
     119 3     3846     3843     3878
     120 3     3778     3879     3819
     121 3     3845     3847     3880
     122 3     3841     3863     3868
     123 3     3850     3846     3882
     124 3     3749     3819     3869
     125 3     3853     3850     3887
     126 3     3778     3830     3879
     127 3     3830     3868     3889
     128 3     3858     3853     3893
     129 3     3842     3877     3876
     130 3     3830     3889     3879
     131 3     3845     3880     3877
     132 3     3863     3858     3897
     133 3     3843     3876     3878
     134 3     3846     3878     3882
     135 3     3850     3882     3887
     136 3     3868     3863     3902
     137 3     3853     3887     3893
     138 3     3858     3893     3897
     139 3     3868     3904     3889
     140 3     3863     3897     3902
     141 3     3868     3902     3904
     142 3     3878     3876     3911
     143 3     3876     3877     3912
     144 3     3877     3880     3913
     145 3     3882     3878     3914
     146 3     3887     3882     3918
     147 3     3893     3887     3923
     148 3     3897     3893     3930
     149 3     3876     3912     3911
     150 3     3877     3913     3912
     151 3     3878     3911     3914
     152 3     3880     3916     3913
     153 3     3902     3897     3934
     154 3     3882     3914     3918
     155 3     3819     3935     3869
     156 3     3887     3918     3923
     157 3     3904     3902     3940
     158 3     3893     3923     3930
     159 3     3819     3879     3935
     160 3     3897     3930     3934
     161 3     3889     3904     3947
     162 3     3793     3869     3944
     163 3     3889     3947     3879
     164 3     3902     3934     3940
     165 3     3911     3912     3950
     166 3     3914     3911     3951
     167 3     3912     3913     3952
     168 3     3918     3914     3953
     169 3     3913     3916     3954
     170 3     3923     3918     3957
     171 3     3930     3923     3960
     172 3     3934     3930     3965
     173 3     3912     3952     3950
     174 3     3904     3940     3947
     175 3     3911     3950     3951
     176 3     3913     3954     3952
     177 3     3914     3951     3953
     178 3     3916     3955     3954
     179 3     3918     3953     3957
     180 3     3934     3972     3940
     181 3     3923     3957     3960
     182 3     3879     3974     3935
     183 3     3930     3960     3965
     184 3     3940     3979     3947
     185 3     3934     3965     3972
     186 3     3879     3947     3974
     187 3     3951     3950     3983
     188 3     3950     3952     3984
     189 3     3953     3951     3986
     190 3     3940     3972     3979
     191 3     3952     3954     3988
     192 3     3957     3953     3989
     193 3     3954     3955     3990
     194 3     3960     3957     3994
     195 3     3947     3979     3996
     196 3     3960     4001     3965
     197 3     3950     3984     3983
     198 3     3952     3988     3984
     199 3     3951     3983     3986
     200 3     3965     4004     3972
     201 3     3954     3990     3988
     202 3     3953     3986     3989
     203 3     3957     3989     3994
     204 3     3947     4010     3974
     205 3     3947     3996     4010
     206 3     3972     4011     3979
     207 3     3960     3994     4001
     208 3     3965     4001     4004
     209 3     3869     4013     3944
     210 3     3869     3935     4013
     211 3     3979     4014     3996
     212 3     3972     4004     4011
     213 3     3983     3984     4020
     214 3     3986     3983     4021
     215 3     3984     3988     4022
     216 3     3979     4011     4014
     217 3     3989     3986     4023
     218 3     3996     4024     4010
     219 3     3988     3990     4025
     220 3     3994     3989     4026
     221 3     3994     4031     4001
     222 3     3996     4014     4024
     223 3     3935     3974     4034
     224 3     4001     4038     4004
     225 3     3984     4022     4020
     226 3     3983     4020     4021
     227 3     3988     4025     4022
     228 3     3986     4021     4023
     229 3     3989     4023     4026
     230 3     4004     4045     4011
     231 3     3994     4026     4031
     232 3     4001     4031     4038
     233 3     4011     4051     4014
     234 3     3935     4034     4013
     235 3     4004     4038     4045
     236 3     4024     4014     4055
     237 3     4010     4024     4056
     238 3     3974     4010     4057
     239 3     4011     4045     4051
     240 3     4021     4020     4061
     241 3     4020     4022     4062
     242 3     4023     4021     4063
     243 3     4022     4025     4064
     244 3     3974     4057     4034
     245 3     4026     4023     4065
     246 3     4014     4051     4055
     247 3     4026     4069     4031
     248 3     4010     4056     4057
     249 3     4024     4055     4056
     250 3     4031     4073     4038
     251 3     3944     4013     4075
     252 3     4020     4062     4061
     253 3     4021     4061     4063
     254 3     4022     4064     4062
     255 3     4038     4078     4045
     256 3     4023     4063     4065
     257 3     4026     4065     4069
     258 3     4045     4081     4051
     259 3     4031     4069     4073
     260 3     3944     4075     4042
     261 3     4038     4073     4078
     262 3     4055     4051     4086
     263 3     4045     4078     4081
     264 3     4056     4055     4093
     265 3     4061     4062     4095
     266 3     4051     4081     4086
     267 3     4063     4061     4096
     268 3     4062     4064     4098
     269 3     4056     4099     4057
     270 3     4065     4063     4101
     271 3     4069     4065     4103
     272 3     4055     4086     4093
     273 3     4069     4107     4073
     274 3     4034     4057     4110
     275 3     4073     4112     4078
     276 3     4056     4093     4099
     277 3     4034     4113     4013
     278 3     4061     4095     4096
     279 3     4062     4098     4095
     280 3     4063     4096     4101
     281 3     4065     4101     4103
     282 3     4078     4116     4081
     283 3     4057     4099     4117
     284 3     4069     4103     4107
     285 3     4057     4117     4110
     286 3     4073     4107     4112
     287 3     4081     4119     4086
     288 3     4078     4112     4116
     289 3     4086     4125     4093
     290 3     4034     4110     4113
     291 3     4081     4116     4119
     292 3     4096     4095     4130
     293 3     4095     4098     4131
     294 3     4101     4096     4132
     295 3     4013     4133     4075
     296 3     4093     4136     4099
     297 3     4103     4101     4137
     298 3     4086     4119     4125
     299 3     4103     4140     4107
     300 3     4107     4146     4112
     301 3     4117     4099     4148
     302 3     4093     4125     4136
     303 3     4095     4131     4130
     304 3     4096     4130     4132
     305 3     4098     4135     4131
     306 3     4112     4151     4116
     307 3     4101     4132     4137
     308 3     4013     4113     4133
     309 3     4103     4137     4140
     310 3     4116     4155     4119
     311 3     4099     4136     4148
     312 3     4107     4140     4146
     313 3     4117     4157     4110
     314 3     4112     4146     4151
     315 3     4119     4162     4125
     316 3     4116     4151     4155
     317 3     4117     4148     4157
     318 3     4130     4131     4168
     319 3     4132     4130     4169
     320 3     4125     4170     4136
     321 3     4131     4135     4171
     322 3     4137     4132     4172
     323 3     4119     4155     4162
     324 3     4110     4175     4113
     325 3     4137     4176     4140
     326 3     4140     4180     4146
     327 3     4125     4162     4170
     328 3     4136     4182     4148
     329 3     4146     4183     4151
     330 3     4110     4157     4175
     331 3     4130     4168     4169
     332 3     4131     4171     4168
     333 3     4132     4169     4172
     334 3     4137     4172     4176
     335 3     4075     4186     4042
     336 3     4151     4187     4155
     337 3     4140     4176     4180
     338 3     4136     4170     4182
     339 3     4146     4180     4183
     340 3     4148     4192     4157
     341 3     4155     4195     4162
     342 3     4151     4183     4187
     343 3     4148     4182     4192
     344 3     4162     4203     4170
     345 3     4155     4187     4195
     346 3     4169     4168     4206
     347 3     4168     4171     4208
     348 3     4172     4169     4210
     349 3     4172     4213     4176
     350 3     4075     4133     4186
     351 3     4176     4217     4180
     352 3     4157     4218     4175
     353 3     4162     4195     4203
     354 3     4170     4220     4182
     355 3     4180     4221     4183
     356 3     4157     4192     4218
     357 3     4168     4208     4206
     358 3     4169     4206     4210
     359 3     4172     4210     4213
     360 3     4183     4225     4187
     361 3     4170     4203     4220
     362 3     4176     4213     4217
     363 3     4113     4229     4133
     364 3     4180     4217     4221
     365 3     4182     4231     4192
     366 3     4187     4233     4195
     367 3     4113     4175     4229
     368 3     4183     4221     4225
     369 3     4182     4220     4231
     370 3     4195     4237     4203
     371 3     4187     4225     4233
     372 3     4206     4208     4241
     373 3     4210     4206     4242
     374 3     4175     4218     4243
     375 3     4192     4245     4218
     376 3     4213     4210     4246
     377 3     4195     4233     4237
     378 3     4213     4249     4217
     379 3     4203     4250     4220
     380 3     4133     4252     4186
     381 3     4217     4254     4221
     382 3     4192     4231     4245
     383 3     4175     4243     4229
     384 3     4221     4258     4225
     385 3     4206     4241     4242
     386 3     4203     4237     4250
     387 3     4210     4242     4246
     388 3     4213     4246     4249
     389 3     4220     4262     4231
     390 3     4133     4229     4252
     391 3     4217     4249     4254
     392 3     4225     4263     4233
     393 3     4221     4254     4258
     394 3     4218     4271     4243
     395 3     4220     4250     4262
     396 3     4218     4245     4271
     397 3     4233     4273     4237
     398 3     4225     4258     4263
     399 3     4243     4274     4229
     400 3     4231     4275     4245
     401 3     4242     4241     4276
     402 3     4233     4263     4273
     403 3     4237     4278     4250
     404 3     4246     4242     4279
     405 3     4231     4262     4275
     406 3     4246     4282     4249
     407 3     4249     4286     4254
     408 3     4237     4273     4278
     409 3     4254     4293     4258
     410 3     4243     4271     4295
     411 3     4243     4295     4274
     412 3     4250     4296     4262
     413 3     4242     4276     4279
     414 3     4245     4298     4271
     415 3     4246     4279     4282
     416 3     4258     4300     4263
     417 3     4249     4282     4286
     418 3     4245     4275     4298
     419 3     4250     4278     4296
     420 3     4254     4286     4293
     421 3     4263     4306     4273
     422 3     4262     4310     4275
     423 3     4258     4293     4300
     424 3     4274     4312     4229
     425 3     4274     4295     4314
     426 3     4273     4315     4278
     427 3     4262     4296     4310
     428 3     4263     4300     4306
     429 3     4271     4316     4295
     430 3     4279     4276     4319
     431 3     4271     4298     4316
     432 3     4282     4279     4321
     433 3     4282     4324     4286
     434 3     4274     4314     4312
     435 3     4273     4306     4315
     436 3     4275     4328     4298
     437 3     4278     4330     4296
     438 3     4286     4331     4293
     439 3     4252     4229     4334
     440 3     4275     4310     4328
     441 3     4293     4339     4300
     442 3     4279     4319     4321
     443 3     4278     4315     4330
     444 3     4282     4321     4324
     445 3     4229     4312     4334
     446 3     4295     4343     4314
     447 3     4252     4344     4186
     448 3     4286     4324     4331
     449 3     4300     4345     4306
     450 3     4296     4346     4310
     451 3     4295     4316     4343
     452 3     4293     4331     4339
     453 3     4298     4349     4316
     454 3     4296     4330     4346
     455 3     4306     4351     4315
     456 3     4298     4328     4349
     457 3     4300     4339     4345
     458 3     4310     4355     4328
     459 3     4314     4356     4312
     460 3     4321     4319     4359
     461 3     4306     4345     4351
     462 3     4315     4363     4330
     463 3     4321     4364     4324
     464 3     4310     4346     4355
     465 3     4314     4343     4356
     466 3     4324     4367     4331
     467 3     4316     4371     4343
     468 3     4315     4351     4363
     469 3     4331     4372     4339
     470 3     4316     4349     4371
     471 3     4330     4374     4346
     472 3     4321     4359     4364
     473 3     4339     4376     4345
     474 3     4328     4378     4349
     475 3     4324     4364     4367
     476 3     4252     4334     4344
     477 3     4312     4381     4334
     478 3     4312     4356     4381
     479 3     4330     4363     4374
     480 3     4328     4355     4378
     481 3     4331     4367     4372
     482 3     4345     4383     4351
     483 3     4339     4372     4376
     484 3     4346     4388     4355
     485 3     4343     4389     4356
     486 3     4343     4371     4389
     487 3     4351     4392     4363
     488 3     4345     4376     4383
     489 3     4346     4374     4388
     490 3     4349     4395     4371
     491 3     4349     4378     4395
     492 3     4351     4383     4392
     493 3     4363     4406     4374
     494 3     4355     4409     4378
     495 3     4334     4381     4415
     496 3     4355     4388     4409
     497 3     4356     4418     4381
     498 3     4363     4392     4406
     499 3     4356     4389     4418
     500 3     4371     4424     4389
     501 3     4374     4425     4388
     502 3     4371     4395     4424
     503 3     4378     4430     4395
     504 3     4374     4406     4425
     505 3     4334     4431     4344
     506 3     4378     4409     4430
     507 3     4334     4415     4431
     508 3     4388     4436     4409
     509 3     4388     4425     4436
     510 3     4381     4446     4415
     511 3     4381     4418     4446
     512 3     4389     4451     4418
     513 3     4389     4424     4451
     514 3     4395     4457     4424
     515 3     4395     4430     4457
     516 3     4409     4461     4430
     517 3     4409     4436     4461
     518 3     4418     4470     4446
     519 3     4418     4451     4470
     520 3     4424     4472     4451
     521 3     4424     4457     4472
     522 3     4430     4480     4457
     523 3     4430     4461     4480
     524 3     4415     4446     4498
     525 3     4446     4470     4502
     526 3     4415     4498     4431
     527 3     4451     4510     4470
     528 3     4451     4472     4510
     529 3     4457     4514     4472
     530 3     4457     4480     4514
     531 3     4446     4502     4498
     532 3     4470     4537     4502
     533 3     4470     4510     4537
     534 3     4472     4545     4510
     535 3     4472     4514     4545
     536 3     4510     4578     4537
     537 3     4510     4545     4578
 0                                                                              
 0                                                                              
 0                                                                              
 0                                                                              
