bi_1997_v2.grd                                                                  
     490     271
   13732 -0.768143500000E+02  0.347034800000E+02  0.601000000000E+00
   13733 -0.768152300000E+02  0.347053800000E+02  0.866000000000E+00
   13740 -0.768118800000E+02  0.347035500000E+02  0.596000000000E+00
   13741 -0.768129300000E+02  0.347054200000E+02  0.872000000000E+00
   13748 -0.768094300000E+02  0.347036600000E+02  0.598000000000E+00
   13749 -0.768105500000E+02  0.347054800000E+02  0.882000000000E+00
   13759 -0.768069800000E+02  0.347038000000E+02  0.604000000000E+00
   13760 -0.768081300000E+02  0.347055600000E+02  0.118600000000E+01
   13767 -0.768043400000E+02  0.347038800000E+02  0.599000000000E+00
   13768 -0.768056400000E+02  0.347056400000E+02  0.168000000000E+01
   13780 -0.768017000000E+02  0.347039600000E+02  0.709000000000E+00
   13781 -0.768030900000E+02  0.347057200000E+02  0.171100000000E+01
   13791 -0.767990300000E+02  0.347041200000E+02  0.776000000000E+00
   13792 -0.768005100000E+02  0.347058100000E+02  0.166400000000E+01
   13808 -0.767963600000E+02  0.347042200000E+02  0.635000000000E+00
   13809 -0.767979300000E+02  0.347059000000E+02  0.168700000000E+01
   13823 -0.767938000000E+02  0.347043400000E+02  0.900000000000E+00
   13824 -0.767953600000E+02  0.347059800000E+02  0.196800000000E+01
   13830 -0.767859000000E+02  0.347042000000E+02  0.878000000000E+00
   13831 -0.767854500000E+02  0.347059600000E+02  0.122900000000E+01
   13832 -0.767912200000E+02  0.347043300000E+02  0.983000000000E+00
   13833 -0.767927900000E+02  0.347060200000E+02  0.109700000000E+01
   13846 -0.767878100000E+02  0.347042200000E+02  0.898000000000E+00
   13847 -0.767901100000E+02  0.347060100000E+02  0.123600000000E+01
   13864 -0.767876100000E+02  0.347059800000E+02  0.140500000000E+01
   14012 -0.768139400000E+02  0.347073000000E+02  0.112000000000E+01
   14014 -0.768116500000E+02  0.347073200000E+02  0.112400000000E+01
   14019 -0.768161500000E+02  0.347073200000E+02  0.109800000000E+01
   14026 -0.768093000000E+02  0.347073600000E+02  0.139800000000E+01
   14033 -0.768068800000E+02  0.347074200000E+02  0.222900000000E+01
   14046 -0.768044300000E+02  0.347074800000E+02  0.251300000000E+01
   14063 -0.768019300000E+02  0.347075400000E+02  0.233000000000E+01
   14078 -0.767994200000E+02  0.347076100000E+02  0.237800000000E+01
   14096 -0.767969000000E+02  0.347076700000E+02  0.299200000000E+01
   14105 -0.767943800000E+02  0.347077200000E+02  0.304900000000E+01
   14115 -0.767918600000E+02  0.347077400000E+02  0.167600000000E+01
   14124 -0.767870200000E+02  0.347077500000E+02  0.129000000000E+01
   14125 -0.767893800000E+02  0.347077500000E+02  0.146600000000E+01
   14310 -0.768127400000E+02  0.347091700000E+02  0.137000000000E+01
   14316 -0.768149600000E+02  0.347091800000E+02  0.134400000000E+01
   14317 -0.768104500000E+02  0.347091900000E+02  0.172500000000E+01
   14320 -0.768081000000E+02  0.347092200000E+02  0.188900000000E+01
   14322 -0.768171200000E+02  0.347092300000E+02  0.130800000000E+01
   14324 -0.768057100000E+02  0.347092600000E+02  0.213100000000E+01
   14337 -0.768032900000E+02  0.347093000000E+02  0.207700000000E+01
   14343 -0.768008400000E+02  0.347093500000E+02  0.208600000000E+01
   14356 -0.767983900000E+02  0.347093900000E+02  0.195600000000E+01
   14366 -0.767959200000E+02  0.347094300000E+02  0.191600000000E+01
   14370 -0.767934600000E+02  0.347094600000E+02  0.184900000000E+01
   14381 -0.767910300000E+02  0.347094800000E+02  0.188000000000E+01
   14383 -0.767886500000E+02  0.347095100000E+02  0.150400000000E+01
   14392 -0.767863100000E+02  0.347095500000E+02  0.126700000000E+01
   14584 -0.768115800000E+02  0.347110200000E+02  0.205800000000E+01
   14586 -0.768138300000E+02  0.347110300000E+02  0.151500000000E+01
   14588 -0.768093000000E+02  0.347110300000E+02  0.225500000000E+01
   14591 -0.768160100000E+02  0.347110500000E+02  0.147000000000E+01
   14592 -0.768069700000E+02  0.347110500000E+02  0.193800000000E+01
   14600 -0.768046000000E+02  0.347110700000E+02  0.182400000000E+01
   14609 -0.768022200000E+02  0.347111000000E+02  0.181300000000E+01
   14618 -0.767998100000E+02  0.347111300000E+02  0.177400000000E+01
   14626 -0.767974000000E+02  0.347111600000E+02  0.171900000000E+01
   14633 -0.767950000000E+02  0.347111900000E+02  0.138200000000E+01
   14639 -0.767926100000E+02  0.347112100000E+02  0.139400000000E+01
   14647 -0.767902500000E+02  0.347112400000E+02  0.180700000000E+01
   14656 -0.767879100000E+02  0.347112900000E+02  0.151800000000E+01
   14995 -0.768104800000E+02  0.347128600000E+02  0.277800000000E+01
   14998 -0.768082000000E+02  0.347128600000E+02  0.251800000000E+01
   14999 -0.768127200000E+02  0.347128600000E+02  0.207100000000E+01
   15001 -0.768058900000E+02  0.347128700000E+02  0.198100000000E+01
   15003 -0.768149300000E+02  0.347128800000E+02  0.158200000000E+01
   15006 -0.768035500000E+02  0.347128800000E+02  0.177400000000E+01
   15009 -0.768170900000E+02  0.347129000000E+02  0.157100000000E+01
   15013 -0.768012000000E+02  0.347128900000E+02  0.177400000000E+01
   15022 -0.767988400000E+02  0.347129100000E+02  0.177300000000E+01
   15031 -0.767964700000E+02  0.347129200000E+02  0.140500000000E+01
   15035 -0.767941200000E+02  0.347129300000E+02  0.886000000000E+00
   15041 -0.767917900000E+02  0.347129600000E+02  0.118800000000E+01
   15051 -0.767894700000E+02  0.347129900000E+02  0.241300000000E+01
   15419 -0.768048600000E+02  0.347146700000E+02  0.177400000000E+01
   15420 -0.768071500000E+02  0.347146800000E+02  0.229300000000E+01
   15422 -0.768025400000E+02  0.347146700000E+02  0.177400000000E+01
   15424 -0.768002200000E+02  0.347146600000E+02  0.177300000000E+01
   15425 -0.768094200000E+02  0.347146800000E+02  0.258100000000E+01
   15426 -0.767979000000E+02  0.347146600000E+02  0.156200000000E+01
   15428 -0.768116600000E+02  0.347146900000E+02  0.249400000000E+01
   15430 -0.767955900000E+02  0.347146600000E+02  0.133800000000E+01
   15440 -0.768138700000E+02  0.347147100000E+02  0.196600000000E+01
   15441 -0.767932700000E+02  0.347146700000E+02  0.711000000000E+00
   15448 -0.768160500000E+02  0.347147300000E+02  0.180300000000E+01
   15454 -0.767909900000E+02  0.347146900000E+02  0.182100000000E+01
   15788 -0.767947200000E+02  0.347163800000E+02  0.120000000000E+01
   15789 -0.767924500000E+02  0.347163800000E+02  0.116500000000E+01
   15791 -0.767970000000E+02  0.347164000000E+02  0.138600000000E+01
   15796 -0.767992900000E+02  0.347164200000E+02  0.156800000000E+01
   15808 -0.768015700000E+02  0.347164500000E+02  0.177300000000E+01
   15814 -0.768038600000E+02  0.347164600000E+02  0.177400000000E+01
   15818 -0.768061400000E+02  0.347164800000E+02  0.182800000000E+01
   15820 -0.768084000000E+02  0.347164900000E+02  0.199700000000E+01
   15826 -0.768106300000E+02  0.347165100000E+02  0.211900000000E+01
   15828 -0.768128400000E+02  0.347165300000E+02  0.192100000000E+01
   15833 -0.768150200000E+02  0.347165600000E+02  0.170000000000E+01
   16117 -0.767938800000E+02  0.347180900000E+02  0.116400000000E+01
   16125 -0.767961300000E+02  0.347181200000E+02  0.123400000000E+01
   16133 -0.767983800000E+02  0.347181700000E+02  0.146400000000E+01
   16139 -0.768006400000E+02  0.347182100000E+02  0.167100000000E+01
   16146 -0.768028900000E+02  0.347182500000E+02  0.177400000000E+01
   16152 -0.768051500000E+02  0.347182800000E+02  0.189700000000E+01
   16157 -0.768074000000E+02  0.347183000000E+02  0.160400000000E+01
   16165 -0.768096200000E+02  0.347183200000E+02  0.154900000000E+01
   16170 -0.768118300000E+02  0.347183400000E+02  0.164300000000E+01
   16181 -0.768140000000E+02  0.347183700000E+02  0.154200000000E+01
   16458 -0.767952800000E+02  0.347198100000E+02  0.116500000000E+01
   16474 -0.767974900000E+02  0.347198800000E+02  0.126100000000E+01
   16489 -0.767997100000E+02  0.347199600000E+02  0.148800000000E+01
   16498 -0.768019500000E+02  0.347200200000E+02  0.156900000000E+01
   16506 -0.768041900000E+02  0.347200700000E+02  0.197700000000E+01
   16510 -0.768064300000E+02  0.347201100000E+02  0.177400000000E+01
   16513 -0.768086500000E+02  0.347201300000E+02  0.132200000000E+01
   16516 -0.768108500000E+02  0.347201500000E+02  0.133800000000E+01
   16520 -0.768130100000E+02  0.347201600000E+02  0.136000000000E+01
   16676 -0.767965400000E+02  0.347209300000E+02  0.116500000000E+01
   16699 -0.767987300000E+02  0.347210500000E+02  0.130300000000E+01
   16723 -0.768009500000E+02  0.347211400000E+02  0.130100000000E+01
   16729 -0.767954700000E+02  0.347210300000E+02  0.116500000000E+01
   16736 -0.768031800000E+02  0.347212000000E+02  0.145800000000E+01
   16746 -0.768054000000E+02  0.347212500000E+02  0.158300000000E+01
   16754 -0.767976500000E+02  0.347211300000E+02  0.119600000000E+01
   16757 -0.768120300000E+02  0.347212900000E+02  0.124100000000E+01
   16759 -0.768076300000E+02  0.347213000000E+02  0.122300000000E+01
   16763 -0.768098500000E+02  0.347213100000E+02  0.122400000000E+01
   16793 -0.767998500000E+02  0.347212500000E+02  0.126400000000E+01
   16814 -0.768020800000E+02  0.347213200000E+02  0.127000000000E+01
   16833 -0.767960800000E+02  0.347215100000E+02  0.122600000000E+01
   16837 -0.768043100000E+02  0.347213700000E+02  0.146500000000E+01
   16860 -0.767971600000E+02  0.347215700000E+02  0.126400000000E+01
   16861 -0.768065300000E+02  0.347214300000E+02  0.147000000000E+01
   16862 -0.768109700000E+02  0.347214500000E+02  0.121500000000E+01
   16864 -0.768131000000E+02  0.347214400000E+02  0.123100000000E+01
   16870 -0.768087600000E+02  0.347214700000E+02  0.120900000000E+01
   16891 -0.767955600000E+02  0.347215800000E+02  0.163200000000E+01
   16893 -0.767982500000E+02  0.347216500000E+02  0.147700000000E+01
   16899 -0.767966200000E+02  0.347216000000E+02  0.157300000000E+01
   16913 -0.767993500000E+02  0.347217200000E+02  0.172400000000E+01
   16927 -0.768004600000E+02  0.347217700000E+02  0.197500000000E+01
   16929 -0.767977100000E+02  0.347217000000E+02  0.183700000000E+01
   16945 -0.768015700000E+02  0.347218100000E+02  0.199400000000E+01
   16955 -0.767988000000E+02  0.347217600000E+02  0.195400000000E+01
   16958 -0.768026800000E+02  0.347218400000E+02  0.194600000000E+01
   16968 -0.768037900000E+02  0.347218700000E+02  0.167200000000E+01
   16978 -0.768049100000E+02  0.347218900000E+02  0.139800000000E+01
   16989 -0.767999100000E+02  0.347218500000E+02  0.231100000000E+01
   16991 -0.768126100000E+02  0.347219200000E+02  0.119100000000E+01
   16993 -0.768060200000E+02  0.347219300000E+02  0.133900000000E+01
   16995 -0.768010200000E+02  0.347218600000E+02  0.235500000000E+01
   16996 -0.768115500000E+02  0.347219400000E+02  0.117400000000E+01
   17001 -0.767953500000E+02  0.347219400000E+02  0.390600000000E+01
   17004 -0.768071300000E+02  0.347219500000E+02  0.126700000000E+01
   17005 -0.767958800000E+02  0.347219500000E+02  0.390800000000E+01
   17009 -0.768104700000E+02  0.347219700000E+02  0.117100000000E+01
   17011 -0.768082400000E+02  0.347219800000E+02  0.120300000000E+01
   17019 -0.767964000000E+02  0.347219800000E+02  0.390100000000E+01
   17020 -0.768093600000E+02  0.347219800000E+02  0.119400000000E+01
   17021 -0.768032500000E+02  0.347219200000E+02  0.225500000000E+01
   17022 -0.768021400000E+02  0.347219200000E+02  0.250100000000E+01
   17026 -0.767969400000E+02  0.347220100000E+02  0.390800000000E+01
   17030 -0.768120900000E+02  0.347219900000E+02  0.117700000000E+01
   17032 -0.768054700000E+02  0.347219800000E+02  0.183400000000E+01
   17035 -0.768043600000E+02  0.347219800000E+02  0.212500000000E+01
   17037 -0.767974700000E+02  0.347220600000E+02  0.389800000000E+01
   17046 -0.768131300000E+02  0.347220200000E+02  0.117500000000E+01
   17050 -0.768076900000E+02  0.347220400000E+02  0.160100000000E+01
   17053 -0.768099300000E+02  0.347220500000E+02  0.141600000000E+01
   17054 -0.768110300000E+02  0.347220500000E+02  0.147400000000E+01
   17058 -0.768065800000E+02  0.347220400000E+02  0.195800000000E+01
   17059 -0.767980100000E+02  0.347221100000E+02  0.389300000000E+01
   17068 -0.768088200000E+02  0.347220800000E+02  0.160200000000E+01
   17075 -0.767985600000E+02  0.347221700000E+02  0.383700000000E+01
   17087 -0.767991200000E+02  0.347222100000E+02  0.390300000000E+01
   17105 -0.767996700000E+02  0.347222400000E+02  0.389200000000E+01
   17109 -0.768002200000E+02  0.347222600000E+02  0.390600000000E+01
   17125 -0.768007800000E+02  0.347222900000E+02  0.388200000000E+01
   17132 -0.768013400000E+02  0.347223100000E+02  0.389500000000E+01
   17133 -0.767956600000E+02  0.347223100000E+02  0.384700000000E+01
   17139 -0.768019000000E+02  0.347223100000E+02  0.389800000000E+01
   17144 -0.768024400000E+02  0.347223200000E+02  0.389800000000E+01
   17154 -0.768030000000E+02  0.347223400000E+02  0.389700000000E+01
   17159 -0.768035600000E+02  0.347223600000E+02  0.389100000000E+01
   17164 -0.768041200000E+02  0.347223700000E+02  0.388700000000E+01
   17168 -0.768046600000E+02  0.347223900000E+02  0.390100000000E+01
   17169 -0.767967000000E+02  0.347223800000E+02  0.384300000000E+01
   17174 -0.768123900000E+02  0.347223900000E+02  0.319100000000E+01
   17176 -0.768129000000E+02  0.347223900000E+02  0.296100000000E+01
   17177 -0.768134200000E+02  0.347224000000E+02  0.277300000000E+01
   17181 -0.768052200000E+02  0.347224000000E+02  0.388900000000E+01
   17182 -0.768118700000E+02  0.347224000000E+02  0.344100000000E+01
   17185 -0.767961900000E+02  0.347224100000E+02  0.347900000000E+01
   17189 -0.768057800000E+02  0.347224200000E+02  0.389700000000E+01
   17192 -0.768113400000E+02  0.347224300000E+02  0.368500000000E+01
   17199 -0.768063400000E+02  0.347224300000E+02  0.388900000000E+01
   17201 -0.768068800000E+02  0.347224500000E+02  0.390300000000E+01
   17203 -0.767977600000E+02  0.347224700000E+02  0.380000000000E+01
   17204 -0.768108000000E+02  0.347224600000E+02  0.390000000000E+01
   17210 -0.768074400000E+02  0.347224700000E+02  0.389500000000E+01
   17215 -0.768080100000E+02  0.347224900000E+02  0.389200000000E+01
   17216 -0.768102500000E+02  0.347224900000E+02  0.388300000000E+01
   17219 -0.767972300000E+02  0.347224900000E+02  0.340100000000E+01
   17220 -0.768091300000E+02  0.347225000000E+02  0.389700000000E+01
   17221 -0.768085600000E+02  0.347224900000E+02  0.371800000000E+01
   17225 -0.768096900000E+02  0.347225000000E+02  0.390800000000E+01
   17248 -0.767988700000E+02  0.347226400000E+02  0.297100000000E+01
   17249 -0.767999800000E+02  0.347226400000E+02  0.308100000000E+01
   17250 -0.767983200000E+02  0.347226400000E+02  0.291800000000E+01
   17262 -0.768022000000E+02  0.347227100000E+02  0.313300000000E+01
   17273 -0.767994300000E+02  0.347227400000E+02  0.234700000000E+01
   17279 -0.768010900000E+02  0.347227400000E+02  0.256800000000E+01
   17285 -0.768044200000E+02  0.347227600000E+02  0.330900000000E+01
   17289 -0.768131900000E+02  0.347227700000E+02  0.390000000000E+01
   17301 -0.768005400000E+02  0.347227800000E+02  0.217900000000E+01
   17306 -0.768033100000E+02  0.347227900000E+02  0.285600000000E+01
   17311 -0.768121700000E+02  0.347228000000E+02  0.390200000000E+01
   17314 -0.768016600000E+02  0.347228100000E+02  0.224000000000E+01
   17322 -0.768027600000E+02  0.347228300000E+02  0.240800000000E+01
   17324 -0.768111200000E+02  0.347228300000E+02  0.354500000000E+01
   17326 -0.768066400000E+02  0.347228400000E+02  0.320700000000E+01
   17331 -0.768126900000E+02  0.347228500000E+02  0.388700000000E+01
   17334 -0.768038700000E+02  0.347228600000E+02  0.244200000000E+01
   17335 -0.768055300000E+02  0.347228600000E+02  0.278400000000E+01
   17347 -0.767957200000E+02  0.347228400000E+02  0.113900000000E+01
   17355 -0.768116600000E+02  0.347228900000E+02  0.339900000000E+01
   17357 -0.768049800000E+02  0.347229000000E+02  0.239700000000E+01
   17358 -0.768088800000E+02  0.347229000000E+02  0.340600000000E+01
   17370 -0.768060900000E+02  0.347229300000E+02  0.231200000000E+01
   17371 -0.768077500000E+02  0.347229400000E+02  0.284500000000E+01
   17376 -0.768100200000E+02  0.347229600000E+02  0.233200000000E+01
   17379 -0.768072000000E+02  0.347229800000E+02  0.226400000000E+01
   17382 -0.768105900000E+02  0.347229900000E+02  0.206100000000E+01
   17384 -0.768083200000E+02  0.347230100000E+02  0.231800000000E+01
   17390 -0.768094600000E+02  0.347230200000E+02  0.199200000000E+01
   17395 -0.767967400000E+02  0.347230200000E+02  0.106300000000E+01
   17398 -0.767977800000E+02  0.347230200000E+02  0.107900000000E+01
   17432 -0.768000300000E+02  0.347232200000E+02  0.986000000000E+00
   17455 -0.768022500000E+02  0.347232700000E+02  0.990000000000E+00
   17471 -0.768132200000E+02  0.347233200000E+02  0.117400000000E+01
   17474 -0.768044600000E+02  0.347233200000E+02  0.998000000000E+00
   17493 -0.768112200000E+02  0.347234000000E+02  0.106100000000E+01
   17500 -0.768066700000E+02  0.347234100000E+02  0.978000000000E+00
   17503 -0.768122600000E+02  0.347234500000E+02  0.106000000000E+01
   17506 -0.767989300000E+02  0.347234700000E+02  0.874000000000E+00
   17518 -0.768089200000E+02  0.347234800000E+02  0.971000000000E+00
   17521 -0.768011600000E+02  0.347235400000E+02  0.812000000000E+00
   17525 -0.768033800000E+02  0.347235600000E+02  0.837000000000E+00
   17546 -0.768055800000E+02  0.347236400000E+02  0.826000000000E+00
   17568 -0.768078000000E+02  0.347237400000E+02  0.798000000000E+00
   17575 -0.768101000000E+02  0.347238000000E+02  0.861000000000E+00
   17623 -0.767958800000E+02  0.347239400000E+02  0.538000000000E+00
   17660 -0.767976500000E+02  0.347240300000E+02  0.471000000000E+00
   17683 -0.768001200000E+02  0.347241500000E+02  0.459000000000E+00
   17690 -0.768023100000E+02  0.347241400000E+02  0.492000000000E+00
   17695 -0.768045300000E+02  0.347241800000E+02  0.527000000000E+00
   17716 -0.768115600000E+02  0.347244500000E+02  0.577000000000E+00
   17718 -0.768067200000E+02  0.347243000000E+02  0.555000000000E+00
   17736 -0.768133100000E+02  0.347244700000E+02  0.629000000000E+00
   17747 -0.768089500000E+02  0.347244200000E+02  0.555000000000E+00
   17848 -0.768035100000E+02  0.347251100000E+02  0.525000000000E+00
   17866 -0.768012500000E+02  0.347252200000E+02  0.492000000000E+00
   17876 -0.768056900000E+02  0.347252700000E+02  0.555000000000E+00
   17879 -0.767992300000E+02  0.347253000000E+02  0.462000000000E+00
   17899 -0.768078500000E+02  0.347254300000E+02  0.555000000000E+00
   17921 -0.767973600000E+02  0.347254600000E+02  0.435000000000E+00
   17927 -0.768101100000E+02  0.347256600000E+02  0.555000000000E+00
   17955 -0.768123900000E+02  0.347259100000E+02  0.555000000000E+00
       1 3    13740    13741    13732
       2 3    13748    13749    13740
       3 3    13759    13760    13748
       4 3    13767    13768    13759
       5 3    13767    13780    13781
       6 3    13780    13791    13792
       7 3    13791    13808    13809
       8 3    13808    13823    13824
       9 3    13823    13832    13833
      10 3    13732    13741    13733
      11 3    13832    13846    13847
      12 3    13740    13749    13741
      13 3    13846    13830    13864
      14 3    13748    13760    13749
      15 3    13759    13768    13760
      16 3    13830    13831    13864
      17 3    13767    13781    13768
      18 3    13780    13792    13781
      19 3    13846    13864    13847
      20 3    13791    13809    13792
      21 3    13808    13824    13809
      22 3    13823    13833    13824
      23 3    13832    13847    13833
      24 3    13741    14012    13733
      25 3    13749    14014    13741
      26 3    13760    14026    13749
      27 3    13768    14033    13760
      28 3    13768    13781    14046
      29 3    13781    13792    14063
      30 3    13792    13809    14078
      31 3    13809    13824    14096
      32 3    13824    13833    14105
      33 3    13833    13847    14115
      34 3    13864    13831    14124
      35 3    13847    13864    14125
      36 3    13733    14012    14019
      37 3    13741    14014    14012
      38 3    13749    14026    14014
      39 3    13760    14033    14026
      40 3    13768    14046    14033
      41 3    13781    14063    14046
      42 3    13792    14078    14063
      43 3    13864    14124    14125
      44 3    13809    14096    14078
      45 3    13847    14125    14115
      46 3    13824    14105    14096
      47 3    13833    14115    14105
      48 3    14014    14310    14012
      49 3    14012    14316    14019
      50 3    14026    14317    14014
      51 3    14033    14320    14026
      52 3    14033    14046    14324
      53 3    14046    14063    14337
      54 3    14063    14078    14343
      55 3    14078    14096    14356
      56 3    14096    14105    14366
      57 3    14105    14115    14370
      58 3    14115    14125    14381
      59 3    14125    14124    14383
      60 3    14019    14316    14322
      61 3    14012    14310    14316
      62 3    14014    14317    14310
      63 3    14026    14320    14317
      64 3    14033    14324    14320
      65 3    14046    14337    14324
      66 3    14063    14343    14337
      67 3    14078    14356    14343
      68 3    14124    14392    14383
      69 3    14096    14366    14356
      70 3    14125    14383    14381
      71 3    14105    14370    14366
      72 3    14115    14381    14370
      73 3    14317    14584    14310
      74 3    14310    14586    14316
      75 3    14317    14320    14588
      76 3    14316    14591    14322
      77 3    14320    14324    14592
      78 3    14324    14337    14600
      79 3    14337    14343    14609
      80 3    14343    14356    14618
      81 3    14356    14366    14626
      82 3    14366    14370    14633
      83 3    14370    14381    14639
      84 3    14381    14383    14647
      85 3    14383    14392    14656
      86 3    14316    14586    14591
      87 3    14310    14584    14586
      88 3    14317    14588    14584
      89 3    14320    14592    14588
      90 3    14324    14600    14592
      91 3    14337    14609    14600
      92 3    14343    14618    14609
      93 3    14356    14626    14618
      94 3    14366    14633    14626
      95 3    14370    14639    14633
      96 3    14381    14647    14639
      97 3    14383    14656    14647
      98 3    14584    14588    14995
      99 3    14588    14592    14998
     100 3    14586    14584    14999
     101 3    14592    14600    15001
     102 3    14591    14586    15003
     103 3    14600    14609    15006
     104 3    14609    14618    15013
     105 3    14618    14626    15022
     106 3    14626    14633    15031
     107 3    14633    14639    15035
     108 3    14639    14647    15041
     109 3    14647    14656    15051
     110 3    14591    15003    15009
     111 3    14586    14999    15003
     112 3    14584    14995    14999
     113 3    14588    14998    14995
     114 3    14592    15001    14998
     115 3    14600    15006    15001
     116 3    14609    15013    15006
     117 3    14618    15022    15013
     118 3    14626    15031    15022
     119 3    14633    15035    15031
     120 3    14639    15041    15035
     121 3    14647    15051    15041
     122 3    15001    15006    15419
     123 3    14998    15001    15420
     124 3    15006    15013    15422
     125 3    15013    15022    15424
     126 3    14995    14998    15425
     127 3    15022    15031    15426
     128 3    14999    14995    15428
     129 3    15031    15035    15430
     130 3    15003    14999    15440
     131 3    15035    15041    15441
     132 3    15009    15003    15448
     133 3    15041    15051    15454
     134 3    15003    15440    15448
     135 3    14999    15428    15440
     136 3    14995    15425    15428
     137 3    14998    15420    15425
     138 3    15001    15419    15420
     139 3    15006    15422    15419
     140 3    15035    15441    15430
     141 3    15031    15430    15426
     142 3    15013    15424    15422
     143 3    15041    15454    15441
     144 3    15022    15426    15424
     145 3    15430    15441    15788
     146 3    15441    15454    15789
     147 3    15426    15430    15791
     148 3    15424    15426    15796
     149 3    15422    15424    15808
     150 3    15419    15422    15814
     151 3    15420    15419    15818
     152 3    15425    15420    15820
     153 3    15428    15425    15826
     154 3    15440    15428    15828
     155 3    15448    15440    15833
     156 3    15441    15789    15788
     157 3    15430    15788    15791
     158 3    15426    15791    15796
     159 3    15424    15796    15808
     160 3    15422    15808    15814
     161 3    15428    15826    15828
     162 3    15425    15820    15826
     163 3    15420    15818    15820
     164 3    15419    15814    15818
     165 3    15440    15828    15833
     166 3    15788    15789    16117
     167 3    15791    15788    16125
     168 3    15796    15791    16133
     169 3    15808    15796    16139
     170 3    15814    15808    16146
     171 3    15818    15814    16152
     172 3    15820    15818    16157
     173 3    15826    15820    16165
     174 3    15828    15826    16170
     175 3    15833    15828    16181
     176 3    15788    16117    16125
     177 3    15791    16125    16133
     178 3    15796    16133    16139
     179 3    15808    16139    16146
     180 3    15814    16146    16152
     181 3    15818    16152    16157
     182 3    15820    16157    16165
     183 3    15826    16165    16170
     184 3    15828    16170    16181
     185 3    16125    16117    16458
     186 3    16133    16125    16474
     187 3    16139    16133    16489
     188 3    16146    16139    16498
     189 3    16152    16146    16506
     190 3    16157    16152    16510
     191 3    16165    16157    16513
     192 3    16170    16165    16516
     193 3    16181    16170    16520
     194 3    16125    16458    16474
     195 3    16133    16474    16489
     196 3    16139    16489    16498
     197 3    16146    16498    16506
     198 3    16152    16506    16510
     199 3    16170    16516    16520
     200 3    16157    16510    16513
     201 3    16165    16513    16516
     202 3    16474    16458    16676
     203 3    16489    16474    16699
     204 3    16498    16489    16723
     205 3    16458    16729    16676
     206 3    16506    16498    16736
     207 3    16510    16506    16746
     208 3    16474    16754    16699
     209 3    16474    16676    16754
     210 3    16520    16516    16757
     211 3    16513    16510    16759
     212 3    16516    16513    16763
     213 3    16489    16793    16723
     214 3    16489    16699    16793
     215 3    16498    16814    16736
     216 3    16498    16723    16814
     217 3    16676    16729    16833
     218 3    16506    16837    16746
     219 3    16506    16736    16837
     220 3    16754    16676    16860
     221 3    16510    16861    16759
     222 3    16516    16862    16757
     223 3    16510    16746    16861
     224 3    16520    16757    16864
     225 3    16513    16870    16763
     226 3    16516    16763    16862
     227 3    16513    16759    16870
     228 3    16729    16891    16833
     229 3    16699    16754    16893
     230 3    16676    16899    16860
     231 3    16676    16833    16899
     232 3    16793    16699    16913
     233 3    16723    16793    16927
     234 3    16754    16929    16893
     235 3    16754    16860    16929
     236 3    16814    16723    16945
     237 3    16699    16893    16955
     238 3    16699    16955    16913
     239 3    16736    16814    16958
     240 3    16837    16736    16968
     241 3    16746    16837    16978
     242 3    16793    16989    16927
     243 3    16864    16757    16991
     244 3    16861    16746    16993
     245 3    16723    16995    16945
     246 3    16793    16913    16989
     247 3    16723    16927    16995
     248 3    16757    16862    16996
     249 3    16759    16861    17004
     250 3    16833    16891    17005
     251 3    16862    16763    17009
     252 3    16870    16759    17011
     253 3    16899    16833    17019
     254 3    16763    16870    17020
     255 3    16736    17021    16968
     256 3    16736    16958    17021
     257 3    16814    17022    16958
     258 3    16814    16945    17022
     259 3    16860    16899    17026
     260 3    16757    17030    16991
     261 3    16746    17032    16993
     262 3    16837    17035    16978
     263 3    16746    16978    17032
     264 3    16837    16968    17035
     265 3    16929    16860    17037
     266 3    16757    16996    17030
     267 3    16864    16991    17046
     268 3    16759    17050    17011
     269 3    16763    17053    17009
     270 3    16862    17054    16996
     271 3    16759    17004    17050
     272 3    16861    17058    17004
     273 3    16893    16929    17059
     274 3    16833    17005    17019
     275 3    16861    16993    17058
     276 3    16763    17020    17053
     277 3    16891    17001    17005
     278 3    16862    17009    17054
     279 3    16870    17068    17020
     280 3    16870    17011    17068
     281 3    16899    17019    17026
     282 3    16955    16893    17075
     283 3    16860    17026    17037
     284 3    16913    16955    17087
     285 3    16989    16913    17105
     286 3    16927    16989    17109
     287 3    16929    17037    17059
     288 3    16995    16927    17125
     289 3    16893    17059    17075
     290 3    16945    16995    17132
     291 3    17005    17001    17133
     292 3    17022    16945    17139
     293 3    16958    17022    17144
     294 3    17021    16958    17154
     295 3    16968    17021    17159
     296 3    16955    17075    17087
     297 3    17035    16968    17164
     298 3    16913    17087    17105
     299 3    16978    17035    17168
     300 3    17026    17019    17169
     301 3    16991    17030    17174
     302 3    17046    16991    17176
     303 3    17032    16978    17181
     304 3    17030    16996    17182
     305 3    17019    17005    17185
     306 3    16993    17032    17189
     307 3    16927    17109    17125
     308 3    16996    17054    17192
     309 3    16989    17105    17109
     310 3    17058    16993    17199
     311 3    17004    17058    17201
     312 3    16945    17132    17139
     313 3    17059    17037    17203
     314 3    17054    17009    17204
     315 3    16995    17125    17132
     316 3    17050    17004    17210
     317 3    17011    17050    17215
     318 3    16958    17144    17154
     319 3    17009    17053    17216
     320 3    17037    17026    17219
     321 3    17020    17068    17220
     322 3    17068    17011    17221
     323 3    17053    17020    17225
     324 3    17022    17139    17144
     325 3    16968    17159    17164
     326 3    17021    17154    17159
     327 3    16991    17174    17176
     328 3    17005    17133    17185
     329 3    16978    17168    17181
     330 3    17019    17185    17169
     331 3    16996    17192    17182
     332 3    17030    17182    17174
     333 3    17035    17164    17168
     334 3    17046    17176    17177
     335 3    16993    17189    17199
     336 3    17032    17181    17189
     337 3    17026    17169    17219
     338 3    17004    17201    17210
     339 3    17009    17216    17204
     340 3    17054    17204    17192
     341 3    17058    17199    17201
     342 3    17011    17215    17221
     343 3    17087    17075    17248
     344 3    17037    17219    17203
     345 3    17109    17105    17249
     346 3    17075    17059    17250
     347 3    17020    17220    17225
     348 3    17050    17210    17215
     349 3    17053    17225    17216
     350 3    17068    17221    17220
     351 3    17144    17139    17262
     352 3    17105    17087    17273
     353 3    17132    17125    17279
     354 3    17059    17203    17250
     355 3    17168    17164    17285
     356 3    17177    17176    17289
     357 3    17125    17109    17301
     358 3    17159    17154    17306
     359 3    17174    17182    17311
     360 3    17075    17250    17248
     361 3    17139    17132    17314
     362 3    17154    17144    17322
     363 3    17192    17204    17324
     364 3    17201    17199    17326
     365 3    17087    17248    17273
     366 3    17176    17174    17331
     367 3    17105    17273    17249
     368 3    17164    17159    17334
     369 3    17189    17181    17335
     370 3    17133    17347    17185
     371 3    17182    17192    17355
     372 3    17109    17249    17301
     373 3    17181    17168    17357
     374 3    17220    17221    17358
     375 3    17125    17301    17279
     376 3    17139    17314    17262
     377 3    17199    17189    17370
     378 3    17215    17210    17371
     379 3    17132    17279    17314
     380 3    17144    17262    17322
     381 3    17176    17331    17289
     382 3    17216    17225    17376
     383 3    17154    17322    17306
     384 3    17210    17201    17379
     385 3    17174    17311    17331
     386 3    17164    17334    17285
     387 3    17159    17306    17334
     388 3    17204    17216    17382
     389 3    17182    17355    17311
     390 3    17221    17215    17384
     391 3    17168    17285    17357
     392 3    17225    17220    17390
     393 3    17192    17324    17355
     394 3    17181    17357    17335
     395 3    17199    17370    17326
     396 3    17169    17395    17219
     397 3    17189    17335    17370
     398 3    17204    17382    17324
     399 3    17203    17398    17250
     400 3    17201    17326    17379
     401 3    17210    17379    17371
     402 3    17169    17185    17395
     403 3    17203    17219    17398
     404 3    17221    17384    17358
     405 3    17216    17376    17382
     406 3    17215    17371    17384
     407 3    17220    17358    17390
     408 3    17225    17390    17376
     409 3    17249    17432    17301
     410 3    17262    17455    17322
     411 3    17249    17273    17432
     412 3    17285    17474    17357
     413 3    17262    17314    17455
     414 3    17289    17331    17471
     415 3    17285    17334    17474
     416 3    17324    17493    17355
     417 3    17185    17347    17395
     418 3    17326    17500    17379
     419 3    17311    17503    17331
     420 3    17248    17506    17273
     421 3    17326    17370    17500
     422 3    17219    17395    17398
     423 3    17324    17382    17493
     424 3    17358    17518    17390
     425 3    17311    17355    17503
     426 3    17279    17521    17314
     427 3    17248    17250    17506
     428 3    17358    17384    17518
     429 3    17306    17525    17334
     430 3    17279    17301    17521
     431 3    17306    17322    17525
     432 3    17335    17546    17370
     433 3    17335    17357    17546
     434 3    17371    17568    17384
     435 3    17331    17503    17471
     436 3    17376    17575    17382
     437 3    17371    17379    17568
     438 3    17273    17506    17432
     439 3    17250    17398    17506
     440 3    17376    17390    17575
     441 3    17355    17493    17503
     442 3    17314    17521    17455
     443 3    17301    17432    17521
     444 3    17334    17525    17474
     445 3    17322    17455    17525
     446 3    17347    17623    17395
     447 3    17370    17546    17500
     448 3    17357    17474    17546
     449 3    17379    17500    17568
     450 3    17384    17568    17518
     451 3    17398    17395    17660
     452 3    17382    17575    17493
     453 3    17390    17518    17575
     454 3    17432    17683    17521
     455 3    17398    17660    17506
     456 3    17455    17690    17525
     457 3    17474    17695    17546
     458 3    17455    17521    17690
     459 3    17432    17506    17683
     460 3    17474    17525    17695
     461 3    17493    17716    17503
     462 3    17500    17718    17568
     463 3    17500    17546    17718
     464 3    17518    17747    17575
     465 3    17471    17503    17736
     466 3    17518    17568    17747
     467 3    17395    17623    17660
     468 3    17493    17575    17716
     469 3    17525    17848    17695
     470 3    17503    17716    17736
     471 3    17525    17690    17848
     472 3    17521    17866    17690
     473 3    17521    17683    17866
     474 3    17546    17876    17718
     475 3    17683    17506    17879
     476 3    17546    17695    17876
     477 3    17568    17899    17747
     478 3    17568    17718    17899
     479 3    17506    17660    17879
     480 3    17660    17623    17921
     481 3    17575    17747    17927
     482 3    17575    17927    17716
     483 3    17716    17955    17736
     484 3    17660    17921    17879
     485 3    17683    17879    17866
     486 3    17695    17848    17876
     487 3    17690    17866    17848
     488 3    17718    17876    17899
     489 3    17747    17899    17927
     490 3    17716    17927    17955
 0                                                                              
 0                                                                              
 2                                                                              
 21                                                                             
       8       0                                                                
   17921
   17879
   17866
   17848
   17876
   17899
   17927
   17955
      12       1                                                                
   13732
   13740
   13748
   13759
   13767
   13780
   13791
   13808
   13823
   13832
   13846
   13830
