FileFmt      1050624           0           0
NELG           58641         560         492
       25104
      -25157
       25165
       25191
       25209
       25219
       25256
       25275
       25291
       25304
       25307
       25338
      -25418
       25444
       25450
       25455
       25474
       25506
       25543
       25564
       25607
      -25625
       25647
       25651
       25673
       25711
       25712
       25718
       25733
       25786
      -25801
       25813
       25852
       25917
       25974
       26001
       26032
       26033
      -26037
       26122
       26160
       26173
       26212
       26249
      -26295
       26326
       26363
       26386
       26415
       26431
       26454
      -26470
       26503
       26534
       26560
       26575
       26576
       26645
       26688
       26709
      -26726
       26777
       26812
       26815
       26836
       26849
       26893
       26894
      -26909
       26976
       26978
       27058
       27072
       27094
       27097
       27118
       27120
      -27251
       27319
       27339
       27372
       27373
       27389
       27440
       27447
       27464
       27527
      -27546
       27577
       27595
       27614
       27624
       27644
       27692
       27706
       27724
       27744
       27782
       27825
       27851
       27855
       27869
       27897
       27911
       27950
      -27952
      -27964
       28002
       28011
       28013
       28036
       28044
       28053
      -28073
       28075
       28088
       28120
       28130
       28167
       28183
       28199
       28213
       28217
      -28218
       28228
       28290
       28326
       28331
       28333
       28345
       28351
       28354
       28406
       28419
       28442
      -28447
       28459
       28465
       28474
       28535
      -28545
       28550
       28553
       28567
       28591
       28597
      -28640
       28659
       28673
       28694
       28713
       28714
       28731
      -28733
       28761
       28767
       28768
       28775
       28797
       28835
       28862
      -28876
       28879
       28889
       28909
       28926
      -28927
       28951
       28959
       28968
       28983
       29017
       29025
       29061
      -29071
       29102
       29110
       29139
       29158
       29167
       29203
       29235
       29244
      -29245
       29261
       29279
       29289
       29290
       29304
      -29324
       29336
       29356
       29360
       29441
       29448
       29450
       29468
      -29471
       29479
       29492
       29507
      -29518
       29521
       29542
       29556
       29625
       29717
       29722
       29728
       29738
       29744
       29754
       29757
      -29768
       29773
      -29782
       29821
       29922
       29931
       29939
       29941
       29966
      -29972
       29977
       29985
      -30000
       30002
       30038
       30052
       30081
       30121
       30126
       30139
      -30141
       30159
      -30214
       30220
       30242
       30255
       30259
       30267
      -30269
      -30272
       30276
       30284
       30305
       30310
       30324
       30326
       30331
       30352
       30383
       30391
       30394
       30406
      -30422
       30424
       30428
       30433
       30442
       30445
       30451
       30453
       30462
       30465
       30469
       30470
       30473
       30483
       30498
       30500
      -30501
      -30505
       30506
       30507
       30527
       30533
       30534
       30545
       30571
       30575
       30584
       30588
       30590
      -30595
       30596
       30601
       30602
       30615
      -30621
       30628
       30632
       30635
       30636
       30638
       30663
       30666
       30670
       30671
       30673
       30684
       30687
       30690
       30697
       30706
       30710
       30712
       30721
       30726
      -30730
       30735
      -30736
       30737
       30743
       30752
       30753
       30758
       30763
       30767
       30769
       30770
       30777
       30784
       30792
       30795
       30817
       30821
       30834
       30843
       30859
       30861
       30882
       30887
      -30889
       30898
      -30909
       30910
       30921
       30922
       30927
       30934
       30935
       30939
       30943
       30944
       30954
       30955
       30962
       30966
       30973
       30974
       30977
       30978
       30979
       30986
       30987
       30989
       30992
       30993
       30994
       31000
       31002
       31007
       31012
       31023
      -31032
       31037
       31039
       31041
       31042
      -31047
       31056
       31057
       31058
       31070
       31078
       31110
       31130
       31137
       31144
       31147
       31149
       31174
      -31176
       31182
       31187
       31194
       31204
       31208
       31211
       31213
       31217
       31228
      -31239
       31240
       31246
       31247
       31258
       31260
       31263
       31274
       31277
       31281
       31282
       31284
       31286
       31287
       31295
       31296
       31299
       31302
       31303
       31307
       31314
       31320
       31325
       31331
       31342
       31355
       31356
       31358
       31365
       31367
       31369
      -31375
       31398
       31411
       31413
      -31468
       31502
       31505
       31511
       31538
       31542
       31547
       31565
       31569
       31570
       31576
      -31579
       31583
       31585
       31591
       31616
       31629
       31631
       31646
       31680
       31681
       31690
       31711
       31713
       31750
       31775
       31788
       31808
       31824
       31832
       31875
       31884
       31898
       31900
       31928
       31954
       31975
       31980
       31997
       32010
       32015
      -32016
       32022
       32049
       32079
       32083
       32119
       32177
       32183
      -32207
       32208
       32231
       32279
       32297
       32327
       32333
       32422
       32469
       32495
       32512
      -32613
       32731
       32820
      -32838
NNODG          32218         319         286
       13548
       13549
       13550
       13586
       13587
      -13588
       13592
       13593
       13610
       13611
       13623
       13624
       13635
       13636
       13683
      -13736
       13770
       13774
       13817
       13837
       13838
       13855
       13896
       13911
       13930
       13970
      -13980
       14017
       14058
       14099
       14131
       14132
       14199
       14206
       14207
      -14276
       14297
       14321
       14351
       14352
       14375
       14408
       14409
       14441
       14479
       14502
       14516
      -14525
       14559
       14582
       14585
       14598
       14608
       14637
       14684
       14750
       14777
       14778
      -14866
       14902
       14917
       14934
       14935
       14936
       14944
       14970
       14984
       15029
       15030
       15074
       15075
       15129
       15143
       15144
       15158
       15215
       15216
       15233
       15247
       15248
      -15269
      -15274
      -15275
       15305
       15308
       15328
       15329
       15335
       15349
       15362
       15381
       15392
       15403
       15410
       15412
       15413
       15489
       15499
       15500
       15529
       15547
      -15551
       15565
       15598
       15601
       15624
       15627
      -15651
       15665
       15674
       15693
       15712
       15719
       15753
       15769
       15778
       15806
       15823
       15832
       15839
      -15886
       15950
       15967
       15972
      -15973
       15983
       15993
       15999
       16000
       16009
       16026
       16036
       16038
      -16121
       16190
       16239
       16241
       16245
       16249
       16252
       16258
       16260
       16269
      -16270
       16290
      -16365
       16410
       16426
       16444
       16447
       16453
       16461
       16494
       16499
       16508
       16519
      -16521
       16525
       16527
       16536
       16552
      -16559
       16575
       16592
       16596
       16598
      -16612
       16615
       16619
       16623
       16626
       16628
       16633
       16636
       16646
       16653
       16654
       16664
       16680
       16681
       16685
       16688
       16691
       16692
       16694
       16704
      -16708
       16711
       16713
       16715
       16716
       16718
       16731
       16733
       16740
       16742
       16748
       16755
       16764
       16770
      -16771
       16776
       16783
       16788
       16796
       16802
       16811
       16827
       16842
       16852
       16865
      -16867
       16873
       16880
       16881
       16884
       16885
       16890
       16897
       16898
       16900
       16901
       16905
       16910
       16918
       16921
       16922
       16923
       16926
       16928
       16939
       16948
      -16956
       16957
       16965
       16977
       17006
       17012
       17013
       17015
       17027
       17028
       17029
       17034
      -17039
       17040
       17041
       17044
       17047
       17055
       17061
       17062
       17063
       17064
       17070
      -17080
       17082
       17083
       17085
       17120
       17158
       17165
       17214
       17217
       17230
       17232
       17242
       17243
       17260
       17269
       17281
       17307
       17313
       17367
      -17385
       17396
       17451
       17463
       17470
       17502
       17504
       17547
       17634
       17681
       17726
      -17756
NFLUXF             0
NETA             128          29           0
NSTAE              0           0           0
NSTAV              0           0           0
NSTAM              0           0           0
NSTAC              0           0           0
RES NODE         109         259
                   1           2           3           4           5           7
                   8           9          10          11          12          13
                  14          15          17          18          19          20
                  21          22          23          24          25          26
                  28          29          30          31          32          33
                  34          35          37          38          39          40
                  41          42          43          44          45          46
                  47          49          50          51          52          53
                  54          55          56          57          58          60
                  61          62          63          64          65          66
                  67          68          69          70          71          72
                  73          74          75          76          77          78
                  79          80          84          85          86          87
                  88          89          90          91          92          93
                  94          95          96          97          98          99
                 100         101         103         104         105         106
                 107         109         110         111         112         113
                 114         115         116         117         118         119
                 120         122         123         124         126         127
                 128         129         130         131         132         133
                 135         136         137         138         139         140
                 141         142         143         145         147         148
                 149         150         151         152         153         154
                 155         156         158         159         160         161
                 163         164         165         166         168         169
                 170         171         172         173         174         175
                 176         177         178         179         180         181
                 182         183         184         185         186         188
                 189         190         191         192         193         194
                 195         196         197         198         199         200
                 202         203         204         205         206         207
                 208         209         210         211         213         214
                 215         216         217         218         219         220
                 221         222         223         224         225         226
                 227         228         229         230         231         232
                 234         235         236         237         238         239
                 240         241         242         243         244         246
                 247         248         249         250         251         252
                 253         254         255         257         258         259
                 260         261         262         263         264         265
                 266         267         268         269         270         271
                 272         273         274         276         277         278
                 279         280         281         282         283         284
                 285
COMM PE            2
RECV PE          107          16
                   6          16          27          36          48          59
                  81         108         125         144         162         201
                 233         256         275         286
RECV PE          108          11
                  82          83         102         121         134         146
                 157         167         187         212         245
SEND PE          107          18
                   4           5          19          29          38          49
                  60          85         109         123         142         159
                 183         214         242         268         280         285
SEND PE          108          13
                  79          80          98          99         112         122
                 135         147         153         169         190         217
                 251
