FileFmt      1050624           0           0
NELG           58641         560         454
       37429
       37479
       37532
       37568
       37593
       37616
       37645
       37662
       37687
       37692
       37734
       37742
       37756
       37768
       37784
       37798
       37830
       37837
       37855
       37856
       37869
       37897
       37902
      -37903
       37923
       37926
       37949
      -37960
       37964
       37970
       37985
       37991
       37992
      -37998
       38000
       38005
       38014
       38020
       38024
       38041
       38054
       38055
       38059
       38065
       38075
       38078
       38084
       38087
       38088
       38090
       38093
       38094
       38099
       38102
      -38112
       38124
       38132
       38134
       38155
       38164
       38165
       38166
       38169
       38173
       38175
       38176
       38177
       38180
       38197
       38201
      -38206
       38213
       38215
       38235
       38244
       38247
       38249
       38252
       38262
       38266
       38267
       38275
       38277
       38283
       38287
       38291
       38294
       38299
       38306
       38311
       38314
       38320
       38326
      -38328
       38337
       38343
       38345
       38354
       38357
      -38360
       38362
       38372
       38380
       38382
       38383
       38391
       38396
       38400
       38408
       38411
       38413
       38414
       38422
       38424
       38446
       38448
       38453
       38459
       38465
       38467
       38470
       38471
      -38475
       38485
       38487
       38488
       38490
       38503
       38505
       38520
       38521
       38523
       38529
       38530
       38531
       38539
       38551
       38560
       38563
      -38564
       38569
       38571
       38574
       38580
       38585
       38588
       38590
       38595
       38599
       38604
       38611
       38616
       38625
       38627
       38633
       38634
       38640
       38645
       38651
       38654
       38655
      -38660
       38662
       38667
       38670
       38673
       38688
       38692
       38693
       38697
       38703
       38705
      -38709
       38720
       38725
       38728
       38735
       38737
      -38741
       38750
       38752
       38759
       38760
       38763
       38766
       38769
       38770
       38779
       38786
      -38787
       38793
       38796
       38799
       38809
       38817
       38821
       38826
       38834
       38838
       38840
       38846
       38847
       38852
       38854
       38855
       38864
       38871
       38878
      -38883
       38887
       38888
       38897
       38902
       38905
       38909
       38910
       38917
       38923
       38924
       38926
       38935
       38938
       38939
       38950
       38951
       38957
      -38959
       38963
       38972
       38977
       38979
       38986
       38988
       38990
       38999
       39001
       39005
       39007
       39008
       39013
       39019
       39020
       39035
      -39048
       39050
       39053
       39057
       39063
       39066
       39072
      -39073
       39074
       39075
       39079
       39081
       39088
       39094
       39095
       39096
       39101
       39111
       39115
       39119
       39120
       39121
       39126
       39132
       39138
       39145
      -39146
       39147
       39149
       39156
       39157
       39158
       39161
       39162
       39167
       39169
       39176
       39177
       39181
       39188
       39190
       39198
      -39201
       39203
       39208
       39213
       39215
       39220
       39222
       39227
       39228
       39230
       39232
       39238
       39239
       39241
       39243
       39246
       39250
      -39265
       39266
       39272
       39273
       39285
       39290
       39291
       39292
       39293
       39295
       39297
       39298
       39301
       39303
       39306
       39312
       39316
       39320
       39324
      -39327
       39328
       39333
       39335
       39337
       39338
       39342
       39344
       39345
       39346
       39349
       39351
       39357
       39358
       39361
       39372
       39373
       39382
       39384
       39385
       39387
       39389
       39390
       39394
       39396
       39398
       39399
       39403
       39410
       39411
       39414
       39415
       39417
       39418
       39421
       39433
       39434
       39439
       39440
       39441
       39446
       39447
       39449
       39450
       39451
       39455
       39456
       39460
       39461
       39465
       39470
       39471
       39475
       39480
       39482
       39484
       39485
       39496
       39497
       39498
       39503
       39504
       39505
       39508
       39512
       39513
       39515
       39519
       39521
       39522
       39527
       39528
       39529
       39534
       39536
       39538
       39540
       39542
       39550
       39551
       39552
       39553
       39554
       39561
       39566
       39574
       39577
       39581
       39584
       39589
       39590
       39591
       39593
       39597
       39608
       39609
       39623
       39624
       39627
       39635
       39645
       39647
       39649
       39651
       39652
       39665
       39666
       39673
       39674
       39698
       39700
       39728
       39731
       39747
       39752
       39763
       39766
       39776
       39781
       39796
       39803
       39823
       39838
       39858
       39860
       39872
       39878
       39892
       39901
       39913
       39929
       39941
       39948
NNODG          32218         319         279
      -20440
      -20469
       20483
       20513
       20545
      -20557
       20564
       20588
       20603
      -20612
       20614
       20628
      -20637
       20650
      -20666
       20667
       20678
       20688
       20705
       20720
      -20725
       20726
       20741
       20744
      -20748
       20752
       20771
       20772
       20776
       20781
       20785
       20791
       20792
       20795
       20796
       20797
      -20805
       20807
       20825
       20828
       20833
       20834
       20840
       20845
       20846
       20849
       20851
       20852
       20856
      -20866
       20878
       20879
       20887
       20893
       20894
       20899
       20902
       20908
      -20911
       20915
       20927
       20934
       20935
       20939
      -20947
       20949
       20952
       20955
       20964
       20969
       20972
       20976
       20984
       20990
       20993
      -21001
       21005
       21006
       21011
       21014
       21026
       21028
       21042
       21044
       21054
       21057
      -21059
       21063
       21064
       21069
       21076
       21080
       21081
       21082
      -21091
       21093
       21099
       21102
       21107
       21115
       21117
       21120
       21133
       21134
       21138
       21141
       21144
      -21147
       21151
       21153
       21164
       21168
       21169
      -21172
      -21173
       21188
       21190
       21200
       21202
       21204
       21206
       21213
       21222
       21226
       21230
       21233
       21236
       21238
       21246
       21251
       21258
      -21259
      -21262
       21263
       21269
       21277
       21281
       21283
       21288
       21291
       21297
       21300
       21308
       21312
       21313
       21315
      -21319
       21323
       21332
       21333
      -21345
       21350
       21353
       21356
       21359
       21361
       21365
       21371
       21375
       21376
       21385
       21388
       21391
       21397
      -21398
       21399
       21405
       21407
       21409
       21410
      -21416
       21417
       21423
       21427
       21435
       21437
       21439
       21441
       21442
       21446
       21448
       21451
      -21464
       21465
       21468
       21476
       21477
       21479
       21480
       21482
       21483
      -21485
       21489
       21492
       21495
       21496
      -21497
       21498
       21500
       21502
       21508
       21514
       21515
       21522
       21523
       21525
       21526
      -21527
       21529
       21533
       21537
       21540
       21541
       21542
       21548
       21549
       21553
       21554
       21558
       21561
       21565
       21567
       21571
       21575
       21578
       21579
       21581
       21586
       21587
       21590
       21592
       21595
       21596
       21597
       21599
       21601
       21604
       21606
       21612
       21613
       21620
       21626
       21628
       21631
       21635
       21645
       21646
       21651
       21654
       21655
       21665
       21667
       21668
       21678
       21679
       21697
       21699
       21711
       21713
       21725
       21727
       21731
       21734
       21741
       21746
       21755
       21763
       21774
       21784
       21795
       21796
       21804
       21808
       21818
       21823
       21833
       21841
       21854
       21858
NFLUXF             0
NETA             128          29           0
NSTAE              0           0           0
NSTAV              0           0           0
NSTAM              0           0           0
NSTAC              0           0           0
RES NODE         121         251
                   3           4           5           7           8           9
                  11          12          14          16          17          18
                  19          20          22          23          24          26
                  27          28          29          30          31          32
                  33          34          35          36          38          39
                  40          41          42          43          44          45
                  46          47          48          49          51          52
                  53          54          55          56          57          58
                  60          61          62          63          64          66
                  67          68          69          70          71          72
                  73          74          75          77          78          79
                  80          81          82          83          84          85
                  86          88          89          90          91          92
                  93          94          96          97          98          99
                 100         101         102         103         104         105
                 106         107         109         110         111         112
                 113         116         117         118         119         120
                 121         122         123         124         125         126
                 127         128         129         130         131         134
                 135         136         137         138         139         140
                 141         142         143         144         145         146
                 148         149         150         152         153         154
                 155         156         157         158         159         160
                 161         162         163         164         166         167
                 168         169         170         172         173         174
                 175         176         177         178         179         180
                 181         182         184         185         186         187
                 188         189         190         191         193         194
                 195         196         198         199         200         201
                 202         203         204         205         206         207
                 209         210         211         212         213         214
                 215         216         217         218         219         220
                 221         222         223         224         225         226
                 227         228         229         230         231         232
                 233         234         235         236         237         238
                 239         240         241         242         243         244
                 245         246         247         248         249         250
                 251         252         253         254         255         256
                 257         258         259         260         261         262
                 263         264         265         266         267         268
                 269         270         271         272         273         274
                 275         276         277         278         279
COMM PE            2
RECV PE          120          12
                  10          15          25          50          65          87
                 108         114         133         147         165         183
RECV PE          122          16
                   1           2           6          13          21          37
                  59          76          95         115         132         151
                 171         192         197         208
SEND PE          120          11
                  24          27          56          72          92          99
                 120         140         152         172         189
SEND PE          122          16
                   3           4           9          18          28          51
                  70          89         107         125         143         163
                 184         202         211         213
