bi_1997_v2.grd                                                                  
     520     286
       1 -0.777259300000E+02  0.331087000000E+02  0.656840000000E+02
       2 -0.776750000000E+02  0.331063200000E+02  0.891600000000E+02
       3 -0.777016400000E+02  0.331316600000E+02  0.620880000000E+02
       5 -0.778820200000E+02  0.331053400000E+02  0.430090000000E+02
      11 -0.777708400000E+02  0.331075800000E+02  0.583620000000E+02
      12 -0.777496800000E+02  0.331336100000E+02  0.559420000000E+02
      15 -0.778202600000E+02  0.331087000000E+02  0.506800000000E+02
      16 -0.778552600000E+02  0.331338300000E+02  0.427500000000E+02
      21 -0.777994800000E+02  0.331343100000E+02  0.512350000000E+02
      30 -0.776805300000E+02  0.331410900000E+02  0.606580000000E+02
      33 -0.776057700000E+02  0.331064600000E+02  0.968360000000E+02
      34 -0.776504500000E+02  0.331425200000E+02  0.796370000000E+02
      37 -0.777257200000E+02  0.331445200000E+02  0.527480000000E+02
      40 -0.777751600000E+02  0.331460300000E+02  0.493190000000E+02
      41 -0.778867400000E+02  0.331458300000E+02  0.390840000000E+02
      48 -0.778281700000E+02  0.331466600000E+02  0.423300000000E+02
      69 -0.776213300000E+02  0.331564400000E+02  0.707300000000E+02
      70 -0.775215600000E+02  0.331087000000E+02  0.127901000000E+03
      71 -0.775480000000E+02  0.331544300000E+02  0.904030000000E+02
      73 -0.777010600000E+02  0.331576100000E+02  0.503680000000E+02
      82 -0.777507300000E+02  0.331611200000E+02  0.474210000000E+02
      84 -0.778029300000E+02  0.331625200000E+02  0.400050000000E+02
      86 -0.778590500000E+02  0.331626100000E+02  0.386350000000E+02
      89 -0.774328500000E+02  0.331098200000E+02  0.141830000000E+03
      90 -0.774842500000E+02  0.331652600000E+02  0.961400000000E+02
      96 -0.775893200000E+02  0.331661400000E+02  0.683690000000E+02
      99 -0.776744900000E+02  0.331673100000E+02  0.491070000000E+02
     103 -0.773553600000E+02  0.331120600000E+02  0.184101000000E+03
     104 -0.774121400000E+02  0.331701500000E+02  0.116391000000E+03
     106 -0.777252900000E+02  0.331743200000E+02  0.451750000000E+02
     107 -0.776456100000E+02  0.331774700000E+02  0.488780000000E+02
     109 -0.777773300000E+02  0.331769700000E+02  0.402730000000E+02
     110 -0.771700800000E+02  0.331154200000E+02  0.291344000000E+03
     111 -0.772103200000E+02  0.331764900000E+02  0.196882000000E+03
     112 -0.772879900000E+02  0.331143000000E+02  0.180647000000E+03
     113 -0.778320300000E+02  0.331779200000E+02  0.376460000000E+02
     116 -0.778899600000E+02  0.331777800000E+02  0.365250000000E+02
     141 -0.775604200000E+02  0.331866900000E+02  0.519260000000E+02
     142 -0.776987000000E+02  0.331866800000E+02  0.447270000000E+02
     144 -0.776155400000E+02  0.331895500000E+02  0.469960000000E+02
     149 -0.773448000000E+02  0.331865000000E+02  0.126667000000E+03
     153 -0.777512400000E+02  0.331911700000E+02  0.395050000000E+02
     155 -0.775267300000E+02  0.331932400000E+02  0.553470000000E+02
     161 -0.778053900000E+02  0.331930800000E+02  0.368390000000E+02
     164 -0.778621000000E+02  0.331935500000E+02  0.360410000000E+02
     182 -0.776706400000E+02  0.331983800000E+02  0.445650000000E+02
     188 -0.775848600000E+02  0.332031900000E+02  0.456960000000E+02
     190 -0.777243300000E+02  0.332046600000E+02  0.390700000000E+02
     197 -0.774941800000E+02  0.332080300000E+02  0.530610000000E+02
     200 -0.777785500000E+02  0.332077700000E+02  0.367520000000E+02
     208 -0.778345400000E+02  0.332089800000E+02  0.359780000000E+02
     211 -0.778925900000E+02  0.332091000000E+02  0.341080000000E+02
     213 -0.776412600000E+02  0.332105200000E+02  0.439870000000E+02
     216 -0.774542900000E+02  0.332123600000E+02  0.616880000000E+02
     230 -0.775532700000E+02  0.332164100000E+02  0.448710000000E+02
     234 -0.776964100000E+02  0.332176500000E+02  0.388920000000E+02
     246 -0.777512100000E+02  0.332220500000E+02  0.364930000000E+02
     247 -0.776109200000E+02  0.332234600000E+02  0.435080000000E+02
     249 -0.772709100000E+02  0.332252700000E+02  0.110488000000E+03
     254 -0.778070000000E+02  0.332241500000E+02  0.358690000000E+02
     262 -0.778644300000E+02  0.332247800000E+02  0.345090000000E+02
     267 -0.775202900000E+02  0.332285500000E+02  0.439980000000E+02
     277 -0.776674300000E+02  0.332305100000E+02  0.387220000000E+02
     283 -0.775797500000E+02  0.332367700000E+02  0.431650000000E+02
     284 -0.777231600000E+02  0.332359200000E+02  0.361980000000E+02
     287 -0.774013400000E+02  0.332348400000E+02  0.602060000000E+02
     294 -0.777791700000E+02  0.332389900000E+02  0.351950000000E+02
     302 -0.778363100000E+02  0.332402900000E+02  0.345940000000E+02
     303 -0.778947800000E+02  0.332404300000E+02  0.329120000000E+02
     304 -0.774854300000E+02  0.332406400000E+02  0.433730000000E+02
     309 -0.771872600000E+02  0.332431600000E+02  0.157527000000E+03
     310 -0.776374900000E+02  0.332436100000E+02  0.394960000000E+02
     323 -0.775476500000E+02  0.332499000000E+02  0.427020000000E+02
     324 -0.776942900000E+02  0.332495500000E+02  0.355990000000E+02
     329 -0.777508700000E+02  0.332535400000E+02  0.346820000000E+02
     340 -0.778080500000E+02  0.332555800000E+02  0.341220000000E+02
     341 -0.776067200000E+02  0.332570000000E+02  0.395180000000E+02
     344 -0.778662600000E+02  0.332562000000E+02  0.329680000000E+02
     345 -0.774485100000E+02  0.332551000000E+02  0.428630000000E+02
     355 -0.775145600000E+02  0.332629700000E+02  0.413660000000E+02
     356 -0.776646000000E+02  0.332631500000E+02  0.352340000000E+02
     362 -0.773410700000E+02  0.332622800000E+02  0.607280000000E+02
     364 -0.777219500000E+02  0.332678500000E+02  0.337750000000E+02
     368 -0.775751900000E+02  0.332705000000E+02  0.386380000000E+02
     374 -0.777794600000E+02  0.332706600000E+02  0.332930000000E+02
     377 -0.774207400000E+02  0.332741700000E+02  0.410060000000E+02
     378 -0.778376500000E+02  0.332718400000E+02  0.327400000000E+02
     379 -0.778966700000E+02  0.332718700000E+02  0.318900000000E+02
     387 -0.776341200000E+02  0.332768400000E+02  0.344920000000E+02
     388 -0.774808300000E+02  0.332767300000E+02  0.395750000000E+02
     399 -0.776923400000E+02  0.332820100000E+02  0.326130000000E+02
     402 -0.775429700000E+02  0.332840500000E+02  0.372660000000E+02
     403 -0.773879900000E+02  0.332831600000E+02  0.432160000000E+02
     409 -0.777503900000E+02  0.332855400000E+02  0.321790000000E+02
     416 -0.778088100000E+02  0.332873500000E+02  0.319260000000E+02
     417 -0.778678200000E+02  0.332877900000E+02  0.324730000000E+02
     420 -0.776029700000E+02  0.332906300000E+02  0.331460000000E+02
     423 -0.774485200000E+02  0.332917100000E+02  0.367270000000E+02
     427 -0.772918300000E+02  0.332932500000E+02  0.606780000000E+02
     430 -0.776620400000E+02  0.332961400000E+02  0.311670000000E+02
     433 -0.775103000000E+02  0.332978000000E+02  0.351130000000E+02
     434 -0.772332000000E+02  0.333006700000E+02  0.961040000000E+02
     442 -0.773605900000E+02  0.333018800000E+02  0.386940000000E+02
     446 -0.777207600000E+02  0.333002600000E+02  0.313620000000E+02
     455 -0.777795800000E+02  0.333027200000E+02  0.307870000000E+02
     456 -0.778984100000E+02  0.333034400000E+02  0.317970000000E+02
     457 -0.775712300000E+02  0.333044800000E+02  0.311780000000E+02
     458 -0.778387800000E+02  0.333036500000E+02  0.318770000000E+02
     464 -0.774174300000E+02  0.333058900000E+02  0.348090000000E+02
     471 -0.776311100000E+02  0.333102800000E+02  0.303570000000E+02
     472 -0.773301800000E+02  0.333108100000E+02  0.401720000000E+02
     476 -0.774778100000E+02  0.333119600000E+02  0.309660000000E+02
     480 -0.771617900000E+02  0.333157700000E+02  0.132129000000E+03
     482 -0.776905400000E+02  0.333148700000E+02  0.301010000000E+02
     494 -0.775390600000E+02  0.333184100000E+02  0.294190000000E+02
     498 -0.777498900000E+02  0.333179400000E+02  0.298800000000E+02
     499 -0.773868800000E+02  0.333197200000E+02  0.324360000000E+02
     503 -0.778094300000E+02  0.333194300000E+02  0.305120000000E+02
     504 -0.778692600000E+02  0.333195700000E+02  0.320200000000E+02
     510 -0.775996400000E+02  0.333244400000E+02  0.291010000000E+02
     516 -0.774459600000E+02  0.333262000000E+02  0.295800000000E+02
     517 -0.773036200000E+02  0.333280000000E+02  0.374980000000E+02
     521 -0.776597300000E+02  0.333294300000E+02  0.293940000000E+02
     527 -0.772721600000E+02  0.333322000000E+02  0.517040000000E+02
     531 -0.775067600000E+02  0.333324700000E+02  0.278750000000E+02
     534 -0.773569300000E+02  0.333332200000E+02  0.329080000000E+02
     536 -0.777196700000E+02  0.333330500000E+02  0.290250000000E+02
     542 -0.779001200000E+02  0.333351400000E+02  0.310090000000E+02
     543 -0.777796700000E+02  0.333351100000E+02  0.297500000000E+02
     545 -0.778398400000E+02  0.333356900000E+02  0.311330000000E+02
     548 -0.775677400000E+02  0.333386100000E+02  0.278730000000E+02
     552 -0.774146900000E+02  0.333401500000E+02  0.276790000000E+02
     558 -0.776284000000E+02  0.333439400000E+02  0.286190000000E+02
     560 -0.773271500000E+02  0.333460000000E+02  0.336240000000E+02
     561 -0.772419900000E+02  0.333456500000E+02  0.524900000000E+02
     567 -0.774746400000E+02  0.333466000000E+02  0.263850000000E+02
     572 -0.772065800000E+02  0.333490900000E+02  0.746740000000E+02
     573 -0.776889000000E+02  0.333480600000E+02  0.276110000000E+02
     581 -0.777494400000E+02  0.333506900000E+02  0.289770000000E+02
     584 -0.778707200000E+02  0.333515400000E+02  0.306560000000E+02
     586 -0.775355900000E+02  0.333527900000E+02  0.271220000000E+02
     587 -0.778100700000E+02  0.333517800000E+02  0.302970000000E+02
     588 -0.773838100000E+02  0.333537500000E+02  0.281610000000E+02
     593 -0.772969100000E+02  0.333574700000E+02  0.353870000000E+02
     596 -0.775966300000E+02  0.333584000000E+02  0.274400000000E+02
     597 -0.774428600000E+02  0.333606300000E+02  0.260970000000E+02
     607 -0.776576200000E+02  0.333629700000E+02  0.264900000000E+02
     615 -0.773531300000E+02  0.333668800000E+02  0.301190000000E+02
     616 -0.772655000000E+02  0.333678900000E+02  0.406040000000E+02
     617 -0.775034000000E+02  0.333669700000E+02  0.268100000000E+02
     618 -0.777186800000E+02  0.333661700000E+02  0.278450000000E+02
     620 -0.779019500000E+02  0.333669600000E+02  0.300000000000E+02
     625 -0.778409800000E+02  0.333679800000E+02  0.302100000000E+02
     626 -0.777798400000E+02  0.333678200000E+02  0.298780000000E+02
     633 -0.775645400000E+02  0.333728100000E+02  0.263920000000E+02
     635 -0.774113700000E+02  0.333744000000E+02  0.265960000000E+02
     642 -0.772326400000E+02  0.333781000000E+02  0.444400000000E+02
     643 -0.776259000000E+02  0.333777900000E+02  0.250640000000E+02
     647 -0.773223000000E+02  0.333793300000E+02  0.342900000000E+02
     654 -0.774713100000E+02  0.333810800000E+02  0.264560000000E+02
     657 -0.776874200000E+02  0.333815400000E+02  0.269040000000E+02
     661 -0.778723400000E+02  0.333836900000E+02  0.300290000000E+02
     662 -0.777491000000E+02  0.333837800000E+02  0.287090000000E+02
     664 -0.778108200000E+02  0.333844300000E+02  0.301120000000E+02
     670 -0.775323000000E+02  0.333871600000E+02  0.254560000000E+02
     671 -0.773800700000E+02  0.333878300000E+02  0.281680000000E+02
     676 -0.772908800000E+02  0.333910900000E+02  0.393470000000E+02
     686 -0.775938200000E+02  0.333924900000E+02  0.244790000000E+02
     693 -0.774394100000E+02  0.333950000000E+02  0.262260000000E+02
     695 -0.776556800000E+02  0.333967600000E+02  0.247920000000E+02
     699 -0.779040000000E+02  0.333989100000E+02  0.296510000000E+02
     700 -0.773487400000E+02  0.334008300000E+02  0.321160000000E+02
     702 -0.777178400000E+02  0.333996200000E+02  0.277750000000E+02
     704 -0.775000400000E+02  0.334013900000E+02  0.255360000000E+02
     705 -0.778423200000E+02  0.334005100000E+02  0.298110000000E+02
     707 -0.772585700000E+02  0.334025100000E+02  0.408680000000E+02
     708 -0.777801500000E+02  0.334008600000E+02  0.292870000000E+02
     719 -0.775615000000E+02  0.334070800000E+02  0.235330000000E+02
     725 -0.774076500000E+02  0.334086700000E+02  0.272320000000E+02
     732 -0.776235400000E+02  0.334118300000E+02  0.241970000000E+02
     734 -0.773171500000E+02  0.334133800000E+02  0.365170000000E+02
     741 -0.774678300000E+02  0.334154800000E+02  0.253700000000E+02
     743 -0.776860700000E+02  0.334153100000E+02  0.262670000000E+02
     744 -0.778742200000E+02  0.334160300000E+02  0.293620000000E+02
     747 -0.778117900000E+02  0.334173800000E+02  0.292920000000E+02
     748 -0.777489200000E+02  0.334172100000E+02  0.282330000000E+02
     760 -0.773759200000E+02  0.334220400000E+02  0.312500000000E+02
     761 -0.775290800000E+02  0.334215100000E+02  0.238180000000E+02
     766 -0.772850500000E+02  0.334256200000E+02  0.395460000000E+02
     772 -0.775911100000E+02  0.334267100000E+02  0.227790000000E+02
     777 -0.774357200000E+02  0.334293500000E+02  0.268080000000E+02
     780 -0.776538300000E+02  0.334308000000E+02  0.243820000000E+02
     781 -0.779064100000E+02  0.334309900000E+02  0.284390000000E+02
     788 -0.778439500000E+02  0.334333100000E+02  0.289550000000E+02
     790 -0.773441000000E+02  0.334350900000E+02  0.344610000000E+02
     791 -0.777171200000E+02  0.334334200000E+02  0.267520000000E+02
     793 -0.777806800000E+02  0.334342600000E+02  0.281210000000E+02
     794 -0.774966300000E+02  0.334357600000E+02  0.237100000000E+02
     805 -0.775585000000E+02  0.334413900000E+02  0.219240000000E+02
     808 -0.774036800000E+02  0.334429900000E+02  0.304090000000E+02
     815 -0.776212400000E+02  0.334460500000E+02  0.224130000000E+02
     817 -0.773120300000E+02  0.334478900000E+02  0.367690000000E+02
     822 -0.778765100000E+02  0.334485900000E+02  0.280040000000E+02
     825 -0.774642300000E+02  0.334498300000E+02  0.254940000000E+02
     829 -0.776847900000E+02  0.334494100000E+02  0.253880000000E+02
     834 -0.778130600000E+02  0.334507000000E+02  0.279300000000E+02
     838 -0.777489200000E+02  0.334510500000E+02  0.268880000000E+02
     843 -0.773716100000E+02  0.334563700000E+02  0.333690000000E+02
     844 -0.775258200000E+02  0.334558500000E+02  0.219310000000E+02
     853 -0.772795700000E+02  0.334605900000E+02  0.393300000000E+02
     856 -0.775884100000E+02  0.334610300000E+02  0.206380000000E+02
     864 -0.774318800000E+02  0.334636700000E+02  0.296050000000E+02
     870 -0.776520000000E+02  0.334651100000E+02  0.234300000000E+02
     874 -0.778460000000E+02  0.334664400000E+02  0.274230000000E+02
     879 -0.777165100000E+02  0.334676200000E+02  0.249900000000E+02
     881 -0.773394500000E+02  0.334695500000E+02  0.348590000000E+02
     882 -0.777814600000E+02  0.334681000000E+02  0.264980000000E+02
     884 -0.774931300000E+02  0.334700900000E+02  0.238930000000E+02
     896 -0.775554500000E+02  0.334757300000E+02  0.201790000000E+02
     900 -0.773995800000E+02  0.334773000000E+02  0.308540000000E+02
     911 -0.776188900000E+02  0.334804600000E+02  0.197990000000E+02
     913 -0.778793400000E+02  0.334814100000E+02  0.268910000000E+02
     914 -0.773070900000E+02  0.334826000000E+02  0.368490000000E+02
     918 -0.774605100000E+02  0.334841200000E+02  0.281300000000E+02
     919 -0.776835100000E+02  0.334838800000E+02  0.231550000000E+02
     922 -0.778147400000E+02  0.334844700000E+02  0.262510000000E+02
     927 -0.777490800000E+02  0.334853800000E+02  0.249800000000E+02
     936 -0.775224700000E+02  0.334901700000E+02  0.208150000000E+02
     938 -0.773672700000E+02  0.334907500000E+02  0.325440000000E+02
     952 -0.772745100000E+02  0.334956600000E+02  0.379180000000E+02
     954 -0.775855900000E+02  0.334954500000E+02  0.184090000000E+02
     957 -0.774279600000E+02  0.334979300000E+02  0.294280000000E+02
     966 -0.776500700000E+02  0.334997000000E+02  0.203030000000E+02
     967 -0.778486400000E+02  0.334999800000E+02  0.258640000000E+02
     973 -0.773348800000E+02  0.335040600000E+02  0.338820000000E+02
     974 -0.777159100000E+02  0.335023300000E+02  0.219750000000E+02
     975 -0.777825600000E+02  0.335025300000E+02  0.244660000000E+02
     978 -0.774895300000E+02  0.335043600000E+02  0.266610000000E+02
     992 -0.775522500000E+02  0.335101000000E+02  0.192080000000E+02
     994 -0.773954500000E+02  0.335115700000E+02  0.303670000000E+02
    1004 -0.776163600000E+02  0.335150500000E+02  0.168700000000E+02
    1007 -0.773024100000E+02  0.335173200000E+02  0.350900000000E+02
    1012 -0.774567000000E+02  0.335183100000E+02  0.289200000000E+02
    1016 -0.778169600000E+02  0.335188400000E+02  0.243900000000E+02
    1017 -0.776821000000E+02  0.335187800000E+02  0.200830000000E+02
    1025 -0.777493700000E+02  0.335203700000E+02  0.200670000000E+02
    1031 -0.775189700000E+02  0.335244400000E+02  0.220080000000E+02
    1032 -0.773629700000E+02  0.335250600000E+02  0.317930000000E+02
    1043 -0.775825700000E+02  0.335299500000E+02  0.177990000000E+02
    1051 -0.774239700000E+02  0.335320800000E+02  0.303820000000E+02
    1061 -0.776478700000E+02  0.335346000000E+02  0.161250000000E+02
    1065 -0.773304700000E+02  0.335384800000E+02  0.331990000000E+02
    1067 -0.774858000000E+02  0.335385100000E+02  0.271480000000E+02
    1071 -0.777840300000E+02  0.335377700000E+02  0.193950000000E+02
    1072 -0.777151900000E+02  0.335376800000E+02  0.183990000000E+02
    1086 -0.775488400000E+02  0.335444500000E+02  0.195240000000E+02
    1091 -0.773913200000E+02  0.335457000000E+02  0.312200000000E+02
    1104 -0.776135000000E+02  0.335498000000E+02  0.157100000000E+02
    1111 -0.774527900000E+02  0.335523700000E+02  0.304070000000E+02
    1115 -0.776803300000E+02  0.335541700000E+02  0.159410000000E+02
    1126 -0.777496800000E+02  0.335563200000E+02  0.163770000000E+02
    1129 -0.775152800000E+02  0.335586100000E+02  0.252640000000E+02
    1131 -0.773587500000E+02  0.335592300000E+02  0.316960000000E+02
    1147 -0.775792000000E+02  0.335644600000E+02  0.180340000000E+02
    1149 -0.774199300000E+02  0.335660700000E+02  0.318520000000E+02
    1165 -0.776451800000E+02  0.335697800000E+02  0.148230000000E+02
    1173 -0.774819200000E+02  0.335725200000E+02  0.273410000000E+02
    1178 -0.777140700000E+02  0.335738500000E+02  0.146950000000E+02
    1188 -0.775451300000E+02  0.335787000000E+02  0.248530000000E+02
    1190 -0.773872100000E+02  0.335796500000E+02  0.309820000000E+02
    1209 -0.776101200000E+02  0.335846300000E+02  0.175290000000E+02
    1212 -0.774487900000E+02  0.335862400000E+02  0.320390000000E+02
    1222 -0.776778400000E+02  0.335900600000E+02  0.143360000000E+02
    1230 -0.775113400000E+02  0.335926200000E+02  0.266270000000E+02
    1245 -0.775753900000E+02  0.335989000000E+02  0.240090000000E+02
    1251 -0.774158700000E+02  0.335998300000E+02  0.327200000000E+02
    1264 -0.776417100000E+02  0.336051200000E+02  0.169120000000E+02
    1267 -0.774778700000E+02  0.336063100000E+02  0.300930000000E+02
    1289 -0.775410500000E+02  0.336127800000E+02  0.266780000000E+02
    1305 -0.776060600000E+02  0.336193800000E+02  0.231140000000E+02
    1307 -0.774446900000E+02  0.336198500000E+02  0.330650000000E+02
    1332 -0.775071500000E+02  0.336263800000E+02  0.290490000000E+02
    1356 -0.775710300000E+02  0.336331300000E+02  0.263050000000E+02
    1374 -0.774736500000E+02  0.336398100000E+02  0.317160000000E+02
    1397 -0.775366000000E+02  0.336465600000E+02  0.276660000000E+02
    1437 -0.775027000000E+02  0.336598200000E+02  0.301990000000E+02
       1 3        1        2        3
       2 3       11        1       12
       3 3        5       15       16
       4 3       15       11       21
       5 3        2       30        3
       6 3        2       33       34
       7 3        1        3       37
       8 3        1       37       12
       9 3       11       40       21
      10 3       11       12       40
      11 3       15       48       16
      12 3        2       34       30
      13 3        5       16       41
      14 3       15       21       48
      15 3       33       69       34
      16 3       70       71       33
      17 3        3       30       73
      18 3        3       73       37
      19 3       12       82       40
      20 3       12       37       82
      21 3       21       84       48
      22 3       16       86       41
      23 3       70       89       90
      24 3       21       40       84
      25 3       33       96       69
      26 3       16       48       86
      27 3       33       71       96
      28 3       30       34       99
      29 3       30       99       73
      30 3       89      103      104
      31 3       37       73      106
      32 3       37      106       82
      33 3       34       69      107
      34 3       40      109       84
      35 3      110      111      112
      36 3       40       82      109
      37 3       48      113       86
      38 3       70       90       71
      39 3       34      107       99
      40 3       48       84      113
      41 3       41       86      116
      42 3       71      141       96
      43 3       73       99      142
      44 3       89      104       90
      45 3       73      142      106
      46 3       69       96      144
      47 3      103      112      149
      48 3       69      144      107
      49 3       82      153      109
      50 3       82      106      153
      51 3       71       90      155
      52 3       84      161      113
      53 3       86      164      116
      54 3      103      149      104
      55 3       84      109      161
      56 3       86      113      164
      57 3       71      155      141
      58 3       99      107      182
      59 3       99      182      142
      60 3       96      141      188
      61 3       96      188      144
      62 3      106      142      190
      63 3      106      190      153
      64 3       90      197      155
      65 3      109      200      161
      66 3      109      153      200
      67 3      113      208      164
      68 3      107      144      213
      69 3      113      161      208
      70 3       90      104      216
      71 3      116      164      211
      72 3      107      213      182
      73 3      141      155      230
      74 3       90      216      197
      75 3      142      182      234
      76 3      142      234      190
      77 3      141      230      188
      78 3      153      190      246
      79 3      153      246      200
      80 3      144      188      247
      81 3      112      111      249
      82 3      161      254      208
      83 3      144      247      213
      84 3      164      262      211
      85 3      161      200      254
      86 3      112      249      149
      87 3      164      208      262
      88 3      155      197      267
      89 3      182      213      277
      90 3      155      267      230
      91 3      182      277      234
      92 3      188      230      283
      93 3      190      234      284
      94 3      190      284      246
      95 3      104      149      287
      96 3      104      287      216
      97 3      188      283      247
      98 3      200      294      254
      99 3      200      246      294
     100 3      208      302      262
     101 3      197      216      304
     102 3      208      254      302
     103 3      211      262      303
     104 3      213      247      310
     105 3      213      310      277
     106 3      197      304      267
     107 3      230      267      323
     108 3      234      277      324
     109 3      234      324      284
     110 3      230      323      283
     111 3      246      284      329
     112 3      246      329      294
     113 3      254      340      302
     114 3      247      283      341
     115 3      254      294      340
     116 3      262      344      303
     117 3      216      345      304
     118 3      262      302      344
     119 3      247      341      310
     120 3      216      287      345
     121 3      111      309      249
     122 3      267      304      355
     123 3      277      310      356
     124 3      277      356      324
     125 3      149      362      287
     126 3      267      355      323
     127 3      149      249      362
     128 3      284      324      364
     129 3      284      364      329
     130 3      283      323      368
     131 3      294      374      340
     132 3      294      329      374
     133 3      287      377      345
     134 3      302      378      344
     135 3      283      368      341
     136 3      302      340      378
     137 3      303      344      379
     138 3      310      341      387
     139 3      304      345      388
     140 3      310      387      356
     141 3      304      388      355
     142 3      324      356      399
     143 3      324      399      364
     144 3      323      355      402
     145 3      287      403      377
     146 3      287      362      403
     147 3      329      364      409
     148 3      323      402      368
     149 3      329      409      374
     150 3      340      416      378
     151 3      344      417      379
     152 3      340      374      416
     153 3      344      378      417
     154 3      341      368      420
     155 3      345      377      423
     156 3      249      427      362
     157 3      341      420      387
     158 3      345      423      388
     159 3      356      387      430
     160 3      356      430      399
     161 3      355      388      433
     162 3      309      434      249
     163 3      362      442      403
     164 3      355      433      402
     165 3      364      399      446
     166 3      364      446      409
     167 3      374      455      416
     168 3      374      409      455
     169 3      368      402      457
     170 3      378      458      417
     171 3      378      416      458
     172 3      379      417      456
     173 3      368      457      420
     174 3      377      403      464
     175 3      249      434      427
     176 3      377      464      423
     177 3      387      420      471
     178 3      362      427      472
     179 3      362      472      442
     180 3      388      423      476
     181 3      387      471      430
     182 3      388      476      433
     183 3      399      430      482
     184 3      399      482      446
     185 3      402      433      494
     186 3      409      446      498
     187 3      403      442      499
     188 3      409      498      455
     189 3      416      503      458
     190 3      417      504      456
     191 3      403      499      464
     192 3      402      494      457
     193 3      416      455      503
     194 3      417      458      504
     195 3      420      457      510
     196 3      423      464      516
     197 3      420      510      471
     198 3      427      517      472
     199 3      309      480      434
     200 3      423      516      476
     201 3      430      471      521
     202 3      430      521      482
     203 3      427      434      527
     204 3      433      476      531
     205 3      442      472      534
     206 3      446      482      536
     207 3      446      536      498
     208 3      433      531      494
     209 3      427      527      517
     210 3      442      534      499
     211 3      455      543      503
     212 3      455      498      543
     213 3      458      545      504
     214 3      456      504      542
     215 3      458      503      545
     216 3      457      494      548
     217 3      464      499      552
     218 3      457      548      510
     219 3      464      552      516
     220 3      471      510      558
     221 3      472      517      560
     222 3      434      561      527
     223 3      471      558      521
     224 3      476      516      567
     225 3      472      560      534
     226 3      434      480      572
     227 3      476      567      531
     228 3      482      521      573
     229 3      482      573      536
     230 3      498      536      581
     231 3      434      572      561
     232 3      498      581      543
     233 3      504      584      542
     234 3      494      531      586
     235 3      503      587      545
     236 3      503      543      587
     237 3      499      534      588
     238 3      504      545      584
     239 3      494      586      548
     240 3      499      588      552
     241 3      517      527      593
     242 3      510      548      596
     243 3      510      596      558
     244 3      516      552      597
     245 3      517      593      560
     246 3      516      597      567
     247 3      521      558      607
     248 3      521      607      573
     249 3      534      560      615
     250 3      527      561      616
     251 3      531      567      617
     252 3      536      573      618
     253 3      536      618      581
     254 3      534      615      588
     255 3      545      625      584
     256 3      531      617      586
     257 3      543      626      587
     258 3      542      584      620
     259 3      543      581      626
     260 3      545      587      625
     261 3      527      616      593
     262 3      548      586      633
     263 3      552      588      635
     264 3      548      633      596
     265 3      552      635      597
     266 3      561      572      642
     267 3      558      596      643
     268 3      560      593      647
     269 3      558      643      607
     270 3      567      597      654
     271 3      560      647      615
     272 3      561      642      616
     273 3      573      607      657
     274 3      567      654      617
     275 3      573      657      618
     276 3      584      661      620
     277 3      581      618      662
     278 3      581      662      626
     279 3      587      664      625
     280 3      584      625      661
     281 3      587      626      664
     282 3      586      617      670
     283 3      588      615      671
     284 3      586      670      633
     285 3      588      671      635
     286 3      593      616      676
     287 3      596      633      686
     288 3      593      676      647
     289 3      596      686      643
     290 3      597      635      693
     291 3      597      693      654
     292 3      607      643      695
     293 3      607      695      657
     294 3      615      647      700
     295 3      618      657      702
     296 3      618      702      662
     297 3      620      661      699
     298 3      617      654      704
     299 3      625      705      661
     300 3      616      642      707
     301 3      626      708      664
     302 3      626      662      708
     303 3      625      664      705
     304 3      615      700      671
     305 3      617      704      670
     306 3      616      707      676
     307 3      633      670      719
     308 3      635      671      725
     309 3      633      719      686
     310 3      635      725      693
     311 3      643      686      732
     312 3      647      676      734
     313 3      643      732      695
     314 3      654      693      741
     315 3      647      734      700
     316 3      657      695      743
     317 3      661      744      699
     318 3      657      743      702
     319 3      654      741      704
     320 3      661      705      744
     321 3      664      747      705
     322 3      662      702      748
     323 3      662      748      708
     324 3      664      708      747
     325 3      671      700      760
     326 3      670      704      761
     327 3      670      761      719
     328 3      671      760      725
     329 3      676      707      766
     330 3      686      719      772
     331 3      676      766      734
     332 3      686      772      732
     333 3      693      725      777
     334 3      693      777      741
     335 3      695      732      780
     336 3      695      780      743
     337 3      699      744      781
     338 3      705      788      744
     339 3      700      734      790
     340 3      702      743      791
     341 3      702      791      748
     342 3      705      747      788
     343 3      708      793      747
     344 3      704      741      794
     345 3      708      748      793
     346 3      700      790      760
     347 3      704      794      761
     348 3      719      761      805
     349 3      725      760      808
     350 3      719      805      772
     351 3      725      808      777
     352 3      732      772      815
     353 3      734      766      817
     354 3      732      815      780
     355 3      744      822      781
     356 3      741      777      825
     357 3      734      817      790
     358 3      743      780      829
     359 3      744      788      822
     360 3      743      829      791
     361 3      747      834      788
     362 3      741      825      794
     363 3      748      838      793
     364 3      748      791      838
     365 3      747      793      834
     366 3      760      790      843
     367 3      761      794      844
     368 3      761      844      805
     369 3      760      843      808
     370 3      772      805      856
     371 3      766      853      817
     372 3      772      856      815
     373 3      777      808      864
     374 3      777      864      825
     375 3      780      815      870
     376 3      780      870      829
     377 3      788      874      822
     378 3      788      834      874
     379 3      791      829      879
     380 3      790      817      881
     381 3      791      879      838
     382 3      793      882      834
     383 3      793      838      882
     384 3      794      825      884
     385 3      790      881      843
     386 3      794      884      844
     387 3      805      844      896
     388 3      808      843      900
     389 3      805      896      856
     390 3      808      900      864
     391 3      815      856      911
     392 3      817      853      914
     393 3      815      911      870
     394 3      825      864      918
     395 3      822      874      913
     396 3      817      914      881
     397 3      829      870      919
     398 3      834      922      874
     399 3      829      919      879
     400 3      825      918      884
     401 3      834      882      922
     402 3      838      927      882
     403 3      838      879      927
     404 3      844      884      936
     405 3      843      881      938
     406 3      844      936      896
     407 3      843      938      900
     408 3      856      896      954
     409 3      864      900      957
     410 3      856      954      911
     411 3      853      952      914
     412 3      864      957      918
     413 3      870      911      966
     414 3      874      967      913
     415 3      870      966      919
     416 3      874      922      967
     417 3      881      914      973
     418 3      879      919      974
     419 3      882      975      922
     420 3      879      974      927
     421 3      884      918      978
     422 3      882      927      975
     423 3      881      973      938
     424 3      884      978      936
     425 3      896      936      992
     426 3      900      938      994
     427 3      896      992      954
     428 3      900      994      957
     429 3      911      954     1004
     430 3      914      952     1007
     431 3      911     1004      966
     432 3      918      957     1012
     433 3      914     1007      973
     434 3      922     1016      967
     435 3      919      966     1017
     436 3      918     1012      978
     437 3      919     1017      974
     438 3      922      975     1016
     439 3      927     1025      975
     440 3      927      974     1025
     441 3      936      978     1031
     442 3      938      973     1032
     443 3      936     1031      992
     444 3      938     1032      994
     445 3      954      992     1043
     446 3      957      994     1051
     447 3      954     1043     1004
     448 3      957     1051     1012
     449 3      966     1004     1061
     450 3      966     1061     1017
     451 3      973     1007     1065
     452 3      978     1012     1067
     453 3      975     1071     1016
     454 3      974     1017     1072
     455 3      974     1072     1025
     456 3      975     1025     1071
     457 3      973     1065     1032
     458 3      978     1067     1031
     459 3      992     1031     1086
     460 3      994     1032     1091
     461 3      992     1086     1043
     462 3      994     1091     1051
     463 3     1004     1043     1104
     464 3     1012     1051     1111
     465 3     1004     1104     1061
     466 3     1012     1111     1067
     467 3     1017     1061     1115
     468 3     1017     1115     1072
     469 3     1025     1126     1071
     470 3     1025     1072     1126
     471 3     1031     1067     1129
     472 3     1032     1065     1131
     473 3     1031     1129     1086
     474 3     1032     1131     1091
     475 3     1043     1086     1147
     476 3     1051     1091     1149
     477 3     1043     1147     1104
     478 3     1051     1149     1111
     479 3     1061     1104     1165
     480 3     1067     1111     1173
     481 3     1061     1165     1115
     482 3     1067     1173     1129
     483 3     1072     1115     1178
     484 3     1072     1178     1126
     485 3     1086     1129     1188
     486 3     1091     1131     1190
     487 3     1086     1188     1147
     488 3     1091     1190     1149
     489 3     1104     1147     1209
     490 3     1111     1149     1212
     491 3     1104     1209     1165
     492 3     1111     1212     1173
     493 3     1115     1165     1222
     494 3     1129     1173     1230
     495 3     1115     1222     1178
     496 3     1129     1230     1188
     497 3     1147     1188     1245
     498 3     1149     1190     1251
     499 3     1147     1245     1209
     500 3     1149     1251     1212
     501 3     1165     1209     1264
     502 3     1173     1212     1267
     503 3     1165     1264     1222
     504 3     1173     1267     1230
     505 3     1188     1230     1289
     506 3     1188     1289     1245
     507 3     1209     1245     1305
     508 3     1212     1251     1307
     509 3     1212     1307     1267
     510 3     1209     1305     1264
     511 3     1230     1267     1332
     512 3     1230     1332     1289
     513 3     1245     1289     1356
     514 3     1245     1356     1305
     515 3     1267     1307     1374
     516 3     1267     1374     1332
     517 3     1289     1332     1397
     518 3     1289     1397     1356
     519 3     1332     1374     1437
     520 3     1332     1437     1397
 1                                                                              
 11                                                                             
 11                                                                             
           5
          15
          11
           1
           2
          33
          70
          89
         103
         112
         110
 0                                                                              
 0                                                                              
