Nodal attrs for bi_1997_v2.grd - 10/24/2013                                     
         286
           1
primitive_weighting_in_continuity_equation                                      
1                                                                               
           1
  0.300000000E-01
primitive_weighting_in_continuity_equation                                      
         286
         1    0.50000000E-02
         2    0.50000000E-02
         3    0.50000000E-02
         5    0.50000000E-02
        11    0.50000000E-02
        12    0.50000000E-02
        15    0.50000000E-02
        16    0.50000000E-02
        21    0.50000000E-02
        30    0.50000000E-02
        33    0.50000000E-02
        34    0.50000000E-02
        37    0.50000000E-02
        40    0.50000000E-02
        41    0.50000000E-02
        48    0.50000000E-02
        69    0.50000000E-02
        70    0.50000000E-02
        71    0.50000000E-02
        73    0.50000000E-02
        82    0.50000000E-02
        84    0.50000000E-02
        86    0.50000000E-02
        89    0.50000000E-02
        90    0.50000000E-02
        96    0.50000000E-02
        99    0.50000000E-02
       103    0.50000000E-02
       104    0.50000000E-02
       106    0.50000000E-02
       107    0.50000000E-02
       109    0.50000000E-02
       110    0.50000000E-02
       111    0.50000000E-02
       112    0.50000000E-02
       113    0.50000000E-02
       116    0.50000000E-02
       141    0.50000000E-02
       142    0.50000000E-02
       144    0.50000000E-02
       149    0.50000000E-02
       153    0.50000000E-02
       155    0.50000000E-02
       161    0.50000000E-02
       164    0.50000000E-02
       182    0.50000000E-02
       188    0.50000000E-02
       190    0.50000000E-02
       197    0.50000000E-02
       200    0.50000000E-02
       208    0.50000000E-02
       211    0.50000000E-02
       213    0.50000000E-02
       216    0.50000000E-02
       230    0.50000000E-02
       234    0.50000000E-02
       246    0.50000000E-02
       247    0.50000000E-02
       249    0.50000000E-02
       254    0.50000000E-02
       262    0.50000000E-02
       267    0.50000000E-02
       277    0.50000000E-02
       283    0.50000000E-02
       284    0.50000000E-02
       287    0.50000000E-02
       294    0.50000000E-02
       302    0.50000000E-02
       303    0.50000000E-02
       304    0.50000000E-02
       309    0.50000000E-02
       310    0.50000000E-02
       323    0.50000000E-02
       324    0.50000000E-02
       329    0.50000000E-02
       340    0.50000000E-02
       341    0.50000000E-02
       344    0.50000000E-02
       345    0.50000000E-02
       355    0.50000000E-02
       356    0.50000000E-02
       362    0.50000000E-02
       364    0.50000000E-02
       368    0.50000000E-02
       374    0.50000000E-02
       377    0.50000000E-02
       378    0.50000000E-02
       379    0.50000000E-02
       387    0.50000000E-02
       388    0.50000000E-02
       399    0.50000000E-02
       402    0.50000000E-02
       403    0.50000000E-02
       409    0.50000000E-02
       416    0.50000000E-02
       417    0.50000000E-02
       420    0.50000000E-02
       423    0.50000000E-02
       427    0.50000000E-02
       430    0.50000000E-02
       433    0.50000000E-02
       434    0.50000000E-02
       442    0.50000000E-02
       446    0.50000000E-02
       455    0.50000000E-02
       456    0.50000000E-02
       457    0.50000000E-02
       458    0.50000000E-02
       464    0.50000000E-02
       471    0.50000000E-02
       472    0.50000000E-02
       476    0.50000000E-02
       480    0.50000000E-02
       482    0.50000000E-02
       494    0.50000000E-02
       498    0.50000000E-02
       499    0.50000000E-02
       503    0.50000000E-02
       504    0.50000000E-02
       510    0.50000000E-02
       516    0.50000000E-02
       517    0.50000000E-02
       521    0.50000000E-02
       527    0.50000000E-02
       531    0.50000000E-02
       534    0.50000000E-02
       536    0.50000000E-02
       542    0.50000000E-02
       543    0.50000000E-02
       545    0.50000000E-02
       548    0.50000000E-02
       552    0.50000000E-02
       558    0.50000000E-02
       560    0.50000000E-02
       561    0.50000000E-02
       567    0.50000000E-02
       572    0.50000000E-02
       573    0.50000000E-02
       581    0.50000000E-02
       584    0.50000000E-02
       586    0.50000000E-02
       587    0.50000000E-02
       588    0.50000000E-02
       593    0.50000000E-02
       596    0.50000000E-02
       597    0.50000000E-02
       607    0.50000000E-02
       615    0.50000000E-02
       616    0.50000000E-02
       617    0.50000000E-02
       618    0.50000000E-02
       620    0.50000000E-02
       625    0.50000000E-02
       626    0.50000000E-02
       633    0.50000000E-02
       635    0.50000000E-02
       642    0.50000000E-02
       643    0.50000000E-02
       647    0.50000000E-02
       654    0.50000000E-02
       657    0.50000000E-02
       661    0.50000000E-02
       662    0.50000000E-02
       664    0.50000000E-02
       670    0.50000000E-02
       671    0.50000000E-02
       676    0.50000000E-02
       686    0.50000000E-02
       693    0.50000000E-02
       695    0.50000000E-02
       699    0.50000000E-02
       700    0.50000000E-02
       702    0.50000000E-02
       704    0.50000000E-02
       705    0.50000000E-02
       707    0.50000000E-02
       708    0.50000000E-02
       719    0.50000000E-02
       725    0.50000000E-02
       732    0.50000000E-02
       734    0.50000000E-02
       741    0.50000000E-02
       743    0.50000000E-02
       744    0.50000000E-02
       747    0.50000000E-02
       748    0.50000000E-02
       760    0.50000000E-02
       761    0.50000000E-02
       766    0.50000000E-02
       772    0.50000000E-02
       777    0.50000000E-02
       780    0.50000000E-02
       781    0.50000000E-02
       788    0.50000000E-02
       790    0.50000000E-02
       791    0.50000000E-02
       793    0.50000000E-02
       794    0.50000000E-02
       805    0.50000000E-02
       808    0.50000000E-02
       815    0.50000000E-02
       817    0.50000000E-02
       822    0.50000000E-02
       825    0.50000000E-02
       829    0.50000000E-02
       834    0.50000000E-02
       838    0.50000000E-02
       843    0.50000000E-02
       844    0.50000000E-02
       853    0.50000000E-02
       856    0.50000000E-02
       864    0.50000000E-02
       870    0.50000000E-02
       874    0.50000000E-02
       879    0.50000000E-02
       881    0.50000000E-02
       882    0.50000000E-02
       884    0.50000000E-02
       896    0.50000000E-02
       900    0.50000000E-02
       911    0.50000000E-02
       913    0.50000000E-02
       914    0.50000000E-02
       918    0.50000000E-02
       919    0.50000000E-02
       922    0.50000000E-02
       927    0.50000000E-02
       936    0.50000000E-02
       938    0.50000000E-02
       952    0.50000000E-02
       954    0.50000000E-02
       957    0.50000000E-02
       966    0.50000000E-02
       967    0.50000000E-02
       973    0.50000000E-02
       974    0.50000000E-02
       975    0.50000000E-02
       978    0.50000000E-02
       992    0.50000000E-02
       994    0.50000000E-02
      1004    0.50000000E-02
      1007    0.50000000E-02
      1012    0.50000000E-02
      1016    0.50000000E-02
      1017    0.50000000E-02
      1025    0.50000000E-02
      1031    0.50000000E-02
      1032    0.50000000E-02
      1043    0.50000000E-02
      1051    0.50000000E-02
      1061    0.50000000E-02
      1065    0.50000000E-02
      1067    0.50000000E-02
      1071    0.50000000E-02
      1072    0.50000000E-02
      1086    0.50000000E-02
      1091    0.50000000E-02
      1104    0.50000000E-02
      1111    0.50000000E-02
      1115    0.50000000E-02
      1126    0.50000000E-02
      1129    0.50000000E-02
      1131    0.50000000E-02
      1147    0.50000000E-02
      1149    0.50000000E-02
      1165    0.50000000E-02
      1173    0.50000000E-02
      1178    0.50000000E-02
      1188    0.50000000E-02
      1190    0.50000000E-02
      1209    0.50000000E-02
      1212    0.50000000E-02
      1222    0.50000000E-02
      1230    0.50000000E-02
      1245    0.50000000E-02
      1251    0.50000000E-02
      1264    0.50000000E-02
      1267    0.50000000E-02
      1289    0.50000000E-02
      1305    0.50000000E-02
      1307    0.50000000E-02
      1332    0.50000000E-02
      1356    0.50000000E-02
      1374    0.50000000E-02
      1397    0.50000000E-02
      1437    0.50000000E-02
