FileFmt      1050624           0           0
NELG           58641         560         520
           1
           5
          -7
          10
          15
          17
          19
          20
          22
          23
          29
          30
         -38
          40
          57
          58
          61
          62
          76
          80
          82
         -84
          88
          90
          95
         102
         104
         107
         111
         114
         118
         119
         120
         122
        -124
         125
         126
         129
         135
         144
        -152
         171
         172
         175
         176
         177
         180
         183
         184
         185
         187
         191
        -196
         200
         203
         217
         224
         231
         236
         241
         243
         245
         248
         251
         255
         258
         266
         272
         277
         279
        -284
         292
         306
         308
         310
         313
         317
         323
         324
         326
        -330
         335
         341
        -344
         345
         356
         357
         361
         375
         378
         381
         389
         390
         396
         397
         400
         401
         405
         406
         416
         420
         424
        -429
         433
         443
         444
         460
         461
         464
         467
         472
         473
         487
         490
         493
        -494
         499
         502
         507
         508
        -520
         522
         523
         532
         538
         539
         544
         546
         552
         554
         563
         565
         570
         571
         574
         579
        -583
         592
         593
         601
         602
         615
         621
         623
         624
         627
         632
         634
         636
         648
        -650
         651
         658
         660
         664
         669
         671
         673
         678
         683
         685
        -686
         696
         697
         702
         710
         723
         724
         727
         728
         731
        -732
         741
         742
         743
         747
         756
         757
         758
         763
         764
         772
         775
         781
         796
         801
         802
         804
         811
        -812
         813
         814
         817
         821
         829
         837
         838
         841
        -842
         845
         852
         857
         860
         869
         874
         878
         880
         881
         885
         886
         893
         894
         896
        -897
         898
         904
         912
         914
         919
         923
         927
         928
         932
         937
         943
        -949
         950
         951
         957
         967
        -969
         970
        -973
         976
         978
         979
         980
         981
         987
         993
         997
        1002
        1006
        1007
        1009
        1020
        1025
        1031
        1041
        1042
        1043
        1044
        1047
        1053
        1056
        1058
        1059
       -1060
        1061
        1065
        1066
        1073
        1078
        1080
        1086
       -1095
        1097
        1103
        1108
        1113
        1114
       -1118
        1121
        1128
        1129
       -1133
        1134
        1135
        1137
        1140
        1143
        1147
        1148
        1153
        1154
        1158
        1176
        1178
        1187
        1190
        1194
        1197
        1201
        1206
        1208
        1211
       -1212
        1213
        1214
       -1216
        1218
        1220
        1221
        1222
        1226
       -1234
        1245
        1254
        1258
        1261
        1267
        1269
        1276
        1281
        1282
        1288
       -1291
        1293
        1295
        1297
        1299
        1300
        1302
        1307
        1321
        1322
        1330
        1331
       -1336
        1346
       -1352
        1354
        1356
        1365
        1366
        1371
       -1373
        1379
        1381
        1382
        1386
        1387
        1388
        1389
        1391
        1398
        1401
        1416
        1424
        1427
        1432
        1436
       -1438
        1443
       -1450
        1454
        1457
        1459
       -1463
        1464
        1473
        1475
        1480
        1481
        1484
        1494
        1495
        1502
        1505
        1514
       -1522
        1527
        1531
        1540
        1542
        1547
       -1549
        1557
        1558
        1561
        1562
        1563
        1566
        1567
        1573
        1579
        1592
        1597
        1605
        1616
        1622
       -1625
        1628
        1633
       -1635
        1637
        1638
        1643
        1646
        1650
        1651
        1653
        1654
        1668
        1670
        1681
        1682
        1698
        1706
        1707
       -1708
        1725
        1726
       -1727
        1732
       -1735
        1740
        1741
        1742
        1744
        1746
        1749
        1759
        1764
        1779
        1785
        1789
        1794
        1802
       -1808
        1815
        1819
       -1827
       -1829
        1830
        1835
        1837
       -1842
        1847
        1848
        1856
        1857
        1870
        1873
        1882
        1896
        1898
        1909
        1918
        1924
       -1930
        1932
       -1936
        1937
        1938
       -1940
       -1945
        1947
        1967
        1974
        1981
        1987
        1999
        2013
        2014
        2023
        2026
        2034
       -2043
       -2047
        2050
       -2054
        2062
       -2063
        2080
        2086
        2092
        2099
        2110
        2126
        2127
        2141
       -2142
       -2149
        2163
       -2165
        2177
       -2178
        2201
        2204
        2217
        2228
       -2232
        2244
       -2249
        2261
        2282
       -2289
        2298
       -2303
       -2314
        2318
       -2335
        2342
        2365
        2384
       -2402
       -2404
       -2425
       -2429
        2447
        2467
       -2492
       -2516
       -2530
       -2544
       -2574
       -2595
       -2652
       -2674
NNODG          32218         319         286
           1
           2
           3
          -5
          11
          12
          15
          16
          21
          30
          33
          34
          37
          40
         -41
          48
          69
          70
          71
          73
          82
          84
          86
          89
          90
          96
          99
         103
         104
         106
         107
         109
        -110
        -111
         112
         113
        -116
         141
         142
         144
         149
         153
         155
         161
         164
         182
         188
         190
         197
         200
         208
        -211
         213
         216
         230
         234
         246
         247
         249
         254
         262
         267
         277
         283
         284
         287
         294
         302
        -303
         304
        -309
         310
         323
         324
         329
         340
         341
         344
         345
         355
         356
         362
         364
         368
         374
         377
         378
        -379
         387
         388
         399
         402
         403
         409
         416
         417
         420
         423
         427
         430
         433
         434
         442
         446
         455
        -456
         457
         458
         464
         471
         472
         476
        -480
         482
         494
         498
         499
         503
         504
         510
         516
         517
         521
         527
         531
         534
         536
        -542
         543
         545
         548
         552
         558
         560
         561
         567
        -572
         573
         581
         584
         586
         587
         588
         593
         596
         597
         607
         615
         616
         617
         618
        -620
         625
         626
         633
         635
        -642
         643
         647
         654
         657
         661
         662
         664
         670
         671
         676
         686
         693
         695
        -699
         700
         702
         704
         705
        -707
         708
         719
         725
         732
         734
         741
         743
         744
         747
         748
         760
         761
        -766
         772
         777
         780
        -781
         788
         790
         791
         793
         794
         805
         808
         815
         817
        -822
         825
         829
         834
         838
         843
         844
        -853
         856
         864
         870
         874
         879
         881
         882
         884
         896
         900
         911
        -913
         914
         918
         919
         922
         927
         936
         938
        -952
         954
         957
         966
        -967
         973
         974
         975
         978
         992
         994
        1004
       -1007
        1012
       -1016
        1017
        1025
        1031
        1032
        1043
        1051
        1061
       -1065
        1067
       -1071
        1072
        1086
        1091
        1104
        1111
        1115
       -1126
        1129
       -1131
        1147
        1149
        1165
        1173
       -1178
        1188
       -1190
        1209
        1212
       -1222
        1230
        1245
       -1251
       -1264
        1267
        1289
       -1305
       -1307
        1332
       -1356
       -1374
       -1397
       -1437
NFLUXF             0
NETA             128          29          11
          23
          24
          25
          26
          27
          28
          29
          30
          31
          32
          33
NSTAE              0           0           0
NSTAV              0           0           0
NSTAM              0           0           0
NSTAC              0           0           0
RES NODE          63         245
                   1           2           3           5           6           7
                   8           9          10          11          12          13
                  14          16          17          18          19          20
                  21          22          23          24          25          26
                  27          28          29          30          31          32
                  35          36          38          39          40          41
                  42          43          44          45          46          47
                  48          49          50          51          53          54
                  55          56          57          58          59          60
                  61          62          63          64          65          66
                  67          68          70          72          73          74
                  75          76          77          78          79          80
                  81          82          83          84          85          86
                  87          89          90          91          92          93
                  94          95          96          97          98          99
                 100         101         102         103         104         105
                 107         108         109         110         111         112
                 114         115         116         117         118         119
                 120         121         122         123         124         125
                 126         127         129         130         131         132
                 133         134         135         136         138         139
                 140         141         142         143         144         145
                 146         147         148         149         150         151
                 153         154         155         156         158         159
                 160         161         162         163         164         165
                 166         167         168         169         170         172
                 173         174         175         177         178         179
                 180         181         182         183         184         185
                 186         187         188         190         191         192
                 194         195         196         197         198         199
                 200         201         202         204         205         206
                 207         208         209         211         212         213
                 214         215         216         217         218         219
                 220         221         223         224         225         226
                 227         228         229         231         232         233
                 235         236         237         238         239         240
                 241         243         245         246         247         248
                 249         250         251         253         255         256
                 257         258         259         260         262         264
                 265         266         267         269         271         272
                 274         275         278         279         282
COMM PE            3
RECV PE           59          10
                   4          15          37          52          69          88
                 106         128         152         171
RECV PE           60          14
                 193         203         222         234         244         254
                 261         268         273         277         280         283
                 285         286
RECV PE           62          17
                  33          34          71         113         137         157
                 176         189         210         230         242         252
                 263         270         276         281         284
SEND PE           59          11
                   7           8          23          45          61          78
                  96         119         140         162         184
SEND PE           60          13
                 184         194         214         226         237         246
                 255         260         266         271         275         279
                 282
SEND PE           62          16
                  35          59         102         135         149         167
                 181         202         223         235         248         257
                 265         272         278         282
