bi_1997_v2.grd                                                                  
     507     288
   25800 -0.758962000000E+02  0.351434700000E+02  0.555000000000E+00
   25846 -0.758839300000E+02  0.351485100000E+02  0.555000000000E+00
   25847 -0.758930600000E+02  0.351567800000E+02  0.753000000000E+00
   25911 -0.758707900000E+02  0.351543900000E+02  0.555000000000E+00
   25912 -0.758806000000E+02  0.351618700000E+02  0.557000000000E+00
   25939 -0.759005400000E+02  0.351642200000E+02  0.237700000000E+01
   25959 -0.758604000000E+02  0.351555400000E+02  0.555000000000E+00
   25960 -0.758681300000E+02  0.351652600000E+02  0.757000000000E+00
   25984 -0.758500100000E+02  0.351622200000E+02  0.555000000000E+00
   25985 -0.758580000000E+02  0.351665700000E+02  0.555000000000E+00
   26039 -0.758906300000E+02  0.351695400000E+02  0.250500000000E+01
   26094 -0.758495500000E+02  0.351733400000E+02  0.657000000000E+00
   26110 -0.758375400000E+02  0.351675900000E+02  0.555000000000E+00
   26125 -0.758208400000E+02  0.351703600000E+02  0.555000000000E+00
   26126 -0.758230100000E+02  0.351752900000E+02  0.582000000000E+00
   26127 -0.758295400000E+02  0.351710700000E+02  0.555000000000E+00
   26133 -0.759020000000E+02  0.351755900000E+02  0.419500000000E+01
   26143 -0.758619100000E+02  0.351764600000E+02  0.173800000000E+01
   26144 -0.758771300000E+02  0.351766500000E+02  0.293400000000E+01
   26178 -0.758159600000E+02  0.351735500000E+02  0.555000000000E+00
   26179 -0.758093600000E+02  0.351741400000E+02  0.555000000000E+00
   26180 -0.758147600000E+02  0.351781700000E+02  0.555000000000E+00
   26202 -0.758099800000E+02  0.351793100000E+02  0.555000000000E+00
   26228 -0.758379800000E+02  0.351810800000E+02  0.222700000000E+01
   26237 -0.758264900000E+02  0.351822100000E+02  0.845000000000E+00
   26243 -0.758012600000E+02  0.351791700000E+02  0.555000000000E+00
   26244 -0.758034100000E+02  0.351828500000E+02  0.555000000000E+00
   26245 -0.758062100000E+02  0.351810600000E+02  0.555000000000E+00
   26248 -0.758905800000E+02  0.351820300000E+02  0.379300000000E+01
   26249 -0.758183400000E+02  0.351831200000E+02  0.587000000000E+00
   26259 -0.757721900000E+02  0.351837000000E+02  0.117800000000E+01
   26260 -0.758118700000E+02  0.351835600000E+02  0.555000000000E+00
   26263 -0.757962600000E+02  0.351807600000E+02  0.555000000000E+00
   26264 -0.757994800000E+02  0.351839400000E+02  0.555000000000E+00
   26267 -0.758070300000E+02  0.351835600000E+02  0.555000000000E+00
   26269 -0.757586800000E+02  0.351844100000E+02  0.227400000000E+01
   26272 -0.757687400000E+02  0.351848200000E+02  0.156000000000E+01
   26283 -0.757744100000E+02  0.351854100000E+02  0.695000000000E+00
   26285 -0.757916600000E+02  0.351830200000E+02  0.555000000000E+00
   26286 -0.757948500000E+02  0.351855800000E+02  0.555000000000E+00
   26288 -0.757549100000E+02  0.351855900000E+02  0.138200000000E+01
   26290 -0.757651400000E+02  0.351857600000E+02  0.316100000000E+01
   26303 -0.758518500000E+02  0.351860800000E+02  0.142100000000E+01
   26305 -0.757614200000E+02  0.351867800000E+02  0.168400000000E+01
   26306 -0.758030200000E+02  0.351864900000E+02  0.555000000000E+00
   26308 -0.758998600000E+02  0.351863600000E+02  0.458400000000E+01
   26309 -0.757511900000E+02  0.351868600000E+02  0.113100000000E+01
   26317 -0.757710000000E+02  0.351877000000E+02  0.190200000000E+01
   26319 -0.757853300000E+02  0.351858700000E+02  0.555000000000E+00
   26320 -0.757906200000E+02  0.351869500000E+02  0.555000000000E+00
   26322 -0.757576700000E+02  0.351878700000E+02  0.113100000000E+01
   26331 -0.757677500000E+02  0.351882100000E+02  0.327500000000E+01
   26333 -0.757476500000E+02  0.351882000000E+02  0.863000000000E+00
   26336 -0.758076700000E+02  0.351880600000E+02  0.555000000000E+00
   26338 -0.757980800000E+02  0.351887500000E+02  0.555000000000E+00
   26341 -0.757539400000E+02  0.351890300000E+02  0.100400000000E+01
   26342 -0.757641400000E+02  0.351891300000E+02  0.114200000000E+01
   26344 -0.758134500000E+02  0.351890600000E+02  0.680000000000E+00
   26348 -0.757445500000E+02  0.351896400000E+02  0.678000000000E+00
   26349 -0.757929800000E+02  0.351899900000E+02  0.555000000000E+00
   26352 -0.757604100000E+02  0.351901400000E+02  0.101800000000E+01
   26353 -0.757882600000E+02  0.351902100000E+02  0.555000000000E+00
   26356 -0.757502500000E+02  0.351903500000E+02  0.854000000000E+00
   26357 -0.758813200000E+02  0.351905000000E+02  0.270100000000E+01
   26359 -0.757705600000E+02  0.351904200000E+02  0.254900000000E+01
   26361 -0.757845600000E+02  0.351899000000E+02  0.555000000000E+00
   26363 -0.758203900000E+02  0.351904300000E+02  0.113200000000E+01
   26364 -0.757738500000E+02  0.351890800000E+02  0.112600000000E+01
   26366 -0.758668100000E+02  0.351907700000E+02  0.208500000000E+01
   26369 -0.757566600000E+02  0.351911900000E+02  0.916000000000E+00
   26371 -0.757669300000E+02  0.351914300000E+02  0.108200000000E+01
   26373 -0.757467100000E+02  0.351917000000E+02  0.670000000000E+00
   26377 -0.758024400000E+02  0.351916800000E+02  0.555000000000E+00
   26385 -0.757529800000E+02  0.351923200000E+02  0.790000000000E+00
   26388 -0.757631700000E+02  0.351924300000E+02  0.937000000000E+00
   26391 -0.758296600000E+02  0.351921800000E+02  0.101400000000E+01
   26393 -0.757739100000E+02  0.351924600000E+02  0.172500000000E+01
   26396 -0.757785900000E+02  0.351912900000E+02  0.901000000000E+00
   26399 -0.758926500000E+02  0.351934100000E+02  0.476400000000E+01
   26400 -0.757593600000E+02  0.351934300000E+02  0.876000000000E+00
   26402 -0.757903300000E+02  0.351937100000E+02  0.555000000000E+00
   26403 -0.757699400000E+02  0.351936300000E+02  0.102500000000E+01
   26405 -0.757490200000E+02  0.351939600000E+02  0.628000000000E+00
   26410 -0.757556200000E+02  0.351943500000E+02  0.119500000000E+01
   26412 -0.758081500000E+02  0.351939400000E+02  0.685000000000E+00
   26415 -0.757957000000E+02  0.351946700000E+02  0.555000000000E+00
   26418 -0.757774100000E+02  0.351945100000E+02  0.177600000000E+01
   26422 -0.757857700000E+02  0.351948000000E+02  0.647000000000E+00
   26423 -0.757660500000E+02  0.351947100000E+02  0.875000000000E+00
   26429 -0.758412200000E+02  0.351949800000E+02  0.570000000000E+00
   26430 -0.757523600000E+02  0.351950300000E+02  0.118700000000E+01
   26431 -0.757818100000E+02  0.351930500000E+02  0.877000000000E+00
   26433 -0.758142500000E+02  0.351951500000E+02  0.108400000000E+01
   26434 -0.757621500000E+02  0.351957400000E+02  0.913000000000E+00
   26435 -0.759045900000E+02  0.351958200000E+02  0.511800000000E+01
   26436 -0.757731500000E+02  0.351957700000E+02  0.988000000000E+00
   26445 -0.757807300000E+02  0.351965100000E+02  0.216900000000E+01
   26447 -0.757581900000E+02  0.351966900000E+02  0.953000000000E+00
   26451 -0.757691000000E+02  0.351969500000E+02  0.889000000000E+00
   26453 -0.757500400000E+02  0.351971200000E+02  0.177800000000E+01
   26455 -0.757541300000E+02  0.351974000000E+02  0.166600000000E+01
   26459 -0.757463400000E+02  0.351954900000E+02  0.726000000000E+00
   26461 -0.757763900000E+02  0.351978900000E+02  0.777000000000E+00
   26462 -0.757651000000E+02  0.351980700000E+02  0.936000000000E+00
   26468 -0.757835800000E+02  0.351986400000E+02  0.366400000000E+01
   26469 -0.758019600000E+02  0.351980400000E+02  0.684000000000E+00
   26472 -0.757889400000E+02  0.351987800000E+02  0.672000000000E+00
   26475 -0.757610500000E+02  0.351991200000E+02  0.987000000000E+00
   26477 -0.757722500000E+02  0.351991500000E+02  0.745000000000E+00
   26479 -0.757466000000E+02  0.351997100000E+02  0.223500000000E+01
   26480 -0.758758500000E+02  0.351998300000E+02  0.268600000000E+01
   26484 -0.757568100000E+02  0.352001200000E+02  0.103800000000E+01
   26485 -0.757795500000E+02  0.352000600000E+02  0.891000000000E+00
   26487 -0.758849500000E+02  0.352001700000E+02  0.431400000000E+01
   26488 -0.757421700000E+02  0.351980100000E+02  0.842000000000E+00
   26489 -0.757682000000E+02  0.352003700000E+02  0.812000000000E+00
   26491 -0.758200800000E+02  0.352007700000E+02  0.145800000000E+01
   26494 -0.758536300000E+02  0.351997400000E+02  0.138300000000E+01
   26496 -0.757517600000E+02  0.352011200000E+02  0.159100000000E+01
   26500 -0.757754300000E+02  0.352012500000E+02  0.608000000000E+00
   26503 -0.757641100000E+02  0.352015300000E+02  0.882000000000E+00
   26504 -0.758091100000E+02  0.352014700000E+02  0.100400000000E+01
   26508 -0.757952000000E+02  0.352015700000E+02  0.773000000000E+00
   26511 -0.757599700000E+02  0.352026200000E+02  0.961000000000E+00
   26513 -0.757714300000E+02  0.352026100000E+02  0.680000000000E+00
   26515 -0.757421600000E+02  0.352024400000E+02  0.236900000000E+01
   26517 -0.757830800000E+02  0.352028900000E+02  0.149400000000E+01
   26518 -0.757783200000E+02  0.352030600000E+02  0.622000000000E+00
   26519 -0.757369200000E+02  0.352008700000E+02  0.832000000000E+00
   26525 -0.757673200000E+02  0.352039100000E+02  0.757000000000E+00
   26526 -0.757557800000E+02  0.352037600000E+02  0.104500000000E+01
   26527 -0.758317000000E+02  0.352035200000E+02  0.783000000000E+00
   26530 -0.757471400000E+02  0.352040500000E+02  0.155800000000E+01
   26532 -0.757748500000E+02  0.352046900000E+02  0.614000000000E+00
   26534 -0.758010900000E+02  0.352047800000E+02  0.119800000000E+01
   26535 -0.757631200000E+02  0.352051000000E+02  0.839000000000E+00
   26543 -0.757889900000E+02  0.352050200000E+02  0.956000000000E+00
   26544 -0.757374500000E+02  0.352051800000E+02  0.233800000000E+01
   26547 -0.757517900000E+02  0.352056700000E+02  0.111200000000E+01
   26548 -0.758947000000E+02  0.352054300000E+02  0.512500000000E+01
   26549 -0.758659800000E+02  0.352059900000E+02  0.278700000000E+01
   26550 -0.757589600000E+02  0.352061300000E+02  0.924000000000E+00
   26551 -0.757319100000E+02  0.352039800000E+02  0.102000000000E+01
   26554 -0.757707400000E+02  0.352062800000E+02  0.658000000000E+00
   26556 -0.757788400000E+02  0.352063700000E+02  0.653000000000E+00
   26557 -0.757426800000E+02  0.352068300000E+02  0.146300000000E+01
   26559 -0.757553800000E+02  0.352069500000E+02  0.998000000000E+00
   26564 -0.757664200000E+02  0.352076600000E+02  0.718000000000E+00
   26565 -0.757329200000E+02  0.352075400000E+02  0.233700000000E+01
   26566 -0.758057000000E+02  0.352081000000E+02  0.102700000000E+01
   26567 -0.758424800000E+02  0.352072200000E+02  0.257100000000E+01
   26568 -0.757178300000E+02  0.352021200000E+02  0.555000000000E+00
   26569 -0.757176100000E+02  0.352071700000E+02  0.555000000000E+00
   26570 -0.757232900000E+02  0.352060900000E+02  0.609000000000E+00
   26573 -0.757945500000E+02  0.352079500000E+02  0.723000000000E+00
   26574 -0.757836100000E+02  0.352081600000E+02  0.869000000000E+00
   26578 -0.757478100000E+02  0.352085200000E+02  0.111300000000E+01
   26579 -0.757619900000E+02  0.352088000000E+02  0.802000000000E+00
   26580 -0.757745300000E+02  0.352085600000E+02  0.623000000000E+00
   26581 -0.757281000000E+02  0.352052200000E+02  0.888000000000E+00
   26588 -0.757575100000E+02  0.352095900000E+02  0.898000000000E+00
   26589 -0.757528300000E+02  0.352096200000E+02  0.101300000000E+01
   26590 -0.758124500000E+02  0.352093000000E+02  0.251900000000E+01
   26592 -0.757381300000E+02  0.352094300000E+02  0.140700000000E+01
   26593 -0.757282900000E+02  0.352094800000E+02  0.221400000000E+01
   26596 -0.757700200000E+02  0.352102800000E+02  0.672000000000E+00
   26600 -0.759109000000E+02  0.352107900000E+02  0.567700000000E+01
   26601 -0.757886000000E+02  0.352106400000E+02  0.253400000000E+01
   26602 -0.757787900000E+02  0.352108100000E+02  0.608000000000E+00
   26603 -0.758802700000E+02  0.352116200000E+02  0.425600000000E+01
   26604 -0.758000100000E+02  0.352113600000E+02  0.953000000000E+00
   26606 -0.757433200000E+02  0.352113300000E+02  0.101700000000E+01
   26607 -0.757653500000E+02  0.352116600000E+02  0.721000000000E+00
   26609 -0.757230900000E+02  0.352111700000E+02  0.186400000000E+01
   26613 -0.757336200000E+02  0.352119300000E+02  0.133900000000E+01
   26616 -0.757605100000E+02  0.352127200000E+02  0.773000000000E+00
   26619 -0.757740100000E+02  0.352129400000E+02  0.620000000000E+00
   26621 -0.758337900000E+02  0.352127100000E+02  0.332300000000E+01
   26622 -0.757553400000E+02  0.352133800000E+02  0.884000000000E+00
   26623 -0.758229100000E+02  0.352131200000E+02  0.234300000000E+01
   26625 -0.757834200000E+02  0.352131500000E+02  0.839000000000E+00
   26626 -0.757177600000E+02  0.352130400000E+02  0.152200000000E+01
   26628 -0.757491000000E+02  0.352136200000E+02  0.992000000000E+00
   26632 -0.758534200000E+02  0.352133100000E+02  0.400500000000E+01
   26634 -0.757387800000E+02  0.352137200000E+02  0.100700000000E+01
   26636 -0.758057700000E+02  0.352134400000E+02  0.167200000000E+01
   26637 -0.757933700000E+02  0.352141500000E+02  0.706000000000E+00
   26640 -0.757690900000E+02  0.352146400000E+02  0.669000000000E+00
   26641 -0.757287300000E+02  0.352149200000E+02  0.123400000000E+01
   26644 -0.757877000000E+02  0.352152600000E+02  0.883000000000E+00
   26646 -0.757784300000E+02  0.352156500000E+02  0.632000000000E+00
   26647 -0.757640300000E+02  0.352159600000E+02  0.728000000000E+00
   26653 -0.757434300000E+02  0.352158400000E+02  0.805000000000E+00
   26655 -0.757348600000E+02  0.352164300000E+02  0.969000000000E+00
   26656 -0.757228900000E+02  0.352162900000E+02  0.175400000000E+01
   26662 -0.757587900000E+02  0.352169600000E+02  0.795000000000E+00
   26666 -0.757138800000E+02  0.352143100000E+02  0.111200000000E+01
   26667 -0.757393200000E+02  0.352173500000E+02  0.827000000000E+00
   26669 -0.757532700000E+02  0.352177800000E+02  0.850000000000E+00
   26671 -0.757732100000E+02  0.352177200000E+02  0.597000000000E+00
   26674 -0.757833500000E+02  0.352183000000E+02  0.193700000000E+01
   26675 -0.757180800000E+02  0.352182300000E+02  0.196700000000E+01
   26676 -0.758110800000E+02  0.352187700000E+02  0.342300000000E+01
   26678 -0.757476600000E+02  0.352188700000E+02  0.620000000000E+00
   26679 -0.758411000000E+02  0.352189300000E+02  0.425700000000E+01
   26682 -0.757267800000E+02  0.352191500000E+02  0.101600000000E+01
   26685 -0.757678800000E+02  0.352193000000E+02  0.666000000000E+00
   26688 -0.757995300000E+02  0.352195500000E+02  0.142700000000E+01
   26689 -0.757315800000E+02  0.352199700000E+02  0.867000000000E+00
   26691 -0.757423800000E+02  0.352201100000E+02  0.628000000000E+00
   26692 -0.757897400000E+02  0.352200100000E+02  0.204800000000E+01
   26694 -0.757624800000E+02  0.352204700000E+02  0.752000000000E+00
   26695 -0.757371300000E+02  0.352206200000E+02  0.717000000000E+00
   26699 -0.758306400000E+02  0.352206300000E+02  0.408900000000E+01
   26701 -0.757128700000E+02  0.352207700000E+02  0.220600000000E+01
   26702 -0.757777500000E+02  0.352209400000E+02  0.145900000000E+01
   26703 -0.757228800000E+02  0.352211700000E+02  0.106000000000E+01
   26704 -0.757570400000E+02  0.352214300000E+02  0.105400000000E+01
   26706 -0.758658800000E+02  0.352205400000E+02  0.425300000000E+01
   26711 -0.758948800000E+02  0.352206400000E+02  0.530400000000E+01
   26713 -0.757515800000E+02  0.352223900000E+02  0.155300000000E+01
   26718 -0.757720300000E+02  0.352228300000E+02  0.685000000000E+00
   26723 -0.757278900000E+02  0.352233600000E+02  0.890000000000E+00
   26724 -0.757461500000E+02  0.352234600000E+02  0.131000000000E+01
   26728 -0.757182500000E+02  0.352237600000E+02  0.135800000000E+01
   26730 -0.757663100000E+02  0.352241100000E+02  0.102300000000E+01
   26732 -0.757405900000E+02  0.352244800000E+02  0.592000000000E+00
   26738 -0.757829700000E+02  0.352246900000E+02  0.315000000000E+01
   26741 -0.757607300000E+02  0.352250200000E+02  0.130300000000E+01
   26745 -0.757340700000E+02  0.352253100000E+02  0.100600000000E+01
   26748 -0.757553100000E+02  0.352258600000E+02  0.126000000000E+01
   26752 -0.758205400000E+02  0.352260300000E+02  0.419600000000E+01
   26753 -0.757764400000E+02  0.352263000000E+02  0.235400000000E+01
   26754 -0.757234200000E+02  0.352261500000E+02  0.952000000000E+00
   26758 -0.757500200000E+02  0.352268300000E+02  0.167600000000E+01
   26763 -0.757132300000E+02  0.352273800000E+02  0.141700000000E+01
   26764 -0.758514300000E+02  0.352273600000E+02  0.442100000000E+01
   26767 -0.757446700000E+02  0.352280000000E+02  0.190200000000E+01
   26769 -0.757642200000E+02  0.352284200000E+02  0.182500000000E+01
   26770 -0.757704400000E+02  0.352284900000E+02  0.232500000000E+01
   26773 -0.757286300000E+02  0.352283400000E+02  0.964000000000E+00
   26774 -0.757914900000E+02  0.352279900000E+02  0.357200000000E+01
   26775 -0.757190600000E+02  0.352287900000E+02  0.134800000000E+01
   26776 -0.758796900000E+02  0.352286500000E+02  0.504700000000E+01
   26777 -0.757391100000E+02  0.352293200000E+02  0.793000000000E+00
   26778 -0.757588800000E+02  0.352296800000E+02  0.191400000000E+01
   26780 -0.757535600000E+02  0.352296500000E+02  0.190700000000E+01
   26784 -0.759097100000E+02  0.352296400000E+02  0.596900000000E+01
   26790 -0.758051800000E+02  0.352310200000E+02  0.443800000000E+01
   26793 -0.757336000000E+02  0.352310100000E+02  0.348900000000E+01
   26797 -0.757487600000E+02  0.352315100000E+02  0.226200000000E+01
   26798 -0.757238500000E+02  0.352314300000E+02  0.787000000000E+00
   26801 -0.758348000000E+02  0.352322400000E+02  0.477600000000E+01
   26803 -0.757434100000E+02  0.352323000000E+02  0.118400000000E+01
   26809 -0.757290000000E+02  0.352327300000E+02  0.114000000000E+01
   26818 -0.757547500000E+02  0.352342800000E+02  0.272900000000E+01
   26819 -0.757789500000E+02  0.352344600000E+02  0.415800000000E+01
   26821 -0.757383100000E+02  0.352346900000E+02  0.307600000000E+01
   26825 -0.757165600000E+02  0.352352000000E+02  0.149400000000E+01
   26827 -0.757646500000E+02  0.352346700000E+02  0.308300000000E+01
   26828 -0.757324900000E+02  0.352355500000E+02  0.136200000000E+01
   26842 -0.758645200000E+02  0.352361900000E+02  0.402900000000E+01
   26843 -0.757264600000E+02  0.352372400000E+02  0.991000000000E+00
   26847 -0.757461500000E+02  0.352378800000E+02  0.916000000000E+00
   26852 -0.758940700000E+02  0.352376200000E+02  0.585200000000E+01
   26859 -0.757924700000E+02  0.352380200000E+02  0.422800000000E+01
   26867 -0.758185700000E+02  0.352402600000E+02  0.481300000000E+01
   26875 -0.757351200000E+02  0.352419900000E+02  0.980000000000E+00
   26879 -0.757564700000E+02  0.352421500000E+02  0.335400000000E+01
   26882 -0.758487900000E+02  0.352428600000E+02  0.447300000000E+01
   26887 -0.757687800000E+02  0.352451100000E+02  0.382100000000E+01
   26892 -0.758785200000E+02  0.352452200000E+02  0.519000000000E+01
   26893 -0.758024500000E+02  0.352463700000E+02  0.451100000000E+01
   26894 -0.757217200000E+02  0.352465100000E+02  0.107000000000E+01
   26909 -0.757462500000E+02  0.352480900000E+02  0.172400000000E+01
   26915 -0.757842300000E+02  0.352501900000E+02  0.420200000000E+01
   26917 -0.758325000000E+02  0.352495300000E+02  0.511300000000E+01
   26928 -0.758627900000E+02  0.352524100000E+02  0.439600000000E+01
   26929 -0.757582200000E+02  0.352527500000E+02  0.212600000000E+01
   26939 -0.757344700000E+02  0.352538300000E+02  0.246400000000E+01
   26948 -0.758159000000E+02  0.352562600000E+02  0.477200000000E+01
   26955 -0.757700900000E+02  0.352563200000E+02  0.406600000000E+01
   26968 -0.758466900000E+02  0.352593200000E+02  0.527500000000E+01
   26972 -0.757470200000E+02  0.352597900000E+02  0.275600000000E+01
   26983 -0.757983300000E+02  0.352623300000E+02  0.424200000000E+01
   26992 -0.757606800000E+02  0.352648900000E+02  0.352600000000E+01
   26999 -0.758302200000E+02  0.352661200000E+02  0.520900000000E+01
   27009 -0.757785300000E+02  0.352685800000E+02  0.452800000000E+01
       1 3    25800    25846    25847
       2 3    25846    25911    25912
       3 3    25846    25912    25847
       4 3    25911    25959    25960
       5 3    25959    25984    25985
       6 3    25911    25960    25912
       7 3    25959    25985    25960
       8 3    25847    25912    26039
       9 3    25847    26039    25939
      10 3    25984    26094    25985
      11 3    25984    26110    26094
      12 3    26125    26126    26127
      13 3    25985    26143    25960
      14 3    25912    25960    26144
      15 3    25939    26039    26133
      16 3    25912    26144    26039
      17 3    26178    26179    26180
      18 3    25985    26094    26143
      19 3    26179    26202    26180
      20 3    26178    26180    26126
      21 3    26110    26127    26228
      22 3    25960    26143    26144
      23 3    26110    26228    26094
      24 3    26126    26237    26127
      25 3    26243    26244    26245
      26 3    26039    26248    26133
      27 3    26180    26249    26126
      28 3    26202    26260    26180
      29 3    26039    26144    26248
      30 3    26243    26263    26264
      31 3    26245    26267    26202
      32 3    26243    26264    26244
      33 3    26245    26244    26267
      34 3    26127    26237    26228
      35 3    26202    26267    26260
      36 3    26126    26249    26237
      37 3    26180    26260    26249
      38 3    26263    26285    26286
      39 3    26263    26286    26264
      40 3    26094    26303    26143
      41 3    26244    26264    26306
      42 3    26133    26248    26308
      43 3    26244    26306    26267
      44 3    26259    26272    26317
      45 3    26285    26319    26320
      46 3    26285    26320    26286
      47 3    26269    26288    26322
      48 3    26259    26317    26283
      49 3    26272    26290    26331
      50 3    26094    26228    26303
      51 3    26269    26322    26305
      52 3    26267    26336    26260
      53 3    26264    26286    26338
      54 3    26267    26306    26336
      55 3    26272    26331    26317
      56 3    26288    26309    26341
      57 3    26290    26305    26342
      58 3    26260    26344    26249
      59 3    26264    26338    26306
      60 3    26288    26341    26322
      61 3    26290    26342    26331
      62 3    26320    26349    26286
      63 3    26305    26322    26352
      64 3    26260    26336    26344
      65 3    26320    26319    26353
      66 3    26309    26333    26356
      67 3    26144    26357    26248
      68 3    26317    26331    26359
      69 3    26319    26361    26353
      70 3    26305    26352    26342
      71 3    26249    26363    26237
      72 3    26309    26356    26341
      73 3    26317    26359    26364
      74 3    26143    26366    26144
      75 3    26286    26349    26338
      76 3    26322    26341    26369
      77 3    26331    26342    26371
      78 3    26249    26344    26363
      79 3    26333    26348    26373
      80 3    26320    26353    26349
      81 3    26306    26338    26377
      82 3    26322    26369    26352
      83 3    26331    26371    26359
      84 3    26333    26373    26356
      85 3    26341    26356    26385
      86 3    26342    26352    26388
      87 3    26306    26377    26336
      88 3    26237    26391    26228
      89 3    26364    26359    26393
      90 3    26341    26385    26369
      91 3    26342    26388    26371
      92 3    26364    26393    26396
      93 3    26248    26399    26308
      94 3    26352    26369    26400
      95 3    26143    26303    26366
      96 3    26353    26402    26349
      97 3    26237    26363    26391
      98 3    26359    26371    26403
      99 3    26356    26373    26405
     100 3    26144    26366    26357
     101 3    26352    26400    26388
     102 3    26369    26385    26410
     103 3    26359    26403    26393
     104 3    26336    26412    26344
     105 3    26349    26415    26338
     106 3    26336    26377    26412
     107 3    26396    26393    26418
     108 3    26356    26405    26385
     109 3    26361    26422    26353
     110 3    26371    26388    26423
     111 3    26369    26410    26400
     112 3    26248    26357    26399
     113 3    26228    26429    26303
     114 3    26385    26405    26430
     115 3    26371    26423    26403
     116 3    26353    26422    26402
     117 3    26385    26430    26410
     118 3    26396    26418    26431
     119 3    26344    26433    26363
     120 3    26388    26400    26434
     121 3    26349    26402    26415
     122 3    26393    26403    26436
     123 3    26344    26412    26433
     124 3    26338    26415    26377
     125 3    26228    26391    26429
     126 3    26388    26434    26423
     127 3    26431    26418    26445
     128 3    26400    26410    26447
     129 3    26393    26436    26418
     130 3    26403    26423    26451
     131 3    26405    26453    26430
     132 3    26430    26455    26410
     133 3    26400    26447    26434
     134 3    26403    26451    26436
     135 3    26405    26459    26453
     136 3    26431    26445    26422
     137 3    26418    26436    26461
     138 3    26423    26434    26462
     139 3    26410    26455    26447
     140 3    26422    26445    26468
     141 3    26377    26415    26469
     142 3    26402    26422    26472
     143 3    26377    26469    26412
     144 3    26423    26462    26451
     145 3    26418    26461    26445
     146 3    26308    26399    26435
     147 3    26430    26453    26455
     148 3    26434    26447    26475
     149 3    26436    26451    26477
     150 3    26459    26479    26453
     151 3    26357    26366    26480
     152 3    26434    26475    26462
     153 3    26436    26477    26461
     154 3    26447    26455    26484
     155 3    26445    26461    26485
     156 3    26357    26487    26399
     157 3    26459    26488    26479
     158 3    26422    26468    26472
     159 3    26451    26462    26489
     160 3    26363    26433    26491
     161 3    26445    26485    26468
     162 3    26303    26494    26366
     163 3    26402    26472    26415
     164 3    26453    26496    26455
     165 3    26447    26484    26475
     166 3    26451    26489    26477
     167 3    26303    26429    26494
     168 3    26461    26477    26500
     169 3    26462    26475    26503
     170 3    26412    26504    26433
     171 3    26415    26472    26508
     172 3    26357    26480    26487
     173 3    26363    26491    26391
     174 3    26461    26500    26485
     175 3    26412    26469    26504
     176 3    26462    26503    26489
     177 3    26415    26508    26469
     178 3    26453    26479    26496
     179 3    26455    26496    26484
     180 3    26475    26484    26511
     181 3    26477    26489    26513
     182 3    26488    26515    26479
     183 3    26468    26485    26517
     184 3    26485    26500    26518
     185 3    26488    26519    26515
     186 3    26477    26513    26500
     187 3    26475    26511    26503
     188 3    26489    26503    26525
     189 3    26484    26496    26526
     190 3    26391    26527    26429
     191 3    26479    26530    26496
     192 3    26484    26526    26511
     193 3    26468    26517    26472
     194 3    26485    26518    26517
     195 3    26489    26525    26513
     196 3    26479    26515    26530
     197 3    26500    26513    26532
     198 3    26469    26508    26534
     199 3    26500    26532    26518
     200 3    26503    26511    26535
     201 3    26391    26491    26527
     202 3    26472    26517    26543
     203 3    26519    26544    26515
     204 3    26472    26543    26508
     205 3    26503    26535    26525
     206 3    26496    26547    26526
     207 3    26399    26548    26435
     208 3    26433    26504    26491
     209 3    26366    26549    26480
     210 3    26399    26487    26548
     211 3    26511    26526    26550
     212 3    26496    26530    26547
     213 3    26469    26534    26504
     214 3    26519    26551    26544
     215 3    26513    26525    26554
     216 3    26366    26494    26549
     217 3    26513    26554    26532
     218 3    26511    26550    26535
     219 3    26518    26556    26517
     220 3    26518    26532    26556
     221 3    26515    26557    26530
     222 3    26526    26547    26559
     223 3    26526    26559    26550
     224 3    26525    26535    26564
     225 3    26515    26544    26557
     226 3    26551    26565    26544
     227 3    26504    26534    26566
     228 3    26429    26567    26494
     229 3    26568    26569    26570
     230 3    26508    26543    26573
     231 3    26429    26527    26567
     232 3    26525    26564    26554
     233 3    26517    26556    26574
     234 3    26517    26574    26543
     235 3    26530    26578    26547
     236 3    26535    26550    26579
     237 3    26508    26573    26534
     238 3    26532    26554    26580
     239 3    26551    26581    26565
     240 3    26532    26580    26556
     241 3    26530    26557    26578
     242 3    26550    26559    26588
     243 3    26547    26589    26559
     244 3    26504    26590    26491
     245 3    26535    26579    26564
     246 3    26544    26592    26557
     247 3    26581    26593    26565
     248 3    26504    26566    26590
     249 3    26581    26570    26593
     250 3    26554    26564    26596
     251 3    26544    26565    26592
     252 3    26550    26588    26579
     253 3    26547    26578    26589
     254 3    26543    26574    26601
     255 3    26554    26596    26580
     256 3    26556    26580    26602
     257 3    26556    26602    26574
     258 3    26543    26601    26573
     259 3    26487    26480    26603
     260 3    26559    26589    26588
     261 3    26534    26573    26604
     262 3    26557    26606    26578
     263 3    26564    26579    26607
     264 3    26570    26609    26593
     265 3    26534    26604    26566
     266 3    26570    26569    26609
     267 3    26557    26592    26606
     268 3    26565    26613    26592
     269 3    26564    26607    26596
     270 3    26579    26588    26616
     271 3    26565    26593    26613
     272 3    26580    26596    26619
     273 3    26527    26621    26567
     274 3    26588    26589    26622
     275 3    26491    26623    26527
     276 3    26574    26602    26625
     277 3    26569    26626    26609
     278 3    26578    26628    26589
     279 3    26580    26619    26602
     280 3    26574    26625    26601
     281 3    26579    26616    26607
     282 3    26494    26567    26632
     283 3    26435    26548    26600
     284 3    26592    26634    26606
     285 3    26566    26604    26636
     286 3    26491    26590    26623
     287 3    26573    26601    26637
     288 3    26494    26632    26549
     289 3    26566    26636    26590
     290 3    26592    26613    26634
     291 3    26578    26606    26628
     292 3    26596    26607    26640
     293 3    26588    26622    26616
     294 3    26480    26549    26603
     295 3    26573    26637    26604
     296 3    26593    26641    26613
     297 3    26601    26625    26644
     298 3    26596    26640    26619
     299 3    26487    26603    26548
     300 3    26527    26623    26621
     301 3    26593    26609    26641
     302 3    26589    26628    26622
     303 3    26602    26619    26646
     304 3    26607    26616    26647
     305 3    26602    26646    26625
     306 3    26606    26634    26653
     307 3    26601    26644    26637
     308 3    26613    26655    26634
     309 3    26606    26653    26628
     310 3    26609    26626    26656
     311 3    26616    26622    26662
     312 3    26607    26647    26640
     313 3    26609    26656    26641
     314 3    26634    26667    26653
     315 3    26622    26628    26669
     316 3    26619    26640    26671
     317 3    26613    26641    26655
     318 3    26616    26662    26647
     319 3    26634    26655    26667
     320 3    26619    26671    26646
     321 3    26625    26674    26644
     322 3    26626    26666    26675
     323 3    26626    26675    26656
     324 3    26590    26636    26676
     325 3    26625    26646    26674
     326 3    26628    26653    26678
     327 3    26567    26621    26679
     328 3    26641    26656    26682
     329 3    26622    26669    26662
     330 3    26640    26647    26685
     331 3    26604    26637    26688
     332 3    26655    26641    26689
     333 3    26628    26678    26669
     334 3    26604    26688    26636
     335 3    26653    26667    26691
     336 3    26644    26692    26637
     337 3    26640    26685    26671
     338 3    26647    26662    26694
     339 3    26667    26655    26695
     340 3    26641    26682    26689
     341 3    26567    26679    26632
     342 3    26621    26623    26699
     343 3    26666    26701    26675
     344 3    26646    26671    26702
     345 3    26653    26691    26678
     346 3    26590    26676    26623
     347 3    26656    26703    26682
     348 3    26662    26669    26704
     349 3    26549    26632    26706
     350 3    26656    26675    26703
     351 3    26647    26694    26685
     352 3    26646    26702    26674
     353 3    26644    26674    26692
     354 3    26655    26689    26695
     355 3    26549    26706    26603
     356 3    26548    26603    26711
     357 3    26669    26678    26713
     358 3    26667    26695    26691
     359 3    26662    26704    26694
     360 3    26548    26711    26600
     361 3    26671    26685    26718
     362 3    26682    26723    26689
     363 3    26678    26691    26724
     364 3    26621    26699    26679
     365 3    26669    26713    26704
     366 3    26637    26692    26688
     367 3    26671    26718    26702
     368 3    26675    26728    26703
     369 3    26685    26694    26730
     370 3    26675    26701    26728
     371 3    26682    26703    26723
     372 3    26691    26695    26732
     373 3    26678    26724    26713
     374 3    26636    26688    26676
     375 3    26674    26702    26738
     376 3    26694    26704    26741
     377 3    26689    26745    26695
     378 3    26685    26730    26718
     379 3    26674    26738    26692
     380 3    26704    26713    26748
     381 3    26691    26732    26724
     382 3    26623    26676    26752
     383 3    26694    26741    26730
     384 3    26702    26718    26753
     385 3    26703    26754    26723
     386 3    26689    26723    26745
     387 3    26623    26752    26699
     388 3    26703    26728    26754
     389 3    26713    26724    26758
     390 3    26704    26748    26741
     391 3    26695    26745    26732
     392 3    26701    26763    26728
     393 3    26632    26679    26764
     394 3    26702    26753    26738
     395 3    26713    26758    26748
     396 3    26724    26732    26767
     397 3    26730    26741    26769
     398 3    26718    26730    26770
     399 3    26723    26773    26745
     400 3    26692    26774    26688
     401 3    26728    26775    26754
     402 3    26723    26754    26773
     403 3    26724    26767    26758
     404 3    26692    26738    26774
     405 3    26718    26770    26753
     406 3    26603    26706    26776
     407 3    26632    26764    26706
     408 3    26732    26745    26777
     409 3    26741    26748    26778
     410 3    26748    26758    26780
     411 3    26728    26763    26775
     412 3    26603    26776    26711
     413 3    26600    26711    26784
     414 3    26732    26777    26767
     415 3    26730    26769    26770
     416 3    26741    26778    26769
     417 3    26688    26790    26676
     418 3    26745    26773    26793
     419 3    26748    26780    26778
     420 3    26758    26767    26797
     421 3    26745    26793    26777
     422 3    26754    26798    26773
     423 3    26754    26775    26798
     424 3    26758    26797    26780
     425 3    26699    26801    26679
     426 3    26767    26777    26803
     427 3    26773    26809    26793
     428 3    26767    26803    26797
     429 3    26773    26798    26809
     430 3    26688    26774    26790
     431 3    26780    26818    26778
     432 3    26753    26819    26738
     433 3    26777    26793    26821
     434 3    26676    26790    26752
     435 3    26775    26763    26825
     436 3    26777    26821    26803
     437 3    26769    26778    26827
     438 3    26769    26827    26770
     439 3    26793    26809    26828
     440 3    26780    26797    26818
     441 3    26699    26752    26801
     442 3    26753    26770    26819
     443 3    26679    26801    26764
     444 3    26775    26825    26798
     445 3    26793    26828    26821
     446 3    26706    26764    26842
     447 3    26809    26798    26843
     448 3    26803    26847    26797
     449 3    26706    26842    26776
     450 3    26738    26819    26774
     451 3    26711    26776    26852
     452 3    26809    26843    26828
     453 3    26711    26852    26784
     454 3    26778    26818    26827
     455 3    26774    26859    26790
     456 3    26797    26847    26818
     457 3    26803    26821    26847
     458 3    26798    26825    26843
     459 3    26774    26819    26859
     460 3    26752    26790    26867
     461 3    26828    26875    26821
     462 3    26770    26827    26819
     463 3    26818    26879    26827
     464 3    26752    26867    26801
     465 3    26764    26801    26882
     466 3    26818    26847    26879
     467 3    26828    26843    26875
     468 3    26764    26882    26842
     469 3    26827    26887    26819
     470 3    26821    26875    26847
     471 3    26776    26842    26892
     472 3    26790    26859    26893
     473 3    26843    26825    26894
     474 3    26776    26892    26852
     475 3    26827    26879    26887
     476 3    26790    26893    26867
     477 3    26847    26909    26879
     478 3    26847    26875    26909
     479 3    26819    26915    26859
     480 3    26801    26867    26917
     481 3    26843    26894    26875
     482 3    26801    26917    26882
     483 3    26819    26887    26915
     484 3    26842    26882    26928
     485 3    26879    26929    26887
     486 3    26842    26928    26892
     487 3    26879    26909    26929
     488 3    26875    26939    26909
     489 3    26875    26894    26939
     490 3    26859    26915    26893
     491 3    26867    26893    26948
     492 3    26887    26929    26955
     493 3    26887    26955    26915
     494 3    26867    26948    26917
     495 3    26882    26917    26968
     496 3    26909    26972    26929
     497 3    26882    26968    26928
     498 3    26909    26939    26972
     499 3    26893    26915    26983
     500 3    26929    26992    26955
     501 3    26893    26983    26948
     502 3    26917    26948    26999
     503 3    26929    26972    26992
     504 3    26917    26999    26968
     505 3    26955    27009    26915
     506 3    26915    27009    26983
     507 3    26955    26992    27009
 0                                                                              
 0                                                                              
 2                                                                              
 39                                                                             
      24       1                                                                
   25800
   25846
   25911
   25959
   25984
   26110
   26127
   26125
   26126
   26178
   26179
   26202
   26245
   26243
   26263
   26285
   26319
   26361
   26422
   26431
   26396
   26364
   26317
   26283
      13       1                                                                
   26348
   26373
   26405
   26459
   26488
   26519
   26551
   26581
   26570
   26568
   26569
   26626
   26666
