FileFmt      1050624           0           0
NELG           58641         560         507
       51390
       51407
       51409
       51430
       51449
       51450
       51451
       51454
       51467
       51478
       51494
       51496
       51497
       51506
       51509
       51520
       51546
       51551
       51557
       51560
       51565
       51573
       51587
       51589
       51601
       51612
       51619
       51629
       51646
       51649
       51657
       51659
       51660
       51676
       51680
       51685
       51694
       51696
       51697
       51735
       51746
       51750
       51756
       51758
       51768
       51775
       51781
       51783
       51785
       51800
       51801
       51814
       51822
       51830
       51836
       51838
       51854
       51859
       51862
       51878
       51888
       51893
       51895
       51896
       51900
       51902
       51903
       51906
       51907
       51915
       51917
       51924
       51943
       51946
       51947
       51953
       51958
       51961
       51969
       51980
       51982
       51987
       51997
       51998
       51999
       52003
       52005
       52009
       52015
       52021
       52032
       52033
       52043
       52051
       52057
       52061
       52065
       52070
       52072
       52080
       52081
       52086
       52090
       52093
       52094
       52096
       52101
       52102
       52118
       52126
       52133
       52134
       52140
       52143
       52151
       52154
       52162
       52166
       52169
       52176
       52180
       52181
       52182
       52184
       52187
       52195
       52202
       52211
       52219
       52226
       52227
       52231
       52235
       52242
       52250
       52253
       52257
       52260
       52261
       52263
       52266
       52267
       52273
       52280
       52283
       52287
       52289
       52300
       52307
       52308
       52313
       52320
       52323
       52325
       52331
       52337
       52338
       52339
       52344
       52348
       52350
       52353
       52355
       52361
       52362
       52374
       52377
       52380
       52390
       52400
       52402
       52410
       52413
       52418
       52419
       52420
       52421
       52422
       52425
       52426
       52433
       52440
       52446
       52447
       52449
       52450
       52456
       52464
       52480
       52489
       52490
       52491
       52492
       52495
       52496
       52498
       52503
       52506
       52516
       52523
       52525
       52531
       52553
       52557
       52568
       52569
       52572
       52581
       52583
       52584
       52588
       52590
       52591
       52594
       52606
       52607
       52608
       52617
       52628
       52633
       52648
       52654
       52655
       52656
       52658
       52662
       52664
       52668
       52669
       52672
       52677
       52679
       52696
       52706
       52711
       52716
       52720
      -52721
      -52733
      -52740
      -52742
       52743
      -52745
       52750
       52753
       52761
      -52765
      -52775
      -52776
      -52778
      -52779
      -52781
      -52797
      -52831
       52837
       52847
      -52851
       52936
      -52938
      -52949
      -53038
      -53050
      -54106
      -54108
      -54119
      -54121
      -54147
      -54150
       54160
      -54169
      -54172
       54175
       54177
       54183
       54185
      -54191
      -54197
       54211
       54212
       54218
       54219
       54227
       54230
      -54231
      -54233
       54236
      -54247
       54249
       54252
       54254
       54267
       54269
      -54275
       54279
       54285
       54293
       54295
       54297
       54300
       54301
      -54303
       54323
       54324
       54329
       54330
       54331
       54332
       54334
       54337
       54342
       54347
       54348
       54357
       54360
       54361
       54365
       54369
       54370
       54378
       54390
       54393
       54398
       54402
       54404
       54407
       54411
       54413
       54421
       54425
       54428
       54438
       54442
       54443
       54445
       54451
       54455
       54459
       54462
       54468
       54470
       54476
       54477
       54488
       54490
       54491
       54493
       54501
       54538
       54545
       54551
       54556
       54565
       54569
       54571
       54576
       54578
       54579
       54582
       54593
       54604
       54615
       54616
       54619
       54624
       54625
       54627
       54635
       54638
       54660
       54673
       54674
       54678
       54680
       54682
       54739
       54741
       54746
       54747
       54748
       54750
       54754
       54775
       54781
       54782
       54796
       54798
       54812
       54817
       54819
       54826
       54830
       54832
       54837
       54855
       54877
       54901
       54906
       54914
       54919
       54923
       54930
       54946
       54954
       54978
       54992
       54994
       54999
       55003
       55008
       55026
       55036
       55039
       55056
       55064
       55065
       55069
       55072
       55093
       55094
       55097
       55119
       55133
       55162
       55173
       55177
       55182
       55184
       55186
       55192
       55203
       55221
       55248
       55249
       55254
       55255
       55257
       55262
       55270
       55290
       55293
       55309
       55310
       55311
       55314
       55323
       55325
       55328
       55347
       55360
       55378
       55386
       55390
       55393
       55402
       55404
       55414
       55422
       55436
       55455
       55458
       55461
       55462
       55463
       55473
       55483
       55494
       55499
      -55509
       55515
       55517
       55521
       55540
       55544
       55546
       55551
      -55564
      -55589
       55590
       55602
       55605
       55607
       55608
       55632
       55645
      -55654
       55657
       55661
       55666
      -55687
       55689
       55690
       55703
       55715
       55726
      -55731
      -55736
       55741
      -55779
      -55788
       55813
      -55837
      -55848
      -55871
      -55886
      -55898
      -55919
      -55926
NNODG          32218         319         299
      -28233
      -28251
      -28254
      -28255
      -28268
      -28285
      -28298
       28302
       28313
      -28316
       28325
       28335
       28336
      -28338
       28345
       28359
       28360
       28367
      -28370
       28385
       28389
       28392
       28394
       28422
       28435
      -28439
       28444
       28453
       28454
       28457
       28458
       28459
       28496
       28501
      -28502
       28504
       28509
       28511
       28522
       28527
       28528
       28543
       28556
       28559
       28562
      -28567
       28572
       28578
       28580
       28582
       28584
       28585
       28595
       28607
       28610
      -28612
       28624
       28625
       28633
       28634
       28637
       28640
       28644
       28657
       28663
       28666
       28671
       28675
       28676
       28682
       28684
       28687
       28697
       28702
       28707
      -28711
       28716
       28722
       28729
       28731
       28732
       28741
       28745
       28750
       28757
       28765
       28769
      -28770
       28776
       28778
       28783
       28786
       28788
       28791
       28800
       28809
       28814
       28817
       28818
       28819
       28826
       28828
       28832
       28838
       28846
       28851
       28856
      -28858
       28860
       28861
       28862
       28864
       28870
       28879
       28885
       28893
      -28898
       28899
       28900
       28902
       28904
       28911
       28932
       28940
       28942
       28948
       28949
       28950
       28952
       28954
       28970
       28974
       28983
      -28985
       28986
       28987
       28988
       28992
       29000
       29014
       29021
      -29023
      -29036
      -29038
      -29039
      -29041
       29045
      -29056
      -29058
      -29059
      -29087
       29090
      -29135
      -29145
      -29197
      -29753
      -29758
      -29763
      -29780
       29783
       29785
       29790
      -29794
      -29801
      -29803
       29805
       29812
       29819
      -29820
       29821
       29822
       29830
       29841
       29842
       29847
       29851
       29852
       29856
       29864
       29866
       29875
       29881
      -29883
       29885
       29890
       29893
       29906
       29910
       29911
       29912
       29913
       29915
       29923
       29929
       29931
       29935
      -29944
       29947
       29949
       29952
       29958
       29964
       29970
       29975
       29977
       29978
       29986
       29988
      -29995
       30001
       30015
       30017
       30047
       30052
       30054
       30063
       30064
       30067
       30069
      -30079
       30087
       30095
       30100
       30105
       30122
       30123
       30127
      -30172
       30174
       30176
       30177
       30178
       30180
       30194
       30204
       30216
       30226
       30244
       30254
       30268
       30272
       30282
      -30291
       30297
       30312
       30317
       30319
       30322
       30325
       30353
       30355
       30368
       30382
       30389
       30404
      -30412
       30414
       30419
       30425
       30434
       30451
       30455
       30456
       30457
       30478
       30480
       30485
       30500
       30507
       30516
      -30522
       30527
       30534
       30539
       30547
       30556
       30559
       30561
       30562
      -30582
       30585
       30599
       30605
      -30614
       30624
       30631
      -30632
       30645
       30653
      -30660
       30662
       30666
       30690
      -30699
      -30726
      -30751
      -30767
      -30771
      -30783
NFLUXF             0
NETA             128          29           0
NSTAE              0           0           0
NSTAV              0           0           0
NSTAM              0           0           0
NSTAC              0           0           0
RES NODE          21         242
                   8           9          11          12          13          15
                  16          17          18          20          21          22
                  23          24          25          27          28          29
                  30          31          32          33          34          36
                  37          38          39          40          41          42
                  43          44          45          47          48          49
                  50          51          52          53          54          55
                  57          58          59          60          61          62
                  63          64          65          66          67          68
                  69          70          71          72          73          74
                  75          77          78          79          80          81
                  82          83          84          85          86          87
                  89          90          91          92          93          94
                  95          96          97          98          99         100
                 101         102         103         104         105         106
                 107         109         110         111         112         113
                 114         115         116         118         119         120
                 121         122         123         124         125         126
                 127         128         129         130         131         132
                 133         135         136         137         138         139
                 140         141         147         152         160         161
                 162         166         167         168         170         171
                 172         173         174         175         176         177
                 178         179         180         181         182         184
                 185         186         187         188         189         190
                 191         192         193         194         195         196
                 198         199         200         201         202         203
                 204         205         206         207         208         210
                 211         212         213         214         215         216
                 217         218         219         221         222         223
                 224         225         226         227         229         230
                 231         232         233         234         235         236
                 237         238         239         240         241         242
                 244         245         246         247         248         249
                 250         251         252         253         254         255
                 257         258         259         260         261         262
                 263         264         265         266         267         268
                 269         270         272         273         274         275
                 276         277         278         279         281         282
                 283         285         286         288         289         291
                 292         293
COMM PE            5
RECV PE           18           8
                 280         284         290         294         295         297
                 298         299
RECV PE           20          18
                 142         143         144         146         148         149
                 150         151         154         155         156         157
                 158         159         163         164         165         169
RECV PE           22          10
                 183         197         209         220         228         243
                 256         271         287         296
RECV PE           23           7
                  76          88         108         117         134         145
                 153
RECV PE           27          14
                   1           2           3           4           5           6
                   7          10          14          19          26          35
                  46          56
SEND PE           18           9
                 273         276         283         286         288         289
                 291         292         293
SEND PE           20          17
                 133         135         136         137         139         140
                 141         147         152         160         161         162
                 166         168         172         177         179
SEND PE           22           9
                 179         194         206         219         229         244
                 259         274         288
SEND PE           23           7
                  66          78          98         111         126         138
                 152
SEND PE           27          14
                   8           9          11          12          13          15
                  17          24          27          30          41          48
                  58          66
