bi_1997_v2.grd                                                                  
     538     297
    3057 -0.763383000000E+02  0.342573800000E+02  0.322520000000E+02
    3073 -0.763596300000E+02  0.342630200000E+02  0.319050000000E+02
    3089 -0.763183000000E+02  0.342677400000E+02  0.318690000000E+02
    3098 -0.764013400000E+02  0.342729200000E+02  0.306340000000E+02
    3099 -0.763791800000E+02  0.342723800000E+02  0.318210000000E+02
    3116 -0.764271900000E+02  0.342790700000E+02  0.299240000000E+02
    3117 -0.763408100000E+02  0.342788500000E+02  0.303130000000E+02
    3136 -0.763634100000E+02  0.342876800000E+02  0.295290000000E+02
    3149 -0.764505500000E+02  0.342889400000E+02  0.292940000000E+02
    3153 -0.763865100000E+02  0.342931200000E+02  0.301190000000E+02
    3156 -0.763209400000E+02  0.342933000000E+02  0.289840000000E+02
    3165 -0.764096800000E+02  0.342965400000E+02  0.288880000000E+02
    3174 -0.764701400000E+02  0.343018500000E+02  0.286790000000E+02
    3182 -0.764313800000E+02  0.343023900000E+02  0.280700000000E+02
    3187 -0.763443000000E+02  0.343041800000E+02  0.268420000000E+02
    3205 -0.764502300000E+02  0.343108100000E+02  0.279540000000E+02
    3209 -0.763954700000E+02  0.343146000000E+02  0.285430000000E+02
    3210 -0.763700900000E+02  0.343146800000E+02  0.256930000000E+02
    3217 -0.764841500000E+02  0.343167400000E+02  0.282130000000E+02
    3221 -0.764163200000E+02  0.343171400000E+02  0.275920000000E+02
    3229 -0.763236200000E+02  0.343179600000E+02  0.279000000000E+02
    3238 -0.764653500000E+02  0.343214300000E+02  0.280460000000E+02
    3239 -0.764345300000E+02  0.343218600000E+02  0.275810000000E+02
    3253 -0.764496500000E+02  0.343283900000E+02  0.257820000000E+02
    3257 -0.764935400000E+02  0.343310700000E+02  0.281590000000E+02
    3266 -0.764047600000E+02  0.343328900000E+02  0.273740000000E+02
    3274 -0.764769200000E+02  0.343334700000E+02  0.277520000000E+02
    3275 -0.763856400000E+02  0.343332900000E+02  0.254760000000E+02
    3276 -0.763469400000E+02  0.343327600000E+02  0.256690000000E+02
    3279 -0.764222900000E+02  0.343346000000E+02  0.256750000000E+02
    3286 -0.764612700000E+02  0.343373200000E+02  0.246140000000E+02
    3288 -0.764375500000E+02  0.343378300000E+02  0.253540000000E+02
    3289 -0.763684200000E+02  0.343372000000E+02  0.235480000000E+02
    3296 -0.764492100000E+02  0.343411100000E+02  0.220290000000E+02
    3298 -0.765009500000E+02  0.343430900000E+02  0.273770000000E+02
    3299 -0.763218800000E+02  0.343426900000E+02  0.269470000000E+02
    3303 -0.764866100000E+02  0.343449600000E+02  0.251030000000E+02
    3318 -0.764128600000E+02  0.343486700000E+02  0.222170000000E+02
    3319 -0.763961900000E+02  0.343490900000E+02  0.228120000000E+02
    3320 -0.764279700000E+02  0.343492300000E+02  0.195380000000E+02
    3321 -0.764709200000E+02  0.343493000000E+02  0.216470000000E+02
    3326 -0.764558700000E+02  0.343502200000E+02  0.190820000000E+02
    3331 -0.763789700000E+02  0.343513100000E+02  0.231820000000E+02
    3332 -0.764419200000E+02  0.343518100000E+02  0.175050000000E+02
    3333 -0.765063400000E+02  0.343517700000E+02  0.255120000000E+02
    3343 -0.763604800000E+02  0.343539700000E+02  0.228870000000E+02
    3344 -0.764954500000E+02  0.343549500000E+02  0.233040000000E+02
    3347 -0.765159600000E+02  0.343558600000E+02  0.248240000000E+02
    3353 -0.764822200000E+02  0.343578900000E+02  0.210740000000E+02
    3354 -0.763398100000E+02  0.343587800000E+02  0.230380000000E+02
    3355 -0.764325100000E+02  0.343594100000E+02  0.156790000000E+02
    3357 -0.764502500000E+02  0.343608800000E+02  0.159210000000E+02
    3358 -0.764619800000E+02  0.343609200000E+02  0.169870000000E+02
    3360 -0.764720000000E+02  0.343603200000E+02  0.185540000000E+02
    3361 -0.765052500000E+02  0.343606300000E+02  0.220080000000E+02
    3371 -0.764901600000E+02  0.343626300000E+02  0.196680000000E+02
    3374 -0.764209500000E+02  0.343630800000E+02  0.163700000000E+02
    3375 -0.764052300000E+02  0.343631400000E+02  0.173010000000E+02
    3381 -0.765275200000E+02  0.343624700000E+02  0.242260000000E+02
    3383 -0.764403500000E+02  0.343640300000E+02  0.150640000000E+02
    3384 -0.764970500000E+02  0.343636900000E+02  0.197320000000E+02
    3386 -0.763898000000E+02  0.343652100000E+02  0.171580000000E+02
    3389 -0.764765500000E+02  0.343662000000E+02  0.177520000000E+02
    3390 -0.764843500000E+02  0.343668700000E+02  0.175270000000E+02
    3392 -0.764685700000E+02  0.343672800000E+02  0.171800000000E+02
    3393 -0.765145400000E+02  0.343670100000E+02  0.208560000000E+02
    3396 -0.763184000000E+02  0.343669200000E+02  0.226510000000E+02
    3397 -0.764548800000E+02  0.343684800000E+02  0.161220000000E+02
    3400 -0.763734400000E+02  0.343691500000E+02  0.172660000000E+02
    3401 -0.764921000000E+02  0.343697500000E+02  0.172310000000E+02
    3402 -0.764468900000E+02  0.343698700000E+02  0.161320000000E+02
    3403 -0.764316400000E+02  0.343689400000E+02  0.154420000000E+02
    3405 -0.764617600000E+02  0.343699700000E+02  0.174710000000E+02
    3406 -0.765025500000E+02  0.343705300000E+02  0.184540000000E+02
    3409 -0.765397900000E+02  0.343714300000E+02  0.222730000000E+02
    3410 -0.764797500000E+02  0.343722300000E+02  0.177240000000E+02
    3411 -0.764729200000E+02  0.343726000000E+02  0.173200000000E+02
    3414 -0.764856800000E+02  0.343725400000E+02  0.175070000000E+02
    3415 -0.764392200000E+02  0.343732600000E+02  0.150210000000E+02
    3416 -0.764665000000E+02  0.343737100000E+02  0.171490000000E+02
    3417 -0.764572600000E+02  0.343743100000E+02  0.168180000000E+02
    3421 -0.764516100000E+02  0.343749500000E+02  0.166140000000E+02
    3423 -0.763553500000E+02  0.343746200000E+02  0.181350000000E+02
    3425 -0.765246300000E+02  0.343751000000E+02  0.190860000000E+02
    3426 -0.764617500000E+02  0.343751500000E+02  0.182390000000E+02
    3427 -0.764958700000E+02  0.343755300000E+02  0.166530000000E+02
    3428 -0.764124400000E+02  0.343757100000E+02  0.169860000000E+02
    3429 -0.764243200000E+02  0.343764600000E+02  0.157470000000E+02
    3430 -0.764894900000E+02  0.343764800000E+02  0.170560000000E+02
    3435 -0.763992900000E+02  0.343770600000E+02  0.175850000000E+02
    3438 -0.764829800000E+02  0.343774000000E+02  0.169130000000E+02
    3442 -0.764327400000E+02  0.343774200000E+02  0.152160000000E+02
    3444 -0.764764700000E+02  0.343778300000E+02  0.164300000000E+02
    3445 -0.764453500000E+02  0.343776400000E+02  0.168910000000E+02
    3446 -0.765117000000E+02  0.343775500000E+02  0.170820000000E+02
    3449 -0.764700700000E+02  0.343783500000E+02  0.164170000000E+02
    3451 -0.764548400000E+02  0.343784100000E+02  0.184900000000E+02
    3455 -0.764591500000E+02  0.343788800000E+02  0.178170000000E+02
    3456 -0.764642800000E+02  0.343789000000E+02  0.170980000000E+02
    3458 -0.765016900000E+02  0.343796000000E+02  0.164640000000E+02
    3462 -0.764507100000E+02  0.343810300000E+02  0.170750000000E+02
    3463 -0.764939000000E+02  0.343813600000E+02  0.168690000000E+02
    3465 -0.764386300000E+02  0.343817200000E+02  0.165100000000E+02
    3467 -0.763858200000E+02  0.343815000000E+02  0.177010000000E+02
    3468 -0.764868200000E+02  0.343823300000E+02  0.161500000000E+02
    3469 -0.763358300000E+02  0.343817600000E+02  0.200110000000E+02
    3471 -0.764800100000E+02  0.343829800000E+02  0.155600000000E+02
    3472 -0.764558300000E+02  0.343829300000E+02  0.178610000000E+02
    3473 -0.765521100000E+02  0.343828200000E+02  0.201260000000E+02
    3474 -0.764734300000E+02  0.343834100000E+02  0.158420000000E+02
    3475 -0.764612700000E+02  0.343836200000E+02  0.174850000000E+02
    3476 -0.764671600000E+02  0.343836900000E+02  0.167600000000E+02
    3480 -0.765350200000E+02  0.343850300000E+02  0.183750000000E+02
    3481 -0.764453600000E+02  0.343850400000E+02  0.166830000000E+02
    3482 -0.765076700000E+02  0.343859800000E+02  0.160910000000E+02
    3484 -0.764988300000E+02  0.343867000000E+02  0.168800000000E+02
    3485 -0.764183600000E+02  0.343868900000E+02  0.161630000000E+02
    3486 -0.764300600000E+02  0.343867200000E+02  0.151500000000E+02
    3488 -0.765195300000E+02  0.343871800000E+02  0.162150000000E+02
    3490 -0.764516300000E+02  0.343872300000E+02  0.164540000000E+02
    3491 -0.764910700000E+02  0.343875800000E+02  0.160800000000E+02
    3492 -0.764067200000E+02  0.343876600000E+02  0.175070000000E+02
    3493 -0.764838300000E+02  0.343882500000E+02  0.151490000000E+02
    3495 -0.764577000000E+02  0.343884300000E+02  0.179300000000E+02
    3497 -0.764769200000E+02  0.343887000000E+02  0.156210000000E+02
    3498 -0.764638700000E+02  0.343889200000E+02  0.176770000000E+02
    3499 -0.764702900000E+02  0.343889500000E+02  0.168200000000E+02
    3501 -0.763702700000E+02  0.343883100000E+02  0.184600000000E+02
    3502 -0.763959000000E+02  0.343891400000E+02  0.184320000000E+02
    3503 -0.764393300000E+02  0.343902700000E+02  0.165010000000E+02
    3506 -0.763157400000E+02  0.343903900000E+02  0.205170000000E+02
    3512 -0.764468200000E+02  0.343923400000E+02  0.163250000000E+02
    3514 -0.765035200000E+02  0.343926200000E+02  0.165120000000E+02
    3517 -0.765112500000E+02  0.343923700000E+02  0.157060000000E+02
    3520 -0.764955100000E+02  0.343931800000E+02  0.158860000000E+02
    3524 -0.764536400000E+02  0.343936200000E+02  0.179250000000E+02
    3525 -0.764879000000E+02  0.343937500000E+02  0.147200000000E+02
    3529 -0.764806400000E+02  0.343942000000E+02  0.151180000000E+02
    3530 -0.764602600000E+02  0.343943000000E+02  0.178200000000E+02
    3531 -0.764736600000E+02  0.343944800000E+02  0.167330000000E+02
    3532 -0.764669100000E+02  0.343945400000E+02  0.176090000000E+02
    3536 -0.763522800000E+02  0.343957600000E+02  0.187850000000E+02
    3539 -0.765450100000E+02  0.343968800000E+02  0.185190000000E+02
    3540 -0.764238100000E+02  0.343969400000E+02  0.171450000000E+02
    3541 -0.765293600000E+02  0.343968800000E+02  0.164200000000E+02
    3542 -0.764335000000E+02  0.343973400000E+02  0.146850000000E+02
    3543 -0.765174600000E+02  0.343975600000E+02  0.156410000000E+02
    3545 -0.764130700000E+02  0.343978000000E+02  0.177360000000E+02
    3548 -0.764418900000E+02  0.343984800000E+02  0.155450000000E+02
    3549 -0.765083200000E+02  0.343986000000E+02  0.156570000000E+02
    3550 -0.765000300000E+02  0.343990600000E+02  0.152410000000E+02
    3551 -0.764014100000E+02  0.343993300000E+02  0.196100000000E+02
    3552 -0.764493700000E+02  0.343994100000E+02  0.165270000000E+02
    3553 -0.764921300000E+02  0.343994900000E+02  0.143150000000E+02
    3554 -0.764845700000E+02  0.343998800000E+02  0.143730000000E+02
    3555 -0.764564200000E+02  0.344000100000E+02  0.161220000000E+02
    3556 -0.763863100000E+02  0.344001000000E+02  0.183530000000E+02
    3557 -0.764773000000E+02  0.344001800000E+02  0.148330000000E+02
    3558 -0.764633300000E+02  0.344003000000E+02  0.157030000000E+02
    3559 -0.764702700000E+02  0.344003400000E+02  0.153620000000E+02
    3568 -0.765133700000E+02  0.344050000000E+02  0.143840000000E+02
    3569 -0.763334000000E+02  0.344041100000E+02  0.222930000000E+02
    3570 -0.765046200000E+02  0.344051700000E+02  0.140290000000E+02
    3572 -0.764964400000E+02  0.344054300000E+02  0.136060000000E+02
    3574 -0.765233200000E+02  0.344055400000E+02  0.151100000000E+02
    3575 -0.764373700000E+02  0.344056800000E+02  0.139860000000E+02
    3576 -0.764886500000E+02  0.344057300000E+02  0.141890000000E+02
    3577 -0.764452000000E+02  0.344058700000E+02  0.143650000000E+02
    3578 -0.764288000000E+02  0.344059300000E+02  0.140730000000E+02
    3580 -0.764811400000E+02  0.344060100000E+02  0.142780000000E+02
    3582 -0.764525500000E+02  0.344061400000E+02  0.142960000000E+02
    3583 -0.764738700000E+02  0.344062300000E+02  0.141630000000E+02
    3584 -0.764596700000E+02  0.344063100000E+02  0.141340000000E+02
    3585 -0.764667600000E+02  0.344063400000E+02  0.141170000000E+02
    3588 -0.764193300000E+02  0.344069800000E+02  0.146780000000E+02
    3600 -0.764090000000E+02  0.344089500000E+02  0.156220000000E+02
    3601 -0.765361100000E+02  0.344092800000E+02  0.163030000000E+02
    3603 -0.763684800000E+02  0.344086800000E+02  0.156700000000E+02
    3607 -0.765091100000E+02  0.344115300000E+02  0.135120000000E+02
    3608 -0.765007900000E+02  0.344115500000E+02  0.133510000000E+02
    3609 -0.764928100000E+02  0.344117200000E+02  0.140580000000E+02
    3610 -0.765178400000E+02  0.344118800000E+02  0.139360000000E+02
    3611 -0.764851300000E+02  0.344119600000E+02  0.148290000000E+02
    3614 -0.764776800000E+02  0.344121900000E+02  0.150410000000E+02
    3615 -0.764704000000E+02  0.344123800000E+02  0.148240000000E+02
    3616 -0.764632300000E+02  0.344125100000E+02  0.145360000000E+02
    3617 -0.764560700000E+02  0.344125800000E+02  0.142060000000E+02
    3618 -0.764488400000E+02  0.344126500000E+02  0.140200000000E+02
    3619 -0.764414500000E+02  0.344128700000E+02  0.139420000000E+02
    3621 -0.763976300000E+02  0.344123100000E+02  0.128660000000E+02
    3623 -0.764337000000E+02  0.344135700000E+02  0.138290000000E+02
    3625 -0.765260900000E+02  0.344128600000E+02  0.145540000000E+02
    3627 -0.763140900000E+02  0.344134600000E+02  0.214650000000E+02
    3628 -0.764253100000E+02  0.344150300000E+02  0.132140000000E+02
    3632 -0.764161500000E+02  0.344171800000E+02  0.127930000000E+02
    3634 -0.765050600000E+02  0.344178100000E+02  0.135160000000E+02
    3635 -0.764970000000E+02  0.344178400000E+02  0.138460000000E+02
    3636 -0.764892000000E+02  0.344179800000E+02  0.147170000000E+02
    3637 -0.765134400000E+02  0.344180500000E+02  0.141360000000E+02
    3638 -0.763504000000E+02  0.344170700000E+02  0.232750000000E+02
    3639 -0.764816200000E+02  0.344181900000E+02  0.153550000000E+02
    3640 -0.764742300000E+02  0.344184200000E+02  0.158210000000E+02
    3641 -0.765220200000E+02  0.344185800000E+02  0.141670000000E+02
    3642 -0.764669600000E+02  0.344186400000E+02  0.160470000000E+02
    3643 -0.764597700000E+02  0.344188500000E+02  0.156840000000E+02
    3645 -0.764526100000E+02  0.344190700000E+02  0.149020000000E+02
    3648 -0.764454600000E+02  0.344193800000E+02  0.143050000000E+02
    3652 -0.764383500000E+02  0.344200300000E+02  0.140130000000E+02
    3653 -0.764065500000E+02  0.344200900000E+02  0.109980000000E+02
    3658 -0.763848300000E+02  0.344214300000E+02  0.116710000000E+02
    3659 -0.764311200000E+02  0.344218800000E+02  0.136580000000E+02
    3672 -0.765011700000E+02  0.344240200000E+02  0.149460000000E+02
    3674 -0.764933100000E+02  0.344240800000E+02  0.160300000000E+02
    3675 -0.765092900000E+02  0.344241700000E+02  0.153770000000E+02
    3677 -0.764856500000E+02  0.344242500000E+02  0.162940000000E+02
    3678 -0.763977700000E+02  0.344238800000E+02  0.107920000000E+02
    3679 -0.764781600000E+02  0.344244700000E+02  0.160250000000E+02
    3681 -0.765176100000E+02  0.344245600000E+02  0.153430000000E+02
    3682 -0.764708300000E+02  0.344247200000E+02  0.159580000000E+02
    3683 -0.764229400000E+02  0.344246000000E+02  0.136140000000E+02
    3684 -0.764636000000E+02  0.344250000000E+02  0.164600000000E+02
    3687 -0.764564500000E+02  0.344253000000E+02  0.163710000000E+02
    3689 -0.764493500000E+02  0.344256400000E+02  0.156540000000E+02
    3691 -0.764423800000E+02  0.344260400000E+02  0.152550000000E+02
    3694 -0.764362100000E+02  0.344264200000E+02  0.155360000000E+02
    3696 -0.763320500000E+02  0.344262200000E+02  0.229140000000E+02
    3698 -0.764139300000E+02  0.344273900000E+02  0.132190000000E+02
    3699 -0.764974100000E+02  0.344302200000E+02  0.184980000000E+02
    3701 -0.764897100000E+02  0.344303300000E+02  0.179250000000E+02
    3702 -0.763668100000E+02  0.344293400000E+02  0.165160000000E+02
    3703 -0.764821700000E+02  0.344305300000E+02  0.165700000000E+02
    3705 -0.764747800000E+02  0.344307800000E+02  0.157580000000E+02
    3706 -0.764049500000E+02  0.344307600000E+02  0.143230000000E+02
    3711 -0.764675100000E+02  0.344310800000E+02  0.153140000000E+02
    3712 -0.764603500000E+02  0.344314200000E+02  0.148570000000E+02
    3713 -0.764304000000E+02  0.344315900000E+02  0.153090000000E+02
    3714 -0.764532500000E+02  0.344318100000E+02  0.154950000000E+02
    3716 -0.764461700000E+02  0.344322400000E+02  0.164700000000E+02
    3718 -0.764389500000E+02  0.344325300000E+02  0.162700000000E+02
    3726 -0.764209000000E+02  0.344344700000E+02  0.151950000000E+02
    3731 -0.763950000000E+02  0.344347600000E+02  0.128940000000E+02
    3735 -0.764937800000E+02  0.344364400000E+02  0.159440000000E+02
    3738 -0.764862100000E+02  0.344365900000E+02  0.141890000000E+02
    3740 -0.764787800000E+02  0.344368300000E+02  0.136080000000E+02
    3743 -0.764714800000E+02  0.344371300000E+02  0.144810000000E+02
    3744 -0.764643100000E+02  0.344374800000E+02  0.150900000000E+02
    3745 -0.764122500000E+02  0.344372200000E+02  0.153060000000E+02
    3751 -0.763134000000E+02  0.344362500000E+02  0.220550000000E+02
    3752 -0.764572200000E+02  0.344378900000E+02  0.143450000000E+02
    3757 -0.764502000000E+02  0.344383800000E+02  0.143270000000E+02
    3760 -0.764430900000E+02  0.344390000000E+02  0.148910000000E+02
    3763 -0.763493600000E+02  0.344382900000E+02  0.185550000000E+02
    3765 -0.764355500000E+02  0.344398500000E+02  0.156570000000E+02
    3767 -0.764273700000E+02  0.344413500000E+02  0.152820000000E+02
    3769 -0.763818700000E+02  0.344409000000E+02  0.160520000000E+02
    3770 -0.764042800000E+02  0.344411900000E+02  0.161580000000E+02
    3775 -0.764902600000E+02  0.344426700000E+02  0.140130000000E+02
    3777 -0.764828000000E+02  0.344428700000E+02  0.133030000000E+02
    3783 -0.764612200000E+02  0.344438900000E+02  0.165100000000E+02
    3785 -0.764542500000E+02  0.344443600000E+02  0.166720000000E+02
    3786 -0.764186800000E+02  0.344446300000E+02  0.148340000000E+02
    3787 -0.764473700000E+02  0.344449800000E+02  0.140980000000E+02
    3789 -0.764109000000E+02  0.344448000000E+02  0.142880000000E+02
    3791 -0.764405400000E+02  0.344459800000E+02  0.145330000000E+02
    3802 -0.764331700000E+02  0.344486500000E+02  0.157440000000E+02
    3810 -0.764062600000E+02  0.344491800000E+02  0.136640000000E+02
    3811 -0.764256500000E+02  0.344488300000E+02  0.157590000000E+02
    3812 -0.763316300000E+02  0.344481200000E+02  0.186380000000E+02
    3820 -0.763964500000E+02  0.344503400000E+02  0.141290000000E+02
    3824 -0.763659900000E+02  0.344496100000E+02  0.201840000000E+02
    3832 -0.764130900000E+02  0.344517600000E+02  0.137130000000E+02
    3838 -0.764207700000E+02  0.344538800000E+02  0.159930000000E+02
    3851 -0.764283800000E+02  0.344556300000E+02  0.170130000000E+02
    3864 -0.764066800000E+02  0.344577700000E+02  0.141390000000E+02
    3870 -0.763136100000E+02  0.344587900000E+02  0.254490000000E+02
    3871 -0.764153700000E+02  0.344602000000E+02  0.167120000000E+02
    3874 -0.763492400000E+02  0.344593300000E+02  0.179850000000E+02
    3875 -0.763822200000E+02  0.344598500000E+02  0.165870000000E+02
    3890 -0.764235600000E+02  0.344621600000E+02  0.181860000000E+02
    3909 -0.764100800000E+02  0.344664800000E+02  0.173660000000E+02
    3929 -0.763989200000E+02  0.344686100000E+02  0.159410000000E+02
    3932 -0.764182100000E+02  0.344691000000E+02  0.191230000000E+02
    3941 -0.763664200000E+02  0.344698600000E+02  0.211190000000E+02
    3942 -0.763320800000E+02  0.344697900000E+02  0.253840000000E+02
    3975 -0.764113200000E+02  0.344766300000E+02  0.188700000000E+02
    4000 -0.763836800000E+02  0.344797400000E+02  0.155800000000E+02
    4003 -0.763499500000E+02  0.344802300000E+02  0.219450000000E+02
    4008 -0.763146700000E+02  0.344810200000E+02  0.284220000000E+02
    4053 -0.764020600000E+02  0.344893300000E+02  0.176620000000E+02
    4067 -0.763674600000E+02  0.344903000000E+02  0.188300000000E+02
    4071 -0.763332600000E+02  0.344911500000E+02  0.251170000000E+02
    4128 -0.763850100000E+02  0.345004100000E+02  0.166120000000E+02
    4129 -0.763511700000E+02  0.345008800000E+02  0.219740000000E+02
    4143 -0.763165200000E+02  0.345028300000E+02  0.280550000000E+02
    4193 -0.763684700000E+02  0.345105300000E+02  0.197270000000E+02
    4200 -0.763350700000E+02  0.345120200000E+02  0.247970000000E+02
    4264 -0.763526900000E+02  0.345209400000E+02  0.225920000000E+02
       1 3     3057     3117     3073
       2 3     3057     3089     3117
       3 3     3073     3136     3099
       4 3     3073     3117     3136
       5 3     3099     3153     3098
       6 3     3089     3156     3117
       7 3     3098     3165     3116
       8 3     3099     3136     3153
       9 3     3098     3153     3165
      10 3     3116     3182     3149
      11 3     3117     3187     3136
      12 3     3116     3165     3182
      13 3     3117     3156     3187
      14 3     3149     3182     3205
      15 3     3149     3205     3174
      16 3     3153     3209     3165
      17 3     3136     3210     3153
      18 3     3165     3221     3182
      19 3     3136     3187     3210
      20 3     3156     3229     3187
      21 3     3165     3209     3221
      22 3     3174     3205     3238
      23 3     3153     3210     3209
      24 3     3182     3239     3205
      25 3     3174     3238     3217
      26 3     3182     3221     3239
      27 3     3205     3239     3253
      28 3     3205     3253     3238
      29 3     3209     3266     3221
      30 3     3217     3238     3274
      31 3     3209     3210     3275
      32 3     3187     3276     3210
      33 3     3187     3229     3276
      34 3     3221     3279     3239
      35 3     3217     3274     3257
      36 3     3238     3253     3286
      37 3     3209     3275     3266
      38 3     3239     3288     3253
      39 3     3221     3266     3279
      40 3     3210     3289     3275
      41 3     3238     3286     3274
      42 3     3210     3276     3289
      43 3     3239     3279     3288
      44 3     3253     3288     3296
      45 3     3253     3296     3286
      46 3     3257     3274     3303
      47 3     3229     3299     3276
      48 3     3257     3303     3298
      49 3     3266     3318     3279
      50 3     3266     3275     3319
      51 3     3279     3320     3288
      52 3     3274     3286     3321
      53 3     3296     3326     3286
      54 3     3275     3289     3331
      55 3     3288     3332     3296
      56 3     3274     3321     3303
      57 3     3279     3318     3320
      58 3     3266     3319     3318
      59 3     3286     3326     3321
      60 3     3288     3320     3332
      61 3     3289     3276     3343
      62 3     3275     3331     3319
      63 3     3298     3303     3344
      64 3     3296     3332     3326
      65 3     3298     3344     3333
      66 3     3289     3343     3331
      67 3     3303     3321     3353
      68 3     3276     3299     3354
      69 3     3320     3355     3332
      70 3     3303     3353     3344
      71 3     3326     3332     3357
      72 3     3326     3358     3321
      73 3     3276     3354     3343
      74 3     3321     3360     3353
      75 3     3333     3344     3361
      76 3     3321     3358     3360
      77 3     3344     3353     3371
      78 3     3333     3361     3347
      79 3     3320     3318     3374
      80 3     3318     3319     3375
      81 3     3326     3357     3358
      82 3     3332     3355     3383
      83 3     3320     3374     3355
      84 3     3344     3384     3361
      85 3     3344     3371     3384
      86 3     3332     3383     3357
      87 3     3319     3331     3386
      88 3     3360     3389     3353
      89 3     3353     3390     3371
      90 3     3318     3375     3374
      91 3     3360     3358     3392
      92 3     3347     3361     3393
      93 3     3319     3386     3375
      94 3     3353     3389     3390
      95 3     3357     3397     3358
      96 3     3360     3392     3389
      97 3     3299     3396     3354
      98 3     3347     3393     3381
      99 3     3331     3343     3400
     100 3     3371     3401     3384
     101 3     3357     3383     3402
     102 3     3355     3403     3383
     103 3     3355     3374     3403
     104 3     3358     3405     3392
     105 3     3361     3384     3406
     106 3     3358     3397     3405
     107 3     3357     3402     3397
     108 3     3371     3390     3401
     109 3     3331     3400     3386
     110 3     3389     3410     3390
     111 3     3389     3392     3411
     112 3     3390     3414     3401
     113 3     3361     3406     3393
     114 3     3383     3403     3415
     115 3     3392     3405     3416
     116 3     3390     3410     3414
     117 3     3383     3415     3402
     118 3     3389     3411     3410
     119 3     3397     3417     3405
     120 3     3384     3401     3406
     121 3     3392     3416     3411
     122 3     3397     3402     3421
     123 3     3343     3354     3423
     124 3     3381     3393     3425
     125 3     3405     3426     3416
     126 3     3401     3427     3406
     127 3     3405     3417     3426
     128 3     3375     3428     3374
     129 3     3397     3421     3417
     130 3     3374     3429     3403
     131 3     3414     3430     3401
     132 3     3343     3423     3400
     133 3     3375     3386     3435
     134 3     3414     3410     3438
     135 3     3401     3430     3427
     136 3     3403     3442     3415
     137 3     3410     3411     3444
     138 3     3402     3415     3445
     139 3     3393     3406     3446
     140 3     3402     3445     3421
     141 3     3411     3416     3449
     142 3     3417     3421     3451
     143 3     3381     3425     3409
     144 3     3374     3428     3429
     145 3     3417     3455     3426
     146 3     3426     3456     3416
     147 3     3403     3429     3442
     148 3     3414     3438     3430
     149 3     3410     3444     3438
     150 3     3375     3435     3428
     151 3     3406     3427     3458
     152 3     3417     3451     3455
     153 3     3411     3449     3444
     154 3     3416     3456     3449
     155 3     3426     3455     3456
     156 3     3393     3446     3425
     157 3     3421     3462     3451
     158 3     3421     3445     3462
     159 3     3406     3458     3446
     160 3     3427     3430     3463
     161 3     3415     3442     3465
     162 3     3386     3400     3467
     163 3     3415     3465     3445
     164 3     3430     3438     3468
     165 3     3354     3396     3469
     166 3     3438     3444     3471
     167 3     3386     3467     3435
     168 3     3451     3472     3455
     169 3     3444     3449     3474
     170 3     3427     3463     3458
     171 3     3455     3475     3456
     172 3     3456     3476     3449
     173 3     3451     3462     3472
     174 3     3354     3469     3423
     175 3     3430     3468     3463
     176 3     3438     3471     3468
     177 3     3455     3472     3475
     178 3     3444     3474     3471
     179 3     3409     3425     3480
     180 3     3445     3481     3462
     181 3     3449     3476     3474
     182 3     3456     3475     3476
     183 3     3445     3465     3481
     184 3     3446     3458     3482
     185 3     3458     3463     3484
     186 3     3429     3428     3485
     187 3     3442     3429     3486
     188 3     3425     3446     3488
     189 3     3462     3490     3472
     190 3     3463     3468     3491
     191 3     3428     3435     3492
     192 3     3442     3486     3465
     193 3     3462     3481     3490
     194 3     3468     3471     3493
     195 3     3472     3495     3475
     196 3     3471     3474     3497
     197 3     3475     3498     3476
     198 3     3476     3499     3474
     199 3     3400     3423     3501
     200 3     3458     3484     3482
     201 3     3435     3467     3502
     202 3     3409     3480     3473
     203 3     3463     3491     3484
     204 3     3472     3490     3495
     205 3     3400     3501     3467
     206 3     3429     3485     3486
     207 3     3428     3492     3485
     208 3     3468     3493     3491
     209 3     3446     3482     3488
     210 3     3465     3503     3481
     211 3     3475     3495     3498
     212 3     3471     3497     3493
     213 3     3474     3499     3497
     214 3     3476     3498     3499
     215 3     3435     3502     3492
     216 3     3425     3488     3480
     217 3     3465     3486     3503
     218 3     3481     3512     3490
     219 3     3396     3506     3469
     220 3     3482     3484     3514
     221 3     3482     3517     3488
     222 3     3484     3491     3520
     223 3     3481     3503     3512
     224 3     3490     3524     3495
     225 3     3491     3493     3525
     226 3     3493     3497     3529
     227 3     3495     3530     3498
     228 3     3499     3531     3497
     229 3     3498     3532     3499
     230 3     3482     3514     3517
     231 3     3490     3512     3524
     232 3     3484     3520     3514
     233 3     3491     3525     3520
     234 3     3495     3524     3530
     235 3     3493     3529     3525
     236 3     3498     3530     3532
     237 3     3497     3531     3529
     238 3     3499     3532     3531
     239 3     3423     3469     3536
     240 3     3473     3480     3539
     241 3     3485     3540     3486
     242 3     3480     3488     3541
     243 3     3486     3542     3503
     244 3     3488     3517     3543
     245 3     3423     3536     3501
     246 3     3485     3492     3545
     247 3     3503     3548     3512
     248 3     3517     3514     3549
     249 3     3514     3520     3550
     250 3     3502     3551     3492
     251 3     3486     3540     3542
     252 3     3512     3552     3524
     253 3     3520     3525     3553
     254 3     3525     3529     3554
     255 3     3524     3555     3530
     256 3     3467     3556     3502
     257 3     3485     3545     3540
     258 3     3529     3531     3557
     259 3     3503     3542     3548
     260 3     3530     3558     3532
     261 3     3532     3559     3531
     262 3     3488     3543     3541
     263 3     3512     3548     3552
     264 3     3514     3550     3549
     265 3     3517     3549     3543
     266 3     3467     3501     3556
     267 3     3524     3552     3555
     268 3     3492     3551     3545
     269 3     3520     3553     3550
     270 3     3480     3541     3539
     271 3     3525     3554     3553
     272 3     3530     3555     3558
     273 3     3529     3557     3554
     274 3     3531     3559     3557
     275 3     3532     3558     3559
     276 3     3502     3556     3551
     277 3     3543     3549     3568
     278 3     3469     3506     3569
     279 3     3549     3550     3570
     280 3     3550     3553     3572
     281 3     3543     3574     3541
     282 3     3548     3542     3575
     283 3     3553     3554     3576
     284 3     3548     3577     3552
     285 3     3542     3540     3578
     286 3     3469     3569     3536
     287 3     3554     3557     3580
     288 3     3552     3582     3555
     289 3     3557     3559     3583
     290 3     3555     3584     3558
     291 3     3558     3585     3559
     292 3     3540     3545     3588
     293 3     3548     3575     3577
     294 3     3550     3572     3570
     295 3     3542     3578     3575
     296 3     3549     3570     3568
     297 3     3552     3577     3582
     298 3     3553     3576     3572
     299 3     3554     3580     3576
     300 3     3555     3582     3584
     301 3     3557     3583     3580
     302 3     3558     3584     3585
     303 3     3559     3585     3583
     304 3     3543     3568     3574
     305 3     3540     3588     3578
     306 3     3545     3551     3600
     307 3     3541     3601     3539
     308 3     3501     3536     3603
     309 3     3501     3603     3556
     310 3     3545     3600     3588
     311 3     3568     3570     3607
     312 3     3570     3572     3608
     313 3     3541     3574     3601
     314 3     3572     3576     3609
     315 3     3568     3610     3574
     316 3     3576     3580     3611
     317 3     3580     3583     3614
     318 3     3583     3585     3615
     319 3     3585     3584     3616
     320 3     3584     3582     3617
     321 3     3582     3577     3618
     322 3     3577     3575     3619
     323 3     3551     3556     3621
     324 3     3575     3578     3623
     325 3     3551     3621     3600
     326 3     3574     3625     3601
     327 3     3572     3609     3608
     328 3     3570     3608     3607
     329 3     3576     3611     3609
     330 3     3580     3614     3611
     331 3     3583     3615     3614
     332 3     3568     3607     3610
     333 3     3585     3616     3615
     334 3     3584     3617     3616
     335 3     3582     3618     3617
     336 3     3577     3619     3618
     337 3     3574     3610     3625
     338 3     3578     3588     3628
     339 3     3506     3627     3569
     340 3     3575     3623     3619
     341 3     3578     3628     3623
     342 3     3588     3600     3632
     343 3     3607     3608     3634
     344 3     3608     3609     3635
     345 3     3609     3611     3636
     346 3     3610     3607     3637
     347 3     3536     3569     3638
     348 3     3611     3614     3639
     349 3     3614     3615     3640
     350 3     3588     3632     3628
     351 3     3625     3610     3641
     352 3     3615     3616     3642
     353 3     3536     3638     3603
     354 3     3616     3617     3643
     355 3     3617     3618     3645
     356 3     3618     3619     3648
     357 3     3619     3623     3652
     358 3     3609     3636     3635
     359 3     3608     3635     3634
     360 3     3611     3639     3636
     361 3     3600     3621     3653
     362 3     3614     3640     3639
     363 3     3607     3634     3637
     364 3     3615     3642     3640
     365 3     3616     3643     3642
     366 3     3617     3645     3643
     367 3     3618     3648     3645
     368 3     3610     3637     3641
     369 3     3600     3653     3632
     370 3     3619     3652     3648
     371 3     3556     3658     3621
     372 3     3623     3628     3659
     373 3     3556     3603     3658
     374 3     3623     3659     3652
     375 3     3634     3635     3672
     376 3     3635     3636     3674
     377 3     3637     3634     3675
     378 3     3636     3639     3677
     379 3     3621     3678     3653
     380 3     3639     3640     3679
     381 3     3637     3681     3641
     382 3     3640     3642     3682
     383 3     3628     3632     3683
     384 3     3642     3643     3684
     385 3     3643     3645     3687
     386 3     3628     3683     3659
     387 3     3645     3648     3689
     388 3     3648     3652     3691
     389 3     3621     3658     3678
     390 3     3635     3674     3672
     391 3     3636     3677     3674
     392 3     3652     3659     3694
     393 3     3639     3679     3677
     394 3     3634     3672     3675
     395 3     3640     3682     3679
     396 3     3642     3684     3682
     397 3     3637     3675     3681
     398 3     3643     3687     3684
     399 3     3569     3627     3696
     400 3     3645     3689     3687
     401 3     3632     3653     3698
     402 3     3648     3691     3689
     403 3     3652     3694     3691
     404 3     3569     3696     3638
     405 3     3632     3698     3683
     406 3     3672     3674     3699
     407 3     3674     3677     3701
     408 3     3603     3638     3702
     409 3     3677     3679     3703
     410 3     3679     3682     3705
     411 3     3653     3678     3706
     412 3     3682     3684     3711
     413 3     3603     3702     3658
     414 3     3684     3687     3712
     415 3     3659     3713     3694
     416 3     3653     3706     3698
     417 3     3687     3689     3714
     418 3     3659     3683     3713
     419 3     3689     3691     3716
     420 3     3694     3718     3691
     421 3     3674     3701     3699
     422 3     3677     3703     3701
     423 3     3679     3705     3703
     424 3     3682     3711     3705
     425 3     3684     3712     3711
     426 3     3687     3714     3712
     427 3     3689     3716     3714
     428 3     3691     3718     3716
     429 3     3683     3698     3726
     430 3     3694     3713     3718
     431 3     3683     3726     3713
     432 3     3678     3731     3706
     433 3     3678     3658     3731
     434 3     3699     3701     3735
     435 3     3701     3703     3738
     436 3     3703     3705     3740
     437 3     3705     3711     3743
     438 3     3711     3712     3744
     439 3     3698     3706     3745
     440 3     3627     3751     3696
     441 3     3712     3714     3752
     442 3     3698     3745     3726
     443 3     3714     3716     3757
     444 3     3701     3738     3735
     445 3     3703     3740     3738
     446 3     3716     3718     3760
     447 3     3705     3743     3740
     448 3     3711     3744     3743
     449 3     3638     3696     3763
     450 3     3712     3752     3744
     451 3     3638     3763     3702
     452 3     3718     3713     3765
     453 3     3714     3757     3752
     454 3     3716     3760     3757
     455 3     3713     3726     3767
     456 3     3718     3765     3760
     457 3     3658     3769     3731
     458 3     3658     3702     3769
     459 3     3706     3770     3745
     460 3     3706     3731     3770
     461 3     3713     3767     3765
     462 3     3735     3738     3775
     463 3     3738     3740     3777
     464 3     3744     3752     3783
     465 3     3752     3757     3785
     466 3     3726     3745     3786
     467 3     3757     3760     3787
     468 3     3738     3777     3775
     469 3     3745     3770     3789
     470 3     3726     3786     3767
     471 3     3752     3785     3783
     472 3     3760     3765     3791
     473 3     3757     3787     3785
     474 3     3745     3789     3786
     475 3     3760     3791     3787
     476 3     3765     3767     3802
     477 3     3770     3810     3789
     478 3     3767     3786     3811
     479 3     3696     3812     3763
     480 3     3765     3802     3791
     481 3     3696     3751     3812
     482 3     3731     3820     3770
     483 3     3767     3811     3802
     484 3     3702     3824     3769
     485 3     3702     3763     3824
     486 3     3789     3832     3786
     487 3     3731     3769     3820
     488 3     3770     3820     3810
     489 3     3789     3810     3832
     490 3     3786     3838     3811
     491 3     3786     3832     3838
     492 3     3811     3851     3802
     493 3     3811     3838     3851
     494 3     3810     3864     3832
     495 3     3751     3870     3812
     496 3     3810     3820     3864
     497 3     3832     3871     3838
     498 3     3763     3874     3824
     499 3     3769     3875     3820
     500 3     3763     3812     3874
     501 3     3769     3824     3875
     502 3     3832     3864     3871
     503 3     3838     3890     3851
     504 3     3838     3871     3890
     505 3     3864     3909     3871
     506 3     3864     3820     3929
     507 3     3871     3932     3890
     508 3     3871     3909     3932
     509 3     3820     3875     3929
     510 3     3864     3929     3909
     511 3     3824     3941     3875
     512 3     3812     3942     3874
     513 3     3824     3874     3941
     514 3     3812     3870     3942
     515 3     3909     3975     3932
     516 3     3909     3929     3975
     517 3     3875     4000     3929
     518 3     3874     4003     3941
     519 3     3875     3941     4000
     520 3     3874     3942     4003
     521 3     3870     4008     3942
     522 3     3975     3929     4053
     523 3     3941     4067     4000
     524 3     3929     4000     4053
     525 3     3941     4003     4067
     526 3     3942     4071     4003
     527 3     3942     4008     4071
     528 3     4000     4128     4053
     529 3     4003     4129     4067
     530 3     4000     4067     4128
     531 3     4003     4071     4129
     532 3     4008     4143     4071
     533 3     4067     4193     4128
     534 3     4067     4129     4193
     535 3     4071     4200     4129
     536 3     4071     4143     4200
     537 3     4129     4264     4193
     538 3     4129     4200     4264
 0                                                                              
 0                                                                              
 0                                                                              
 0                                                                              
