FileFmt      1050624           0           0
NELG           58641         560         491
       19946
       20068
       20205
       20356
       20374
       20511
       20522
       20680
       20686
       20765
       20846
       20850
       20878
       20978
       21008
       21012
       21016
       21097
       21136
       21144
       21145
       21192
       21251
       21281
       21291
       21294
       21337
       21380
       21398
       21432
       21446
       21447
       21478
       21503
       21557
       21562
       21588
       21595
       21613
       21629
       21667
       21685
       21715
       21724
       21727
       21728
       21766
       21820
       21824
       21837
       21866
       21879
       21892
       21928
       21936
       21949
       21954
       21959
       22015
       22027
       22030
       22035
       22058
       22061
       22080
       22094
       22121
       22141
       22166
       22169
       22211
       22221
       22229
       22240
       22252
       22258
       22280
       22286
       22327
       22346
       22349
       22377
       22398
       22405
       22408
       22414
       22418
       22452
       22455
       22481
       22515
       22522
       22532
       22548
       22551
       22552
       22577
       22582
       22587
       22605
       22641
       22649
       22664
       22682
       22683
       22688
       22693
       22694
       22702
       22718
       22750
       22768
       22775
       22780
       22793
       22794
       22796
       22816
       22845
       22846
       22849
       22865
       22905
       22907
       22910
       22911
       22926
       22935
       22969
       22975
       22980
       22999
       23041
       23044
       23053
       23055
       23056
       23060
       23065
       23082
       23092
       23125
       23132
       23139
       23156
       23159
       23168
       23178
       23180
       23184
       23201
       23217
       23261
       23264
       23294
       23303
       23307
       23320
       23322
       23324
       23325
       23336
       23343
       23376
       23397
       23407
       23416
       23418
       23419
       23425
       23432
       23438
       23463
       23473
       23482
       23514
       23525
       23528
       23534
       23537
       23538
       23552
       23568
       23577
       23598
       23600
       23611
       23627
       23634
       23636
       23638
       23651
       23652
       23662
       23681
       23695
       23698
       23712
       23720
       23728
       23741
       23743
       23744
       23749
       23756
       23759
       23781
       23805
       23806
       23811
       23822
       23827
       23836
       23841
       23845
       23851
       23857
       23865
       23872
       23894
       23905
       23912
       23914
       23921
       23923
       23932
       23934
       23942
       23946
       23951
       23977
       23982
       23989
       24004
       24006
       24010
       24020
       24024
       24035
       24047
       24048
       24050
       24059
       24067
       24069
       24079
       24088
       24094
       24095
       24101
       24106
       24111
       24126
       24135
       24140
       24152
       24153
       24155
       24161
       24166
       24180
       24182
       24183
       24196
       24225
       24227
       24232
       24245
       24248
       24249
       24251
       24255
       24268
       24273
       24275
       24285
       24295
       24309
       24310
       24314
       24319
       24339
       24342
       24343
       24344
       24350
       24356
       24359
       24366
       24395
       24409
       24410
       24414
       24421
       24425
       24430
       24431
       24432
       24439
       24440
       24443
       24444
       24448
       24461
       24498
       24500
       24501
       24502
       24506
       24509
       24511
       24514
       24522
       24524
       24529
       24531
       24532
       24535
       24544
       24548
       24603
       24604
       24611
       24615
       24618
       24625
       24631
       24640
       24644
       24649
       24650
       24652
       24658
       24659
       24669
       24675
       24699
       24711
       24713
       24715
       24716
       24723
       24729
       24731
       24735
       24738
       24752
       24760
       24770
       24772
       24782
       24791
       24794
       24809
       24817
       24820
       24825
       24841
       24844
       24868
       24874
       24877
       24879
       24894
       24895
       24898
       24901
       24909
       24920
       24927
       24932
       24947
       24964
       24977
       24980
       24988
       24989
       25000
       25004
       25006
       25017
       25022
       25028
       25031
       25034
       25041
       25056
       25087
       25103
       25111
       25126
       25127
       25130
       25131
       25133
       25137
       25149
       25154
       25164
       25166
       25216
       25230
       25241
       25242
       25247
       25248
       25258
       25259
       25263
       25288
       25289
       25313
       25320
       25341
       25374
       25379
       25386
       25399
       25415
       25419
       25441
       25449
       25477
       25483
       25484
       25490
       25507
       25513
       25520
       25541
       25559
       25585
       25596
       25602
       25612
       25619
       25639
       25649
       25656
       25671
       25684
       25690
       25703
       25758
       25762
       25789
       25798
       25799
       25810
       25828
       25853
       25858
       25877
       25883
       25952
       25955
       25973
       25989
       25994
       26005
       26017
       26021
       26048
       26108
       26121
       26129
       26143
       26180
       26199
       26254
       26289
       26294
       26304
       26311
       26355
       26380
       26406
       26422
       26430
       26489
       26498
       26528
       26598
       26615
       26643
       26658
       26700
       26769
       26883
       26913
       26971
NNODG          32218         319         287
      -10649
       10718
      -10719
       10786
       10787
       10866
       10867
       10943
       10944
       11031
       11032
      -11104
       11115
       11116
       11160
       11210
       11211
       11227
       11292
       11293
       11295
       11368
       11369
       11374
       11434
       11435
      -11450
       11454
       11478
       11479
       11511
       11536
       11537
       11538
       11569
       11598
       11599
       11619
       11630
       11665
       11666
       11685
       11689
       11746
       11756
       11781
       11782
       11804
      -11816
       11822
       11860
       11861
       11864
       11865
       11899
       11913
       11920
       11959
       11960
       11966
       11968
       11984
       12030
       12031
       12059
       12063
       12064
       12081
       12083
      -12096
       12124
      -12134
       12137
       12139
       12140
       12141
       12156
       12171
       12200
       12210
       12211
       12215
       12217
       12218
       12261
       12267
      -12269
      -12270
       12281
       12297
       12327
       12329
       12338
       12344
      -12352
       12364
       12377
       12405
       12409
       12410
       12416
       12456
       12458
       12470
       12474
      -12477
       12479
      -12527
       12528
       12546
       12547
       12555
       12565
       12578
       12587
       12601
       12602
       12624
      -12626
       12631
       12635
       12660
       12662
       12677
       12686
       12697
       12704
       12716
       12726
       12731
       12740
       12753
      -12756
       12759
       12774
       12780
       12782
      -12784
       12809
       12811
       12824
       12829
       12834
       12839
       12857
       12865
      -12873
       12876
       12881
       12884
       12897
       12901
       12919
       12932
       12937
       12941
       12950
       12953
       12962
       12967
      -12971
       12973
      -12977
       12987
       13002
       13008
       13013
       13023
       13039
       13041
       13048
       13052
       13054
       13068
       13072
       13084
       13089
      -13102
       13104
       13105
       13112
       13115
       13145
       13146
       13150
       13152
      -13158
       13159
       13160
       13161
       13195
       13196
       13200
       13204
       13210
       13213
       13215
       13222
       13255
       13262
       13268
       13280
       13281
       13282
       13286
       13287
       13311
       13318
       13320
       13326
       13330
       13331
       13348
       13349
       13358
       13375
       13378
       13397
       13411
       13415
       13426
       13429
       13432
      -13443
       13447
       13459
       13477
       13479
       13483
       13498
       13501
       13505
       13510
       13547
       13558
       13569
       13571
       13572
       13584
       13594
       13632
       13641
      -13651
       13652
       13657
       13658
       13686
       13708
      -13730
      -13738
       13769
       13794
       13797
       13798
      -13820
       13851
       13870
       13875
       13882
      -13901
      -13910
       13916
       13953
      -13978
      -13979
       14002
       14018
       14024
       14087
      -14098
       14110
       14123
       14126
       14178
       14219
       14253
       14273
      -14281
       14318
       14346
       14362
       14397
       14456
      -14466
       14486
       14557
      -14650
NFLUXF             0
NETA             128          29           0
NSTAE              0           0           0
NSTAV              0           0           0
NSTAM              0           0           0
NSTAC              0           0           0
RES NODE          96         254
                   2           4           5           6           7           8
                   9          10          11          13          14          15
                  16          17          18          19          20          21
                  22          23          24          25          26          28
                  29          30          31          32          33          34
                  35          36          37          38          39          40
                  41          42          43          44          45          46
                  47          48          50          51          52          53
                  54          55          56          57          58          59
                  60          61          62          63          64          65
                  66          67          68          69          71          73
                  74          75          76          77          78          79
                  80          81          82          83          84          85
                  86          89          90          91          92          93
                  94          96          97          98          99         100
                 101         102         103         104         105         107
                 109         110         111         112         113         114
                 115         116         117         118         120         121
                 122         123         124         125         126         127
                 128         129         130         131         132         134
                 135         136         137         139         140         141
                 142         143         144         145         146         148
                 149         150         151         152         153         154
                 155         156         157         158         159         160
                 162         164         165         166         167         168
                 169         170         171         172         173         174
                 175         176         177         179         180         181
                 182         183         184         185         186         188
                 189         190         191         192         193         194
                 195         196         197         198         199         200
                 201         202         203         204         205         206
                 207         208         209         210         211         212
                 213         214         215         216         217         218
                 219         220         221         222         223         225
                 226         227         228         229         230         231
                 232         233         234         235         236         237
                 238         239         240         241         242         244
                 245         246         247         248         251         252
                 253         254         256         257         258         259
                 262         263         266         267         268         269
                 271         272         273         274         275         276
                 277         279         280         281         282         283
                 285         286
COMM PE            3
RECV PE           97          14
                   1           3          12          27          49          70
                  72          95         106         119         133         147
                 163         178
RECV PE          101           9
                  87          88         108         138         161         187
                 224         250         270
RECV PE          102          10
                 243         249         255         260         261         264
                 265         278         284         287
SEND PE           97          14
                   2           5          15          31          51          71
                  93          96         112         127         144         158
                 172         185
SEND PE          101           8
                  80          81         102         131         155         182
                 217         246
SEND PE          102          12
                 209         216         225         230         233         237
                 238         246         254         271         280         286
