bi_1997_v2.grd                                                                  
     491     287
   10649 -0.769589500000E+02  0.346787400000E+02  0.611000000000E+00
   10718 -0.769559100000E+02  0.346790700000E+02  0.613000000000E+00
   10719 -0.769575700000E+02  0.346812000000E+02  0.872000000000E+00
   10786 -0.769527100000E+02  0.346794300000E+02  0.608000000000E+00
   10787 -0.769544700000E+02  0.346815800000E+02  0.114000000000E+01
   10866 -0.769494900000E+02  0.346798000000E+02  0.577000000000E+00
   10867 -0.769512500000E+02  0.346819600000E+02  0.745000000000E+00
   10943 -0.769457100000E+02  0.346802700000E+02  0.750000000000E+00
   10944 -0.769478600000E+02  0.346823800000E+02  0.738000000000E+00
   11031 -0.769419400000E+02  0.346806800000E+02  0.803000000000E+00
   11032 -0.769443100000E+02  0.346828200000E+02  0.156200000000E+01
   11104 -0.769593000000E+02  0.346833000000E+02  0.105400000000E+01
   11115 -0.769381100000E+02  0.346811900000E+02  0.745000000000E+00
   11116 -0.769407200000E+02  0.346832800000E+02  0.126400000000E+01
   11160 -0.769562500000E+02  0.346836900000E+02  0.113400000000E+01
   11210 -0.769343000000E+02  0.346816600000E+02  0.717000000000E+00
   11211 -0.769371500000E+02  0.346837600000E+02  0.157400000000E+01
   11227 -0.769531000000E+02  0.346840900000E+02  0.925000000000E+00
   11292 -0.769310800000E+02  0.346821100000E+02  0.974000000000E+00
   11293 -0.769337500000E+02  0.346842300000E+02  0.115900000000E+01
   11295 -0.769498700000E+02  0.346844900000E+02  0.585000000000E+00
   11368 -0.769278400000E+02  0.346825200000E+02  0.100700000000E+01
   11369 -0.769305300000E+02  0.346846800000E+02  0.129500000000E+01
   11374 -0.769465200000E+02  0.346849300000E+02  0.916000000000E+00
   11434 -0.769252100000E+02  0.346828700000E+02  0.752000000000E+00
   11435 -0.769275100000E+02  0.346851000000E+02  0.239700000000E+01
   11450 -0.769611600000E+02  0.346854200000E+02  0.954000000000E+00
   11454 -0.769431100000E+02  0.346853900000E+02  0.170500000000E+01
   11478 -0.769225800000E+02  0.346832100000E+02  0.740000000000E+00
   11479 -0.769246400000E+02  0.346855000000E+02  0.157600000000E+01
   11511 -0.769580600000E+02  0.346858100000E+02  0.108200000000E+01
   11536 -0.769196500000E+02  0.346835700000E+02  0.684000000000E+00
   11537 -0.769217100000E+02  0.346859100000E+02  0.127300000000E+01
   11538 -0.769396900000E+02  0.346858600000E+02  0.193300000000E+01
   11569 -0.769549700000E+02  0.346861900000E+02  0.904000000000E+00
   11598 -0.769167500000E+02  0.346839600000E+02  0.705000000000E+00
   11599 -0.769186600000E+02  0.346863500000E+02  0.113900000000E+01
   11619 -0.769363300000E+02  0.346863400000E+02  0.108900000000E+01
   11630 -0.769518200000E+02  0.346865900000E+02  0.687000000000E+00
   11665 -0.769125000000E+02  0.346844900000E+02  0.817000000000E+00
   11666 -0.769153000000E+02  0.346868400000E+02  0.165300000000E+01
   11685 -0.769330700000E+02  0.346868200000E+02  0.102100000000E+01
   11689 -0.769486200000E+02  0.346870200000E+02  0.695000000000E+00
   11746 -0.769299500000E+02  0.346872800000E+02  0.138500000000E+01
   11756 -0.769453500000E+02  0.346874700000E+02  0.105500000000E+01
   11781 -0.769084000000E+02  0.346850300000E+02  0.671000000000E+00
   11782 -0.769117500000E+02  0.346874000000E+02  0.195900000000E+01
   11804 -0.769269100000E+02  0.346877400000E+02  0.191500000000E+01
   11816 -0.769599000000E+02  0.346879700000E+02  0.645000000000E+00
   11822 -0.769420500000E+02  0.346879500000E+02  0.175800000000E+01
   11860 -0.769568000000E+02  0.346882800000E+02  0.808000000000E+00
   11861 -0.769239100000E+02  0.346881900000E+02  0.116400000000E+01
   11864 -0.769061400000E+02  0.346858000000E+02  0.629000000000E+00
   11865 -0.769086000000E+02  0.346880500000E+02  0.152200000000E+01
   11899 -0.769387700000E+02  0.346884400000E+02  0.116100000000E+01
   11913 -0.769537400000E+02  0.346886600000E+02  0.647000000000E+00
   11920 -0.769208600000E+02  0.346886600000E+02  0.799000000000E+00
   11959 -0.769029900000E+02  0.346869000000E+02  0.638000000000E+00
   11960 -0.769057700000E+02  0.346888200000E+02  0.130800000000E+01
   11966 -0.769355300000E+02  0.346889400000E+02  0.558000000000E+00
   11968 -0.769506400000E+02  0.346890800000E+02  0.567000000000E+00
   11984 -0.769176900000E+02  0.346891500000E+02  0.919000000000E+00
   12030 -0.769474800000E+02  0.346895300000E+02  0.722000000000E+00
   12031 -0.769323600000E+02  0.346894300000E+02  0.561000000000E+00
   12059 -0.769144400000E+02  0.346896900000E+02  0.131100000000E+01
   12063 -0.769007300000E+02  0.346876900000E+02  0.644000000000E+00
   12064 -0.769030900000E+02  0.346896100000E+02  0.148800000000E+01
   12081 -0.769292600000E+02  0.346899200000E+02  0.788000000000E+00
   12083 -0.769443000000E+02  0.346900200000E+02  0.101200000000E+01
   12096 -0.769614600000E+02  0.346901800000E+02  0.556000000000E+00
   12124 -0.769585500000E+02  0.346903600000E+02  0.558000000000E+00
   12134 -0.769641300000E+02  0.346904200000E+02  0.555000000000E+00
   12137 -0.769112600000E+02  0.346902900000E+02  0.160500000000E+01
   12139 -0.768984600000E+02  0.346884900000E+02  0.717000000000E+00
   12140 -0.769006700000E+02  0.346903400000E+02  0.165100000000E+01
   12141 -0.769261900000E+02  0.346904100000E+02  0.139900000000E+01
   12156 -0.769410900000E+02  0.346905200000E+02  0.141900000000E+01
   12171 -0.769555900000E+02  0.346906900000E+02  0.577000000000E+00
   12200 -0.769231300000E+02  0.346909100000E+02  0.797000000000E+00
   12210 -0.768967000000E+02  0.346891400000E+02  0.615000000000E+00
   12211 -0.768984600000E+02  0.346909900000E+02  0.122800000000E+01
   12215 -0.769525900000E+02  0.346911000000E+02  0.797000000000E+00
   12217 -0.769379000000E+02  0.346910300000E+02  0.847000000000E+00
   12218 -0.769082800000E+02  0.346909400000E+02  0.137400000000E+01
   12261 -0.769200200000E+02  0.346914200000E+02  0.581000000000E+00
   12267 -0.769495400000E+02  0.346915600000E+02  0.617000000000E+00
   12269 -0.768948800000E+02  0.346897500000E+02  0.617000000000E+00
   12270 -0.768963900000E+02  0.346915700000E+02  0.868000000000E+00
   12281 -0.769347300000E+02  0.346915500000E+02  0.555000000000E+00
   12297 -0.769054900000E+02  0.346916400000E+02  0.213800000000E+01
   12327 -0.769168900000E+02  0.346919600000E+02  0.742000000000E+00
   12329 -0.769464500000E+02  0.346920500000E+02  0.691000000000E+00
   12338 -0.769626900000E+02  0.346921800000E+02  0.555000000000E+00
   12344 -0.769316100000E+02  0.346920700000E+02  0.558000000000E+00
   12352 -0.769646800000E+02  0.346921600000E+02  0.555000000000E+00
   12364 -0.769601400000E+02  0.346923500000E+02  0.555000000000E+00
   12377 -0.769028800000E+02  0.346923100000E+02  0.263100000000E+01
   12405 -0.769433200000E+02  0.346925700000E+02  0.926000000000E+00
   12409 -0.769137600000E+02  0.346925200000E+02  0.851000000000E+00
   12410 -0.769573700000E+02  0.346926700000E+02  0.558000000000E+00
   12416 -0.769285100000E+02  0.346926000000E+02  0.827000000000E+00
   12456 -0.769004400000E+02  0.346929400000E+02  0.214100000000E+01
   12458 -0.769544800000E+02  0.346930800000E+02  0.863000000000E+00
   12470 -0.769401900000E+02  0.346931000000E+02  0.866000000000E+00
   12474 -0.769254200000E+02  0.346931200000E+02  0.105600000000E+01
   12477 -0.769661900000E+02  0.346931800000E+02  0.555000000000E+00
   12479 -0.769107400000E+02  0.346931300000E+02  0.112600000000E+01
   12527 -0.768981200000E+02  0.346935000000E+02  0.157000000000E+01
   12528 -0.769515300000E+02  0.346935400000E+02  0.100500000000E+01
   12546 -0.769370600000E+02  0.346936400000E+02  0.600000000000E+00
   12547 -0.769223300000E+02  0.346936600000E+02  0.842000000000E+00
   12555 -0.769640400000E+02  0.346937800000E+02  0.555000000000E+00
   12565 -0.769078400000E+02  0.346937500000E+02  0.154500000000E+01
   12578 -0.769485200000E+02  0.346940400000E+02  0.671000000000E+00
   12587 -0.769616800000E+02  0.346941600000E+02  0.555000000000E+00
   12601 -0.769339400000E+02  0.346941900000E+02  0.555000000000E+00
   12602 -0.769192300000E+02  0.346942000000E+02  0.622000000000E+00
   12624 -0.769050900000E+02  0.346943800000E+02  0.219200000000E+01
   12626 -0.769679900000E+02  0.346944200000E+02  0.555000000000E+00
   12631 -0.769590800000E+02  0.346945500000E+02  0.557000000000E+00
   12635 -0.769454800000E+02  0.346945700000E+02  0.733000000000E+00
   12660 -0.769308200000E+02  0.346947400000E+02  0.558000000000E+00
   12662 -0.769161400000E+02  0.346947600000E+02  0.559000000000E+00
   12677 -0.769563200000E+02  0.346949900000E+02  0.725000000000E+00
   12686 -0.769024800000E+02  0.346949800000E+02  0.235400000000E+01
   12697 -0.769424100000E+02  0.346951300000E+02  0.855000000000E+00
   12704 -0.769656800000E+02  0.346951900000E+02  0.555000000000E+00
   12716 -0.769277300000E+02  0.346953000000E+02  0.726000000000E+00
   12726 -0.769131000000E+02  0.346953400000E+02  0.562000000000E+00
   12731 -0.769534700000E+02  0.346954700000E+02  0.100800000000E+01
   12740 -0.768999900000E+02  0.346955400000E+02  0.169800000000E+01
   12753 -0.769393200000E+02  0.346956900000E+02  0.862000000000E+00
   12756 -0.769699200000E+02  0.346956900000E+02  0.555000000000E+00
   12759 -0.769633000000E+02  0.346958000000E+02  0.555000000000E+00
   12774 -0.769246300000E+02  0.346958600000E+02  0.867000000000E+00
   12780 -0.769505500000E+02  0.346959900000E+02  0.980000000000E+00
   12782 -0.769101500000E+02  0.346959300000E+02  0.756000000000E+00
   12784 -0.768975800000E+02  0.346960200000E+02  0.109400000000E+01
   12809 -0.769607800000E+02  0.346963100000E+02  0.555000000000E+00
   12811 -0.769362300000E+02  0.346962700000E+02  0.659000000000E+00
   12824 -0.769215400000E+02  0.346964200000E+02  0.891000000000E+00
   12829 -0.769475900000E+02  0.346965400000E+02  0.752000000000E+00
   12834 -0.769073000000E+02  0.346965300000E+02  0.113300000000E+01
   12839 -0.769675100000E+02  0.346965900000E+02  0.555000000000E+00
   12857 -0.769581400000E+02  0.346968200000E+02  0.558000000000E+00
   12865 -0.769331400000E+02  0.346968600000E+02  0.555000000000E+00
   12873 -0.769719100000E+02  0.346969300000E+02  0.555000000000E+00
   12876 -0.769184500000E+02  0.346969800000E+02  0.988000000000E+00
   12881 -0.769445800000E+02  0.346971200000E+02  0.816000000000E+00
   12884 -0.769045700000E+02  0.346971100000E+02  0.138000000000E+01
   12897 -0.769553800000E+02  0.346973300000E+02  0.747000000000E+00
   12901 -0.769650500000E+02  0.346973400000E+02  0.555000000000E+00
   12919 -0.769300400000E+02  0.346974400000E+02  0.557000000000E+00
   12932 -0.769154000000E+02  0.346975500000E+02  0.121200000000E+01
   12937 -0.769019400000E+02  0.346976600000E+02  0.157400000000E+01
   12941 -0.769415400000E+02  0.346977100000E+02  0.889000000000E+00
   12950 -0.769525400000E+02  0.346978800000E+02  0.855000000000E+00
   12953 -0.769694600000E+02  0.346978800000E+02  0.555000000000E+00
   12962 -0.769625500000E+02  0.346979800000E+02  0.555000000000E+00
   12967 -0.769269300000E+02  0.346980300000E+02  0.611000000000E+00
   12971 -0.768993800000E+02  0.346981500000E+02  0.993000000000E+00
   12973 -0.769124100000E+02  0.346981300000E+02  0.114900000000E+01
   12977 -0.769739600000E+02  0.346981600000E+02  0.555000000000E+00
   12987 -0.769384900000E+02  0.346983100000E+02  0.102800000000E+01
   13002 -0.769496500000E+02  0.346984600000E+02  0.895000000000E+00
   13008 -0.769599600000E+02  0.346985600000E+02  0.555000000000E+00
   13013 -0.769238300000E+02  0.346986200000E+02  0.737000000000E+00
   13023 -0.769094900000E+02  0.346987100000E+02  0.117100000000E+01
   13039 -0.769354200000E+02  0.346989300000E+02  0.674000000000E+00
   13041 -0.769669300000E+02  0.346989900000E+02  0.555000000000E+00
   13048 -0.769467100000E+02  0.346990600000E+02  0.795000000000E+00
   13052 -0.769714500000E+02  0.346990200000E+02  0.555000000000E+00
   13054 -0.769572700000E+02  0.346991300000E+02  0.557000000000E+00
   13068 -0.769207300000E+02  0.346992000000E+02  0.104000000000E+01
   13072 -0.769066700000E+02  0.346992800000E+02  0.107100000000E+01
   13084 -0.769643300000E+02  0.346995000000E+02  0.555000000000E+00
   13089 -0.769323300000E+02  0.346995500000E+02  0.678000000000E+00
   13102 -0.769762000000E+02  0.346994800000E+02  0.555000000000E+00
   13104 -0.769545000000E+02  0.346997100000E+02  0.650000000000E+00
   13105 -0.769437300000E+02  0.346996800000E+02  0.652000000000E+00
   13112 -0.769176600000E+02  0.346997700000E+02  0.135000000000E+01
   13115 -0.769039300000E+02  0.346998400000E+02  0.126100000000E+01
   13145 -0.769690600000E+02  0.347000600000E+02  0.555000000000E+00
   13146 -0.769292400000E+02  0.347001700000E+02  0.671000000000E+00
   13150 -0.769734600000E+02  0.347001700000E+02  0.555000000000E+00
   13152 -0.769516800000E+02  0.347003100000E+02  0.726000000000E+00
   13158 -0.769012700000E+02  0.347003500000E+02  0.118300000000E+01
   13159 -0.769407200000E+02  0.347003200000E+02  0.911000000000E+00
   13160 -0.769618400000E+02  0.347003600000E+02  0.555000000000E+00
   13161 -0.769146300000E+02  0.347003400000E+02  0.146900000000E+01
   13195 -0.769591600000E+02  0.347007700000E+02  0.555000000000E+00
   13196 -0.769657700000E+02  0.347008400000E+02  0.555000000000E+00
   13200 -0.769672900000E+02  0.347007100000E+02  0.555000000000E+00
   13204 -0.769261200000E+02  0.347008000000E+02  0.627000000000E+00
   13210 -0.769116700000E+02  0.347009100000E+02  0.146800000000E+01
   13213 -0.769708600000E+02  0.347008900000E+02  0.555000000000E+00
   13215 -0.769488100000E+02  0.347009500000E+02  0.787000000000E+00
   13222 -0.769376800000E+02  0.347009700000E+02  0.959000000000E+00
   13255 -0.769694100000E+02  0.347012800000E+02  0.555000000000E+00
   13262 -0.769230100000E+02  0.347014000000E+02  0.968000000000E+00
   13268 -0.769087700000E+02  0.347014900000E+02  0.113700000000E+01
   13280 -0.769638600000E+02  0.347015200000E+02  0.555000000000E+00
   13281 -0.769564800000E+02  0.347016100000E+02  0.555000000000E+00
   13282 -0.769458800000E+02  0.347016100000E+02  0.639000000000E+00
   13286 -0.769679700000E+02  0.347016600000E+02  0.555000000000E+00
   13287 -0.769346200000E+02  0.347016200000E+02  0.623000000000E+00
   13311 -0.769667400000E+02  0.347019800000E+02  0.555000000000E+00
   13318 -0.769536300000E+02  0.347019900000E+02  0.623000000000E+00
   13320 -0.769199100000E+02  0.347019900000E+02  0.131100000000E+01
   13326 -0.769059500000E+02  0.347020500000E+02  0.128700000000E+01
   13330 -0.769607300000E+02  0.347021400000E+02  0.555000000000E+00
   13331 -0.769622700000E+02  0.347020400000E+02  0.555000000000E+00
   13348 -0.769429200000E+02  0.347022800000E+02  0.584000000000E+00
   13349 -0.769315300000E+02  0.347022800000E+02  0.724000000000E+00
   13358 -0.769654800000E+02  0.347023300000E+02  0.555000000000E+00
   13375 -0.769168400000E+02  0.347025600000E+02  0.146900000000E+01
   13378 -0.769032000000E+02  0.347025900000E+02  0.128200000000E+01
   13397 -0.769642300000E+02  0.347026300000E+02  0.555000000000E+00
   13411 -0.769631000000E+02  0.347029000000E+02  0.555000000000E+00
   13415 -0.769509000000E+02  0.347028700000E+02  0.692000000000E+00
   13426 -0.769586900000E+02  0.347028300000E+02  0.555000000000E+00
   13429 -0.769284300000E+02  0.347029400000E+02  0.839000000000E+00
   13432 -0.769399300000E+02  0.347029600000E+02  0.889000000000E+00
   13443 -0.769005100000E+02  0.347030900000E+02  0.105800000000E+01
   13447 -0.769138300000E+02  0.347031300000E+02  0.146900000000E+01
   13459 -0.769618000000E+02  0.347032700000E+02  0.555000000000E+00
   13477 -0.769480000000E+02  0.347033700000E+02  0.642000000000E+00
   13479 -0.769551800000E+02  0.347034700000E+02  0.555000000000E+00
   13483 -0.769569200000E+02  0.347033700000E+02  0.555000000000E+00
   13498 -0.769253000000E+02  0.347036100000E+02  0.755000000000E+00
   13501 -0.769606200000E+02  0.347035900000E+02  0.555000000000E+00
   13505 -0.769369000000E+02  0.347036400000E+02  0.744000000000E+00
   13510 -0.769108700000E+02  0.347037000000E+02  0.134000000000E+01
   13547 -0.769530600000E+02  0.347039800000E+02  0.616000000000E+00
   13558 -0.769590900000E+02  0.347040100000E+02  0.555000000000E+00
   13569 -0.769578600000E+02  0.347042800000E+02  0.555000000000E+00
   13571 -0.769221500000E+02  0.347042300000E+02  0.109500000000E+01
   13572 -0.769079800000E+02  0.347042800000E+02  0.112500000000E+01
   13584 -0.769451400000E+02  0.347043200000E+02  0.651000000000E+00
   13594 -0.769338300000E+02  0.347043400000E+02  0.570000000000E+00
   13632 -0.769563900000E+02  0.347046700000E+02  0.555000000000E+00
   13641 -0.769514400000E+02  0.347046900000E+02  0.612000000000E+00
   13651 -0.769190300000E+02  0.347047800000E+02  0.117400000000E+01
   13652 -0.769497100000E+02  0.347048500000E+02  0.622000000000E+00
   13657 -0.769421300000E+02  0.347048000000E+02  0.591000000000E+00
   13658 -0.769051500000E+02  0.347048400000E+02  0.104300000000E+01
   13686 -0.769307400000E+02  0.347050400000E+02  0.757000000000E+00
   13708 -0.769545700000E+02  0.347052100000E+02  0.555000000000E+00
   13730 -0.769159800000E+02  0.347053400000E+02  0.131500000000E+01
   13738 -0.769023900000E+02  0.347053900000E+02  0.886000000000E+00
   13769 -0.769526100000E+02  0.347056200000E+02  0.562000000000E+00
   13794 -0.769475300000E+02  0.347056200000E+02  0.605000000000E+00
   13797 -0.769392200000E+02  0.347057500000E+02  0.727000000000E+00
   13798 -0.769276400000E+02  0.347057600000E+02  0.860000000000E+00
   13820 -0.769129700000E+02  0.347059200000E+02  0.139000000000E+01
   13851 -0.769509100000E+02  0.347061000000E+02  0.559000000000E+00
   13870 -0.769361100000E+02  0.347062300000E+02  0.574000000000E+00
   13875 -0.769438900000E+02  0.347063400000E+02  0.838000000000E+00
   13882 -0.769456600000E+02  0.347062300000E+02  0.743000000000E+00
   13901 -0.769100100000E+02  0.347065000000E+02  0.103100000000E+01
   13910 -0.769244500000E+02  0.347065100000E+02  0.857000000000E+00
   13916 -0.769494700000E+02  0.347064400000E+02  0.558000000000E+00
   13953 -0.769480500000E+02  0.347068500000E+02  0.575000000000E+00
   13978 -0.769212100000E+02  0.347070600000E+02  0.860000000000E+00
   13979 -0.769071200000E+02  0.347070900000E+02  0.100500000000E+01
   14002 -0.769466300000E+02  0.347072600000E+02  0.574000000000E+00
   14018 -0.769330900000E+02  0.347072200000E+02  0.746000000000E+00
   14024 -0.769416600000E+02  0.347071100000E+02  0.628000000000E+00
   14087 -0.769451200000E+02  0.347076000000E+02  0.594000000000E+00
   14098 -0.769043000000E+02  0.347076700000E+02  0.875000000000E+00
   14110 -0.769299300000E+02  0.347076800000E+02  0.821000000000E+00
   14123 -0.769379800000E+02  0.347078200000E+02  0.580000000000E+00
   14126 -0.769397900000E+02  0.347077100000E+02  0.629000000000E+00
   14178 -0.769436400000E+02  0.347080200000E+02  0.596000000000E+00
   14219 -0.769421500000E+02  0.347083800000E+02  0.609000000000E+00
   14253 -0.769407900000E+02  0.347087400000E+02  0.597000000000E+00
   14273 -0.769356500000E+02  0.347086300000E+02  0.726000000000E+00
   14281 -0.769269400000E+02  0.347088000000E+02  0.717000000000E+00
   14318 -0.769392900000E+02  0.347091200000E+02  0.593000000000E+00
   14346 -0.769317200000E+02  0.347093500000E+02  0.715000000000E+00
   14362 -0.769336300000E+02  0.347092700000E+02  0.837000000000E+00
   14397 -0.769378100000E+02  0.347095000000E+02  0.679000000000E+00
   14456 -0.769361600000E+02  0.347099500000E+02  0.777000000000E+00
   14466 -0.769294700000E+02  0.347099300000E+02  0.668000000000E+00
   14486 -0.769347500000E+02  0.347103700000E+02  0.856000000000E+00
   14557 -0.769329700000E+02  0.347107900000E+02  0.594000000000E+00
   14650 -0.769311900000E+02  0.347112200000E+02  0.560000000000E+00
       1 3    10649    10718    10719
       2 3    10718    10786    10787
       3 3    10786    10866    10867
       4 3    10866    10943    10944
       5 3    10718    10787    10719
       6 3    10943    11031    11032
       7 3    10786    10867    10787
       8 3    11031    11115    11116
       9 3    10866    10944    10867
      10 3    10719    10787    11160
      11 3    10943    11032    10944
      12 3    11115    11210    11211
      13 3    10787    10867    11227
      14 3    11031    11116    11032
      15 3    11210    11292    11293
      16 3    10867    10944    11295
      17 3    10719    11160    11104
      18 3    11115    11211    11116
      19 3    11292    11368    11369
      20 3    10944    11032    11374
      21 3    10787    11227    11160
      22 3    11210    11293    11211
      23 3    11368    11434    11435
      24 3    10867    11295    11227
      25 3    11292    11369    11293
      26 3    11032    11116    11454
      27 3    11434    11478    11479
      28 3    11368    11435    11369
      29 3    11104    11160    11511
      30 3    10944    11374    11295
      31 3    11478    11536    11537
      32 3    11116    11211    11538
      33 3    11434    11479    11435
      34 3    11160    11227    11569
      35 3    11536    11598    11599
      36 3    11032    11454    11374
      37 3    11211    11293    11619
      38 3    11478    11537    11479
      39 3    11227    11295    11630
      40 3    11104    11511    11450
      41 3    11116    11538    11454
      42 3    11598    11665    11666
      43 3    11293    11369    11685
      44 3    11536    11599    11537
      45 3    11160    11569    11511
      46 3    11295    11374    11689
      47 3    11211    11619    11538
      48 3    11227    11630    11569
      49 3    11369    11435    11746
      50 3    11374    11454    11756
      51 3    11293    11685    11619
      52 3    11598    11666    11599
      53 3    11665    11781    11782
      54 3    11435    11479    11804
      55 3    11295    11689    11630
      56 3    11450    11511    11816
      57 3    11369    11746    11685
      58 3    11454    11538    11822
      59 3    11665    11782    11666
      60 3    11511    11569    11860
      61 3    11479    11537    11861
      62 3    11781    11864    11865
      63 3    11374    11756    11689
      64 3    11435    11804    11746
      65 3    11781    11865    11782
      66 3    11538    11619    11899
      67 3    11569    11630    11913
      68 3    11537    11599    11920
      69 3    11479    11861    11804
      70 3    11454    11822    11756
      71 3    11864    11959    11960
      72 3    11619    11685    11966
      73 3    11630    11689    11968
      74 3    11511    11860    11816
      75 3    11864    11960    11865
      76 3    11599    11666    11984
      77 3    11538    11899    11822
      78 3    11537    11920    11861
      79 3    11569    11913    11860
      80 3    11689    11756    12030
      81 3    11685    11746    12031
      82 3    11619    11966    11899
      83 3    11666    11782    12059
      84 3    11959    12063    12064
      85 3    11599    11984    11920
      86 3    11630    11968    11913
      87 3    11959    12064    11960
      88 3    11746    11804    12081
      89 3    11756    11822    12083
      90 3    11685    12031    11966
      91 3    11816    11860    12124
      92 3    11689    12030    11968
      93 3    11666    12059    11984
      94 3    11782    11865    12137
      95 3    12063    12139    12140
      96 3    11804    11861    12141
      97 3    11822    11899    12156
      98 3    12063    12140    12064
      99 3    11746    12081    12031
     100 3    11860    11913    12171
     101 3    11756    12083    12030
     102 3    11782    12137    12059
     103 3    11861    11920    12200
     104 3    12139    12210    12211
     105 3    11804    12141    12081
     106 3    11913    11968    12215
     107 3    11899    11966    12217
     108 3    11865    11960    12218
     109 3    11816    12124    12096
     110 3    12139    12211    12140
     111 3    11822    12156    12083
     112 3    11865    12218    12137
     113 3    11860    12171    12124
     114 3    11920    11984    12261
     115 3    11861    12200    12141
     116 3    11968    12030    12267
     117 3    12210    12269    12270
     118 3    11966    12031    12281
     119 3    12210    12270    12211
     120 3    11960    12064    12297
     121 3    11899    12217    12156
     122 3    11913    12215    12171
     123 3    11960    12297    12218
     124 3    11984    12059    12327
     125 3    12030    12083    12329
     126 3    11920    12261    12200
     127 3    12096    12338    12134
     128 3    12031    12081    12344
     129 3    11966    12281    12217
     130 3    12096    12124    12364
     131 3    11968    12267    12215
     132 3    12064    12140    12377
     133 3    12083    12156    12405
     134 3    11984    12327    12261
     135 3    12059    12137    12409
     136 3    12124    12171    12410
     137 3    12064    12377    12297
     138 3    12134    12338    12352
     139 3    12081    12141    12416
     140 3    12031    12344    12281
     141 3    12030    12329    12267
     142 3    12096    12364    12338
     143 3    12140    12211    12456
     144 3    12171    12215    12458
     145 3    12059    12409    12327
     146 3    12156    12217    12470
     147 3    12141    12200    12474
     148 3    12140    12456    12377
     149 3    12137    12218    12479
     150 3    12081    12416    12344
     151 3    12083    12405    12329
     152 3    12124    12410    12364
     153 3    12211    12270    12527
     154 3    12215    12267    12528
     155 3    12137    12479    12409
     156 3    12217    12281    12546
     157 3    12200    12261    12547
     158 3    12141    12474    12416
     159 3    12352    12338    12555
     160 3    12171    12458    12410
     161 3    12211    12527    12456
     162 3    12156    12470    12405
     163 3    12218    12297    12565
     164 3    12267    12329    12578
     165 3    12338    12364    12587
     166 3    12218    12565    12479
     167 3    12215    12528    12458
     168 3    12281    12344    12601
     169 3    12261    12327    12602
     170 3    12200    12547    12474
     171 3    12352    12555    12477
     172 3    12217    12546    12470
     173 3    12297    12377    12624
     174 3    12364    12410    12631
     175 3    12329    12405    12635
     176 3    12338    12587    12555
     177 3    12267    12578    12528
     178 3    12297    12624    12565
     179 3    12344    12416    12660
     180 3    12261    12602    12547
     181 3    12327    12409    12662
     182 3    12281    12601    12546
     183 3    12410    12458    12677
     184 3    12377    12456    12686
     185 3    12405    12470    12697
     186 3    12364    12631    12587
     187 3    12477    12555    12704
     188 3    12329    12635    12578
     189 3    12377    12686    12624
     190 3    12416    12474    12716
     191 3    12327    12662    12602
     192 3    12344    12660    12601
     193 3    12409    12479    12726
     194 3    12458    12528    12731
     195 3    12456    12527    12740
     196 3    12477    12704    12626
     197 3    12410    12677    12631
     198 3    12470    12546    12753
     199 3    12555    12587    12759
     200 3    12405    12697    12635
     201 3    12456    12740    12686
     202 3    12409    12726    12662
     203 3    12474    12547    12774
     204 3    12416    12716    12660
     205 3    12528    12578    12780
     206 3    12479    12565    12782
     207 3    12458    12731    12677
     208 3    12587    12631    12809
     209 3    12555    12759    12704
     210 3    12546    12601    12811
     211 3    12527    12784    12740
     212 3    12470    12753    12697
     213 3    12479    12782    12726
     214 3    12547    12602    12824
     215 3    12474    12774    12716
     216 3    12578    12635    12829
     217 3    12565    12624    12834
     218 3    12626    12704    12839
     219 3    12528    12780    12731
     220 3    12631    12677    12857
     221 3    12587    12809    12759
     222 3    12601    12660    12865
     223 3    12546    12811    12753
     224 3    12565    12834    12782
     225 3    12626    12839    12756
     226 3    12602    12662    12876
     227 3    12547    12824    12774
     228 3    12635    12697    12881
     229 3    12624    12686    12884
     230 3    12578    12829    12780
     231 3    12677    12731    12897
     232 3    12704    12759    12901
     233 3    12631    12857    12809
     234 3    12660    12716    12919
     235 3    12601    12865    12811
     236 3    12624    12884    12834
     237 3    12602    12876    12824
     238 3    12662    12726    12932
     239 3    12686    12740    12937
     240 3    12697    12753    12941
     241 3    12635    12881    12829
     242 3    12704    12901    12839
     243 3    12731    12780    12950
     244 3    12756    12839    12953
     245 3    12677    12897    12857
     246 3    12759    12809    12962
     247 3    12686    12937    12884
     248 3    12716    12774    12967
     249 3    12660    12919    12865
     250 3    12662    12932    12876
     251 3    12740    12784    12971
     252 3    12726    12782    12973
     253 3    12756    12953    12873
     254 3    12753    12811    12987
     255 3    12697    12941    12881
     256 3    12780    12829    13002
     257 3    12759    12962    12901
     258 3    12731    12950    12897
     259 3    12740    12971    12937
     260 3    12809    12857    13008
     261 3    12774    12824    13013
     262 3    12716    12967    12919
     263 3    12726    12973    12932
     264 3    12782    12834    13023
     265 3    12753    12987    12941
     266 3    12811    12865    13039
     267 3    12839    12901    13041
     268 3    12829    12881    13048
     269 3    12780    13002    12950
     270 3    12809    13008    12962
     271 3    12873    12953    13052
     272 3    12857    12897    13054
     273 3    12782    13023    12973
     274 3    12824    12876    13068
     275 3    12774    13013    12967
     276 3    12834    12884    13072
     277 3    12839    13041    12953
     278 3    12901    12962    13084
     279 3    12873    13052    12977
     280 3    12811    13039    12987
     281 3    12865    12919    13089
     282 3    12829    13048    13002
     283 3    12857    13054    13008
     284 3    12897    12950    13104
     285 3    12881    12941    13105
     286 3    12834    13072    13023
     287 3    12876    12932    13112
     288 3    12824    13068    13013
     289 3    12884    12937    13115
     290 3    12901    13084    13041
     291 3    12953    13041    13145
     292 3    12865    13089    13039
     293 3    12919    12967    13146
     294 3    12977    13052    13150
     295 3    12884    13115    13072
     296 3    12897    13104    13054
     297 3    12881    13105    13048
     298 3    12950    13002    13152
     299 3    12937    12971    13158
     300 3    12941    12987    13159
     301 3    12962    13008    13160
     302 3    12876    13112    13068
     303 3    12932    12973    13161
     304 3    12953    13145    13052
     305 3    12962    13160    13084
     306 3    12937    13158    13115
     307 3    13008    13054    13195
     308 3    13041    13084    13196
     309 3    12919    13146    13089
     310 3    13041    13200    13145
     311 3    12977    13150    13102
     312 3    12967    13013    13204
     313 3    12950    13152    13104
     314 3    12932    13161    13112
     315 3    12973    13023    13210
     316 3    12941    13159    13105
     317 3    13052    13145    13213
     318 3    13002    13048    13215
     319 3    12987    13039    13222
     320 3    13041    13196    13200
     321 3    13145    13255    13213
     322 3    13008    13195    13160
     323 3    12967    13204    13146
     324 3    13013    13068    13262
     325 3    12973    13210    13161
     326 3    13023    13072    13268
     327 3    13002    13215    13152
     328 3    13052    13213    13150
     329 3    12987    13222    13159
     330 3    13084    13160    13280
     331 3    13054    13104    13281
     332 3    13048    13105    13282
     333 3    13200    13286    13145
     334 3    13039    13089    13287
     335 3    13084    13280    13196
     336 3    13145    13286    13255
     337 3    13200    13196    13311
     338 3    13023    13268    13210
     339 3    13104    13152    13318
     340 3    13068    13112    13320
     341 3    13013    13262    13204
     342 3    13072    13115    13326
     343 3    13054    13281    13195
     344 3    13160    13195    13330
     345 3    13160    13331    13280
     346 3    13200    13311    13286
     347 3    13048    13282    13215
     348 3    13039    13287    13222
     349 3    13105    13159    13348
     350 3    13089    13146    13349
     351 3    13160    13330    13331
     352 3    13196    13358    13311
     353 3    13196    13280    13358
     354 3    13072    13326    13268
     355 3    13112    13161    13375
     356 3    13115    13158    13378
     357 3    13068    13320    13262
     358 3    13104    13318    13281
     359 3    13280    13397    13358
     360 3    13331    13411    13280
     361 3    13105    13348    13282
     362 3    13089    13349    13287
     363 3    13152    13215    13415
     364 3    13280    13411    13397
     365 3    13195    13281    13426
     366 3    13146    13204    13429
     367 3    13159    13222    13432
     368 3    13115    13378    13326
     369 3    13195    13426    13330
     370 3    13161    13210    13447
     371 3    13112    13375    13320
     372 3    13331    13330    13459
     373 3    13152    13415    13318
     374 3    13215    13282    13477
     375 3    13281    13318    13479
     376 3    13331    13459    13411
     377 3    13281    13483    13426
     378 3    13158    13443    13378
     379 3    13146    13429    13349
     380 3    13159    13432    13348
     381 3    13204    13262    13498
     382 3    13330    13501    13459
     383 3    13222    13287    13505
     384 3    13161    13447    13375
     385 3    13210    13268    13510
     386 3    13281    13479    13483
     387 3    13330    13426    13501
     388 3    13215    13477    13415
     389 3    13318    13415    13547
     390 3    13426    13558    13501
     391 3    13483    13569    13426
     392 3    13204    13498    13429
     393 3    13210    13510    13447
     394 3    13222    13505    13432
     395 3    13262    13320    13571
     396 3    13268    13326    13572
     397 3    13318    13547    13479
     398 3    13282    13348    13584
     399 3    13426    13569    13558
     400 3    13287    13349    13594
     401 3    13483    13479    13632
     402 3    13415    13641    13547
     403 3    13282    13584    13477
     404 3    13268    13572    13510
     405 3    13320    13375    13651
     406 3    13415    13477    13652
     407 3    13348    13432    13657
     408 3    13326    13378    13658
     409 3    13262    13571    13498
     410 3    13483    13632    13569
     411 3    13287    13594    13505
     412 3    13349    13429    13686
     413 3    13415    13652    13641
     414 3    13479    13547    13708
     415 3    13326    13658    13572
     416 3    13375    13447    13730
     417 3    13378    13443    13738
     418 3    13320    13651    13571
     419 3    13348    13657    13584
     420 3    13479    13708    13632
     421 3    13547    13641    13769
     422 3    13349    13686    13594
     423 3    13477    13584    13794
     424 3    13432    13505    13797
     425 3    13429    13498    13798
     426 3    13378    13738    13658
     427 3    13477    13794    13652
     428 3    13447    13510    13820
     429 3    13375    13730    13651
     430 3    13547    13769    13708
     431 3    13641    13652    13851
     432 3    13432    13797    13657
     433 3    13505    13594    13870
     434 3    13584    13657    13875
     435 3    13584    13882    13794
     436 3    13429    13798    13686
     437 3    13641    13851    13769
     438 3    13447    13820    13730
     439 3    13510    13572    13901
     440 3    13498    13571    13910
     441 3    13652    13916    13851
     442 3    13584    13875    13882
     443 3    13652    13794    13916
     444 3    13794    13953    13916
     445 3    13505    13870    13797
     446 3    13510    13901    13820
     447 3    13571    13651    13978
     448 3    13572    13658    13979
     449 3    13498    13910    13798
     450 3    13882    14002    13794
     451 3    13594    13686    14018
     452 3    13657    13797    14024
     453 3    13794    14002    13953
     454 3    13657    14024    13875
     455 3    13882    13875    14087
     456 3    13572    13979    13901
     457 3    13658    13738    14098
     458 3    13594    14018    13870
     459 3    13686    13798    14110
     460 3    13571    13978    13910
     461 3    13797    13870    14123
     462 3    13797    14126    14024
     463 3    13882    14087    14002
     464 3    13797    14123    14126
     465 3    13658    14098    13979
     466 3    13875    14178    14087
     467 3    13875    14024    14178
     468 3    13686    14110    14018
     469 3    14024    14219    14178
     470 3    14126    14253    14024
     471 3    13870    14018    14273
     472 3    14024    14253    14219
     473 3    13798    13910    14281
     474 3    13870    14273    14123
     475 3    14126    14123    14318
     476 3    13798    14281    14110
     477 3    14018    14110    14346
     478 3    14126    14318    14253
     479 3    14018    14362    14273
     480 3    14123    14397    14318
     481 3    14018    14346    14362
     482 3    14123    14273    14397
     483 3    14273    14456    14397
     484 3    14110    14281    14466
     485 3    14110    14466    14346
     486 3    14273    14362    14486
     487 3    14273    14486    14456
     488 3    14362    14346    14557
     489 3    14362    14557    14486
     490 3    14346    14466    14650
     491 3    14346    14650    14557
 0                                                                              
 0                                                                              
 2                                                                              
 54                                                                             
      22       1                                                                
   10649
   10718
   10786
   10866
   10943
   11031
   11115
   11210
   11292
   11368
   11434
   11478
   11536
   11598
   11665
   11781
   11864
   11959
   12063
   12139
   12210
   12269
      30       1                                                                
   14650
   14557
   14486
   14456
   14397
   14318
   14253
   14219
   14178
   14087
   14002
   13953
   13916
   13851
   13769
   13708
   13632
   13569
   13558
   13501
   13459
   13411
   13397
   13358
   13311
   13286
   13255
   13213
   13150
   13102
