FileFmt      1050624           0           0
NELG           58641         560         418
      -14361
      -14420
      -14423
       14496
      -14503
      -14555
       14572
       14579
       14638
      -14649
       14672
       14681
      -14708
      -14724
       14732
       14743
       14746
      -14768
       14776
       14813
       14822
       14834
       14843
       14861
       14863
      -14887
       14895
       14904
       14906
       14915
       14940
       14945
       14967
       14987
       15039
       15052
       15056
       15081
       15101
       15153
       15162
       15182
       15209
       15218
       15250
       15290
       15330
       15331
       15336
       15373
       15379
       15382
       15414
       15416
       15427
       15429
       15449
       15497
       15515
       15532
       15533
       15569
       15581
       15599
       15608
       15654
       15698
       15725
       15728
       15764
       15786
       15788
       15789
       15806
       15814
       15823
       15830
       15846
       15859
       15877
       15912
       15920
       15933
       15937
       15938
       15946
       15955
       15969
       15972
       16007
       16042
       16054
       16082
       16086
       16088
       16111
       16117
       16140
       16150
       16169
       16193
       16199
       16200
       16215
       16219
       16288
       16298
       16314
       16318
       16356
       16357
      -16360
       16362
       16366
       16368
       16369
       16380
       16381
       16382
       16387
       16389
       16397
       16405
      -16408
       16412
       16413
       16416
       16421
       16424
       16427
       16436
       16440
       16443
       16452
      -16455
       16456
       16457
       16460
       16468
       16473
       16475
       16477
       16480
       16483
       16489
       16490
       16491
       16492
       16494
       16499
      -16500
       16501
       16506
       16508
       16509
       16510
       16515
       16517
       16518
       16522
       16525
       16529
       16532
       16536
       16538
      -16539
       16540
       16542
       16545
       16546
       16548
       16550
       16552
       16553
       16556
       16557
       16558
       16561
       16563
       16565
       16566
       16568
       16569
       16575
       16579
       16580
       16581
       16583
       16586
      -16588
       16590
       16591
       16592
       16593
       16594
       16597
       16598
       16599
       16602
       16605
       16607
       16611
       16612
       16616
       16618
       16621
       16626
       16629
       16631
       16635
       16637
       16643
       16644
       16646
       16647
       16649
       16651
      -16654
       16658
       16659
       16660
       16661
       16663
       16667
       16668
       16671
       16672
       16674
       16675
       16676
       16678
       16683
       16684
       16687
       16688
       16692
       16693
       16699
       16702
       16705
       16706
       16708
       16710
       16713
       16714
       16718
       16719
       16725
       16727
       16728
       16733
       16739
       16740
       16746
      -16750
       16754
       16755
       16757
       16768
       16770
       16773
       16774
       16777
       16779
       16783
       16785
       16786
       16789
       16791
       16792
       16793
       16794
       16799
       16807
       16808
       16810
       16812
       16822
       16828
       16831
       16832
       16836
       16837
       16838
       16842
       16843
       16844
       16847
       16850
       16851
       16854
       16858
       16864
       16865
       16867
       16871
       16874
       16875
       16876
       16878
       16885
       16886
       16887
       16888
       16890
       16891
       16892
       16903
       16904
       16905
       16912
       16913
       16918
       16919
       16923
       16925
       16927
       16928
       16931
       16935
       16937
       16949
       16952
       16954
       16959
       16960
       16961
       16965
       16974
       16975
       16993
       16994
       16999
       17004
       17005
       17007
       17008
       17013
       17018
       17019
       17022
       17026
       17031
       17033
       17035
       17043
       17045
       17047
       17048
       17052
       17061
       17068
       17070
       17075
       17083
       17086
       17088
       17090
       17099
       17100
       17104
       17114
       17123
       17132
       17134
       17139
       17147
       17150
       17151
       17161
       17167
       17174
       17183
       17186
       17188
       17190
       17199
       17212
       17219
       17228
       17235
       17240
       17246
       17250
       17253
       17287
       17308
       17320
       17340
       17350
       17372
       17380
       17386
       17421
       17428
       17435
       17441
       17446
       17465
       17508
       17534
       17574
       17617
       17676
       17842
       58623
       58624
       58625
       58626
       58627
       58628
       58629
       58630
       58631
       58632
       58633
       58634
       58637
NNODG          32218         319         301
       -7506
       -7534
        7536
        7568
       -7569
        7603
        7604
       -7639
        7650
        7651
       -7680
        7687
        7705
        7706
        7727
        7741
        7744
       -7759
        7765
        7783
        7786
        7806
        7807
        7821
        7832
        7846
        7847
        7848
        7862
        7907
        7919
        7920
        7929
        7967
        7982
        7983
        8004
        8005
        8042
        8065
        8066
        8067
        8068
        8069
        8070
        8091
        8092
        8094
        8112
        8121
        8122
        8179
        8180
        8196
        8213
        8218
        8246
       -8251
        8271
        8286
        8288
        8289
       -8307
        8308
        8309
        8323
        8324
        8325
        8334
        8342
        8345
        8356
        8374
        8395
        8396
       -8404
        8411
        8418
        8422
        8424
        8444
        8472
        8473
        8487
        8491
        8493
       -8507
        8510
        8535
        8546
        8550
        8551
       -8564
        8601
       -8615
        8616
        8620
        8639
        8640
        8642
       -8643
        8646
        8648
        8649
        8654
        8655
        8656
        8657
        8658
        8659
        8660
        8663
        8665
        8666
        8673
        8674
        8677
        8678
        8680
        8681
        8683
        8688
        8689
       -8691
        8700
        8701
        8707
        8708
       -8710
        8711
        8714
        8715
        8722
        8723
        8725
        8727
        8729
        8730
        8733
        8734
        8735
        8737
        8740
        8741
        8744
        8746
        8747
        8748
        8752
        8753
        8756
        8759
        8766
        8768
       -8769
        8773
        8774
        8775
        8777
        8779
        8780
        8781
        8783
        8784
        8785
        8786
        8787
        8793
        8794
        8795
        8797
        8798
        8801
        8802
        8803
        8804
        8805
        8806
        8809
        8813
        8814
        8815
        8816
        8817
        8819
        8820
        8824
        8829
        8830
        8834
        8835
        8837
        8838
        8841
        8843
        8848
        8851
        8852
        8854
       -8855
        8857
        8859
        8861
        8862
       -8865
        8872
        8873
        8874
        8875
        8877
        8880
        8885
        8890
        8891
        8892
       -8902
        8904
        8906
        8907
        8908
        8910
        8912
        8913
        8914
        8918
        8919
        8920
        8921
        8922
        8923
        8930
        8931
        8941
        8944
        8945
        8947
        8948
        8949
        8953
        8954
        8955
        8960
        8961
        8966
        8967
        8968
        8969
        8971
        8972
        8980
        8981
        8986
        8991
        8993
        8995
        8996
        9000
        9002
        9010
        9016
        9019
        9025
        9032
        9037
       -9039
       -9040
        9045
       -9048
        9049
       -9053
        9060
        9063
        9065
        9073
        9080
        9088
        9096
        9097
        9107
        9114
        9118
        9126
        9134
        9141
       -9145
        9150
        9152
        9170
        9190
        9209
        9230
        9250
       -9253
        9264
        9272
        9291
       -9332
       -9349
        9403
       -9451
       -9545
NFLUXF             0
NETA             128          29           0
NSTAE              0           0           0
NSTAV              0           0           0
NSTAM              0           0           0
NSTAC              0           0           0
RES NODE          50         272
                   3           4           6           7           9          10
                  12          13          14          15          16          17
                  19          20          21          22          23          24
                  25          26          27          28          29          30
                  31          32          33          34          35          36
                  37          38          39          40          41          42
                  43          44          45          46          47          48
                  49          50          51          52          53          54
                  55          56          57          59          60          61
                  62          64          65          66          67          68
                  69          70          71          72          73          74
                  75          77          78          79          80          81
                  82          83          84          85          86          88
                  89          90          91          92          94          96
                  97          98          99         100         102         103
                 104         105         106         107         108         109
                 110         111         112         113         114         115
                 116         117         118         119         120         121
                 122         123         125         126         127         128
                 130         131         132         133         134         135
                 136         137         138         139         140         141
                 142         143         144         145         146         147
                 148         149         150         151         152         153
                 154         156         157         158         159         160
                 161         162         163         164         165         166
                 167         168         169         170         171         172
                 173         174         175         176         177         178
                 179         180         181         182         183         184
                 185         186         187         188         189         190
                 191         192         193         194         195         196
                 197         198         199         201         202         203
                 204         206         207         208         209         210
                 211         212         213         214         215         217
                 218         219         220         221         222         223
                 224         225         226         227         228         229
                 230         231         232         233         234         235
                 236         237         238         239         240         241
                 242         243         244         245         246         247
                 248         249         250         251         252         253
                 254         255         256         257         258         259
                 260         261         262         263         264         267
                 269         271         272         273         274         275
                 276         277         278         279         280         281
                 282         283         284         286         287         288
                 289         290         291         292         294         295
                 296         299
COMM PE            3
RECV PE           49          11
                   1           2           5           8          11          18
                  95         101         129         155         205
RECV PE           99           5
                  58          63          76          87         124
RECV PE          119          13
                  93         200         216         265         266         268
                 270         285         293         297         298         300
                 301
SEND PE           49          11
                   3           4           7          12          15          22
                 100         104         121         148         194
SEND PE           99           4
                  70          80          89          98
SEND PE          119          12
                  77          84         102         252         255         269
                 284         286         287         294         296         299
