bi_1997_v2.grd                                                                  
     489     292
   18940 -0.766804500000E+02  0.347399700000E+02  0.389300000000E+01
   18941 -0.766811200000E+02  0.347399700000E+02  0.390800000000E+01
   18948 -0.766817900000E+02  0.347400400000E+02  0.106700000000E+01
   18957 -0.766797800000E+02  0.347400800000E+02  0.361100000000E+01
   18978 -0.766813700000E+02  0.347405000000E+02  0.112000000000E+01
   18981 -0.766807800000E+02  0.347405600000E+02  0.390300000000E+01
   18985 -0.766800900000E+02  0.347406200000E+02  0.387400000000E+01
   19004 -0.766793700000E+02  0.347406700000E+02  0.265100000000E+01
   19018 -0.766812000000E+02  0.347411100000E+02  0.108900000000E+01
   19022 -0.766804300000E+02  0.347411900000E+02  0.390800000000E+01
   19025 -0.766797400000E+02  0.347412500000E+02  0.384800000000E+01
   19035 -0.766790800000E+02  0.347412800000E+02  0.200200000000E+01
   19058 -0.766806600000E+02  0.347417400000E+02  0.205700000000E+01
   19063 -0.766800800000E+02  0.347418400000E+02  0.390700000000E+01
   19065 -0.766794000000E+02  0.347418900000E+02  0.382500000000E+01
   19077 -0.766785700000E+02  0.347418900000E+02  0.860000000000E+00
   19078 -0.766810600000E+02  0.347421500000E+02  0.976000000000E+00
   19099 -0.766805000000E+02  0.347424300000E+02  0.128600000000E+01
   19101 -0.766798200000E+02  0.347425000000E+02  0.390700000000E+01
   19106 -0.766790800000E+02  0.347425700000E+02  0.384700000000E+01
   19124 -0.766783100000E+02  0.347427200000E+02  0.860000000000E+00
   19150 -0.766803000000E+02  0.347431400000E+02  0.114900000000E+01
   19151 -0.766795600000E+02  0.347431600000E+02  0.390800000000E+01
   19156 -0.766810500000E+02  0.347432200000E+02  0.830000000000E+00
   19158 -0.766788200000E+02  0.347432300000E+02  0.385800000000E+01
   19178 -0.766780600000E+02  0.347433100000E+02  0.860000000000E+00
   19201 -0.766800500000E+02  0.347437400000E+02  0.114700000000E+01
   19203 -0.766793000000E+02  0.347437800000E+02  0.390800000000E+01
   19206 -0.766808200000E+02  0.347437700000E+02  0.841000000000E+00
   19211 -0.766785700000E+02  0.347438700000E+02  0.390800000000E+01
   19232 -0.766778700000E+02  0.347439400000E+02  0.860000000000E+00
   19246 -0.766797400000E+02  0.347442500000E+02  0.115500000000E+01
   19256 -0.766806000000E+02  0.347443600000E+02  0.843000000000E+00
   19258 -0.766790600000E+02  0.347444100000E+02  0.388400000000E+01
   19265 -0.766783000000E+02  0.347445300000E+02  0.390800000000E+01
   19291 -0.766775500000E+02  0.347446600000E+02  0.860000000000E+00
   19307 -0.766796900000E+02  0.347449500000E+02  0.108200000000E+01
   19314 -0.766787600000E+02  0.347450900000E+02  0.389800000000E+01
   19323 -0.766780000000E+02  0.347451900000E+02  0.390800000000E+01
   19347 -0.766772800000E+02  0.347452800000E+02  0.860000000000E+00
   19369 -0.766790800000E+02  0.347456900000E+02  0.127400000000E+01
   19376 -0.766784200000E+02  0.347457700000E+02  0.390400000000E+01
   19380 -0.766777000000E+02  0.347458300000E+02  0.389900000000E+01
   19399 -0.766769900000E+02  0.347458500000E+02  0.860000000000E+00
   19412 -0.766796900000E+02  0.347462200000E+02  0.935000000000E+00
   19427 -0.766788600000E+02  0.347463900000E+02  0.115300000000E+01
   19429 -0.766781300000E+02  0.347464400000E+02  0.389000000000E+01
   19433 -0.766774000000E+02  0.347464700000E+02  0.370100000000E+01
   19452 -0.766766100000E+02  0.347464800000E+02  0.835000000000E+00
   19483 -0.766785400000E+02  0.347470900000E+02  0.130600000000E+01
   19485 -0.766778400000E+02  0.347471000000E+02  0.390600000000E+01
   19486 -0.766792900000E+02  0.347471300000E+02  0.946000000000E+00
   19488 -0.766771200000E+02  0.347471200000E+02  0.365100000000E+01
   19507 -0.766763300000E+02  0.347471200000E+02  0.834000000000E+00
   19516 -0.766802000000E+02  0.347473800000E+02  0.815000000000E+00
   19531 -0.766782500000E+02  0.347477100000E+02  0.158600000000E+01
   19533 -0.766776000000E+02  0.347477500000E+02  0.390600000000E+01
   19534 -0.766788900000E+02  0.347477700000E+02  0.974000000000E+00
   19543 -0.766769500000E+02  0.347478300000E+02  0.390600000000E+01
   19549 -0.766795500000E+02  0.347479300000E+02  0.103300000000E+01
   19555 -0.766764200000E+02  0.347480400000E+02  0.174700000000E+01
   19559 -0.766800700000E+02  0.347480400000E+02  0.963000000000E+00
   19564 -0.766758800000E+02  0.347480900000E+02  0.884000000000E+00
   19570 -0.766785800000E+02  0.347482500000E+02  0.999000000000E+00
   19579 -0.766780500000E+02  0.347483300000E+02  0.116000000000E+01
   19582 -0.766774100000E+02  0.347484100000E+02  0.390000000000E+01
   19588 -0.766767900000E+02  0.347485200000E+02  0.390800000000E+01
   19589 -0.766791300000E+02  0.347485300000E+02  0.109700000000E+01
   19593 -0.766761800000E+02  0.347486300000E+02  0.170600000000E+01
   19599 -0.766797100000E+02  0.347487100000E+02  0.115600000000E+01
   19609 -0.766754800000E+02  0.347487600000E+02  0.914000000000E+00
   19611 -0.766785800000E+02  0.347488900000E+02  0.109800000000E+01
   19616 -0.766778900000E+02  0.347489800000E+02  0.111000000000E+01
   19622 -0.766772200000E+02  0.347490600000E+02  0.388800000000E+01
   19628 -0.766765700000E+02  0.347491500000E+02  0.390100000000E+01
   19639 -0.766759200000E+02  0.347492500000E+02  0.167500000000E+01
   19652 -0.766753500000E+02  0.347493300000E+02  0.903000000000E+00
   19667 -0.766776400000E+02  0.347496100000E+02  0.112100000000E+01
   19669 -0.766784100000E+02  0.347496000000E+02  0.121200000000E+01
   19672 -0.766794500000E+02  0.347496200000E+02  0.134600000000E+01
   19675 -0.766769800000E+02  0.347496600000E+02  0.389900000000E+01
   19684 -0.766763200000E+02  0.347497700000E+02  0.390800000000E+01
   19691 -0.766756400000E+02  0.347498700000E+02  0.144200000000E+01
   19698 -0.766751200000E+02  0.347498400000E+02  0.906000000000E+00
   19708 -0.766773700000E+02  0.347501200000E+02  0.118200000000E+01
   19715 -0.766780100000E+02  0.347502300000E+02  0.127900000000E+01
   19719 -0.766788600000E+02  0.347502700000E+02  0.138900000000E+01
   19724 -0.766767800000E+02  0.347502900000E+02  0.371200000000E+01
   19729 -0.766760300000E+02  0.347504200000E+02  0.390400000000E+01
   19733 -0.766796900000E+02  0.347501800000E+02  0.142000000000E+01
   19742 -0.766750900000E+02  0.347505600000E+02  0.878000000000E+00
   19756 -0.766774100000E+02  0.347507900000E+02  0.123500000000E+01
   19764 -0.766792700000E+02  0.347509600000E+02  0.124900000000E+01
   19766 -0.766765600000E+02  0.347509600000E+02  0.315700000000E+01
   19767 -0.766783600000E+02  0.347510000000E+02  0.136500000000E+01
   19771 -0.766757700000E+02  0.347510900000E+02  0.390200000000E+01
   19784 -0.766703300000E+02  0.347512600000E+02  0.133000000000E+01
   19785 -0.766801500000E+02  0.347511300000E+02  0.128700000000E+01
   19793 -0.766750600000E+02  0.347512600000E+02  0.131300000000E+01
   19797 -0.766777600000E+02  0.347514300000E+02  0.131100000000E+01
   19800 -0.766696900000E+02  0.347514500000E+02  0.105200000000E+01
   19803 -0.766770800000E+02  0.347515100000E+02  0.123300000000E+01
   19807 -0.766789200000E+02  0.347515300000E+02  0.111800000000E+01
   19808 -0.766709200000E+02  0.347515000000E+02  0.307100000000E+01
   19813 -0.766763100000E+02  0.347516300000E+02  0.288900000000E+01
   19815 -0.766796200000E+02  0.347516600000E+02  0.114800000000E+01
   19824 -0.766721700000E+02  0.347517400000E+02  0.214900000000E+01
   19825 -0.766755400000E+02  0.347517300000E+02  0.389600000000E+01
   19830 -0.766730300000E+02  0.347517500000E+02  0.108200000000E+01
   19831 -0.766688900000E+02  0.347517400000E+02  0.104100000000E+01
   19834 -0.766714900000E+02  0.347517700000E+02  0.416900000000E+01
   19837 -0.766783100000E+02  0.347518100000E+02  0.116100000000E+01
   19852 -0.766703200000E+02  0.347519000000E+02  0.113600000000E+01
   19855 -0.766748000000E+02  0.347517800000E+02  0.105400000000E+01
   19860 -0.766680500000E+02  0.347520400000E+02  0.101300000000E+01
   19861 -0.766805600000E+02  0.347517100000E+02  0.117100000000E+01
   19863 -0.766776000000E+02  0.347520600000E+02  0.124400000000E+01
   19871 -0.766768400000E+02  0.347522000000E+02  0.123800000000E+01
   19872 -0.766710100000E+02  0.347522000000E+02  0.274600000000E+01
   19876 -0.766790000000E+02  0.347522400000E+02  0.881000000000E+00
   19877 -0.766695900000E+02  0.347522500000E+02  0.111900000000E+01
   19878 -0.766760600000E+02  0.347523000000E+02  0.263100000000E+01
   19879 -0.766752800000E+02  0.347523500000E+02  0.388500000000E+01
   19880 -0.766671400000E+02  0.347523300000E+02  0.975000000000E+00
   19885 -0.766717100000E+02  0.347523800000E+02  0.368400000000E+01
   19897 -0.766725600000E+02  0.347526000000E+02  0.133700000000E+01
   19899 -0.766687700000E+02  0.347525600000E+02  0.108800000000E+01
   19900 -0.766744800000E+02  0.347523300000E+02  0.873000000000E+00
   19901 -0.766662100000E+02  0.347526000000E+02  0.805000000000E+00
   19902 -0.766799800000E+02  0.347526200000E+02  0.103100000000E+01
   19904 -0.766782300000E+02  0.347526000000E+02  0.877000000000E+00
   19906 -0.766813780000E+02  0.347524500000E+02  0.103500000000E+01
   19910 -0.766703700000E+02  0.347527500000E+02  0.101800000000E+01
   19914 -0.766774200000E+02  0.347528100000E+02  0.100300000000E+01
   19917 -0.766652400000E+02  0.347528600000E+02  0.618000000000E+00
   19919 -0.766678800000E+02  0.347528800000E+02  0.105200000000E+01
   19920 -0.766766000000E+02  0.347529100000E+02  0.117400000000E+01
   19921 -0.766712000000E+02  0.347529200000E+02  0.286800000000E+01
   19924 -0.766757900000E+02  0.347529600000E+02  0.248600000000E+01
   19926 -0.766750000000E+02  0.347529800000E+02  0.387700000000E+01
   19935 -0.766642500000E+02  0.347531100000E+02  0.516000000000E+00
   19939 -0.766695200000E+02  0.347530700000E+02  0.116400000000E+01
   19940 -0.766718600000E+02  0.347530800000E+02  0.331800000000E+01
   19941 -0.766808500000E+02  0.347531200000E+02  0.104900000000E+01
   19943 -0.766669500000E+02  0.347531700000E+02  0.901000000000E+00
   19945 -0.766741900000E+02  0.347529600000E+02  0.891000000000E+00
   19948 -0.766789700000E+02  0.347531900000E+02  0.491000000000E+00
   19955 -0.766632800000E+02  0.347533400000E+02  0.489000000000E+00
   19960 -0.766707800000E+02  0.347534300000E+02  0.748000000000E+00
   19963 -0.766659500000E+02  0.347534500000E+02  0.685000000000E+00
   19964 -0.766686700000E+02  0.347534100000E+02  0.113200000000E+01
   19967 -0.766780800000E+02  0.347534900000E+02  0.619000000000E+00
   19969 -0.766701800000E+02  0.347535000000E+02  0.872000000000E+00
   19983 -0.766771600000E+02  0.347536000000E+02  0.869000000000E+00
   19984 -0.766763100000E+02  0.347536300000E+02  0.105400000000E+01
   19985 -0.766625700000E+02  0.347535900000E+02  0.507000000000E+00
   19986 -0.766755100000E+02  0.347536300000E+02  0.246700000000E+01
   19987 -0.766714500000E+02  0.347536500000E+02  0.306300000000E+01
   19991 -0.766747800000E+02  0.347536500000E+02  0.390000000000E+01
   19994 -0.766649200000E+02  0.347537100000E+02  0.536000000000E+00
   20003 -0.766677300000E+02  0.347537500000E+02  0.100800000000E+01
   20005 -0.766796200000E+02  0.347538100000E+02  0.572000000000E+00
   20012 -0.766723800000E+02  0.347538300000E+02  0.253100000000E+01
   20013 -0.766741800000E+02  0.347538100000E+02  0.176600000000E+01
   20017 -0.766734700000E+02  0.347537500000E+02  0.992000000000E+00
   20022 -0.766695300000E+02  0.347539200000E+02  0.935000000000E+00
   20023 -0.766638600000E+02  0.347539700000E+02  0.478000000000E+00
   20031 -0.766667400000E+02  0.347540400000E+02  0.786000000000E+00
   20045 -0.766752300000E+02  0.347542500000E+02  0.374200000000E+01
   20051 -0.766745700000E+02  0.347543100000E+02  0.390600000000E+01
   20052 -0.766628300000E+02  0.347542600000E+02  0.493000000000E+00
   20053 -0.766759600000E+02  0.347543100000E+02  0.333000000000E+01
   20055 -0.766717700000E+02  0.347543200000E+02  0.365400000000E+01
   20056 -0.766656900000E+02  0.347543100000E+02  0.566000000000E+00
   20058 -0.766706900000E+02  0.347543300000E+02  0.863000000000E+00
   20059 -0.766777700000E+02  0.347543700000E+02  0.114500000000E+01
   20060 -0.766739000000E+02  0.347543800000E+02  0.197300000000E+01
   20061 -0.766768100000E+02  0.347543900000E+02  0.122000000000E+01
   20062 -0.766685900000E+02  0.347543200000E+02  0.108300000000E+01
   20063 -0.766789100000E+02  0.347543900000E+02  0.758000000000E+00
   20066 -0.766728700000E+02  0.347540700000E+02  0.152400000000E+01
   20067 -0.766732000000E+02  0.347544700000E+02  0.178000000000E+01
   20069 -0.766724900000E+02  0.347545100000E+02  0.331000000000E+01
   20075 -0.766645600000E+02  0.347545700000E+02  0.492000000000E+00
   20083 -0.766675800000E+02  0.347546500000E+02  0.873000000000E+00
   20092 -0.766633500000E+02  0.347548100000E+02  0.472000000000E+00
   20093 -0.766756000000E+02  0.347548100000E+02  0.291800000000E+01
   20096 -0.766750000000E+02  0.347548600000E+02  0.379400000000E+01
   20101 -0.766743300000E+02  0.347549200000E+02  0.390800000000E+01
   20107 -0.766665300000E+02  0.347549300000E+02  0.665000000000E+00
   20112 -0.766695300000E+02  0.347549100000E+02  0.137100000000E+01
   20114 -0.766736300000E+02  0.347550200000E+02  0.268000000000E+01
   20116 -0.766783200000E+02  0.347550400000E+02  0.107900000000E+01
   20120 -0.766728700000E+02  0.347551100000E+02  0.319000000000E+01
   20123 -0.766763200000E+02  0.347551600000E+02  0.337300000000E+01
   20129 -0.766654100000E+02  0.347551900000E+02  0.520000000000E+00
   20132 -0.766773500000E+02  0.347553000000E+02  0.168300000000E+01
   20134 -0.766718300000E+02  0.347552800000E+02  0.268600000000E+01
   20135 -0.766684600000E+02  0.347552700000E+02  0.863000000000E+00
   20142 -0.766747500000E+02  0.347553900000E+02  0.387700000000E+01
   20145 -0.766641200000E+02  0.347554200000E+02  0.450000000000E+00
   20153 -0.766754800000E+02  0.347555200000E+02  0.252600000000E+01
   20156 -0.766741300000E+02  0.347555800000E+02  0.390100000000E+01
   20159 -0.766674100000E+02  0.347555600000E+02  0.653000000000E+00
   20161 -0.766705100000E+02  0.347556200000E+02  0.166900000000E+01
   20165 -0.766733700000E+02  0.347556800000E+02  0.314000000000E+01
   20175 -0.766768000000E+02  0.347558000000E+02  0.314800000000E+01
   20177 -0.766726700000E+02  0.347557200000E+02  0.273500000000E+01
   20183 -0.766663400000E+02  0.347558300000E+02  0.535000000000E+00
   20191 -0.766693800000E+02  0.347559700000E+02  0.105100000000E+01
   20193 -0.766762100000E+02  0.347560000000E+02  0.219600000000E+01
   20205 -0.766780900000E+02  0.347561700000E+02  0.143600000000E+01
   20207 -0.766748100000E+02  0.347561200000E+02  0.365200000000E+01
   20208 -0.766773300000E+02  0.347562000000E+02  0.275800000000E+01
   20209 -0.766652500000E+02  0.347560700000E+02  0.488000000000E+00
   20215 -0.766722700000E+02  0.347562500000E+02  0.281300000000E+01
   20216 -0.766730300000E+02  0.347562800000E+02  0.318800000000E+01
   20217 -0.766683100000E+02  0.347562200000E+02  0.637000000000E+00
   20218 -0.766756100000E+02  0.347562900000E+02  0.175300000000E+01
   20221 -0.766738800000E+02  0.347563600000E+02  0.390800000000E+01
   20224 -0.766643100000E+02  0.347562600000E+02  0.435000000000E+00
   20228 -0.766767600000E+02  0.347563400000E+02  0.243500000000E+01
   20230 -0.766713600000E+02  0.347563900000E+02  0.147600000000E+01
   20241 -0.766672500000E+02  0.347564800000E+02  0.532000000000E+00
   20249 -0.766726900000E+02  0.347567600000E+02  0.327100000000E+01
   20250 -0.766778500000E+02  0.347567600000E+02  0.252800000000E+01
   20254 -0.766771300000E+02  0.347568200000E+02  0.231500000000E+01
   20255 -0.766745400000E+02  0.347568000000E+02  0.370400000000E+01
   20256 -0.766661800000E+02  0.347567400000E+02  0.494000000000E+00
   20260 -0.766702700000E+02  0.347568600000E+02  0.113600000000E+01
   20261 -0.766784500000E+02  0.347566900000E+02  0.134300000000E+01
   20262 -0.766762800000E+02  0.347568900000E+02  0.140000000000E+01
   20266 -0.766732900000E+02  0.347569200000E+02  0.370700000000E+01
   20267 -0.766752900000E+02  0.347569400000E+02  0.259600000000E+01
   20269 -0.766692000000E+02  0.347569200000E+02  0.707000000000E+00
   20272 -0.766651600000E+02  0.347569700000E+02  0.458000000000E+00
   20281 -0.766720700000E+02  0.347571000000E+02  0.165800000000E+01
   20289 -0.766739900000E+02  0.347571800000E+02  0.390800000000E+01
   20291 -0.766681500000E+02  0.347571300000E+02  0.530000000000E+00
   20293 -0.766643800000E+02  0.347571800000E+02  0.419000000000E+00
   20295 -0.766727800000E+02  0.347572500000E+02  0.353000000000E+01
   20298 -0.766711700000E+02  0.347572500000E+02  0.108800000000E+01
   20301 -0.766776200000E+02  0.347573700000E+02  0.225900000000E+01
   20303 -0.766784700000E+02  0.347572800000E+02  0.201300000000E+01
   20306 -0.766747100000E+02  0.347574000000E+02  0.343400000000E+01
   20307 -0.766769500000E+02  0.347573800000E+02  0.153200000000E+01
   20308 -0.766757900000E+02  0.347574700000E+02  0.203900000000E+01
   20310 -0.766671100000E+02  0.347573900000E+02  0.492000000000E+00
   20320 -0.766701100000E+02  0.347574600000E+02  0.854000000000E+00
   20324 -0.766752700000E+02  0.347575800000E+02  0.279200000000E+01
   20330 -0.766659700000E+02  0.347576900000E+02  0.451000000000E+00
   20331 -0.766733200000E+02  0.347577200000E+02  0.387500000000E+01
   20333 -0.766725400000E+02  0.347577400000E+02  0.141500000000E+01
   20341 -0.766764400000E+02  0.347578700000E+02  0.150100000000E+01
   20349 -0.766648500000E+02  0.347578900000E+02  0.414000000000E+00
   20351 -0.766741900000E+02  0.347579000000E+02  0.387900000000E+01
   20352 -0.766772800000E+02  0.347579600000E+02  0.139800000000E+01
   20353 -0.766690100000E+02  0.347578900000E+02  0.555000000000E+00
   20355 -0.766680000000E+02  0.347578700000E+02  0.524000000000E+00
   20357 -0.766780400000E+02  0.347579800000E+02  0.216100000000E+01
   20360 -0.766749300000E+02  0.347580400000E+02  0.354900000000E+01
   20365 -0.766717100000E+02  0.347580600000E+02  0.991000000000E+00
   20368 -0.766756400000E+02  0.347580800000E+02  0.268100000000E+01
   20386 -0.766638500000E+02  0.347581100000E+02  0.456000000000E+00
   20397 -0.766671400000E+02  0.347584300000E+02  0.492000000000E+00
   20399 -0.766737200000E+02  0.347585000000E+02  0.316500000000E+01
   20404 -0.766769300000E+02  0.347585100000E+02  0.135400000000E+01
   20409 -0.766744800000E+02  0.347585800000E+02  0.385700000000E+01
   20411 -0.766727800000E+02  0.347585600000E+02  0.117300000000E+01
   20413 -0.766776500000E+02  0.347586200000E+02  0.120200000000E+01
   20418 -0.766643400000E+02  0.347586800000E+02  0.454000000000E+00
   20419 -0.766752500000E+02  0.347587000000E+02  0.372500000000E+01
   20420 -0.766654000000E+02  0.347587100000E+02  0.445000000000E+00
   20430 -0.766761700000E+02  0.347588000000E+02  0.251800000000E+01
   20438 -0.766720000000E+02  0.347588700000E+02  0.105600000000E+01
   20444 -0.766740800000E+02  0.347590700000E+02  0.270800000000E+01
   20449 -0.766635000000E+02  0.347590200000E+02  0.504000000000E+00
   20455 -0.766734500000E+02  0.347591700000E+02  0.121900000000E+01
   20462 -0.766747300000E+02  0.347592700000E+02  0.386000000000E+01
   20468 -0.766771300000E+02  0.347593200000E+02  0.167500000000E+01
   20474 -0.766755300000E+02  0.347594200000E+02  0.390100000000E+01
   20488 -0.766762900000E+02  0.347597100000E+02  0.312300000000E+01
   20497 -0.766740000000E+02  0.347598500000E+02  0.121500000000E+01
   20498 -0.766726900000E+02  0.347598800000E+02  0.104500000000E+01
   20511 -0.766750100000E+02  0.347600000000E+02  0.342900000000E+01
   20517 -0.766757100000E+02  0.347600500000E+02  0.389700000000E+01
   20556 -0.766762400000E+02  0.347604700000E+02  0.390200000000E+01
   20568 -0.766754900000E+02  0.347606500000E+02  0.308300000000E+01
   20578 -0.766745800000E+02  0.347607600000E+02  0.105600000000E+01
   20581 -0.766734800000E+02  0.347607800000E+02  0.911000000000E+00
   20627 -0.766753100000E+02  0.347614600000E+02  0.965000000000E+00
   20646 -0.766742100000E+02  0.347618100000E+02  0.736000000000E+00
       1 3    18941    18978    18948
       2 3    18940    18981    18941
       3 3    18957    18985    18940
       4 3    18941    18981    18978
       5 3    18940    18985    18981
       6 3    18957    19004    18985
       7 3    18978    18981    19018
       8 3    18985    19022    18981
       9 3    19004    19025    18985
      10 3    18981    19022    19018
      11 3    18985    19025    19022
      12 3    19004    19035    19025
      13 3    19022    19058    19018
      14 3    19025    19063    19022
      15 3    19035    19065    19025
      16 3    19022    19063    19058
      17 3    19025    19065    19063
      18 3    19035    19077    19065
      19 3    19058    19078    19018
      20 3    19058    19063    19099
      21 3    19058    19099    19078
      22 3    19063    19065    19101
      23 3    19065    19077    19106
      24 3    19063    19101    19099
      25 3    19065    19106    19101
      26 3    19077    19124    19106
      27 3    19099    19101    19150
      28 3    19101    19106    19151
      29 3    19078    19099    19156
      30 3    19106    19124    19158
      31 3    19101    19151    19150
      32 3    19099    19150    19156
      33 3    19106    19158    19151
      34 3    19124    19178    19158
      35 3    19150    19151    19201
      36 3    19151    19158    19203
      37 3    19156    19150    19206
      38 3    19158    19178    19211
      39 3    19150    19201    19206
      40 3    19151    19203    19201
      41 3    19158    19211    19203
      42 3    19178    19232    19211
      43 3    19201    19203    19246
      44 3    19206    19201    19256
      45 3    19203    19211    19258
      46 3    19211    19232    19265
      47 3    19203    19258    19246
      48 3    19201    19246    19256
      49 3    19211    19265    19258
      50 3    19232    19291    19265
      51 3    19246    19258    19307
      52 3    19258    19265    19314
      53 3    19246    19307    19256
      54 3    19265    19291    19323
      55 3    19258    19314    19307
      56 3    19265    19323    19314
      57 3    19291    19347    19323
      58 3    19314    19369    19307
      59 3    19314    19323    19376
      60 3    19323    19347    19380
      61 3    19314    19376    19369
      62 3    19323    19380    19376
      63 3    19347    19399    19380
      64 3    19369    19412    19307
      65 3    19369    19376    19427
      66 3    19376    19380    19429
      67 3    19380    19399    19433
      68 3    19369    19427    19412
      69 3    19376    19429    19427
      70 3    19380    19433    19429
      71 3    19399    19452    19433
      72 3    19427    19429    19483
      73 3    19429    19433    19485
      74 3    19427    19486    19412
      75 3    19433    19452    19488
      76 3    19429    19485    19483
      77 3    19427    19483    19486
      78 3    19433    19488    19485
      79 3    19452    19507    19488
      80 3    19412    19486    19516
      81 3    19483    19485    19531
      82 3    19485    19488    19533
      83 3    19483    19534    19486
      84 3    19488    19507    19543
      85 3    19485    19533    19531
      86 3    19483    19531    19534
      87 3    19486    19549    19516
      88 3    19488    19543    19533
      89 3    19486    19534    19549
      90 3    19507    19555    19543
      91 3    19516    19549    19559
      92 3    19507    19564    19555
      93 3    19534    19531    19570
      94 3    19531    19533    19579
      95 3    19531    19579    19570
      96 3    19533    19543    19582
      97 3    19543    19555    19588
      98 3    19534    19589    19549
      99 3    19533    19582    19579
     100 3    19534    19570    19589
     101 3    19543    19588    19582
     102 3    19555    19564    19593
     103 3    19549    19599    19559
     104 3    19555    19593    19588
     105 3    19549    19589    19599
     106 3    19564    19609    19593
     107 3    19570    19611    19589
     108 3    19570    19579    19611
     109 3    19579    19582    19616
     110 3    19582    19588    19622
     111 3    19579    19616    19611
     112 3    19588    19593    19628
     113 3    19582    19622    19616
     114 3    19593    19609    19639
     115 3    19588    19628    19622
     116 3    19593    19639    19628
     117 3    19609    19652    19639
     118 3    19616    19622    19667
     119 3    19611    19616    19669
     120 3    19599    19589    19672
     121 3    19622    19628    19675
     122 3    19589    19611    19672
     123 3    19628    19639    19684
     124 3    19622    19675    19667
     125 3    19616    19667    19669
     126 3    19652    19691    19639
     127 3    19628    19684    19675
     128 3    19611    19669    19672
     129 3    19652    19698    19691
     130 3    19639    19691    19684
     131 3    19667    19675    19708
     132 3    19667    19715    19669
     133 3    19669    19719    19672
     134 3    19675    19684    19724
     135 3    19667    19708    19715
     136 3    19675    19724    19708
     137 3    19684    19691    19729
     138 3    19672    19719    19733
     139 3    19669    19715    19719
     140 3    19684    19729    19724
     141 3    19698    19742    19691
     142 3    19691    19742    19729
     143 3    19708    19756    19715
     144 3    19708    19724    19756
     145 3    19719    19764    19733
     146 3    19724    19729    19766
     147 3    19715    19767    19719
     148 3    19729    19742    19771
     149 3    19724    19766    19756
     150 3    19715    19756    19767
     151 3    19719    19767    19764
     152 3    19733    19764    19785
     153 3    19729    19771    19766
     154 3    19742    19793    19771
     155 3    19756    19797    19767
     156 3    19756    19766    19803
     157 3    19764    19767    19807
     158 3    19756    19803    19797
     159 3    19766    19771    19813
     160 3    19764    19815    19785
     161 3    19771    19793    19825
     162 3    19764    19807    19815
     163 3    19766    19813    19803
     164 3    19767    19797    19837
     165 3    19767    19837    19807
     166 3    19771    19825    19813
     167 3    19784    19852    19808
     168 3    19784    19800    19852
     169 3    19793    19855    19825
     170 3    19797    19803    19863
     171 3    19797    19863    19837
     172 3    19803    19813    19871
     173 3    19808    19872    19834
     174 3    19807    19876    19815
     175 3    19808    19852    19872
     176 3    19800    19831    19877
     177 3    19813    19825    19878
     178 3    19800    19877    19852
     179 3    19807    19837    19876
     180 3    19825    19855    19879
     181 3    19803    19871    19863
     182 3    19834    19885    19824
     183 3    19813    19878    19871
     184 3    19834    19872    19885
     185 3    19825    19879    19878
     186 3    19824    19897    19830
     187 3    19831    19860    19899
     188 3    19855    19900    19879
     189 3    19815    19902    19861
     190 3    19837    19863    19904
     191 3    19831    19899    19877
     192 3    19837    19904    19876
     193 3    19824    19885    19897
     194 3    19852    19910    19872
     195 3    19815    19876    19902
     196 3    19863    19871    19914
     197 3    19852    19877    19910
     198 3    19860    19880    19919
     199 3    19871    19878    19920
     200 3    19872    19921    19885
     201 3    19863    19914    19904
     202 3    19878    19879    19924
     203 3    19879    19900    19926
     204 3    19860    19919    19899
     205 3    19861    19902    19906
     206 3    19872    19910    19921
     207 3    19871    19920    19914
     208 3    19877    19899    19939
     209 3    19885    19940    19897
     210 3    19906    19902    19941
     211 3    19878    19924    19920
     212 3    19885    19921    19940
     213 3    19877    19939    19910
     214 3    19879    19926    19924
     215 3    19880    19901    19943
     216 3    19900    19945    19926
     217 3    19876    19904    19948
     218 3    19876    19948    19902
     219 3    19880    19943    19919
     220 3    19921    19910    19960
     221 3    19901    19917    19963
     222 3    19899    19919    19964
     223 3    19904    19914    19967
     224 3    19910    19939    19969
     225 3    19899    19964    19939
     226 3    19910    19969    19960
     227 3    19914    19920    19983
     228 3    19904    19967    19948
     229 3    19920    19924    19984
     230 3    19924    19926    19986
     231 3    19921    19987    19940
     232 3    19901    19963    19943
     233 3    19926    19945    19991
     234 3    19917    19935    19994
     235 3    19921    19960    19987
     236 3    19919    19943    20003
     237 3    19902    19948    20005
     238 3    19914    19983    19967
     239 3    19926    19991    19986
     240 3    19940    20012    19897
     241 3    19945    20013    19991
     242 3    19924    19986    19984
     243 3    19920    19984    19983
     244 3    19945    20017    20013
     245 3    19919    20003    19964
     246 3    19939    20022    19969
     247 3    19917    19994    19963
     248 3    19935    19955    20023
     249 3    19939    19964    20022
     250 3    19902    20005    19941
     251 3    19940    19987    20012
     252 3    19943    19963    20031
     253 3    19935    20023    19994
     254 3    19943    20031    20003
     255 3    19986    19991    20045
     256 3    19991    20013    20051
     257 3    19985    20052    19955
     258 3    19984    19986    20053
     259 3    19987    20055    20012
     260 3    19963    19994    20056
     261 3    19960    19969    20058
     262 3    19967    19983    20059
     263 3    20013    20017    20060
     264 3    19983    19984    20061
     265 3    19964    20003    20062
     266 3    19948    20063    20005
     267 3    19960    20058    19987
     268 3    19948    19967    20063
     269 3    19991    20051    20045
     270 3    19964    20062    20022
     271 3    20066    20067    20017
     272 3    19986    20045    20053
     273 3    19955    20052    20023
     274 3    20012    20069    20066
     275 3    20013    20060    20051
     276 3    19963    20056    20031
     277 3    19994    20023    20075
     278 3    19984    20053    20061
     279 3    20017    20067    20060
     280 3    20012    20055    20069
     281 3    19983    20061    20059
     282 3    20003    20031    20083
     283 3    19967    20059    20063
     284 3    19987    20058    20055
     285 3    19969    20022    20058
     286 3    20066    20069    20067
     287 3    20052    20092    20023
     288 3    20053    20045    20093
     289 3    20003    20083    20062
     290 3    20045    20051    20096
     291 3    19994    20075    20056
     292 3    20051    20060    20101
     293 3    20031    20056    20107
     294 3    20045    20096    20093
     295 3    20022    20062    20112
     296 3    20060    20067    20114
     297 3    20059    20116    20063
     298 3    20051    20101    20096
     299 3    20022    20112    20058
     300 3    20067    20069    20120
     301 3    20053    20123    20061
     302 3    20031    20107    20083
     303 3    20060    20114    20101
     304 3    20023    20092    20075
     305 3    20053    20093    20123
     306 3    20056    20075    20129
     307 3    20059    20061    20132
     308 3    20067    20120    20114
     309 3    20055    20134    20069
     310 3    20062    20083    20135
     311 3    20096    20101    20142
     312 3    20075    20092    20145
     313 3    20062    20135    20112
     314 3    20056    20129    20107
     315 3    20059    20132    20116
     316 3    20093    20096    20153
     317 3    20061    20123    20132
     318 3    20055    20058    20134
     319 3    20069    20134    20120
     320 3    20101    20114    20156
     321 3    20083    20107    20159
     322 3    20058    20112    20161
     323 3    20096    20142    20153
     324 3    20101    20156    20142
     325 3    20114    20120    20165
     326 3    20093    20153    20123
     327 3    20083    20159    20135
     328 3    20123    20175    20132
     329 3    20120    20134    20177
     330 3    20058    20161    20134
     331 3    20114    20165    20156
     332 3    20075    20145    20129
     333 3    20120    20177    20165
     334 3    20107    20129    20183
     335 3    20112    20135    20191
     336 3    20123    20193    20175
     337 3    20123    20153    20193
     338 3    20107    20183    20159
     339 3    20112    20191    20161
     340 3    20116    20132    20205
     341 3    20142    20207    20153
     342 3    20132    20175    20208
     343 3    20142    20156    20207
     344 3    20129    20145    20209
     345 3    20177    20134    20215
     346 3    20177    20216    20165
     347 3    20135    20159    20217
     348 3    20129    20209    20183
     349 3    20153    20218    20193
     350 3    20132    20208    20205
     351 3    20156    20165    20221
     352 3    20145    20224    20209
     353 3    20175    20193    20228
     354 3    20134    20161    20230
     355 3    20135    20217    20191
     356 3    20153    20207    20218
     357 3    20175    20228    20208
     358 3    20177    20215    20216
     359 3    20134    20230    20215
     360 3    20159    20183    20241
     361 3    20156    20221    20207
     362 3    20165    20216    20221
     363 3    20159    20241    20217
     364 3    20216    20215    20249
     365 3    20205    20208    20250
     366 3    20208    20228    20254
     367 3    20207    20221    20255
     368 3    20183    20209    20256
     369 3    20161    20191    20260
     370 3    20205    20250    20261
     371 3    20193    20262    20228
     372 3    20193    20218    20262
     373 3    20216    20266    20221
     374 3    20218    20207    20267
     375 3    20183    20256    20241
     376 3    20161    20260    20230
     377 3    20191    20217    20269
     378 3    20208    20254    20250
     379 3    20216    20249    20266
     380 3    20209    20224    20272
     381 3    20207    20255    20267
     382 3    20215    20281    20249
     383 3    20215    20230    20281
     384 3    20209    20272    20256
     385 3    20191    20269    20260
     386 3    20221    20289    20255
     387 3    20217    20241    20291
     388 3    20228    20262    20254
     389 3    20224    20293    20272
     390 3    20221    20266    20289
     391 3    20218    20267    20262
     392 3    20249    20295    20266
     393 3    20230    20260    20298
     394 3    20217    20291    20269
     395 3    20250    20254    20301
     396 3    20261    20250    20303
     397 3    20230    20298    20281
     398 3    20249    20281    20295
     399 3    20255    20306    20267
     400 3    20254    20262    20307
     401 3    20262    20267    20308
     402 3    20241    20256    20310
     403 3    20255    20289    20306
     404 3    20254    20307    20301
     405 3    20241    20310    20291
     406 3    20260    20269    20320
     407 3    20250    20301    20303
     408 3    20267    20324    20308
     409 3    20267    20306    20324
     410 3    20256    20272    20330
     411 3    20266    20295    20331
     412 3    20295    20281    20333
     413 3    20266    20331    20289
     414 3    20262    20341    20307
     415 3    20272    20293    20349
     416 3    20262    20308    20341
     417 3    20289    20351    20306
     418 3    20256    20330    20310
     419 3    20307    20352    20301
     420 3    20269    20291    20353
     421 3    20291    20310    20355
     422 3    20301    20357    20303
     423 3    20295    20333    20331
     424 3    20306    20360    20324
     425 3    20281    20298    20365
     426 3    20308    20324    20368
     427 3    20289    20331    20351
     428 3    20269    20353    20320
     429 3    20281    20365    20333
     430 3    20272    20349    20330
     431 3    20291    20355    20353
     432 3    20301    20352    20357
     433 3    20306    20351    20360
     434 3    20307    20341    20352
     435 3    20308    20368    20341
     436 3    20293    20386    20349
     437 3    20324    20360    20368
     438 3    20310    20397    20355
     439 3    20351    20331    20399
     440 3    20352    20341    20404
     441 3    20351    20409    20360
     442 3    20333    20411    20331
     443 3    20352    20413    20357
     444 3    20310    20330    20397
     445 3    20386    20418    20349
     446 3    20360    20419    20368
     447 3    20349    20420    20330
     448 3    20351    20399    20409
     449 3    20352    20404    20413
     450 3    20341    20368    20430
     451 3    20331    20411    20399
     452 3    20333    20365    20411
     453 3    20341    20430    20404
     454 3    20360    20409    20419
     455 3    20365    20438    20411
     456 3    20349    20418    20420
     457 3    20368    20419    20430
     458 3    20399    20444    20409
     459 3    20386    20449    20418
     460 3    20399    20411    20455
     461 3    20409    20462    20419
     462 3    20399    20455    20444
     463 3    20404    20468    20413
     464 3    20409    20444    20462
     465 3    20330    20420    20397
     466 3    20419    20474    20430
     467 3    20404    20430    20468
     468 3    20419    20462    20474
     469 3    20430    20488    20468
     470 3    20430    20474    20488
     471 3    20444    20455    20497
     472 3    20411    20498    20455
     473 3    20411    20438    20498
     474 3    20444    20497    20462
     475 3    20462    20511    20474
     476 3    20474    20517    20488
     477 3    20474    20511    20517
     478 3    20462    20497    20511
     479 3    20455    20498    20497
     480 3    20488    20517    20556
     481 3    20517    20511    20568
     482 3    20511    20497    20578
     483 3    20497    20498    20581
     484 3    20517    20568    20556
     485 3    20511    20578    20568
     486 3    20497    20581    20578
     487 3    20568    20578    20627
     488 3    20578    20581    20646
     489 3    20578    20646    20627
 0                                                                              
 0                                                                              
 4                                                                              
 74                                                                             
      21       1                                                                
   19985
   20052
   20092
   20145
   20224
   20293
   20386
   20449
   20418
   20420
   20397
   20355
   20353
   20320
   20260
   20298
   20365
   20438
   20498
   20581
   20646
      17       1                                                                
   19861
   19815
   19785
   19733
   19672
   19599
   19559
   19516
   19412
   19307
   19256
   19206
   19156
   19078
   19018
   18978
   18948
      26       1                                                                
   18957
   19004
   19035
   19077
   19124
   19178
   19232
   19291
   19347
   19399
   19452
   19507
   19564
   19609
   19652
   19698
   19742
   19793
   19855
   19900
   19945
   20017
   20066
   20012
   19897
   19830
       7       1                                                                
   19941
   20261
   20205
   20116
   20063
   20005
   19941
