bi_1997_v2.grd                                                                  
     541     311
   27697 -0.744671800000E+02  0.353805900000E+02  0.248317200000E+04
   28037 -0.745625500000E+02  0.354429900000E+02  0.228543100000E+04
   28058 -0.743605900000E+02  0.354412300000E+02  0.256275700000E+04
   28364 -0.744584000000E+02  0.354961300000E+02  0.239024400000E+04
   28390 -0.746434200000E+02  0.355065200000E+02  0.196629700000E+04
   28401 -0.742575800000E+02  0.355033900000E+02  0.261976300000E+04
   28464 -0.751321800000E+02  0.355206800000E+02  0.346530000000E+02
   28536 -0.751006900000E+02  0.355342000000E+02  0.368290000000E+02
   28550 -0.751604200000E+02  0.355382600000E+02  0.336310000000E+02
   28587 -0.750688000000E+02  0.355480400000E+02  0.392890000000E+02
   28602 -0.751290900000E+02  0.355518600000E+02  0.357300000000E+02
   28608 -0.745484900000E+02  0.355511900000E+02  0.219397900000E+04
   28612 -0.751887800000E+02  0.355556800000E+02  0.339070000000E+02
   28630 -0.749285800000E+02  0.355624600000E+02  0.493840000000E+02
   28631 -0.743574600000E+02  0.355554200000E+02  0.241789000000E+04
   28632 -0.750366000000E+02  0.355623600000E+02  0.425030000000E+02
   28635 -0.747144900000E+02  0.355620700000E+02  0.142905000000E+04
   28646 -0.750974000000E+02  0.355657100000E+02  0.382610000000E+02
   28656 -0.751576200000E+02  0.355694200000E+02  0.347970000000E+02
   28666 -0.752172600000E+02  0.355728600000E+02  0.322560000000E+02
   28678 -0.750042800000E+02  0.355772900000E+02  0.452380000000E+02
   28688 -0.750654500000E+02  0.355799600000E+02  0.402870000000E+02
   28690 -0.748511400000E+02  0.355815400000E+02  0.136758000000E+03
   28700 -0.751261100000E+02  0.355833400000E+02  0.366880000000E+02
   28711 -0.751862800000E+02  0.355867800000E+02  0.341440000000E+02
   28722 -0.752458900000E+02  0.355896900000E+02  0.302340000000E+02
   28744 -0.750334200000E+02  0.355948200000E+02  0.434460000000E+02
   28746 -0.749701300000E+02  0.355920300000E+02  0.477840000000E+02
   28752 -0.750943800000E+02  0.355975700000E+02  0.389360000000E+02
   28760 -0.751549500000E+02  0.356008400000E+02  0.357080000000E+02
   28770 -0.752151200000E+02  0.356038700000E+02  0.327740000000E+02
   28772 -0.746299100000E+02  0.356027300000E+02  0.188425700000E+04
   28790 -0.747783400000E+02  0.356099400000E+02  0.641047000000E+03
   28793 -0.749401700000E+02  0.356133700000E+02  0.514770000000E+02
   28794 -0.750014600000E+02  0.356106500000E+02  0.464730000000E+02
   28796 -0.744531000000E+02  0.356061200000E+02  0.220932500000E+04
   28797 -0.750625800000E+02  0.356122700000E+02  0.408810000000E+02
   28802 -0.751233700000E+02  0.356151200000E+02  0.367460000000E+02
   28813 -0.751839300000E+02  0.356181300000E+02  0.346020000000E+02
   28817 -0.752442100000E+02  0.356206000000E+02  0.302210000000E+02
   28827 -0.748960400000E+02  0.356251900000E+02  0.612410000000E+02
   28833 -0.742571200000E+02  0.356183500000E+02  0.254727100000E+04
   28836 -0.750310700000E+02  0.356276300000E+02  0.442020000000E+02
   28841 -0.749704700000E+02  0.356296200000E+02  0.494160000000E+02
   28842 -0.750917000000E+02  0.356297300000E+02  0.391100000000E+02
   28848 -0.751524700000E+02  0.356325200000E+02  0.356740000000E+02
   28858 -0.752131000000E+02  0.356351700000E+02  0.338170000000E+02
   28862 -0.752738100000E+02  0.356369200000E+02  0.269000000000E+02
   28876 -0.750007600000E+02  0.356439000000E+02  0.477300000000E+02
   28878 -0.750602000000E+02  0.356448000000E+02  0.412260000000E+02
   28882 -0.751209000000E+02  0.356471300000E+02  0.363080000000E+02
   28891 -0.751817100000E+02  0.356497400000E+02  0.350040000000E+02
   28895 -0.747037300000E+02  0.356480600000E+02  0.147798200000E+04
   28896 -0.748352100000E+02  0.356510200000E+02  0.178721000000E+03
   28898 -0.752425900000E+02  0.356519500000E+02  0.308440000000E+02
   28919 -0.749373800000E+02  0.356593400000E+02  0.559520000000E+02
   28920 -0.745429800000E+02  0.356537600000E+02  0.197598600000E+04
   28921 -0.749747600000E+02  0.356599300000E+02  0.500240000000E+02
   28923 -0.750292700000E+02  0.356604200000E+02  0.449330000000E+02
   28930 -0.750893900000E+02  0.356620600000E+02  0.392080000000E+02
   28936 -0.751501800000E+02  0.356644100000E+02  0.351380000000E+02
   28941 -0.752111300000E+02  0.356667700000E+02  0.350360000000E+02
   28948 -0.752725500000E+02  0.356685500000E+02  0.280380000000E+02
   28961 -0.743569400000E+02  0.356674500000E+02  0.220525300000E+04
   28963 -0.749992000000E+02  0.356763100000E+02  0.480600000000E+02
   28969 -0.750582400000E+02  0.356774100000E+02  0.421220000000E+02
   28972 -0.751186900000E+02  0.356792800000E+02  0.363140000000E+02
   28978 -0.751795700000E+02  0.356815500000E+02  0.349040000000E+02
   28985 -0.752407900000E+02  0.356836600000E+02  0.325330000000E+02
   28991 -0.748856700000E+02  0.356851800000E+02  0.761090000000E+02
   28992 -0.753029600000E+02  0.356852700000E+02  0.263930000000E+02
   29001 -0.747706500000E+02  0.356867800000E+02  0.816104000000E+03
   29003 -0.741559100000E+02  0.356835900000E+02  0.268103100000E+04
   29007 -0.749673000000E+02  0.356912500000E+02  0.514170000000E+02
   29010 -0.750276400000E+02  0.356932700000E+02  0.452400000000E+02
   29015 -0.750874500000E+02  0.356944400000E+02  0.399010000000E+02
   29022 -0.751480600000E+02  0.356964100000E+02  0.343270000000E+02
   29032 -0.752090800000E+02  0.356985800000E+02  0.360960000000E+02
   29035 -0.746264500000E+02  0.356961600000E+02  0.171020700000E+04
   29039 -0.752707400000E+02  0.357005300000E+02  0.302850000000E+02
   29065 -0.750566900000E+02  0.357099800000E+02  0.436300000000E+02
   29066 -0.749973800000E+02  0.357099500000E+02  0.476550000000E+02
   29069 -0.751167400000E+02  0.357114300000E+02  0.358910000000E+02
   29070 -0.749300100000E+02  0.357125700000E+02  0.616110000000E+02
   29074 -0.751774800000E+02  0.357134500000E+02  0.353340000000E+02
   29082 -0.752387200000E+02  0.357155500000E+02  0.340220000000E+02
   29090 -0.753009600000E+02  0.357175200000E+02  0.274540000000E+02
   29091 -0.744535700000E+02  0.357133100000E+02  0.202048700000E+04
   29099 -0.748312100000E+02  0.357190900000E+02  0.305938000000E+03
   29113 -0.750267200000E+02  0.357260600000E+02  0.455530000000E+02
   29115 -0.750858400000E+02  0.357267000000E+02  0.399450000000E+02
   29121 -0.751460900000E+02  0.357283900000E+02  0.338190000000E+02
   29126 -0.749672600000E+02  0.357302700000E+02  0.524440000000E+02
   29129 -0.752069300000E+02  0.357304500000E+02  0.367750000000E+02
   29135 -0.752684900000E+02  0.357325700000E+02  0.325040000000E+02
   29142 -0.747033200000E+02  0.357321500000E+02  0.134428900000E+04
   29156 -0.742588700000E+02  0.357327000000E+02  0.245396600000E+04
   29168 -0.750556100000E+02  0.357422400000E+02  0.439930000000E+02
   29169 -0.749982100000E+02  0.357430500000E+02  0.479360000000E+02
   29172 -0.751150300000E+02  0.357434600000E+02  0.352490000000E+02
   29177 -0.748862800000E+02  0.357451300000E+02  0.960260000000E+02
   29180 -0.751754100000E+02  0.357453200000E+02  0.356190000000E+02
   29188 -0.752363900000E+02  0.357474600000E+02  0.353070000000E+02
   29197 -0.752984000000E+02  0.357497600000E+02  0.281360000000E+02
   29226 -0.745460400000E+02  0.357539200000E+02  0.178943900000E+04
   29229 -0.750264700000E+02  0.357580800000E+02  0.463220000000E+02
   29231 -0.749744600000E+02  0.357602300000E+02  0.521150000000E+02
   29233 -0.750845100000E+02  0.357586600000E+02  0.390970000000E+02
   29239 -0.751442100000E+02  0.357602500000E+02  0.333750000000E+02
   29252 -0.752046700000E+02  0.357622600000E+02  0.366060000000E+02
   29253 -0.749384300000E+02  0.357650300000E+02  0.646320000000E+02
   29254 -0.747735700000E+02  0.357618100000E+02  0.966645000000E+03
   29268 -0.752658100000E+02  0.357645700000E+02  0.344140000000E+02
   29342 -0.749990100000E+02  0.357739400000E+02  0.493690000000E+02
   29355 -0.750547900000E+02  0.357739500000E+02  0.435680000000E+02
   29374 -0.751134600000E+02  0.357752300000E+02  0.341650000000E+02
   29410 -0.751733300000E+02  0.357770500000E+02  0.355170000000E+02
   29437 -0.752338000000E+02  0.357792400000E+02  0.354340000000E+02
   29470 -0.752951300000E+02  0.357819100000E+02  0.311700000000E+02
   29494 -0.743606900000E+02  0.357788200000E+02  0.216130000000E+04
   29510 -0.748377700000E+02  0.357857100000E+02  0.423661000000E+03
   29544 -0.746330700000E+02  0.357874400000E+02  0.152622500000E+04
   29548 -0.750261800000E+02  0.357891600000E+02  0.465390000000E+02
   29558 -0.749715900000E+02  0.357891400000E+02  0.539360000000E+02
   29560 -0.750833000000E+02  0.357902300000E+02  0.377110000000E+02
   29572 -0.751424000000E+02  0.357918700000E+02  0.336470000000E+02
   29587 -0.752023000000E+02  0.357938900000E+02  0.357100000000E+02
   29597 -0.752627000000E+02  0.357963800000E+02  0.338890000000E+02
   29624 -0.748967300000E+02  0.358039300000E+02  0.114331000000E+03
   29626 -0.749990200000E+02  0.358039100000E+02  0.495310000000E+02
   29631 -0.750539200000E+02  0.358051200000E+02  0.423010000000E+02
   29640 -0.741583700000E+02  0.358000300000E+02  0.254142700000E+04
   29643 -0.751119500000E+02  0.358066800000E+02  0.341040000000E+02
   29650 -0.751712500000E+02  0.358085500000E+02  0.347290000000E+02
   29655 -0.752310100000E+02  0.358108000000E+02  0.344790000000E+02
   29657 -0.749447900000E+02  0.358142100000E+02  0.680830000000E+02
   29667 -0.747133500000E+02  0.358137500000E+02  0.127434200000E+04
   29670 -0.749758400000E+02  0.358175300000E+02  0.532410000000E+02
   29682 -0.750254800000E+02  0.358197200000E+02  0.455090000000E+02
   29687 -0.750820700000E+02  0.358214000000E+02  0.363100000000E+02
   29692 -0.744611100000E+02  0.358201800000E+02  0.197272100000E+04
   29694 -0.751406200000E+02  0.358232200000E+02  0.337490000000E+02
   29702 -0.751998700000E+02  0.358252600000E+02  0.351550000000E+02
   29720 -0.749978300000E+02  0.358337700000E+02  0.496650000000E+02
   29724 -0.747865200000E+02  0.358343100000E+02  0.988204000000E+03
   29731 -0.750528800000E+02  0.358359000000E+02  0.411110000000E+02
   29737 -0.751104200000E+02  0.358378200000E+02  0.339080000000E+02
   29741 -0.751691700000E+02  0.358397700000E+02  0.341210000000E+02
   29756 -0.749671500000E+02  0.358464500000E+02  0.575030000000E+02
   29762 -0.748540500000E+02  0.358506200000E+02  0.282728000000E+03
   29764 -0.750244700000E+02  0.358500900000E+02  0.437990000000E+02
   29770 -0.750807300000E+02  0.358522600000E+02  0.359900000000E+02
   29771 -0.742635400000E+02  0.358474700000E+02  0.231183700000E+04
   29773 -0.745589100000E+02  0.358533000000E+02  0.178100200000E+04
   29775 -0.751388200000E+02  0.358542800000E+02  0.336530000000E+02
   29787 -0.749209000000E+02  0.358631000000E+02  0.816440000000E+02
   29795 -0.749966000000E+02  0.358645600000E+02  0.500860000000E+02
   29797 -0.750516700000E+02  0.358663500000E+02  0.391910000000E+02
   29802 -0.751088500000E+02  0.358687100000E+02  0.341270000000E+02
   29817 -0.746507800000E+02  0.358761000000E+02  0.158560500000E+04
   29827 -0.750236300000E+02  0.358798100000E+02  0.428840000000E+02
   29832 -0.750792400000E+02  0.358829100000E+02  0.353800000000E+02
   29834 -0.749685500000E+02  0.358852900000E+02  0.586850000000E+02
   29846 -0.747337300000E+02  0.358913800000E+02  0.116885700000E+04
   29848 -0.749993800000E+02  0.358915200000E+02  0.493560000000E+02
   29858 -0.743694500000E+02  0.358916500000E+02  0.217239100000E+04
   29861 -0.750499900000E+02  0.358966200000E+02  0.383110000000E+02
   29873 -0.748079300000E+02  0.359031000000E+02  0.529365000000E+03
   29889 -0.750208200000E+02  0.359091700000E+02  0.416900000000E+02
   29896 -0.748758900000E+02  0.359137300000E+02  0.125206000000E+03
   29905 -0.749880800000E+02  0.359184200000E+02  0.520840000000E+02
   29925 -0.741626400000E+02  0.359171100000E+02  0.252044300000E+04
   29928 -0.749405100000E+02  0.359272500000E+02  0.718910000000E+02
   29940 -0.744776300000E+02  0.359302600000E+02  0.197974800000E+04
   29962 -0.750170300000E+02  0.359407700000E+02  0.414280000000E+02
   29994 -0.745848000000E+02  0.359523500000E+02  0.174855100000E+04
   30023 -0.746812100000E+02  0.359589200000E+02  0.136564000000E+04
   30027 -0.749832900000E+02  0.359560200000E+02  0.528160000000E+02
   30037 -0.747633700000E+02  0.359624900000E+02  0.626164000000E+03
   30053 -0.748349500000E+02  0.359662300000E+02  0.169030000000E+03
   30071 -0.742707800000E+02  0.359639100000E+02  0.224681600000E+04
   30077 -0.748980300000E+02  0.359719700000E+02  0.843290000000E+02
   30096 -0.750165900000E+02  0.359741800000E+02  0.376690000000E+02
   30111 -0.749498100000E+02  0.359817700000E+02  0.658250000000E+02
   30166 -0.749885600000E+02  0.359931100000E+02  0.474920000000E+02
   30241 -0.750187600000E+02  0.360054600000E+02  0.360420000000E+02
   30273 -0.743825200000E+02  0.360090300000E+02  0.204386500000E+04
   30302 -0.749966700000E+02  0.360198400000E+02  0.387920000000E+02
   30303 -0.749668700000E+02  0.360206900000E+02  0.544530000000E+02
   30306 -0.749221700000E+02  0.360210700000E+02  0.743240000000E+02
   30310 -0.748654900000E+02  0.360214500000E+02  0.930770000000E+02
   30320 -0.747996200000E+02  0.360245900000E+02  0.259862000000E+03
   30354 -0.747232700000E+02  0.360309100000E+02  0.843325000000E+03
   30398 -0.746315600000E+02  0.360406700000E+02  0.148298800000E+04
   30413 -0.741680800000E+02  0.360351600000E+02  0.243779000000E+04
   30428 -0.749904900000E+02  0.360453700000E+02  0.404630000000E+02
   30469 -0.745087100000E+02  0.360551300000E+02  0.183877400000E+04
   30489 -0.749541100000E+02  0.360621900000E+02  0.579290000000E+02
   30511 -0.748990800000E+02  0.360681400000E+02  0.789540000000E+02
   30540 -0.749900700000E+02  0.360724300000E+02  0.404570000000E+02
   30545 -0.748394000000E+02  0.360768100000E+02  0.113048000000E+03
   30598 -0.747714200000E+02  0.360899300000E+02  0.371613000000E+03
   30603 -0.742782100000E+02  0.360823900000E+02  0.225268000000E+04
   30637 -0.749771500000E+02  0.360998200000E+02  0.433110000000E+02
   30658 -0.749331400000E+02  0.361075100000E+02  0.620670000000E+02
   30675 -0.746924000000E+02  0.361092200000E+02  0.106068200000E+04
   30712 -0.748802500000E+02  0.361199000000E+02  0.830610000000E+02
   30789 -0.748205900000E+02  0.361371100000E+02  0.150221000000E+03
   30796 -0.749673200000E+02  0.361395700000E+02  0.437170000000E+02
   30800 -0.745988100000E+02  0.361377300000E+02  0.149550400000E+04
   30803 -0.743900500000E+02  0.361305100000E+02  0.203345300000E+04
   30855 -0.749209400000E+02  0.361555600000E+02  0.626060000000E+02
   30876 -0.741738400000E+02  0.361538100000E+02  0.237555400000E+04
   30884 -0.747531400000E+02  0.361613200000E+02  0.487011000000E+03
   30932 -0.748683000000E+02  0.361746000000E+02  0.842100000000E+02
   30982 -0.744953100000E+02  0.361853900000E+02  0.174696000000E+04
   31011 -0.746760300000E+02  0.361951400000E+02  0.112353200000E+04
   31021 -0.748109100000E+02  0.362005500000E+02  0.161577000000E+03
   31033 -0.749130600000E+02  0.362049800000E+02  0.617610000000E+02
   31039 -0.742838600000E+02  0.362012200000E+02  0.216775300000E+04
   31109 -0.740693300000E+02  0.362250000000E+02  0.247308100000E+04
   31110 -0.748639500000E+02  0.362300400000E+02  0.820180000000E+02
   31130 -0.747473600000E+02  0.362364200000E+02  0.619346000000E+03
   31151 -0.745886500000E+02  0.362409700000E+02  0.142337300000E+04
   31169 -0.749108700000E+02  0.362526700000E+02  0.573330000000E+02
   31175 -0.743915300000E+02  0.362495600000E+02  0.197698200000E+04
   31190 -0.748120000000E+02  0.362644000000E+02  0.138896000000E+03
   31222 -0.741800400000E+02  0.362720900000E+02  0.233502000000E+04
   31230 -0.748685200000E+02  0.362837000000E+02  0.737150000000E+02
   31240 -0.746757100000E+02  0.362855300000E+02  0.114553600000E+04
   31252 -0.749175900000E+02  0.362978300000E+02  0.502590000000E+02
   31261 -0.744939400000E+02  0.362983200000E+02  0.178622800000E+04
   31274 -0.747563200000E+02  0.363120500000E+02  0.538574000000E+03
   31291 -0.748248700000E+02  0.363242900000E+02  0.103552000000E+03
   31294 -0.742895700000E+02  0.363181800000E+02  0.216840800000E+04
   31299 -0.748818600000E+02  0.363336100000E+02  0.614060000000E+02
   31321 -0.745919800000E+02  0.363438600000E+02  0.158955300000E+04
   31327 -0.740761900000E+02  0.363439000000E+02  0.243546900000E+04
   31351 -0.743963900000E+02  0.363633500000E+02  0.203894200000E+04
   31361 -0.748464500000E+02  0.363754800000E+02  0.685860000000E+02
   31365 -0.747841300000E+02  0.363771300000E+02  0.249294000000E+03
   31377 -0.746939700000E+02  0.363850400000E+02  0.102793100000E+04
   31394 -0.741878700000E+02  0.363893000000E+02  0.235363100000E+04
   31418 -0.744997900000E+02  0.364066300000E+02  0.188690000000E+04
   31423 -0.748190200000E+02  0.364171400000E+02  0.856690000000E+02
   31463 -0.742980000000E+02  0.364327700000E+02  0.220591300000E+04
   31482 -0.747643800000E+02  0.364492100000E+02  0.281099000000E+03
   31485 -0.745999500000E+02  0.364467500000E+02  0.155294900000E+04
   31501 -0.748322900000E+02  0.364630400000E+02  0.602260000000E+02
   31513 -0.740853500000E+02  0.364623600000E+02  0.245264200000E+04
   31529 -0.744057000000E+02  0.364741500000E+02  0.200103700000E+04
   31538 -0.746855700000E+02  0.364809300000E+02  0.932474000000E+03
   31563 -0.747961300000E+02  0.365109900000E+02  0.789120000000E+02
   31567 -0.748571000000E+02  0.365124600000E+02  0.426010000000E+02
   31568 -0.747401400000E+02  0.365106100000E+02  0.220329000000E+03
   31569 -0.741986300000E+02  0.365053300000E+02  0.229556300000E+04
   31580 -0.745110100000E+02  0.365131500000E+02  0.172352300000E+04
   31608 -0.746977600000E+02  0.365431500000E+02  0.611769000000E+03
   31619 -0.746177000000E+02  0.365508700000E+02  0.129638800000E+04
   31620 -0.743101500000E+02  0.365455900000E+02  0.207987100000E+04
   31627 -0.748859900000E+02  0.365588000000E+02  0.407620000000E+02
   31632 -0.748264200000E+02  0.365620800000E+02  0.543580000000E+02
   31641 -0.747572200000E+02  0.365688700000E+02  0.130941000000E+03
   31662 -0.740978000000E+02  0.365804800000E+02  0.235491000000E+04
   31666 -0.744191400000E+02  0.365829400000E+02  0.182757700000E+04
   31682 -0.749154500000E+02  0.366035300000E+02  0.339300000000E+02
   31689 -0.748595000000E+02  0.366070000000E+02  0.452100000000E+02
   31698 -0.746886800000E+02  0.366044700000E+02  0.488393000000E+03
   31699 -0.748033300000E+02  0.366145200000E+02  0.620940000000E+02
   31716 -0.745241400000E+02  0.366172600000E+02  0.150024300000E+04
   31718 -0.742132100000E+02  0.366204200000E+02  0.218128300000E+04
   31734 -0.747487100000E+02  0.366363000000E+02  0.108500000000E+03
   31742 -0.748895400000E+02  0.366494600000E+02  0.388440000000E+02
   31750 -0.746172100000E+02  0.366502500000E+02  0.104472600000E+04
   31754 -0.748370100000E+02  0.366537700000E+02  0.506230000000E+02
   31759 -0.747918500000E+02  0.366591800000E+02  0.632040000000E+02
   31760 -0.743266400000E+02  0.366572600000E+02  0.194794800000E+04
   31783 -0.746940800000E+02  0.366773100000E+02  0.257216000000E+03
   31800 -0.747577500000E+02  0.366934200000E+02  0.802620000000E+02
   31802 -0.744375300000E+02  0.366897800000E+02  0.163672800000E+04
   31803 -0.748656500000E+02  0.366945800000E+02  0.446890000000E+02
   31809 -0.748128800000E+02  0.366979300000E+02  0.561810000000E+02
   31818 -0.741146800000E+02  0.366980400000E+02  0.228099100000E+04
   31839 -0.745426300000E+02  0.367163700000E+02  0.133277300000E+04
   31860 -0.746364800000E+02  0.367350700000E+02  0.577779000000E+03
   31865 -0.742318700000E+02  0.367350500000E+02  0.210068800000E+04
   31866 -0.748420500000E+02  0.367411600000E+02  0.494030000000E+02
   31877 -0.747161900000E+02  0.367443600000E+02  0.107352000000E+03
   31878 -0.747834000000E+02  0.367455200000E+02  0.677190000000E+02
   31915 -0.743482600000E+02  0.367692800000E+02  0.189384800000E+04
   31942 -0.748191300000E+02  0.367931000000E+02  0.563200000000E+02
   31946 -0.744647100000E+02  0.367952700000E+02  0.160463900000E+04
   31952 -0.747526900000E+02  0.368032600000E+02  0.767540000000E+02
   31968 -0.745760200000E+02  0.368104500000E+02  0.102402000000E+04
   31969 -0.746731600000E+02  0.368116100000E+02  0.248402000000E+03
   31974 -0.741366000000E+02  0.368126600000E+02  0.224965500000E+04
   32025 -0.747990000000E+02  0.368531800000E+02  0.612230000000E+02
   32029 -0.742522000000E+02  0.368521200000E+02  0.208345500000E+04
   32049 -0.747255800000E+02  0.368719100000E+02  0.883700000000E+02
   32069 -0.743768200000E+02  0.368859400000E+02  0.186366100000E+04
   32088 -0.745072200000E+02  0.368996500000E+02  0.138657500000E+04
   32092 -0.746321300000E+02  0.369046700000E+02  0.507244000000E+03
   32109 -0.741586100000E+02  0.369123500000E+02  0.221298400000E+04
   32113 -0.747820100000E+02  0.369193900000E+02  0.661020000000E+02
   32146 -0.747146100000E+02  0.369394100000E+02  0.864830000000E+02
   32187 -0.745662500000E+02  0.369995500000E+02  0.978004000000E+03
   32188 -0.746621700000E+02  0.370001500000E+02  0.203254000000E+03
   32211 -0.740950200000E+02  0.370020200000E+02  0.224936600000E+04
   32213 -0.742611600000E+02  0.369973000000E+02  0.205245700000E+04
   32215 -0.744274200000E+02  0.370020200000E+02  0.171916900000E+04
   32217 -0.747711900000E+02  0.370009200000E+02  0.719110000000E+02
       1 3    27697    28058    28364
       2 3    27697    28364    28037
       3 3    28464    28536    28602
       4 3    28464    28602    28550
       5 3    28037    28364    28608
       6 3    28037    28608    28390
       7 3    28058    28401    28631
       8 3    28058    28631    28364
       9 3    28536    28587    28646
      10 3    28536    28646    28602
      11 3    28550    28602    28656
      12 3    28550    28656    28612
      13 3    28587    28632    28688
      14 3    28587    28688    28646
      15 3    28602    28646    28700
      16 3    28602    28700    28656
      17 3    28612    28656    28711
      18 3    28612    28711    28666
      19 3    28632    28678    28744
      20 3    28632    28744    28688
      21 3    28646    28688    28752
      22 3    28646    28752    28700
      23 3    28656    28700    28760
      24 3    28656    28760    28711
      25 3    28666    28711    28770
      26 3    28390    28608    28772
      27 3    28666    28770    28722
      28 3    28390    28772    28635
      29 3    28630    28793    28746
      30 3    28678    28746    28794
      31 3    28364    28631    28796
      32 3    28678    28794    28744
      33 3    28688    28744    28797
      34 3    28364    28796    28608
      35 3    28688    28797    28752
      36 3    28700    28752    28802
      37 3    28700    28802    28760
      38 3    28711    28760    28813
      39 3    28711    28813    28770
      40 3    28722    28770    28817
      41 3    28630    28690    28827
      42 3    28401    28833    28631
      43 3    28630    28827    28793
      44 3    28744    28794    28836
      45 3    28744    28836    28797
      46 3    28746    28793    28841
      47 3    28746    28841    28794
      48 3    28752    28797    28842
      49 3    28752    28842    28802
      50 3    28760    28802    28848
      51 3    28760    28848    28813
      52 3    28770    28813    28858
      53 3    28770    28858    28817
      54 3    28794    28841    28876
      55 3    28794    28876    28836
      56 3    28797    28836    28878
      57 3    28797    28878    28842
      58 3    28802    28842    28882
      59 3    28802    28882    28848
      60 3    28813    28848    28891
      61 3    28635    28772    28895
      62 3    28690    28790    28896
      63 3    28813    28891    28858
      64 3    28817    28858    28898
      65 3    28635    28895    28790
      66 3    28817    28898    28862
      67 3    28690    28896    28827
      68 3    28793    28919    28841
      69 3    28608    28796    28920
      70 3    28841    28921    28876
      71 3    28608    28920    28772
      72 3    28836    28876    28923
      73 3    28793    28827    28919
      74 3    28836    28923    28878
      75 3    28842    28878    28930
      76 3    28842    28930    28882
      77 3    28848    28882    28936
      78 3    28848    28936    28891
      79 3    28841    28919    28921
      80 3    28858    28891    28941
      81 3    28858    28941    28898
      82 3    28862    28898    28948
      83 3    28631    28961    28796
      84 3    28631    28833    28961
      85 3    28876    28921    28963
      86 3    28876    28963    28923
      87 3    28878    28923    28969
      88 3    28878    28969    28930
      89 3    28882    28930    28972
      90 3    28882    28972    28936
      91 3    28891    28936    28978
      92 3    28891    28978    28941
      93 3    28898    28941    28985
      94 3    28898    28985    28948
      95 3    28827    28896    28991
      96 3    28827    28991    28919
      97 3    28790    28895    29001
      98 3    28790    29001    28896
      99 3    28921    28919    29007
     100 3    28923    28963    29010
     101 3    28921    29007    28963
     102 3    28923    29010    28969
     103 3    28930    28969    29015
     104 3    28930    29015    28972
     105 3    28936    28972    29022
     106 3    28936    29022    28978
     107 3    28941    28978    29032
     108 3    28772    29035    28895
     109 3    28941    29032    28985
     110 3    28948    28985    29039
     111 3    28772    28920    29035
     112 3    28948    29039    28992
     113 3    28969    29010    29065
     114 3    28963    29007    29066
     115 3    28963    29066    29010
     116 3    28969    29065    29015
     117 3    28972    29015    29069
     118 3    28919    29070    29007
     119 3    28919    28991    29070
     120 3    28972    29069    29022
     121 3    28978    29022    29074
     122 3    28978    29074    29032
     123 3    28985    29032    29082
     124 3    28985    29082    29039
     125 3    28992    29039    29090
     126 3    28796    29091    28920
     127 3    28796    28961    29091
     128 3    28896    29099    28991
     129 3    28896    29001    29099
     130 3    29010    29066    29113
     131 3    29010    29113    29065
     132 3    29015    29065    29115
     133 3    29015    29115    29069
     134 3    29022    29069    29121
     135 3    29007    29126    29066
     136 3    29022    29121    29074
     137 3    29032    29074    29129
     138 3    29007    29070    29126
     139 3    29032    29129    29082
     140 3    29039    29082    29135
     141 3    28895    29142    29001
     142 3    29039    29135    29090
     143 3    28895    29035    29142
     144 3    28833    29156    28961
     145 3    28833    29003    29156
     146 3    29065    29113    29168
     147 3    29066    29169    29113
     148 3    29065    29168    29115
     149 3    29069    29115    29172
     150 3    29066    29126    29169
     151 3    28991    29177    29070
     152 3    29069    29172    29121
     153 3    29074    29121    29180
     154 3    29074    29180    29129
     155 3    29082    29129    29188
     156 3    28991    29099    29177
     157 3    29082    29188    29135
     158 3    29090    29135    29197
     159 3    28920    29226    29035
     160 3    29113    29169    29229
     161 3    29113    29229    29168
     162 3    29126    29231    29169
     163 3    29115    29168    29233
     164 3    29115    29233    29172
     165 3    29121    29172    29239
     166 3    29121    29239    29180
     167 3    28920    29091    29226
     168 3    29129    29180    29252
     169 3    29070    29253    29126
     170 3    29001    29254    29099
     171 3    29129    29252    29188
     172 3    29135    29188    29268
     173 3    29135    29268    29197
     174 3    29001    29142    29254
     175 3    29126    29253    29231
     176 3    29070    29177    29253
     177 3    29169    29231    29342
     178 3    29169    29342    29229
     179 3    29168    29229    29355
     180 3    29168    29355    29233
     181 3    29172    29233    29374
     182 3    29172    29374    29239
     183 3    29180    29239    29410
     184 3    29180    29410    29252
     185 3    29188    29252    29437
     186 3    29188    29437    29268
     187 3    29197    29268    29470
     188 3    28961    29494    29091
     189 3    29099    29510    29177
     190 3    28961    29156    29494
     191 3    29035    29544    29142
     192 3    29229    29342    29548
     193 3    29229    29548    29355
     194 3    29231    29558    29342
     195 3    29233    29355    29560
     196 3    29233    29560    29374
     197 3    29231    29253    29558
     198 3    29099    29254    29510
     199 3    29239    29374    29572
     200 3    29239    29572    29410
     201 3    29252    29410    29587
     202 3    29252    29587    29437
     203 3    29035    29226    29544
     204 3    29268    29437    29597
     205 3    29268    29597    29470
     206 3    29177    29624    29253
     207 3    29342    29626    29548
     208 3    29342    29558    29626
     209 3    29355    29548    29631
     210 3    29355    29631    29560
     211 3    29003    29640    29156
     212 3    29374    29560    29643
     213 3    29374    29643    29572
     214 3    29410    29572    29650
     215 3    29410    29650    29587
     216 3    29437    29587    29655
     217 3    29177    29510    29624
     218 3    29253    29657    29558
     219 3    29437    29655    29597
     220 3    29142    29667    29254
     221 3    29558    29670    29626
     222 3    29548    29626    29682
     223 3    29253    29624    29657
     224 3    29548    29682    29631
     225 3    29560    29631    29687
     226 3    29558    29657    29670
     227 3    29560    29687    29643
     228 3    29091    29692    29226
     229 3    29142    29544    29667
     230 3    29572    29643    29694
     231 3    29572    29694    29650
     232 3    29587    29650    29702
     233 3    29587    29702    29655
     234 3    29091    29494    29692
     235 3    29626    29670    29720
     236 3    29254    29724    29510
     237 3    29626    29720    29682
     238 3    29631    29682    29731
     239 3    29631    29731    29687
     240 3    29643    29687    29737
     241 3    29643    29737    29694
     242 3    29650    29694    29741
     243 3    29650    29741    29702
     244 3    29254    29667    29724
     245 3    29670    29657    29756
     246 3    29510    29762    29624
     247 3    29670    29756    29720
     248 3    29682    29720    29764
     249 3    29682    29764    29731
     250 3    29687    29731    29770
     251 3    29156    29771    29494
     252 3    29687    29770    29737
     253 3    29226    29773    29544
     254 3    29694    29737    29775
     255 3    29694    29775    29741
     256 3    29156    29640    29771
     257 3    29510    29724    29762
     258 3    29657    29624    29787
     259 3    29720    29795    29764
     260 3    29720    29756    29795
     261 3    29226    29692    29773
     262 3    29731    29764    29797
     263 3    29731    29797    29770
     264 3    29657    29787    29756
     265 3    29737    29770    29802
     266 3    29737    29802    29775
     267 3    29544    29817    29667
     268 3    29624    29762    29787
     269 3    29764    29795    29827
     270 3    29764    29827    29797
     271 3    29770    29797    29832
     272 3    29756    29834    29795
     273 3    29770    29832    29802
     274 3    29667    29846    29724
     275 3    29544    29773    29817
     276 3    29795    29848    29827
     277 3    29756    29787    29834
     278 3    29795    29834    29848
     279 3    29494    29858    29692
     280 3    29797    29827    29861
     281 3    29797    29861    29832
     282 3    29724    29873    29762
     283 3    29494    29771    29858
     284 3    29667    29817    29846
     285 3    29827    29848    29889
     286 3    29827    29889    29861
     287 3    29762    29896    29787
     288 3    29724    29846    29873
     289 3    29848    29834    29905
     290 3    29640    29925    29771
     291 3    29848    29905    29889
     292 3    29834    29787    29928
     293 3    29762    29873    29896
     294 3    29692    29940    29773
     295 3    29834    29928    29905
     296 3    29787    29896    29928
     297 3    29889    29905    29962
     298 3    29692    29858    29940
     299 3    29773    29994    29817
     300 3    29817    30023    29846
     301 3    29905    30027    29962
     302 3    29905    29928    30027
     303 3    29846    30037    29873
     304 3    29873    30053    29896
     305 3    29771    30071    29858
     306 3    29896    30077    29928
     307 3    29773    29940    29994
     308 3    29771    29925    30071
     309 3    29962    30027    30096
     310 3    29928    30111    30027
     311 3    29817    29994    30023
     312 3    29846    30023    30037
     313 3    29873    30037    30053
     314 3    29896    30053    30077
     315 3    29928    30077    30111
     316 3    30027    30166    30096
     317 3    30027    30111    30166
     318 3    30096    30166    30241
     319 3    29858    30273    29940
     320 3    30166    30302    30241
     321 3    30166    30111    30303
     322 3    30111    30077    30306
     323 3    30077    30053    30310
     324 3    29858    30071    30273
     325 3    30053    30037    30320
     326 3    30166    30303    30302
     327 3    30037    30023    30354
     328 3    30111    30306    30303
     329 3    30077    30310    30306
     330 3    30023    29994    30398
     331 3    30053    30320    30310
     332 3    29925    30413    30071
     333 3    30302    30303    30428
     334 3    30037    30354    30320
     335 3    29940    30469    29994
     336 3    30023    30398    30354
     337 3    30303    30306    30489
     338 3    30303    30489    30428
     339 3    30306    30310    30511
     340 3    29940    30273    30469
     341 3    30310    30320    30545
     342 3    30428    30489    30540
     343 3    30306    30511    30489
     344 3    29994    30469    30398
     345 3    30310    30545    30511
     346 3    30320    30354    30598
     347 3    30071    30603    30273
     348 3    30071    30413    30603
     349 3    30540    30489    30637
     350 3    30320    30598    30545
     351 3    30489    30511    30658
     352 3    30354    30398    30675
     353 3    30489    30658    30637
     354 3    30511    30545    30712
     355 3    30354    30675    30598
     356 3    30511    30712    30658
     357 3    30545    30598    30789
     358 3    30637    30658    30796
     359 3    30398    30469    30800
     360 3    30273    30603    30803
     361 3    30273    30803    30469
     362 3    30545    30789    30712
     363 3    30398    30800    30675
     364 3    30658    30712    30855
     365 3    30658    30855    30796
     366 3    30413    30876    30603
     367 3    30598    30675    30884
     368 3    30598    30884    30789
     369 3    30712    30789    30932
     370 3    30712    30932    30855
     371 3    30469    30803    30982
     372 3    30469    30982    30800
     373 3    30675    30800    31011
     374 3    30675    31011    30884
     375 3    30789    30884    31021
     376 3    30789    31021    30932
     377 3    30855    30932    31033
     378 3    30603    31039    30803
     379 3    30603    30876    31039
     380 3    30932    31110    31033
     381 3    30932    31021    31110
     382 3    30884    31130    31021
     383 3    30884    31011    31130
     384 3    30800    30982    31151
     385 3    30800    31151    31011
     386 3    31033    31110    31169
     387 3    30803    31175    30982
     388 3    30803    31039    31175
     389 3    31021    31190    31110
     390 3    31021    31130    31190
     391 3    30876    31222    31039
     392 3    30876    31109    31222
     393 3    31110    31230    31169
     394 3    31011    31240    31130
     395 3    31110    31190    31230
     396 3    31011    31151    31240
     397 3    30982    31261    31151
     398 3    31169    31230    31252
     399 3    30982    31175    31261
     400 3    31130    31274    31190
     401 3    31130    31240    31274
     402 3    31190    31291    31230
     403 3    31039    31294    31175
     404 3    31039    31222    31294
     405 3    31230    31299    31252
     406 3    31190    31274    31291
     407 3    31230    31291    31299
     408 3    31151    31321    31240
     409 3    31109    31327    31222
     410 3    31151    31261    31321
     411 3    31175    31351    31261
     412 3    31291    31361    31299
     413 3    31175    31294    31351
     414 3    31274    31365    31291
     415 3    31240    31377    31274
     416 3    31291    31365    31361
     417 3    31222    31394    31294
     418 3    31240    31321    31377
     419 3    31222    31327    31394
     420 3    31274    31377    31365
     421 3    31261    31418    31321
     422 3    31361    31365    31423
     423 3    31261    31351    31418
     424 3    31294    31463    31351
     425 3    31294    31394    31463
     426 3    31365    31482    31423
     427 3    31365    31377    31482
     428 3    31321    31485    31377
     429 3    31321    31418    31485
     430 3    31327    31513    31394
     431 3    31351    31529    31418
     432 3    31423    31482    31501
     433 3    31377    31538    31482
     434 3    31351    31463    31529
     435 3    31377    31485    31538
     436 3    31501    31482    31563
     437 3    31482    31538    31568
     438 3    31394    31569    31463
     439 3    31418    31580    31485
     440 3    31394    31513    31569
     441 3    31482    31568    31563
     442 3    31418    31529    31580
     443 3    31501    31563    31567
     444 3    31538    31608    31568
     445 3    31485    31619    31538
     446 3    31463    31620    31529
     447 3    31463    31569    31620
     448 3    31567    31563    31632
     449 3    31538    31619    31608
     450 3    31485    31580    31619
     451 3    31568    31641    31563
     452 3    31567    31632    31627
     453 3    31568    31608    31641
     454 3    31563    31641    31632
     455 3    31513    31662    31569
     456 3    31529    31666    31580
     457 3    31529    31620    31666
     458 3    31627    31632    31689
     459 3    31608    31619    31698
     460 3    31632    31641    31699
     461 3    31608    31698    31641
     462 3    31627    31689    31682
     463 3    31580    31716    31619
     464 3    31569    31718    31620
     465 3    31632    31699    31689
     466 3    31580    31666    31716
     467 3    31569    31662    31718
     468 3    31641    31698    31734
     469 3    31641    31734    31699
     470 3    31682    31689    31742
     471 3    31619    31750    31698
     472 3    31689    31699    31754
     473 3    31619    31716    31750
     474 3    31699    31734    31759
     475 3    31620    31760    31666
     476 3    31689    31754    31742
     477 3    31699    31759    31754
     478 3    31620    31718    31760
     479 3    31698    31783    31734
     480 3    31698    31750    31783
     481 3    31734    31800    31759
     482 3    31666    31802    31716
     483 3    31742    31754    31803
     484 3    31759    31809    31754
     485 3    31662    31818    31718
     486 3    31734    31783    31800
     487 3    31666    31760    31802
     488 3    31754    31809    31803
     489 3    31759    31800    31809
     490 3    31716    31839    31750
     491 3    31716    31802    31839
     492 3    31750    31860    31783
     493 3    31718    31865    31760
     494 3    31803    31809    31866
     495 3    31783    31877    31800
     496 3    31800    31878    31809
     497 3    31718    31818    31865
     498 3    31750    31839    31860
     499 3    31809    31878    31866
     500 3    31783    31860    31877
     501 3    31800    31877    31878
     502 3    31760    31915    31802
     503 3    31760    31865    31915
     504 3    31866    31878    31942
     505 3    31802    31946    31839
     506 3    31878    31877    31952
     507 3    31839    31968    31860
     508 3    31860    31969    31877
     509 3    31818    31974    31865
     510 3    31802    31915    31946
     511 3    31878    31952    31942
     512 3    31877    31969    31952
     513 3    31839    31946    31968
     514 3    31860    31968    31969
     515 3    31942    31952    32025
     516 3    31865    32029    31915
     517 3    31865    31974    32029
     518 3    31952    31969    32049
     519 3    31952    32049    32025
     520 3    31915    32069    31946
     521 3    31946    32088    31968
     522 3    31969    31968    32092
     523 3    31915    32029    32069
     524 3    31974    32109    32029
     525 3    31969    32092    32049
     526 3    32025    32049    32113
     527 3    31946    32069    32088
     528 3    31968    32088    32092
     529 3    32049    32146    32113
     530 3    32049    32092    32146
     531 3    32088    32187    32092
     532 3    32092    32188    32146
     533 3    32029    32109    32213
     534 3    32069    32215    32088
     535 3    32113    32146    32217
     536 3    32029    32213    32069
     537 3    32092    32187    32188
     538 3    32088    32215    32187
     539 3    32146    32188    32217
     540 3    32069    32213    32215
     541 3    32109    32211    32213
 1                                                                              
 6                                                                              
 6                                                                              
       32211
       32213
       32215
       32187
       32188
       32217
 0                                                                              
 0                                                                              
