FileFmt      1050624           0           0
NELG           58641         560         541
       51501
       51531
       51937
       51944
       51949
       51981
       51993
       52002
       52017
       52029
       52040
       52049
       52103
       52116
       52123
       52135
       52144
      -52154
       52199
       52210
       52214
       52224
       52234
       52246
      -52253
       52255
      -52257
       52278
       52291
       52293
       52295
       52296
       52297
       52302
       52305
       52309
       52321
       52330
       52334
      -52337
       52351
       52364
       52368
       52373
       52382
       52383
       52384
       52385
       52391
       52394
       52407
       52414
      -52418
       52452
       52453
       52455
       52459
       52461
       52472
       52478
       52482
       52484
       52487
      -52489
       52494
      -52495
       52513
       52527
       52528
       52529
       52530
       52534
       52537
       52541
       52546
       52556
       52560
       52566
       52570
       52571
       52579
      -52581
       52603
       52609
       52612
       52623
       52625
       52627
       52631
       52637
       52640
       52647
       52652
      -52658
       52661
       52674
       52680
       52684
       52693
       52697
       52704
       52705
       52707
       52713
       52718
       52728
       52732
       52738
       52739
      -52743
       52746
      -52750
       52792
       52793
       52795
       52798
       52800
       52802
       52804
       52806
       52811
       52818
       52823
       52833
      -52837
       52838
       52853
       52855
       52862
       52882
       52883
       52886
       52889
       52898
       52904
       52906
       52909
       52915
       52918
       52922
       52934
      -52936
       52953
       52959
       52968
       52980
       52983
       52985
       52990
       52993
       53000
       53001
       53005
       53014
       53017
       53023
       53030
      -53038
       53087
       53095
       53097
       53099
       53103
       53109
       53113
       53126
       53127
       53138
       53139
       53140
       53154
       53160
      -53181
       53191
       53220
       53238
       53289
       53308
       53311
       53327
       53340
       53375
       53400
       53440
       53453
       53507
      -53518
       53564
       53596
       53637
       53661
       53667
       53675
       53687
       53691
       53708
       53713
       53721
       53722
       53732
       53743
       53760
       53765
      -53767
      -53783
       53816
       53826
       53827
       53833
       53840
       53842
       53848
       53855
       53863
       53875
      -53879
       53881
       53883
      -53889
       53898
       53906
       53924
       53926
       53931
       53938
       53941
       53944
       53946
       53948
       53949
       53958
      -53962
      -53973
       53987
       53993
       54000
       54005
       54012
       54018
       54025
       54031
      -54033
      -54039
       54048
       54056
       54068
       54071
       54072
       54076
       54083
       54085
       54089
       54091
      -54093
      -54097
       54101
       54111
       54113
       54127
       54129
       54130
       54134
       54138
       54139
      -54142
      -54148
       54167
       54171
       54184
       54187
      -54194
       54198
      -54199
       54216
       54217
       54221
       54226
       54239
       54240
      -54244
      -54250
       54264
       54271
       54287
      -54291
      -54305
       54307
       54321
       54322
       54350
      -54355
       54356
       54362
       54381
       54397
       54400
      -54419
       54433
       54469
       54502
      -54505
       54516
       54523
       54547
       54583
       54590
       54602
       54612
      -54621
       54649
       54668
       54670
       54672
       54686
       54711
      -54730
       54788
      -54863
       54920
      -54961
       54963
       54967
       54972
       54990
       55001
      -55037
       55066
       55085
       55120
       55151
       55168
       55183
      -55210
       55225
       55285
       55327
       55334
      -55356
       55369
       55428
       55434
      -55446
       55472
       55511
       55535
       55538
       55545
       55571
      -55614
       55634
       55652
       55677
      -55710
       55750
       55765
       55811
       55878
      -55895
       55903
       55906
       55908
       55940
       55976
      -56002
      -56035
       56037
       56050
       56096
       56133
      -56164
       56214
       56226
       56261
       56286
       56287
       56299
      -56308
       56317
       56334
      -56440
       56441
       56476
       56483
       56509
       56511
      -56546
       56555
       56564
       56583
       56602
       56636
       56646
      -56650
       56667
       56678
       56685
       56707
      -56712
       56722
       56735
       56764
       56765
       56770
       56778
      -56783
       56798
      -56819
       56825
       56834
       56847
       56887
      -56901
       56902
       56908
       56930
      -56956
       56965
       56975
       56987
       57002
       57017
      -57025
       57039
       57103
       57116
      -57141
       57147
       57148
       57158
       57198
       57231
      -57237
       57251
       57252
       57253
      -57303
       57311
       57312
       57329
       57334
       57341
       57354
      -57362
       57393
       57412
       57414
       57436
      -57437
       57453
       57454
       57455
      -57480
       57482
       57496
       57498
       57505
       57532
      -57551
       57569
       57570
       57571
      -57589
       57599
       57605
       57607
       57615
       57628
       57638
       57641
      -57656
       57669
       57674
       57687
       57689
       57690
      -57705
       57710
       57725
       57736
       57759
       57767
       57771
      -57772
       57781
       57801
       57802
       57810
      -57824
       57842
       57846
       57884
       57885
       57895
      -57896
       57910
       57915
       57929
       57931
      -57964
       57966
       57972
       57991
       58031
      -58046
       58054
       58066
       58094
       58095
       58104
       58110
      -58112
       58144
       58167
       58175
      -58211
       58217
       58251
       58257
      -58293
       58296
       58327
       58340
       58348
       58376
       58381
      -58382
       58416
       58434
      -58453
       58454
       58532
       58533
       58558
       58560
      -58563
       58578
       58589
       58606
      -58607
       58609
       58610
NNODG          32218         319         311
      -27697
      -28037
      -28058
       28364
      -28390
      -28401
      -28464
      -28536
      -28550
      -28587
       28602
       28608
      -28612
      -28630
       28631
      -28632
      -28635
       28646
       28656
      -28666
      -28678
       28688
      -28690
       28700
       28711
      -28722
       28744
      -28746
       28752
       28760
       28770
       28772
      -28790
       28793
       28794
       28796
       28797
       28802
       28813
      -28817
       28827
      -28833
       28836
       28841
       28842
       28848
       28858
      -28862
       28876
       28878
       28882
       28891
       28895
       28896
       28898
       28919
       28920
       28921
       28923
       28930
       28936
       28941
      -28948
       28961
       28963
       28969
       28972
       28978
       28985
       28991
      -28992
       29001
      -29003
       29007
       29010
       29015
       29022
       29032
       29035
       29039
       29065
       29066
       29069
       29070
       29074
       29082
      -29090
       29091
       29099
       29113
       29115
       29121
       29126
       29129
       29135
       29142
       29156
       29168
       29169
       29172
       29177
       29180
       29188
      -29197
       29226
       29229
       29231
       29233
       29239
       29252
       29253
       29254
       29268
       29342
       29355
       29374
       29410
       29437
      -29470
       29494
       29510
       29544
       29548
       29558
       29560
       29572
       29587
      -29597
       29624
       29626
       29631
      -29640
       29643
       29650
      -29655
       29657
       29667
       29670
       29682
       29687
       29692
       29694
      -29702
       29720
       29724
       29731
       29737
      -29741
       29756
       29762
       29764
       29770
       29771
       29773
      -29775
       29787
       29795
       29797
      -29802
       29817
       29827
      -29832
       29834
       29846
       29848
       29858
      -29861
       29873
      -29889
       29896
       29905
      -29925
       29928
       29940
      -29962
       29994
       30023
       30027
       30037
       30053
       30071
       30077
      -30096
       30111
       30166
      -30241
       30273
      -30302
       30303
       30306
       30310
       30320
       30354
       30398
      -30413
      -30428
       30469
       30489
       30511
      -30540
       30545
       30598
       30603
      -30637
       30658
       30675
       30712
       30789
      -30796
       30800
       30803
      -30855
      -30876
       30884
       30932
       30982
       31011
       31021
      -31033
       31039
      -31109
       31110
       31130
       31151
      -31169
       31175
       31190
       31222
       31230
       31240
      -31252
       31261
       31274
       31291
       31294
      -31299
       31321
      -31327
       31351
      -31361
       31365
       31377
       31394
       31418
      -31423
       31463
       31482
       31485
      -31501
      -31513
       31529
       31538
       31563
      -31567
       31568
       31569
       31580
       31608
       31619
       31620
      -31627
       31632
       31641
      -31662
       31666
      -31682
       31689
       31698
       31699
       31716
       31718
       31734
      -31742
       31750
       31754
       31759
       31760
       31783
       31800
       31802
      -31803
       31809
      -31818
       31839
       31860
       31865
      -31866
       31877
       31878
       31915
      -31942
       31946
       31952
       31968
       31969
      -31974
      -32025
       32029
       32049
       32069
       32088
       32092
      -32109
      -32113
       32146
       32187
       32188
      -32211
       32213
       32215
      -32217
NFLUXF             0
NETA             128          29           6
         101
         102
         103
         104
         105
         106
NSTAE              0           0           0
NSTAV              0           0           0
NSTAM              0           0           0
NSTAC              0           0           0
RES NODE          23         236
                   4          11          12          15          18          19
                  22          24          25          27          29          30
                  31          32          34          35          36          37
                  38          39          41          43          44          45
                  46          47          49          50          51          52
                  53          54          55          56          57          58
                  59          60          61          62          64          65
                  66          67          68          69          70          72
                  74          75          76          77          78          79
                  80          81          82          83          84          85
                  86          88          89          90          91          92
                  93          94          95          96          97          98
                  99         100         101         102         103         105
                 106         107         108         109         110         111
                 112         113         114         115         116         117
                 118         120         121         122         123         124
                 125         126         127         129         130         131
                 133         134         136         137         138         139
                 140         141         142         144         145         146
                 147         149         150         151         152         153
                 154         156         157         158         160         161
                 163         164         165         166         168         170
                 171         173         174         176         177         178
                 179         180         181         182         184         185
                 187         189         190         191         192         193
                 194         197         198         199         201         202
                 203         205         206         207         208         210
                 211         214         215         216         217         218
                 220         222         223         224         226         227
                 228         229         230         232         233         234
                 235         237         239         241         242         243
                 244         246         247         248         251         252
                 253         255         256         257         258         259
                 260         262         263         265         267         268
                 269         270         271         272         274         275
                 276         277         278         279         280         282
                 284         285         286         288         289         290
                 292         293         294         295         298         299
                 300         301         302         305         306         307
                 309         310
COMM PE            8
RECV PE           16           7
                 273         281         287         291         297         304
                 311
RECV PE           17           8
                 231         236         240         245         249         254
                 261         266
RECV PE           20           2
                 104         119
RECV PE           21           7
                  20          26          40          48          63          71
                  87
RECV PE           22          20
                 128         135         143         148         155         159
                 162         167         169         175         183         186
                 188         196         200         204         209         212
                 219         225
RECV PE           24          15
                   6          42          73         132         172         195
                 213         221         238         250         264         283
                 296         303         308
RECV PE           26          14
                   1           2           3           5           7           8
                  10          14          16          17          21          23
                  28          33
RECV PE           27           2
                   9          13
SEND PE           16           8
                 267         275         282         289         293         299
                 305         307
SEND PE           17           7
                 229         234         241         247         253         262
                 267
SEND PE           20           2
                  95         113
SEND PE           21           7
                  25          31          47          55          69          80
                  95
SEND PE           22          20
                 113         118         127         134         142         147
                 152         158         161         165         171         178
                 185         189         198         205         207         215
                 222         229
SEND PE           24          14
                  15          64          97         153         181         203
                 220         228         243         256         271         286
                 298         309
SEND PE           26          15
                   4          11          12          15          18          22
                  27          32          34          35          41          44
                  53          54          72
SEND PE           27           3
                  11          19          25
