FileFmt      1050624           0           0
NELG           58641         560         432
       32401
       32420
       32444
       32610
       32683
       32711
       32713
       32719
       32833
       32853
       32882
       32949
       32951
       32952
       32965
       33030
       33050
       33063
       33082
       33150
       33176
       33188
       33197
       33225
       33235
       33240
       33246
       33248
       33297
       33306
       33325
       33334
       33342
       33343
       33349
       33350
       33353
       33356
       33359
       33362
       33363
       33366
       33386
       33407
       33417
       33422
       33423
       33424
       33436
       33441
       33444
       33448
       33455
       33458
       33465
      -33471
      -33474
       33477
      -33481
      -33493
       33495
       33497
      -33500
       33502
       33504
      -33508
       33510
       33513
       33518
      -33521
       33524
      -33525
      -33527
       33530
       33531
       33532
      -33534
       33536
       33542
       33543
       33545
       33551
       33552
      -33554
       33562
       33564
       33566
       33568
       33571
      -33574
       33576
       33577
       33581
       33582
       33583
       33586
       33587
       33588
       33590
       33591
       33596
      -33598
       33601
       33604
       33606
       33614
       33619
       33621
       33623
       33629
       33634
       33636
       33637
      -33639
       33645
       33646
       33652
       33653
       33655
       33660
       33662
       33664
       33667
       33668
       33669
       33672
       33674
       33678
       33681
       33682
       33685
       33689
       33702
       33706
       33707
       33710
       33712
       33715
       33716
       33722
       33732
       33733
       33737
       33741
       33743
       33746
       33747
       33750
       33753
       33755
       33759
       33763
       33764
       33767
       33770
       33771
       33776
       33777
       33779
       33780
       33783
       33784
       33785
       33793
       33794
       33795
       33798
       33800
       33801
       33803
       33805
       33811
       33812
       33814
       33816
       33817
       33818
       33823
       33825
       33827
       33828
       33830
       33831
       33834
       33836
       33837
       33838
       33841
       33843
       33845
       33846
       33850
       33852
       33853
       33856
       33864
       33866
       33870
       33872
       33873
       33874
       33876
       33880
       33881
       33884
       33887
       33889
       33891
       33892
       33895
       33896
       33898
       33900
       33901
       33905
       33907
       33919
       33920
       33921
       33927
       33929
       33930
       33932
       33937
       33938
       33939
       33943
       33946
       33950
       33953
       33960
       33961
       33966
       33968
       33975
       33977
       33978
       33979
       33983
       33984
       33988
       33991
       33997
       33998
       33999
       34006
       34014
       34020
       34022
       34024
       34025
       34028
       34033
       34034
       34038
       34040
       34044
       34047
       34053
       34059
       34060
       34062
       34067
       34068
       34079
       34084
       34085
       34088
       34090
       34096
       34097
       34103
       34106
       34113
       34118
       34121
       34126
       34130
       34140
       34145
       34146
       34147
       34148
       34160
       34163
       34164
       34166
       34169
       34170
       34172
       34176
       34183
       34189
       34197
       34198
       34204
       34205
       34207
       34211
       34214
       34215
       34218
       34222
       34230
       34236
       34239
       34240
       34246
       34247
       34249
       34252
       34257
       34259
       34261
       34262
       34265
       34269
       34274
       34277
       34278
       34286
       34289
       34290
       34296
       34300
       34306
       34307
       34311
       34314
       34316
       34324
       34328
       34329
       34330
       34337
       34341
       34350
       34352
       34356
       34360
       34361
       34364
       34372
       34374
       34375
       34376
       34381
       34388
       34394
       34397
       34402
       34410
       34415
       34418
       34421
       34423
       34424
       34437
       34441
       34442
       34445
       34458
       34462
       34463
       34467
       34468
       34469
       34482
       34486
       34487
       34490
       34493
       34505
       34509
       34512
       34513
       34515
       34521
       34534
       34535
       34536
       34545
       34554
       34558
       34559
       34566
       34567
       34576
       34588
       34592
       34593
       34598
       34605
       34610
       34612
       34620
       34627
       34636
       34637
       34640
       34645
       34647
       34660
       34662
       34670
       34671
       34674
       34681
       34683
       34687
       34690
       34691
       34698
       34702
       34704
       34721
       34724
       34725
       34729
       34736
       34746
       34754
       34758
       34769
       34776
       34783
       34787
       34797
       34821
       34831
       34836
       34866
NNODG          32218         319         288
       17670
       17671
       17672
       17677
       17678
       17776
       17814
       17835
       17836
       17837
       17840
       17894
       17895
       17951
       17952
       17953
       17954
       17959
       17994
       18000
       18008
       18051
       18063
       18069
       18072
       18086
       18092
       18097
       18103
       18105
       18126
       18129
       18130
       18138
       18143
       18144
       18149
       18152
       18153
       18158
       18160
       18177
      -18179
      -18182
      -18183
       18184
       18187
      -18191
       18193
       18195
       18198
      -18199
       18201
      -18203
      -18204
       18209
       18214
       18217
       18222
      -18223
       18231
       18233
       18236
       18238
       18242
       18244
       18245
       18247
       18251
       18252
       18256
       18259
       18260
       18261
       18267
       18268
      -18270
       18276
       18278
      -18282
       18284
       18285
       18286
       18287
       18289
       18290
       18291
       18292
       18294
       18299
       18303
       18308
       18314
       18318
       18319
       18320
      -18321
       18325
       18329
       18330
       18332
       18333
       18337
       18338
       18339
       18343
       18345
       18348
       18358
       18359
       18363
       18365
       18372
       18375
       18376
       18377
       18378
       18385
       18386
       18389
       18392
       18393
       18394
       18395
       18397
       18400
       18401
       18402
       18407
       18408
       18411
       18417
       18418
       18419
       18420
       18423
       18424
       18425
       18427
       18429
       18431
       18432
       18433
       18436
       18438
       18439
       18440
       18441
       18443
       18444
       18445
       18448
       18450
       18451
       18456
       18462
       18464
       18466
       18470
       18471
       18474
       18477
       18478
       18479
       18484
       18495
       18496
       18500
       18502
       18505
       18506
       18507
       18512
       18515
       18521
       18526
       18527
       18530
       18531
       18535
       18540
       18551
       18554
       18555
       18556
       18558
       18562
       18563
       18567
       18569
       18577
       18588
       18592
       18593
       18595
       18596
       18600
       18611
       18615
       18621
       18623
       18624
       18625
       18626
       18635
       18638
       18640
       18643
       18653
       18654
       18658
       18659
       18662
       18663
       18670
       18675
       18676
       18681
       18685
       18686
       18688
       18691
       18696
       18697
       18704
       18705
       18713
       18714
       18720
       18722
       18724
       18730
       18734
       18740
       18742
       18743
       18748
       18749
       18756
       18763
       18771
       18773
       18775
       18777
       18787
       18789
       18796
       18799
       18801
       18808
       18811
       18812
       18820
       18824
       18826
       18831
       18839
       18840
       18849
       18852
       18858
       18865
       18873
       18874
       18878
       18884
       18889
       18898
       18899
       18905
      -18912
       18915
       18920
      -18924
       18927
      -18929
       18933
       18937
       18947
      -18950
       18956
      -18964
       18974
       18977
      -18984
       19002
      -19007
      -19027
NFLUXF             0
NETA             128          29           0
NSTAE              0           0           0
NSTAV              0           0           0
NSTAM              0           0           0
NSTAC              0           0           0
RES NODE         124         269
                   1           2           3           4           5           6
                   7           8           9          10          11          12
                  13          14          15          16          17          18
                  19          20          21          22          23          24
                  25          26          27          28          29          30
                  31          32          33          34          35          36
                  37          38          39          40          41          42
                  46          47          49          50          51          53
                  56          57          58          59          61          62
                  63          64          65          66          67          68
                  69          70          71          72          73          74
                  75          76          78          79          81          82
                  83          84          85          86          87          88
                  89          90          91          92          93          94
                  95          96          98          99         100         101
                 102         103         104         105         106         107
                 108         109         110         111         112         113
                 114         115         116         117         118         119
                 120         121         122         123         124         125
                 126         127         128         129         130         131
                 132         133         134         135         136         137
                 138         139         140         141         142         143
                 144         145         146         147         148         149
                 150         151         152         153         154         155
                 156         157         158         159         160         161
                 162         163         164         165         166         167
                 168         169         170         171         172         173
                 174         175         176         177         178         179
                 180         181         182         183         184         185
                 186         187         188         189         190         191
                 192         193         194         195         196         197
                 198         199         200         201         202         203
                 204         205         206         207         208         209
                 210         211         212         213         214         215
                 216         217         218         219         220         221
                 222         223         224         225         226         227
                 228         229         230         231         232         233
                 234         235         236         237         238         239
                 240         241         242         243         244         245
                 246         247         248         249         250         251
                 252         253         254         255         256         257
                 258         259         260         261         262         263
                 264         265         266         267         268         269
                 270         272         273         275         277         278
                 279         281         283         284         286
COMM PE            3
RECV PE          112           7
                  43          44          45          48          52          54
                  55
RECV PE          113           4
                  60          77          80          97
RECV PE          125           8
                 271         274         276         280         282         285
                 287         288
SEND PE          112           6
                  57          58          59          61          65          67
SEND PE          113           2
                  65          82
SEND PE          125           7
                 264         268         273         277         281         284
                 286
