bi_1997_v2.grd                                                                  
     521     301
   25450 -0.761822600000E+02  0.351101800000E+02  0.515200000000E+01
   25475 -0.764146900000E+02  0.351134100000E+02  0.651300000000E+01
   25514 -0.761652800000E+02  0.351182800000E+02  0.429400000000E+01
   25522 -0.761978100000E+02  0.351189400000E+02  0.604100000000E+01
   25534 -0.764298200000E+02  0.351211300000E+02  0.690700000000E+01
   25549 -0.763997400000E+02  0.351222300000E+02  0.714200000000E+01
   25555 -0.763693500000E+02  0.351238100000E+02  0.719800000000E+01
   25579 -0.761810200000E+02  0.351270900000E+02  0.522800000000E+01
   25585 -0.762132900000E+02  0.351274800000E+02  0.604200000000E+01
   25596 -0.764448600000E+02  0.351289300000E+02  0.674200000000E+01
   25604 -0.764150100000E+02  0.351295900000E+02  0.694700000000E+01
   25611 -0.763846500000E+02  0.351310000000E+02  0.695700000000E+01
   25620 -0.763540200000E+02  0.351325200000E+02  0.688800000000E+01
   25640 -0.761642000000E+02  0.351353600000E+02  0.378600000000E+01
   25646 -0.761966500000E+02  0.351357000000E+02  0.605900000000E+01
   25647 -0.762287600000E+02  0.351357900000E+02  0.604100000000E+01
   25654 -0.764302900000E+02  0.351370300000E+02  0.665200000000E+01
   25664 -0.764000300000E+02  0.351382400000E+02  0.678800000000E+01
   25679 -0.763694000000E+02  0.351397500000E+02  0.665800000000E+01
   25694 -0.763385000000E+02  0.351411900000E+02  0.620700000000E+01
   25719 -0.761474500000E+02  0.351437500000E+02  0.121100000000E+01
   25723 -0.762442200000E+02  0.351439000000E+02  0.598100000000E+01
   25724 -0.761799500000E+02  0.351440300000E+02  0.571100000000E+01
   25726 -0.762122300000E+02  0.351441200000E+02  0.612700000000E+01
   25727 -0.764456000000E+02  0.351443400000E+02  0.605400000000E+01
   25736 -0.764154700000E+02  0.351455000000E+02  0.668400000000E+01
   25750 -0.763848700000E+02  0.351469600000E+02  0.634100000000E+01
   25758 -0.763539700000E+02  0.351484700000E+02  0.596300000000E+01
   25771 -0.763228100000E+02  0.351498400000E+02  0.383500000000E+01
   25784 -0.764609800000E+02  0.351513200000E+02  0.634600000000E+01
   25785 -0.762914000000E+02  0.351509700000E+02  0.489700000000E+01
   25799 -0.762597300000E+02  0.351518200000E+02  0.574800000000E+01
   25804 -0.761308300000E+02  0.351521900000E+02  0.149400000000E+01
   25807 -0.762278000000E+02  0.351523400000E+02  0.574100000000E+01
   25809 -0.761632500000E+02  0.351524400000E+02  0.422200000000E+01
   25810 -0.761956300000E+02  0.351525300000E+02  0.649700000000E+01
   25812 -0.764309900000E+02  0.351526700000E+02  0.646900000000E+01
   25833 -0.764004300000E+02  0.351541500000E+02  0.616700000000E+01
   25853 -0.763695200000E+02  0.351557100000E+02  0.501800000000E+01
   25871 -0.763383500000E+02  0.351571900000E+02  0.245300000000E+01
   25873 -0.764764800000E+02  0.351578300000E+02  0.474400000000E+01
   25887 -0.763069500000E+02  0.351584900000E+02  0.483300000000E+01
   25895 -0.764466100000E+02  0.351596400000E+02  0.566300000000E+01
   25899 -0.762752800000E+02  0.351595700000E+02  0.573600000000E+01
   25908 -0.762433900000E+02  0.351603700000E+02  0.586900000000E+01
   25915 -0.762112700000E+02  0.351608500000E+02  0.611600000000E+01
   25916 -0.761466100000E+02  0.351609200000E+02  0.230700000000E+01
   25918 -0.761789800000E+02  0.351610200000E+02  0.603100000000E+01
   25922 -0.764160900000E+02  0.351612700000E+02  0.616200000000E+01
   25944 -0.763851800000E+02  0.351629000000E+02  0.429700000000E+01
   25972 -0.763539900000E+02  0.351644700000E+02  0.216500000000E+01
   26001 -0.764623800000E+02  0.351662800000E+02  0.592200000000E+01
   26005 -0.763225600000E+02  0.351659100000E+02  0.503900000000E+01
   26021 -0.762909100000E+02  0.351671800000E+02  0.584700000000E+01
   26034 -0.764318800000E+02  0.351682400000E+02  0.604700000000E+01
   26036 -0.762590300000E+02  0.351682200000E+02  0.594700000000E+01
   26045 -0.762269300000E+02  0.351689900000E+02  0.582400000000E+01
   26050 -0.761300800000E+02  0.351693900000E+02  0.514400000000E+01
   26053 -0.761946700000E+02  0.351694400000E+02  0.622400000000E+01
   26056 -0.761623500000E+02  0.351695600000E+02  0.627100000000E+01
   26064 -0.764009400000E+02  0.351700200000E+02  0.506100000000E+01
   26087 -0.763697200000E+02  0.351716900000E+02  0.344800000000E+01
   26092 -0.764783400000E+02  0.351725100000E+02  0.588400000000E+01
   26113 -0.763382800000E+02  0.351732400000E+02  0.460800000000E+01
   26136 -0.764478500000E+02  0.351749800000E+02  0.572700000000E+01
   26137 -0.763066100000E+02  0.351746500000E+02  0.593100000000E+01
   26161 -0.762747200000E+02  0.351759000000E+02  0.578300000000E+01
   26174 -0.762426300000E+02  0.351769400000E+02  0.578300000000E+01
   26175 -0.764168400000E+02  0.351770300000E+02  0.529500000000E+01
   26186 -0.762103700000E+02  0.351776800000E+02  0.562200000000E+01
   26191 -0.764944500000E+02  0.351783100000E+02  0.516500000000E+01
   26193 -0.761780500000E+02  0.351780900000E+02  0.649000000000E+01
   26195 -0.761457700000E+02  0.351781300000E+02  0.578600000000E+01
   26212 -0.763855700000E+02  0.351788500000E+02  0.315900000000E+01
   26236 -0.763540800000E+02  0.351805100000E+02  0.412900000000E+01
   26240 -0.764640400000E+02  0.351813900000E+02  0.547900000000E+01
   26262 -0.763224000000E+02  0.351820300000E+02  0.543300000000E+01
   26276 -0.762905000000E+02  0.351834400000E+02  0.599400000000E+01
   26281 -0.764329100000E+02  0.351838600000E+02  0.572100000000E+01
   26299 -0.762583900000E+02  0.351847000000E+02  0.587400000000E+01
   26312 -0.762261200000E+02  0.351857300000E+02  0.573600000000E+01
   26314 -0.764015400000E+02  0.351859200000E+02  0.916000000000E+00
   26323 -0.761937600000E+02  0.351864500000E+02  0.581800000000E+01
   26330 -0.761614400000E+02  0.351867700000E+02  0.718600000000E+01
   26335 -0.764805000000E+02  0.351874100000E+02  0.453100000000E+01
   26345 -0.763700000000E+02  0.351877100000E+02  0.313400000000E+01
   26368 -0.763382700000E+02  0.351893300000E+02  0.493300000000E+01
   26376 -0.764492400000E+02  0.351904300000E+02  0.464700000000E+01
   26389 -0.763063500000E+02  0.351908600000E+02  0.600300000000E+01
   26406 -0.764969200000E+02  0.351930000000E+02  0.424800000000E+01
   26407 -0.762742300000E+02  0.351923000000E+02  0.581300000000E+01
   26411 -0.764176600000E+02  0.351928500000E+02  0.325900000000E+01
   26427 -0.762419200000E+02  0.351935900000E+02  0.592800000000E+01
   26439 -0.762095100000E+02  0.351946200000E+02  0.573600000000E+01
   26442 -0.763860200000E+02  0.351948400000E+02  0.353700000000E+01
   26446 -0.761771200000E+02  0.351952600000E+02  0.595200000000E+01
   26450 -0.761448700000E+02  0.351954500000E+02  0.670800000000E+01
   26460 -0.764659600000E+02  0.351966900000E+02  0.327500000000E+01
   26464 -0.763542400000E+02  0.351965800000E+02  0.480400000000E+01
   26482 -0.763223000000E+02  0.351981900000E+02  0.588100000000E+01
   26497 -0.764340100000E+02  0.351996000000E+02  0.316800000000E+01
   26502 -0.762901500000E+02  0.351997500000E+02  0.584900000000E+01
   26514 -0.762578100000E+02  0.352012500000E+02  0.593800000000E+01
   26521 -0.764832600000E+02  0.352025800000E+02  0.275800000000E+01
   26522 -0.764021800000E+02  0.352018900000E+02  0.374000000000E+01
   26528 -0.762253400000E+02  0.352025800000E+02  0.601300000000E+01
   26533 -0.761928500000E+02  0.352035800000E+02  0.540800000000E+01
   26539 -0.761604900000E+02  0.352041000000E+02  0.525500000000E+01
   26541 -0.763703200000E+02  0.352037700000E+02  0.422000000000E+01
   26558 -0.763383300000E+02  0.352054600000E+02  0.552600000000E+01
   26561 -0.764506900000E+02  0.352060900000E+02  0.153900000000E+01
   26575 -0.765006000000E+02  0.352083500000E+02  0.360800000000E+01
   26582 -0.763061600000E+02  0.352070900000E+02  0.617900000000E+01
   26595 -0.764185100000E+02  0.352088000000E+02  0.381200000000E+01
   26597 -0.762738000000E+02  0.352087300000E+02  0.629500000000E+01
   26611 -0.762412600000E+02  0.352103200000E+02  0.570500000000E+01
   26615 -0.763865200000E+02  0.352109100000E+02  0.515900000000E+01
   26618 -0.762086500000E+02  0.352116800000E+02  0.487600000000E+01
   26627 -0.764680300000E+02  0.352122300000E+02  0.403800000000E+01
   26630 -0.761761500000E+02  0.352125900000E+02  0.461800000000E+01
   26635 -0.761439100000E+02  0.352129200000E+02  0.614500000000E+01
   26639 -0.763544600000E+02  0.352126800000E+02  0.599400000000E+01
   26651 -0.763222600000E+02  0.352143500000E+02  0.630500000000E+01
   26663 -0.764350400000E+02  0.352155400000E+02  0.192800000000E+01
   26670 -0.762898700000E+02  0.352160700000E+02  0.587800000000E+01
   26673 -0.764875800000E+02  0.352177700000E+02  0.123400000000E+01
   26686 -0.762572900000E+02  0.352178500000E+02  0.538300000000E+01
   26687 -0.764028500000E+02  0.352179800000E+02  0.559800000000E+01
   26700 -0.762245700000E+02  0.352195400000E+02  0.456800000000E+01
   26708 -0.763707000000E+02  0.352198900000E+02  0.627100000000E+01
   26710 -0.761918900000E+02  0.352208700000E+02  0.422900000000E+01
   26715 -0.761594600000E+02  0.352216100000E+02  0.625500000000E+01
   26722 -0.763384500000E+02  0.352215800000E+02  0.665000000000E+01
   26726 -0.764518400000E+02  0.352220300000E+02  0.862000000000E+00
   26744 -0.763060400000E+02  0.352233000000E+02  0.665100000000E+01
   26755 -0.764193200000E+02  0.352249500000E+02  0.508300000000E+01
   26759 -0.762734300000E+02  0.352251700000E+02  0.600400000000E+01
   26771 -0.762406300000E+02  0.352271200000E+02  0.447800000000E+01
   26772 -0.763870600000E+02  0.352270900000E+02  0.614000000000E+01
   26783 -0.762077600000E+02  0.352288900000E+02  0.469900000000E+01
   26786 -0.763547400000E+02  0.352288200000E+02  0.647400000000E+01
   26788 -0.764688600000E+02  0.352282500000E+02  0.279700000000E+01
   26794 -0.761750800000E+02  0.352301100000E+02  0.555800000000E+01
   26799 -0.761428400000E+02  0.352305800000E+02  0.634200000000E+01
   26802 -0.763222800000E+02  0.352304900000E+02  0.625400000000E+01
   26811 -0.764359000000E+02  0.352317500000E+02  0.434600000000E+01
   26816 -0.762896700000E+02  0.352323600000E+02  0.600800000000E+01
   26829 -0.764844000000E+02  0.352348100000E+02  0.235400000000E+01
   26830 -0.764971900000E+02  0.352298800000E+02  0.167600000000E+01
   26831 -0.764035300000E+02  0.352342500000E+02  0.578500000000E+01
   26834 -0.762568300000E+02  0.352344600000E+02  0.466000000000E+01
   26849 -0.763711200000E+02  0.352360800000E+02  0.648300000000E+01
   26850 -0.762238000000E+02  0.352366000000E+02  0.307900000000E+01
   26856 -0.763386200000E+02  0.352376900000E+02  0.621500000000E+01
   26858 -0.761908300000E+02  0.352383600000E+02  0.539400000000E+01
   26863 -0.764525000000E+02  0.352383000000E+02  0.159200000000E+01
   26865 -0.761583000000E+02  0.352393400000E+02  0.581800000000E+01
   26868 -0.763059800000E+02  0.352394600000E+02  0.431800000000E+01
   26869 -0.764974500000E+02  0.352406000000E+02  0.171400000000E+01
   26870 -0.765064300000E+02  0.352383300000E+02  0.194200000000E+01
   26880 -0.764200800000E+02  0.352413600000E+02  0.568300000000E+01
   26881 -0.762731400000E+02  0.352415800000E+02  0.463200000000E+01
   26886 -0.763876300000E+02  0.352433900000E+02  0.627000000000E+01
   26888 -0.762400300000E+02  0.352439800000E+02  0.403100000000E+01
   26890 -0.764688600000E+02  0.352443400000E+02  0.287100000000E+01
   26899 -0.763550400000E+02  0.352449600000E+02  0.617600000000E+01
   26901 -0.762067900000E+02  0.352462800000E+02  0.526500000000E+01
   26905 -0.763223600000E+02  0.352465500000E+02  0.483500000000E+01
   26906 -0.764864300000E+02  0.352480400000E+02  0.731000000000E+00
   26907 -0.761738700000E+02  0.352478900000E+02  0.563900000000E+01
   26913 -0.761416200000E+02  0.352484700000E+02  0.508800000000E+01
   26914 -0.764366200000E+02  0.352483400000E+02  0.492900000000E+01
   26918 -0.762895400000E+02  0.352485500000E+02  0.313900000000E+01
   26923 -0.764042300000E+02  0.352507400000E+02  0.596500000000E+01
   26927 -0.762564300000E+02  0.352510500000E+02  0.428200000000E+01
   26934 -0.763715700000E+02  0.352523400000E+02  0.523900000000E+01
   26941 -0.762230100000E+02  0.352537800000E+02  0.556400000000E+01
   26944 -0.763388300000E+02  0.352537300000E+02  0.522800000000E+01
   26946 -0.764529100000E+02  0.352551000000E+02  0.327800000000E+01
   26950 -0.761896400000E+02  0.352561200000E+02  0.486200000000E+01
   26951 -0.763059900000E+02  0.352554700000E+02  0.300300000000E+01
   26956 -0.761569400000E+02  0.352573600000E+02  0.381200000000E+01
   26963 -0.764208800000E+02  0.352580900000E+02  0.572200000000E+01
   26965 -0.762729400000E+02  0.352578700000E+02  0.455200000000E+01
   26975 -0.763882400000E+02  0.352598500000E+02  0.553300000000E+01
   26978 -0.762394900000E+02  0.352608600000E+02  0.549900000000E+01
   26980 -0.764680600000E+02  0.352615400000E+02  0.690000000000E+00
   26982 -0.763553800000E+02  0.352610800000E+02  0.505300000000E+01
   26988 -0.763224900000E+02  0.352624700000E+02  0.433900000000E+01
   26993 -0.762057400000E+02  0.352638900000E+02  0.513600000000E+01
   26997 -0.762895100000E+02  0.352645600000E+02  0.464700000000E+01
   26998 -0.764374800000E+02  0.352654000000E+02  0.557000000000E+01
   27000 -0.761724000000E+02  0.352660300000E+02  0.341800000000E+01
   27004 -0.761402000000E+02  0.352666500000E+02  0.383600000000E+01
   27010 -0.764836700000E+02  0.352678700000E+02  0.125800000000E+01
   27011 -0.764050100000E+02  0.352674900000E+02  0.571100000000E+01
   27015 -0.762561500000E+02  0.352675500000E+02  0.533800000000E+01
   27019 -0.763720600000E+02  0.352686600000E+02  0.491200000000E+01
   27026 -0.763390600000E+02  0.352696500000E+02  0.382300000000E+01
   27030 -0.762222400000E+02  0.352711000000E+02  0.547600000000E+01
   27036 -0.763060800000E+02  0.352712600000E+02  0.404600000000E+01
   27037 -0.764539400000E+02  0.352726900000E+02  0.450300000000E+01
   27047 -0.761882000000E+02  0.352742700000E+02  0.387000000000E+01
   27052 -0.762728900000E+02  0.352739500000E+02  0.474600000000E+01
   27055 -0.764218500000E+02  0.352752100000E+02  0.543200000000E+01
   27056 -0.761552600000E+02  0.352757900000E+02  0.364900000000E+01
   27060 -0.763889200000E+02  0.352765000000E+02  0.516100000000E+01
   27064 -0.763557200000E+02  0.352771300000E+02  0.352000000000E+01
   27072 -0.762390700000E+02  0.352777100000E+02  0.483000000000E+01
   27073 -0.763226500000E+02  0.352781300000E+02  0.390900000000E+01
   27085 -0.764709900000E+02  0.352800400000E+02  0.105100000000E+01
   27087 -0.762896000000E+02  0.352802500000E+02  0.517200000000E+01
   27090 -0.762045600000E+02  0.352818100000E+02  0.359100000000E+01
   27095 -0.764386800000E+02  0.352830000000E+02  0.570000000000E+01
   27103 -0.761704900000E+02  0.352847400000E+02  0.315900000000E+01
   27104 -0.761384800000E+02  0.352851800000E+02  0.363600000000E+01
   27106 -0.764059500000E+02  0.352845600000E+02  0.604000000000E+01
   27107 -0.762560800000E+02  0.352838200000E+02  0.375800000000E+01
   27111 -0.763725600000E+02  0.352850300000E+02  0.435300000000E+01
   27115 -0.763392700000E+02  0.352853300000E+02  0.227700000000E+01
   27124 -0.763062300000E+02  0.352866600000E+02  0.390400000000E+01
   27129 -0.762215300000E+02  0.352885200000E+02  0.472000000000E+01
   27135 -0.762730500000E+02  0.352896400000E+02  0.365500000000E+01
   27137 -0.764555100000E+02  0.352910600000E+02  0.382400000000E+01
   27147 -0.764231100000E+02  0.352927100000E+02  0.573700000000E+01
   27148 -0.761863800000E+02  0.352930100000E+02  0.417200000000E+01
   27153 -0.763896900000E+02  0.352934000000E+02  0.441300000000E+01
   27154 -0.763559900000E+02  0.352930400000E+02  0.304500000000E+01
   27155 -0.761530500000E+02  0.352947600000E+02  0.333600000000E+01
   27157 -0.763228100000E+02  0.352934000000E+02  0.326300000000E+01
   27163 -0.762389400000E+02  0.352944200000E+02  0.204100000000E+01
   27167 -0.762898300000E+02  0.352954400000E+02  0.445000000000E+01
   27188 -0.762032800000E+02  0.353000800000E+02  0.447900000000E+01
   27193 -0.762564000000E+02  0.352996900000E+02  0.208400000000E+01
   27197 -0.763393900000E+02  0.353006400000E+02  0.323300000000E+01
   27198 -0.764071500000E+02  0.353020400000E+02  0.528400000000E+01
   27199 -0.763729600000E+02  0.353014600000E+02  0.295200000000E+01
   27203 -0.763064100000E+02  0.353015100000E+02  0.471500000000E+01
   27208 -0.761364100000E+02  0.353040400000E+02  0.187800000000E+01
   27209 -0.761676900000E+02  0.353045900000E+02  0.354600000000E+01
   27217 -0.762735200000E+02  0.353046800000E+02  0.162400000000E+01
   27222 -0.762211200000E+02  0.353059800000E+02  0.430300000000E+01
   27230 -0.763228800000E+02  0.353080900000E+02  0.317200000000E+01
   27232 -0.763560300000E+02  0.353086400000E+02  0.295300000000E+01
   27244 -0.762901800000E+02  0.353098700000E+02  0.258700000000E+01
   27246 -0.763905600000E+02  0.353108200000E+02  0.325700000000E+01
   27249 -0.762394300000E+02  0.353107800000E+02  0.281100000000E+01
   27253 -0.761840400000E+02  0.353125800000E+02  0.393000000000E+01
   27258 -0.761499700000E+02  0.353142300000E+02  0.282200000000E+01
   27266 -0.762573600000E+02  0.353147600000E+02  0.159300000000E+01
   27268 -0.763393500000E+02  0.353153600000E+02  0.278300000000E+01
   27272 -0.763065300000E+02  0.353156100000E+02  0.354300000000E+01
   27282 -0.763729500000E+02  0.353178400000E+02  0.305400000000E+01
   27287 -0.762020500000E+02  0.353186000000E+02  0.395700000000E+01
   27290 -0.762743000000E+02  0.353186900000E+02  0.111600000000E+01
   27291 -0.764088400000E+02  0.353202600000E+02  0.360900000000E+01
   27299 -0.761342400000E+02  0.353230000000E+02  0.254900000000E+01
   27302 -0.763228500000E+02  0.353220500000E+02  0.371200000000E+01
   27307 -0.763555700000E+02  0.353235000000E+02  0.293300000000E+01
   27308 -0.762904600000E+02  0.353232800000E+02  0.245700000000E+01
   27309 -0.762214600000E+02  0.353234900000E+02  0.410800000000E+01
   27319 -0.761621800000E+02  0.353282000000E+02  0.185800000000E+01
   27320 -0.762413100000E+02  0.353263600000E+02  0.355100000000E+01
   27336 -0.762592300000E+02  0.353283800000E+02  0.241000000000E+01
   27339 -0.761462700000E+02  0.353307800000E+02  0.184200000000E+01
   27343 -0.763917500000E+02  0.353299100000E+02  0.271000000000E+01
   27344 -0.763064000000E+02  0.353288200000E+02  0.305000000000E+01
   27346 -0.763393600000E+02  0.353292100000E+02  0.313500000000E+01
   27358 -0.762750700000E+02  0.353311800000E+02  0.164700000000E+01
   27360 -0.761826800000E+02  0.353309900000E+02  0.346600000000E+01
   27361 -0.763708300000E+02  0.353326800000E+02  0.191400000000E+01
   27381 -0.763225400000E+02  0.353352400000E+02  0.385800000000E+01
   27383 -0.762902700000E+02  0.353355400000E+02  0.208100000000E+01
   27391 -0.763549000000E+02  0.353372700000E+02  0.239200000000E+01
   27393 -0.761997300000E+02  0.353384600000E+02  0.252600000000E+01
   27398 -0.764117000000E+02  0.353398600000E+02  0.263300000000E+01
   27399 -0.762620900000E+02  0.353393100000E+02  0.191700000000E+01
   27400 -0.762452700000E+02  0.353399800000E+02  0.265800000000E+01
   27403 -0.762251000000E+02  0.353407500000E+02  0.144100000000E+01
   27414 -0.761658800000E+02  0.353414800000E+02  0.239100000000E+01
   27417 -0.763409300000E+02  0.353418500000E+02  0.160900000000E+01
   27418 -0.762740500000E+02  0.353418600000E+02  0.153800000000E+01
   27419 -0.763057800000E+02  0.353411600000E+02  0.231900000000E+01
   27422 -0.761333200000E+02  0.353439900000E+02  0.193600000000E+01
   27450 -0.761821700000E+02  0.353466500000E+02  0.239000000000E+01
   27453 -0.763199400000E+02  0.353483400000E+02  0.227600000000E+01
   27454 -0.762898500000E+02  0.353469700000E+02  0.164500000000E+01
   27467 -0.762506300000E+02  0.353518200000E+02  0.183200000000E+01
   27479 -0.762332400000E+02  0.353532900000E+02  0.125200000000E+01
   27488 -0.763056600000E+02  0.353520700000E+02  0.131700000000E+01
   27515 -0.763308300000E+02  0.353590400000E+02  0.365200000000E+01
   27526 -0.763139100000E+02  0.353606700000E+02  0.195600000000E+01
   27544 -0.763475200000E+02  0.353597300000E+02  0.159100000000E+01
   27554 -0.762447100000E+02  0.353639900000E+02  0.178400000000E+01
   27563 -0.762558100000E+02  0.353647300000E+02  0.206500000000E+01
   27581 -0.763235400000E+02  0.353706400000E+02  0.154500000000E+01
   27594 -0.763391000000E+02  0.353729700000E+02  0.262000000000E+01
   27634 -0.763557400000E+02  0.353783800000E+02  0.182900000000E+01
   27659 -0.763308600000E+02  0.353835600000E+02  0.167700000000E+01
   27681 -0.763461200000E+02  0.353865000000E+02  0.206900000000E+01
   27749 -0.763372300000E+02  0.353990500000E+02  0.128800000000E+01
       1 3    25450    25514    25579
       2 3    25450    25579    25522
       3 3    25475    25604    25534
       4 3    25475    25549    25604
       5 3    25522    25579    25646
       6 3    25514    25640    25579
       7 3    25522    25646    25585
       8 3    25534    25654    25596
       9 3    25534    25604    25654
      10 3    25549    25664    25604
      11 3    25549    25611    25664
      12 3    25555    25679    25611
      13 3    25555    25620    25679
      14 3    25579    25640    25724
      15 3    25585    25646    25726
      16 3    25579    25724    25646
      17 3    25585    25726    25647
      18 3    25596    25654    25727
      19 3    25604    25736    25654
      20 3    25604    25664    25736
      21 3    25611    25750    25664
      22 3    25611    25679    25750
      23 3    25620    25694    25758
      24 3    25620    25758    25679
      25 3    25647    25726    25807
      26 3    25640    25719    25809
      27 3    25646    25724    25810
      28 3    25654    25812    25727
      29 3    25647    25807    25723
      30 3    25640    25809    25724
      31 3    25654    25736    25812
      32 3    25646    25810    25726
      33 3    25664    25833    25736
      34 3    25664    25750    25833
      35 3    25679    25853    25750
      36 3    25679    25758    25853
      37 3    25694    25771    25871
      38 3    25694    25871    25758
      39 3    25727    25895    25784
      40 3    25727    25812    25895
      41 3    25723    25807    25908
      42 3    25726    25810    25915
      43 3    25719    25804    25916
      44 3    25724    25809    25918
      45 3    25723    25908    25799
      46 3    25736    25922    25812
      47 3    25719    25916    25809
      48 3    25726    25915    25807
      49 3    25724    25918    25810
      50 3    25736    25833    25922
      51 3    25750    25944    25833
      52 3    25750    25853    25944
      53 3    25758    25972    25853
      54 3    25758    25871    25972
      55 3    25784    26001    25873
      56 3    25771    25887    26005
      57 3    25771    26005    25871
      58 3    25784    25895    26001
      59 3    25785    25899    26021
      60 3    25785    26021    25887
      61 3    25812    26034    25895
      62 3    25799    25908    26036
      63 3    25799    26036    25899
      64 3    25812    25922    26034
      65 3    25807    25915    26045
      66 3    25810    25918    26053
      67 3    25809    25916    26056
      68 3    25807    26045    25908
      69 3    25804    26050    25916
      70 3    25810    26053    25915
      71 3    25833    26064    25922
      72 3    25809    26056    25918
      73 3    25833    25944    26064
      74 3    25853    26087    25944
      75 3    25853    25972    26087
      76 3    25871    26005    26113
      77 3    25871    26113    25972
      78 3    25873    26001    26092
      79 3    25895    26136    26001
      80 3    25887    26021    26137
      81 3    25887    26137    26005
      82 3    25895    26034    26136
      83 3    25899    26036    26161
      84 3    25899    26161    26021
      85 3    25908    26045    26174
      86 3    25922    26175    26034
      87 3    25908    26174    26036
      88 3    25922    26064    26175
      89 3    25915    26053    26186
      90 3    25918    26056    26193
      91 3    25916    26050    26195
      92 3    25915    26186    26045
      93 3    25916    26195    26056
      94 3    25918    26193    26053
      95 3    25944    26212    26064
      96 3    25944    26087    26212
      97 3    25972    26236    26087
      98 3    25972    26113    26236
      99 3    26001    26240    26092
     100 3    26005    26137    26262
     101 3    26005    26262    26113
     102 3    26001    26136    26240
     103 3    26021    26161    26276
     104 3    26034    26281    26136
     105 3    26021    26276    26137
     106 3    26034    26175    26281
     107 3    26036    26174    26299
     108 3    26036    26299    26161
     109 3    26045    26186    26312
     110 3    26064    26314    26175
     111 3    26045    26312    26174
     112 3    26053    26193    26323
     113 3    26064    26212    26314
     114 3    26056    26195    26330
     115 3    26092    26335    26191
     116 3    26053    26323    26186
     117 3    26056    26330    26193
     118 3    26087    26345    26212
     119 3    26087    26236    26345
     120 3    26092    26240    26335
     121 3    26113    26368    26236
     122 3    26113    26262    26368
     123 3    26136    26376    26240
     124 3    26137    26276    26389
     125 3    26137    26389    26262
     126 3    26136    26281    26376
     127 3    26161    26299    26407
     128 3    26161    26407    26276
     129 3    26175    26411    26281
     130 3    26175    26314    26411
     131 3    26174    26312    26427
     132 3    26174    26427    26299
     133 3    26191    26335    26406
     134 3    26186    26323    26439
     135 3    26212    26442    26314
     136 3    26193    26330    26446
     137 3    26186    26439    26312
     138 3    26212    26345    26442
     139 3    26193    26446    26323
     140 3    26195    26450    26330
     141 3    26240    26460    26335
     142 3    26236    26464    26345
     143 3    26236    26368    26464
     144 3    26240    26376    26460
     145 3    26262    26389    26482
     146 3    26262    26482    26368
     147 3    26281    26497    26376
     148 3    26276    26407    26502
     149 3    26276    26502    26389
     150 3    26281    26411    26497
     151 3    26299    26427    26514
     152 3    26299    26514    26407
     153 3    26335    26521    26406
     154 3    26314    26522    26411
     155 3    26314    26442    26522
     156 3    26312    26439    26528
     157 3    26312    26528    26427
     158 3    26323    26446    26533
     159 3    26330    26450    26539
     160 3    26345    26541    26442
     161 3    26323    26533    26439
     162 3    26345    26464    26541
     163 3    26335    26460    26521
     164 3    26330    26539    26446
     165 3    26368    26558    26464
     166 3    26368    26482    26558
     167 3    26376    26561    26460
     168 3    26376    26497    26561
     169 3    26389    26502    26582
     170 3    26389    26582    26482
     171 3    26411    26595    26497
     172 3    26407    26514    26597
     173 3    26407    26597    26502
     174 3    26411    26522    26595
     175 3    26406    26521    26575
     176 3    26427    26528    26611
     177 3    26427    26611    26514
     178 3    26442    26615    26522
     179 3    26442    26541    26615
     180 3    26439    26533    26618
     181 3    26460    26627    26521
     182 3    26439    26618    26528
     183 3    26446    26539    26630
     184 3    26464    26639    26541
     185 3    26446    26630    26533
     186 3    26464    26558    26639
     187 3    26450    26635    26539
     188 3    26460    26561    26627
     189 3    26482    26582    26651
     190 3    26482    26651    26558
     191 3    26497    26663    26561
     192 3    26497    26595    26663
     193 3    26502    26597    26670
     194 3    26502    26670    26582
     195 3    26521    26673    26575
     196 3    26514    26611    26686
     197 3    26522    26687    26595
     198 3    26514    26686    26597
     199 3    26522    26615    26687
     200 3    26528    26618    26700
     201 3    26528    26700    26611
     202 3    26541    26708    26615
     203 3    26541    26639    26708
     204 3    26533    26630    26710
     205 3    26521    26627    26673
     206 3    26539    26635    26715
     207 3    26533    26710    26618
     208 3    26558    26722    26639
     209 3    26558    26651    26722
     210 3    26539    26715    26630
     211 3    26561    26726    26627
     212 3    26561    26663    26726
     213 3    26582    26670    26744
     214 3    26582    26744    26651
     215 3    26595    26755    26663
     216 3    26597    26686    26759
     217 3    26595    26687    26755
     218 3    26597    26759    26670
     219 3    26611    26700    26771
     220 3    26615    26772    26687
     221 3    26615    26708    26772
     222 3    26611    26771    26686
     223 3    26618    26710    26783
     224 3    26639    26786    26708
     225 3    26627    26726    26788
     226 3    26639    26722    26786
     227 3    26618    26783    26700
     228 3    26627    26788    26673
     229 3    26630    26715    26794
     230 3    26630    26794    26710
     231 3    26651    26802    26722
     232 3    26651    26744    26802
     233 3    26635    26799    26715
     234 3    26663    26811    26726
     235 3    26663    26755    26811
     236 3    26670    26759    26816
     237 3    26670    26816    26744
     238 3    26673    26829    26830
     239 3    26687    26831    26755
     240 3    26673    26788    26829
     241 3    26686    26771    26834
     242 3    26687    26772    26831
     243 3    26686    26834    26759
     244 3    26708    26849    26772
     245 3    26700    26783    26850
     246 3    26708    26786    26849
     247 3    26700    26850    26771
     248 3    26722    26856    26786
     249 3    26710    26794    26858
     250 3    26722    26802    26856
     251 3    26726    26863    26788
     252 3    26710    26858    26783
     253 3    26715    26799    26865
     254 3    26726    26811    26863
     255 3    26715    26865    26794
     256 3    26744    26816    26868
     257 3    26744    26868    26802
     258 3    26830    26869    26870
     259 3    26830    26829    26869
     260 3    26755    26880    26811
     261 3    26759    26834    26881
     262 3    26755    26831    26880
     263 3    26759    26881    26816
     264 3    26772    26886    26831
     265 3    26772    26849    26886
     266 3    26771    26850    26888
     267 3    26788    26890    26829
     268 3    26771    26888    26834
     269 3    26788    26863    26890
     270 3    26786    26899    26849
     271 3    26786    26856    26899
     272 3    26783    26858    26901
     273 3    26783    26901    26850
     274 3    26802    26905    26856
     275 3    26829    26906    26869
     276 3    26802    26868    26905
     277 3    26794    26865    26907
     278 3    26794    26907    26858
     279 3    26811    26914    26863
     280 3    26799    26913    26865
     281 3    26811    26880    26914
     282 3    26816    26881    26918
     283 3    26816    26918    26868
     284 3    26829    26890    26906
     285 3    26831    26923    26880
     286 3    26831    26886    26923
     287 3    26834    26888    26927
     288 3    26834    26927    26881
     289 3    26849    26934    26886
     290 3    26849    26899    26934
     291 3    26850    26901    26941
     292 3    26856    26944    26899
     293 3    26856    26905    26944
     294 3    26850    26941    26888
     295 3    26863    26946    26890
     296 3    26863    26914    26946
     297 3    26858    26907    26950
     298 3    26868    26951    26905
     299 3    26868    26918    26951
     300 3    26858    26950    26901
     301 3    26865    26913    26956
     302 3    26865    26956    26907
     303 3    26880    26963    26914
     304 3    26881    26927    26965
     305 3    26881    26965    26918
     306 3    26880    26923    26963
     307 3    26886    26975    26923
     308 3    26886    26934    26975
     309 3    26888    26941    26978
     310 3    26890    26946    26980
     311 3    26899    26982    26934
     312 3    26888    26978    26927
     313 3    26899    26944    26982
     314 3    26905    26988    26944
     315 3    26905    26951    26988
     316 3    26890    26980    26906
     317 3    26901    26950    26993
     318 3    26901    26993    26941
     319 3    26918    26997    26951
     320 3    26918    26965    26997
     321 3    26914    26998    26946
     322 3    26907    26956    27000
     323 3    26914    26963    26998
     324 3    26907    27000    26950
     325 3    26913    27004    26956
     326 3    26906    26980    27010
     327 3    26923    27011    26963
     328 3    26927    26978    27015
     329 3    26923    26975    27011
     330 3    26927    27015    26965
     331 3    26934    27019    26975
     332 3    26934    26982    27019
     333 3    26944    27026    26982
     334 3    26944    26988    27026
     335 3    26941    26993    27030
     336 3    26941    27030    26978
     337 3    26951    27036    26988
     338 3    26951    26997    27036
     339 3    26946    27037    26980
     340 3    26946    26998    27037
     341 3    26950    27000    27047
     342 3    26965    27052    26997
     343 3    26965    27015    27052
     344 3    26950    27047    26993
     345 3    26963    27055    26998
     346 3    26956    27004    27056
     347 3    26963    27011    27055
     348 3    26956    27056    27000
     349 3    26975    27060    27011
     350 3    26975    27019    27060
     351 3    26982    27064    27019
     352 3    26982    27026    27064
     353 3    26978    27030    27072
     354 3    26978    27072    27015
     355 3    26988    27073    27026
     356 3    26988    27036    27073
     357 3    26980    27037    27085
     358 3    26997    27087    27036
     359 3    26997    27052    27087
     360 3    26993    27047    27090
     361 3    26998    27095    27037
     362 3    26993    27090    27030
     363 3    26998    27055    27095
     364 3    27000    27056    27103
     365 3    27011    27106    27055
     366 3    27015    27107    27052
     367 3    27015    27072    27107
     368 3    27011    27060    27106
     369 3    27019    27111    27060
     370 3    27000    27103    27047
     371 3    27004    27104    27056
     372 3    27019    27064    27111
     373 3    27026    27115    27064
     374 3    27026    27073    27115
     375 3    27036    27124    27073
     376 3    27036    27087    27124
     377 3    27030    27090    27129
     378 3    27030    27129    27072
     379 3    27052    27135    27087
     380 3    27037    27137    27085
     381 3    27052    27107    27135
     382 3    27037    27095    27137
     383 3    27055    27147    27095
     384 3    27047    27103    27148
     385 3    27055    27106    27147
     386 3    27060    27153    27106
     387 3    27064    27154    27111
     388 3    27064    27115    27154
     389 3    27056    27104    27155
     390 3    27047    27148    27090
     391 3    27073    27157    27115
     392 3    27060    27111    27153
     393 3    27073    27124    27157
     394 3    27072    27163    27107
     395 3    27072    27129    27163
     396 3    27056    27155    27103
     397 3    27087    27167    27124
     398 3    27087    27135    27167
     399 3    27090    27148    27188
     400 3    27107    27193    27135
     401 3    27107    27163    27193
     402 3    27090    27188    27129
     403 3    27115    27197    27154
     404 3    27115    27157    27197
     405 3    27106    27198    27147
     406 3    27111    27199    27153
     407 3    27111    27154    27199
     408 3    27124    27203    27157
     409 3    27124    27167    27203
     410 3    27106    27153    27198
     411 3    27103    27155    27209
     412 3    27104    27208    27155
     413 3    27135    27217    27167
     414 3    27103    27209    27148
     415 3    27135    27193    27217
     416 3    27129    27188    27222
     417 3    27129    27222    27163
     418 3    27157    27230    27197
     419 3    27157    27203    27230
     420 3    27154    27197    27232
     421 3    27154    27232    27199
     422 3    27167    27244    27203
     423 3    27153    27246    27198
     424 3    27167    27217    27244
     425 3    27163    27249    27193
     426 3    27153    27199    27246
     427 3    27148    27209    27253
     428 3    27163    27222    27249
     429 3    27155    27208    27258
     430 3    27148    27253    27188
     431 3    27155    27258    27209
     432 3    27193    27266    27217
     433 3    27197    27230    27268
     434 3    27197    27268    27232
     435 3    27203    27272    27230
     436 3    27193    27249    27266
     437 3    27203    27244    27272
     438 3    27199    27232    27282
     439 3    27199    27282    27246
     440 3    27188    27253    27287
     441 3    27217    27290    27244
     442 3    27188    27287    27222
     443 3    27217    27266    27290
     444 3    27198    27246    27291
     445 3    27208    27299    27258
     446 3    27230    27272    27302
     447 3    27230    27302    27268
     448 3    27232    27268    27307
     449 3    27244    27308    27272
     450 3    27222    27309    27249
     451 3    27244    27290    27308
     452 3    27232    27307    27282
     453 3    27222    27287    27309
     454 3    27258    27319    27209
     455 3    27249    27320    27266
     456 3    27266    27336    27290
     457 3    27249    27309    27320
     458 3    27258    27299    27339
     459 3    27246    27343    27291
     460 3    27272    27308    27344
     461 3    27209    27319    27253
     462 3    27272    27344    27302
     463 3    27268    27346    27307
     464 3    27268    27302    27346
     465 3    27246    27282    27343
     466 3    27266    27320    27336
     467 3    27258    27339    27319
     468 3    27290    27358    27308
     469 3    27253    27360    27287
     470 3    27282    27307    27361
     471 3    27253    27319    27360
     472 3    27290    27336    27358
     473 3    27302    27344    27381
     474 3    27282    27361    27343
     475 3    27308    27358    27383
     476 3    27302    27381    27346
     477 3    27308    27383    27344
     478 3    27307    27346    27391
     479 3    27287    27360    27393
     480 3    27307    27391    27361
     481 3    27336    27399    27358
     482 3    27320    27400    27336
     483 3    27309    27403    27320
     484 3    27287    27393    27309
     485 3    27291    27343    27398
     486 3    27319    27414    27360
     487 3    27346    27417    27391
     488 3    27358    27399    27418
     489 3    27344    27383    27419
     490 3    27299    27422    27339
     491 3    27344    27419    27381
     492 3    27336    27400    27399
     493 3    27358    27418    27383
     494 3    27346    27381    27417
     495 3    27320    27403    27400
     496 3    27309    27393    27403
     497 3    27360    27414    27450
     498 3    27360    27450    27393
     499 3    27381    27419    27453
     500 3    27383    27418    27454
     501 3    27383    27454    27419
     502 3    27400    27467    27399
     503 3    27403    27479    27400
     504 3    27381    27453    27417
     505 3    27419    27488    27453
     506 3    27419    27454    27488
     507 3    27400    27479    27467
     508 3    27453    27515    27417
     509 3    27453    27488    27526
     510 3    27417    27515    27544
     511 3    27467    27479    27554
     512 3    27453    27526    27515
     513 3    27467    27554    27563
     514 3    27515    27526    27581
     515 3    27544    27515    27594
     516 3    27515    27581    27594
     517 3    27544    27594    27634
     518 3    27594    27581    27659
     519 3    27594    27681    27634
     520 3    27594    27659    27681
     521 3    27659    27749    27681
 0                                                                              
 0                                                                              
 1                                                                              
 36                                                                             
      36       0                                                                
   27422
   27339
   27319
   27414
   27450
   27393
   27403
   27479
   27554
   27563
   27467
   27399
   27418
   27454
   27488
   27526
   27581
   27659
   27749
   27681
   27634
   27544
   27417
   27391
   27361
   27343
   27398
   27085
   26980
   27010
   26906
   26869
   26870
   26830
   26673
   26575
