bi_1997_v2.grd                                                                  
     531     302
    2302 -0.764352000000E+02  0.339426000000E+02  0.669150000000E+02
    2345 -0.765322300000E+02  0.339599600000E+02  0.419440000000E+02
    2347 -0.764679900000E+02  0.339601500000E+02  0.470490000000E+02
    2348 -0.764034500000E+02  0.339604500000E+02  0.755900000000E+02
    2386 -0.765645200000E+02  0.339772200000E+02  0.415010000000E+02
    2387 -0.765006500000E+02  0.339776000000E+02  0.421370000000E+02
    2390 -0.764362300000E+02  0.339779400000E+02  0.484830000000E+02
    2391 -0.763717600000E+02  0.339782300000E+02  0.898640000000E+02
    2422 -0.765966300000E+02  0.339941700000E+02  0.411730000000E+02
    2423 -0.765331600000E+02  0.339948300000E+02  0.415530000000E+02
    2426 -0.764689700000E+02  0.339953800000E+02  0.428240000000E+02
    2428 -0.764044300000E+02  0.339957000000E+02  0.500750000000E+02
    2429 -0.763401500000E+02  0.339958000000E+02  0.978160000000E+02
    2466 -0.766285600000E+02  0.340107800000E+02  0.403210000000E+02
    2469 -0.765655500000E+02  0.340117600000E+02  0.412590000000E+02
    2475 -0.765016700000E+02  0.340126500000E+02  0.415470000000E+02
    2476 -0.763086200000E+02  0.340130800000E+02  0.109939000000E+03
    2477 -0.764371900000E+02  0.340132300000E+02  0.431580000000E+02
    2478 -0.763726300000E+02  0.340133400000E+02  0.533500000000E+02
    2500 -0.767219000000E+02  0.340260100000E+02  0.371820000000E+02
    2502 -0.766602700000E+02  0.340270500000E+02  0.391000000000E+02
    2505 -0.765977800000E+02  0.340283200000E+02  0.406330000000E+02
    2508 -0.765343200000E+02  0.340296100000E+02  0.408600000000E+02
    2510 -0.762775000000E+02  0.340301100000E+02  0.120362000000E+03
    2512 -0.764700000000E+02  0.340306200000E+02  0.420690000000E+02
    2513 -0.763408300000E+02  0.340307200000E+02  0.601100000000E+02
    2517 -0.764052700000E+02  0.340310300000E+02  0.436610000000E+02
    2538 -0.767528700000E+02  0.340418700000E+02  0.363840000000E+02
    2542 -0.766917300000E+02  0.340430000000E+02  0.373170000000E+02
    2547 -0.766297900000E+02  0.340444900000E+02  0.393870000000E+02
    2549 -0.765668600000E+02  0.340461800000E+02  0.401230000000E+02
    2551 -0.762469800000E+02  0.340465400000E+02  0.139067000000E+03
    2554 -0.765028800000E+02  0.340477100000E+02  0.405670000000E+02
    2555 -0.763091400000E+02  0.340477000000E+02  0.708240000000E+02
    2558 -0.764381300000E+02  0.340486600000E+02  0.421060000000E+02
    2559 -0.763732400000E+02  0.340486400000E+02  0.453490000000E+02
    2573 -0.767835800000E+02  0.340575300000E+02  0.365310000000E+02
    2575 -0.767229300000E+02  0.340586900000E+02  0.363550000000E+02
    2579 -0.762163800000E+02  0.340617100000E+02  0.155777000000E+03
    2580 -0.766615600000E+02  0.340603000000E+02  0.382990000000E+02
    2585 -0.765992400000E+02  0.340623000000E+02  0.392520000000E+02
    2588 -0.765357400000E+02  0.340643800000E+02  0.397040000000E+02
    2590 -0.762776900000E+02  0.340641500000E+02  0.886290000000E+02
    2592 -0.764711800000E+02  0.340660200000E+02  0.411760000000E+02
    2593 -0.763411200000E+02  0.340658700000E+02  0.477550000000E+02
    2598 -0.764059800000E+02  0.340666500000E+02  0.417330000000E+02
    2615 -0.768140600000E+02  0.340730300000E+02  0.357180000000E+02
    2618 -0.767538500000E+02  0.340741400000E+02  0.365700000000E+02
    2622 -0.766930400000E+02  0.340757900000E+02  0.370350000000E+02
    2630 -0.766313600000E+02  0.340779800000E+02  0.388640000000E+02
    2634 -0.762463400000E+02  0.340799000000E+02  0.109501000000E+03
    2635 -0.765685300000E+02  0.340805300000E+02  0.385880000000E+02
    2640 -0.763090100000E+02  0.340825100000E+02  0.534810000000E+02
    2641 -0.765043600000E+02  0.340829200000E+02  0.389270000000E+02
    2644 -0.764391200000E+02  0.340844500000E+02  0.413390000000E+02
    2646 -0.763735500000E+02  0.340843900000E+02  0.431910000000E+02
    2655 -0.767844900000E+02  0.340894300000E+02  0.361220000000E+02
    2660 -0.767242000000E+02  0.340910300000E+02  0.369000000000E+02
    2664 -0.766631900000E+02  0.340932700000E+02  0.381060000000E+02
    2671 -0.766011000000E+02  0.340961300000E+02  0.379860000000E+02
    2672 -0.762144500000E+02  0.340950900000E+02  0.110941000000E+03
    2674 -0.762770700000E+02  0.340984400000E+02  0.541520000000E+02
    2676 -0.765375800000E+02  0.340992400000E+02  0.379730000000E+02
    2680 -0.763408600000E+02  0.341015200000E+02  0.415110000000E+02
    2681 -0.764725800000E+02  0.341017600000E+02  0.391030000000E+02
    2684 -0.764066000000E+02  0.341028700000E+02  0.395660000000E+02
    2695 -0.768148700000E+02  0.341045800000E+02  0.346580000000E+02
    2703 -0.767550400000E+02  0.341060700000E+02  0.363400000000E+02
    2710 -0.766946400000E+02  0.341082500000E+02  0.373120000000E+02
    2713 -0.766333500000E+02  0.341112100000E+02  0.374110000000E+02
    2714 -0.762453200000E+02  0.341138100000E+02  0.628590000000E+02
    2715 -0.765706900000E+02  0.341148400000E+02  0.373390000000E+02
    2718 -0.763081400000E+02  0.341176900000E+02  0.420730000000E+02
    2719 -0.765062600000E+02  0.341184200000E+02  0.378050000000E+02
    2734 -0.764402800000E+02  0.341208400000E+02  0.379920000000E+02
    2735 -0.767855800000E+02  0.341209800000E+02  0.351850000000E+02
    2736 -0.763734700000E+02  0.341210000000E+02  0.411250000000E+02
    2738 -0.767257200000E+02  0.341230100000E+02  0.363850000000E+02
    2742 -0.766651900000E+02  0.341258900000E+02  0.363610000000E+02
    2753 -0.762140500000E+02  0.341291000000E+02  0.651440000000E+02
    2754 -0.766035200000E+02  0.341297500000E+02  0.368410000000E+02
    2758 -0.762757800000E+02  0.341329500000E+02  0.431950000000E+02
    2760 -0.765399900000E+02  0.341342500000E+02  0.367430000000E+02
    2774 -0.768158300000E+02  0.341358100000E+02  0.333160000000E+02
    2777 -0.767564400000E+02  0.341376300000E+02  0.352830000000E+02
    2778 -0.763398000000E+02  0.341379600000E+02  0.404190000000E+02
    2779 -0.764743800000E+02  0.341380000000E+02  0.370350000000E+02
    2781 -0.766965600000E+02  0.341403100000E+02  0.358590000000E+02
    2782 -0.764072300000E+02  0.341401200000E+02  0.370150000000E+02
    2791 -0.766358500000E+02  0.341440800000E+02  0.358180000000E+02
    2797 -0.762440600000E+02  0.341477900000E+02  0.460430000000E+02
    2799 -0.765735600000E+02  0.341490800000E+02  0.359100000000E+02
    2814 -0.767868200000E+02  0.341521800000E+02  0.333910000000E+02
    2815 -0.763062400000E+02  0.341531400000E+02  0.414900000000E+02
    2817 -0.765087300000E+02  0.341543600000E+02  0.355020000000E+02
    2819 -0.767274900000E+02  0.341545800000E+02  0.347850000000E+02
    2824 -0.766676000000E+02  0.341580700000E+02  0.350360000000E+02
    2825 -0.764418600000E+02  0.341579600000E+02  0.365050000000E+02
    2830 -0.763728400000E+02  0.341594000000E+02  0.380530000000E+02
    2835 -0.766066100000E+02  0.341630100000E+02  0.351900000000E+02
    2850 -0.768168900000E+02  0.341667100000E+02  0.321390000000E+02
    2851 -0.762737100000E+02  0.341673000000E+02  0.419530000000E+02
    2852 -0.767580100000E+02  0.341687900000E+02  0.337940000000E+02
    2854 -0.765432400000E+02  0.341695100000E+02  0.336240000000E+02
    2861 -0.766987800000E+02  0.341719000000E+02  0.341400000000E+02
    2864 -0.764767100000E+02  0.341747600000E+02  0.335830000000E+02
    2865 -0.763371800000E+02  0.341753900000E+02  0.366900000000E+02
    2868 -0.766389000000E+02  0.341764100000E+02  0.348300000000E+02
    2874 -0.764083500000E+02  0.341788900000E+02  0.336090000000E+02
    2882 -0.762423000000E+02  0.341814800000E+02  0.462340000000E+02
    2886 -0.765774300000E+02  0.341830600000E+02  0.325320000000E+02
    2888 -0.767881700000E+02  0.341830100000E+02  0.324000000000E+02
    2892 -0.767294500000E+02  0.341857000000E+02  0.336890000000E+02
    2896 -0.763027700000E+02  0.341880100000E+02  0.397230000000E+02
    2899 -0.766703900000E+02  0.341896600000E+02  0.338910000000E+02
    2902 -0.765119400000E+02  0.341912500000E+02  0.328600000000E+02
    2910 -0.766105700000E+02  0.341955900000E+02  0.324230000000E+02
    2913 -0.764443700000E+02  0.341952700000E+02  0.328980000000E+02
    2921 -0.768180200000E+02  0.341972600000E+02  0.311900000000E+02
    2924 -0.767597000000E+02  0.341995400000E+02  0.328380000000E+02
    2925 -0.762709500000E+02  0.342009300000E+02  0.404670000000E+02
    2933 -0.767012300000E+02  0.342029300000E+02  0.334370000000E+02
    2934 -0.763710800000E+02  0.342033700000E+02  0.326420000000E+02
    2935 -0.765479300000E+02  0.342050600000E+02  0.319930000000E+02
    2939 -0.766424700000E+02  0.342079800000E+02  0.324120000000E+02
    2945 -0.763303300000E+02  0.342108200000E+02  0.317440000000E+02
    2956 -0.764791400000E+02  0.342118300000E+02  0.324190000000E+02
    2960 -0.767895900000E+02  0.342134600000E+02  0.314940000000E+02
    2962 -0.765828000000E+02  0.342160200000E+02  0.317590000000E+02
    2965 -0.767315500000E+02  0.342163300000E+02  0.328180000000E+02
    2966 -0.764128000000E+02  0.342174600000E+02  0.319270000000E+02
    2972 -0.762981100000E+02  0.342209500000E+02  0.318780000000E+02
    2974 -0.766734500000E+02  0.342205500000E+02  0.319140000000E+02
    2990 -0.766153000000E+02  0.342270000000E+02  0.316430000000E+02
    2993 -0.768191800000E+02  0.342274900000E+02  0.306770000000E+02
    2998 -0.767614600000E+02  0.342298600000E+02  0.316590000000E+02
    2999 -0.764474900000E+02  0.342308400000E+02  0.313770000000E+02
    3000 -0.765160700000E+02  0.342320000000E+02  0.323500000000E+02
    3005 -0.767038000000E+02  0.342333800000E+02  0.323670000000E+02
    3006 -0.763510200000E+02  0.342367200000E+02  0.329670000000E+02
    3013 -0.765563000000E+02  0.342384700000E+02  0.324780000000E+02
    3016 -0.766463500000E+02  0.342385500000E+02  0.305560000000E+02
    3019 -0.763217600000E+02  0.342408700000E+02  0.327940000000E+02
    3030 -0.763850700000E+02  0.342452800000E+02  0.331330000000E+02
    3033 -0.767910300000E+02  0.342435400000E+02  0.307060000000E+02
    3035 -0.765894700000E+02  0.342468700000E+02  0.320620000000E+02
    3038 -0.767336900000E+02  0.342464700000E+02  0.315260000000E+02
    3039 -0.764784500000E+02  0.342468900000E+02  0.320170000000E+02
    3044 -0.764205900000E+02  0.342513100000E+02  0.309320000000E+02
    3045 -0.766765900000E+02  0.342506900000E+02  0.303630000000E+02
    3057 -0.763383000000E+02  0.342573800000E+02  0.322520000000E+02
    3063 -0.766202700000E+02  0.342568900000E+02  0.309670000000E+02
    3067 -0.768203000000E+02  0.342574000000E+02  0.299570000000E+02
    3068 -0.767632200000E+02  0.342597700000E+02  0.298410000000E+02
    3070 -0.765352800000E+02  0.342633700000E+02  0.320950000000E+02
    3073 -0.763596300000E+02  0.342630200000E+02  0.319050000000E+02
    3074 -0.764498100000E+02  0.342623700000E+02  0.307390000000E+02
    3077 -0.767063600000E+02  0.342632800000E+02  0.307220000000E+02
    3083 -0.765036900000E+02  0.342671400000E+02  0.317440000000E+02
    3084 -0.765664300000E+02  0.342674700000E+02  0.312230000000E+02
    3091 -0.766501000000E+02  0.342681400000E+02  0.307480000000E+02
    3098 -0.764013400000E+02  0.342729200000E+02  0.306340000000E+02
    3099 -0.763791800000E+02  0.342723800000E+02  0.318210000000E+02
    3106 -0.767924300000E+02  0.342732800000E+02  0.287950000000E+02
    3108 -0.765959100000E+02  0.342753000000E+02  0.302560000000E+02
    3112 -0.764747500000E+02  0.342771900000E+02  0.312950000000E+02
    3113 -0.767358000000E+02  0.342761800000E+02  0.295740000000E+02
    3116 -0.764271900000E+02  0.342790700000E+02  0.299240000000E+02
    3117 -0.763408100000E+02  0.342788500000E+02  0.303130000000E+02
    3120 -0.766795400000E+02  0.342801900000E+02  0.306830000000E+02
    3132 -0.766246600000E+02  0.342854200000E+02  0.307710000000E+02
    3133 -0.765218000000E+02  0.342874000000E+02  0.303160000000E+02
    3135 -0.765477100000E+02  0.342876700000E+02  0.303080000000E+02
    3136 -0.763634100000E+02  0.342876800000E+02  0.295290000000E+02
    3147 -0.768213700000E+02  0.342870000000E+02  0.285860000000E+02
    3149 -0.764505500000E+02  0.342889400000E+02  0.292940000000E+02
    3150 -0.767649400000E+02  0.342893200000E+02  0.281950000000E+02
    3153 -0.763865100000E+02  0.342931200000E+02  0.301190000000E+02
    3154 -0.765741300000E+02  0.342931100000E+02  0.278040000000E+02
    3157 -0.767088000000E+02  0.342927200000E+02  0.299550000000E+02
    3163 -0.764960600000E+02  0.342959800000E+02  0.295590000000E+02
    3165 -0.764096800000E+02  0.342965400000E+02  0.288880000000E+02
    3168 -0.766533300000E+02  0.342970100000E+02  0.304560000000E+02
    3174 -0.764701400000E+02  0.343018500000E+02  0.286790000000E+02
    3182 -0.764313800000E+02  0.343023900000E+02  0.280700000000E+02
    3183 -0.766007100000E+02  0.343019600000E+02  0.280780000000E+02
    3189 -0.765333900000E+02  0.343053000000E+02  0.284530000000E+02
    3190 -0.767937800000E+02  0.343026900000E+02  0.275180000000E+02
    3193 -0.765150800000E+02  0.343049300000E+02  0.284060000000E+02
    3197 -0.767378500000E+02  0.343055200000E+02  0.290240000000E+02
    3200 -0.765554400000E+02  0.343093000000E+02  0.271900000000E+02
    3201 -0.766822000000E+02  0.343093100000E+02  0.302670000000E+02
    3205 -0.764502300000E+02  0.343108100000E+02  0.279540000000E+02
    3211 -0.766277800000E+02  0.343132200000E+02  0.285670000000E+02
    3216 -0.765032200000E+02  0.343166000000E+02  0.281440000000E+02
    3217 -0.764841500000E+02  0.343167400000E+02  0.282130000000E+02
    3228 -0.765788000000E+02  0.343169100000E+02  0.274150000000E+02
    3231 -0.768223500000E+02  0.343163100000E+02  0.272120000000E+02
    3232 -0.765211000000E+02  0.343193400000E+02  0.279810000000E+02
    3236 -0.767666000000E+02  0.343185300000E+02  0.280520000000E+02
    3238 -0.764653500000E+02  0.343214300000E+02  0.280460000000E+02
    3242 -0.765395500000E+02  0.343230900000E+02  0.274300000000E+02
    3243 -0.767111400000E+02  0.343218700000E+02  0.295090000000E+02
    3248 -0.766558200000E+02  0.343257400000E+02  0.291020000000E+02
    3254 -0.766031600000E+02  0.343277500000E+02  0.279020000000E+02
    3257 -0.764935400000E+02  0.343310700000E+02  0.281590000000E+02
    3258 -0.765593600000E+02  0.343297000000E+02  0.275420000000E+02
    3260 -0.765097900000E+02  0.343315000000E+02  0.281090000000E+02
    3274 -0.764769200000E+02  0.343334700000E+02  0.277520000000E+02
    3278 -0.767950500000E+02  0.343317900000E+02  0.271250000000E+02
    3280 -0.765258500000E+02  0.343345900000E+02  0.278240000000E+02
    3283 -0.767398800000E+02  0.343345500000E+02  0.285970000000E+02
    3290 -0.766846800000E+02  0.343383700000E+02  0.289400000000E+02
    3293 -0.765424900000E+02  0.343403100000E+02  0.276730000000E+02
    3294 -0.765802400000E+02  0.343396200000E+02  0.277340000000E+02
    3298 -0.765009500000E+02  0.343430900000E+02  0.273770000000E+02
    3300 -0.766291900000E+02  0.343414300000E+02  0.278090000000E+02
    3302 -0.765144300000E+02  0.343443000000E+02  0.276050000000E+02
    3303 -0.764866100000E+02  0.343449600000E+02  0.251030000000E+02
    3317 -0.768232100000E+02  0.343453500000E+02  0.260180000000E+02
    3324 -0.767682300000E+02  0.343474200000E+02  0.278300000000E+02
    3328 -0.765280600000E+02  0.343490000000E+02  0.269870000000E+02
    3330 -0.765599400000E+02  0.343489800000E+02  0.273990000000E+02
    3333 -0.765063400000E+02  0.343517700000E+02  0.255120000000E+02
    3338 -0.767135700000E+02  0.343507800000E+02  0.285260000000E+02
    3344 -0.764954500000E+02  0.343549500000E+02  0.233040000000E+02
    3345 -0.766024500000E+02  0.343533700000E+02  0.273490000000E+02
    3347 -0.765159600000E+02  0.343558600000E+02  0.248240000000E+02
    3348 -0.766578800000E+02  0.343551500000E+02  0.275930000000E+02
    3350 -0.765424700000E+02  0.343564900000E+02  0.264360000000E+02
    3361 -0.765052500000E+02  0.343606300000E+02  0.220080000000E+02
    3364 -0.765779800000E+02  0.343610100000E+02  0.266350000000E+02
    3380 -0.767962300000E+02  0.343605800000E+02  0.269870000000E+02
    3381 -0.765275200000E+02  0.343624700000E+02  0.242260000000E+02
    3388 -0.767419700000E+02  0.343632500000E+02  0.277810000000E+02
    3393 -0.765145400000E+02  0.343670100000E+02  0.208560000000E+02
    3394 -0.765573400000E+02  0.343668100000E+02  0.248960000000E+02
    3399 -0.766875900000E+02  0.343673800000E+02  0.271180000000E+02
    3409 -0.765397900000E+02  0.343714300000E+02  0.222730000000E+02
    3424 -0.766281800000E+02  0.343733300000E+02  0.263310000000E+02
    3425 -0.765246300000E+02  0.343751000000E+02  0.190860000000E+02
    3433 -0.768239200000E+02  0.343740900000E+02  0.259120000000E+02
    3441 -0.765961000000E+02  0.343771300000E+02  0.235250000000E+02
    3452 -0.767698500000E+02  0.343759700000E+02  0.271990000000E+02
    3459 -0.765720600000E+02  0.343802000000E+02  0.212100000000E+02
    3464 -0.767162800000E+02  0.343793800000E+02  0.264850000000E+02
    3473 -0.765521100000E+02  0.343828200000E+02  0.201260000000E+02
    3480 -0.765350200000E+02  0.343850300000E+02  0.183750000000E+02
    3483 -0.766619600000E+02  0.343847100000E+02  0.261980000000E+02
    3508 -0.767973000000E+02  0.343890300000E+02  0.262220000000E+02
    3526 -0.767441400000E+02  0.343915700000E+02  0.260330000000E+02
    3537 -0.765636800000E+02  0.343967000000E+02  0.206840000000E+02
    3538 -0.765853300000E+02  0.343968500000E+02  0.218500000000E+02
    3539 -0.765450100000E+02  0.343968800000E+02  0.185190000000E+02
    3544 -0.766913300000E+02  0.343959400000E+02  0.255850000000E+02
    3546 -0.766107700000E+02  0.343981100000E+02  0.236110000000E+02
    3566 -0.766391300000E+02  0.344035000000E+02  0.244920000000E+02
    3573 -0.768244500000E+02  0.344025400000E+02  0.254580000000E+02
    3586 -0.767714000000E+02  0.344041100000E+02  0.253250000000E+02
    3602 -0.767192400000E+02  0.344074700000E+02  0.251960000000E+02
    3606 -0.765540700000E+02  0.344108000000E+02  0.188980000000E+02
    3620 -0.765737600000E+02  0.344128800000E+02  0.213800000000E+02
    3626 -0.766677200000E+02  0.344130200000E+02  0.248840000000E+02
    3631 -0.765957900000E+02  0.344162100000E+02  0.221650000000E+02
    3650 -0.767982000000E+02  0.344171200000E+02  0.247320000000E+02
    3657 -0.767463200000E+02  0.344193900000E+02  0.245190000000E+02
    3662 -0.766201700000E+02  0.344217600000E+02  0.221120000000E+02
    3688 -0.766953400000E+02  0.344237400000E+02  0.242130000000E+02
    3692 -0.765621300000E+02  0.344262000000E+02  0.180700000000E+02
    3707 -0.766460700000E+02  0.344300900000E+02  0.230620000000E+02
    3708 -0.765817200000E+02  0.344307300000E+02  0.193830000000E+02
    3725 -0.767728000000E+02  0.344317900000E+02  0.239110000000E+02
    3739 -0.767222100000E+02  0.344349500000E+02  0.242290000000E+02
    3749 -0.766031200000E+02  0.344371000000E+02  0.209940000000E+02
    3768 -0.766725800000E+02  0.344402400000E+02  0.232020000000E+02
    3778 -0.765683800000E+02  0.344425500000E+02  0.175030000000E+02
    3793 -0.766261900000E+02  0.344456400000E+02  0.213650000000E+02
    3794 -0.767988400000E+02  0.344447900000E+02  0.231530000000E+02
    3800 -0.767483700000E+02  0.344466300000E+02  0.235500000000E+02
    3819 -0.765871900000E+02  0.344496300000E+02  0.183160000000E+02
    3833 -0.766991000000E+02  0.344508700000E+02  0.235100000000E+02
    3862 -0.766506700000E+02  0.344564400000E+02  0.219810000000E+02
    3869 -0.766076500000E+02  0.344587700000E+02  0.193220000000E+02
    3883 -0.767739500000E+02  0.344589200000E+02  0.228280000000E+02
    3899 -0.767250400000E+02  0.344617300000E+02  0.231140000000E+02
    3928 -0.766767000000E+02  0.344673600000E+02  0.223220000000E+02
    3944 -0.766294300000E+02  0.344697300000E+02  0.197210000000E+02
    3966 -0.767501900000E+02  0.344731500000E+02  0.224530000000E+02
    3982 -0.767028800000E+02  0.344772800000E+02  0.219530000000E+02
    4013 -0.766093600000E+02  0.344819600000E+02  0.188350000000E+02
    4042 -0.766530200000E+02  0.344856000000E+02  0.192990000000E+02
    4047 -0.767746800000E+02  0.344854000000E+02  0.217330000000E+02
    4052 -0.767277500000E+02  0.344876000000E+02  0.209920000000E+02
    4075 -0.766295900000E+02  0.344899700000E+02  0.187980000000E+02
    4084 -0.766819700000E+02  0.344937500000E+02  0.194770000000E+02
    4121 -0.767516100000E+02  0.344987900000E+02  0.205260000000E+02
    4142 -0.767068700000E+02  0.345024600000E+02  0.195280000000E+02
    4186 -0.766385000000E+02  0.345100400000E+02  0.186190000000E+02
    4198 -0.766642500000E+02  0.345118900000E+02  0.187520000000E+02
    4214 -0.767301100000E+02  0.345122700000E+02  0.193480000000E+02
    4240 -0.766881700000E+02  0.345179300000E+02  0.187990000000E+02
    4303 -0.767105200000E+02  0.345259300000E+02  0.185650000000E+02
       1 3     2302     2390     2347
       2 3     2302     2348     2390
       3 3     2345     2423     2386
       4 3     2347     2426     2387
       5 3     2345     2387     2423
       6 3     2348     2428     2390
       7 3     2347     2390     2426
       8 3     2348     2391     2428
       9 3     2386     2469     2422
      10 3     2386     2423     2469
      11 3     2387     2475     2423
      12 3     2390     2477     2426
      13 3     2387     2426     2475
      14 3     2391     2478     2428
      15 3     2390     2428     2477
      16 3     2391     2429     2478
      17 3     2422     2505     2466
      18 3     2422     2469     2505
      19 3     2423     2508     2469
      20 3     2423     2475     2508
      21 3     2426     2512     2475
      22 3     2429     2513     2478
      23 3     2428     2517     2477
      24 3     2429     2476     2513
      25 3     2426     2477     2512
      26 3     2428     2478     2517
      27 3     2466     2547     2502
      28 3     2466     2505     2547
      29 3     2469     2549     2505
      30 3     2469     2508     2549
      31 3     2475     2554     2508
      32 3     2476     2555     2513
      33 3     2476     2510     2555
      34 3     2475     2512     2554
      35 3     2477     2558     2512
      36 3     2478     2559     2517
      37 3     2478     2513     2559
      38 3     2477     2517     2558
      39 3     2500     2575     2538
      40 3     2500     2542     2575
      41 3     2502     2580     2542
      42 3     2502     2547     2580
      43 3     2505     2585     2547
      44 3     2505     2549     2585
      45 3     2508     2588     2549
      46 3     2510     2551     2590
      47 3     2510     2590     2555
      48 3     2508     2554     2588
      49 3     2512     2592     2554
      50 3     2513     2593     2559
      51 3     2513     2555     2593
      52 3     2517     2598     2558
      53 3     2512     2558     2592
      54 3     2517     2559     2598
      55 3     2538     2618     2573
      56 3     2538     2575     2618
      57 3     2542     2622     2575
      58 3     2542     2580     2622
      59 3     2547     2630     2580
      60 3     2547     2585     2630
      61 3     2551     2579     2634
      62 3     2549     2635     2585
      63 3     2551     2634     2590
      64 3     2549     2588     2635
      65 3     2555     2590     2640
      66 3     2554     2641     2588
      67 3     2555     2640     2593
      68 3     2554     2592     2641
      69 3     2558     2644     2592
      70 3     2559     2646     2598
      71 3     2559     2593     2646
      72 3     2558     2598     2644
      73 3     2573     2655     2615
      74 3     2573     2618     2655
      75 3     2575     2660     2618
      76 3     2575     2622     2660
      77 3     2580     2664     2622
      78 3     2580     2630     2664
      79 3     2585     2671     2630
      80 3     2579     2672     2634
      81 3     2585     2635     2671
      82 3     2590     2634     2674
      83 3     2588     2676     2635
      84 3     2590     2674     2640
      85 3     2588     2641     2676
      86 3     2593     2640     2680
      87 3     2592     2681     2641
      88 3     2593     2680     2646
      89 3     2592     2644     2681
      90 3     2598     2684     2644
      91 3     2598     2646     2684
      92 3     2615     2655     2695
      93 3     2618     2703     2655
      94 3     2618     2660     2703
      95 3     2622     2710     2660
      96 3     2622     2664     2710
      97 3     2630     2713     2664
      98 3     2630     2671     2713
      99 3     2634     2672     2714
     100 3     2634     2714     2674
     101 3     2635     2715     2671
     102 3     2635     2676     2715
     103 3     2640     2674     2718
     104 3     2641     2719     2676
     105 3     2640     2718     2680
     106 3     2641     2681     2719
     107 3     2644     2734     2681
     108 3     2655     2735     2695
     109 3     2646     2680     2736
     110 3     2646     2736     2684
     111 3     2644     2684     2734
     112 3     2655     2703     2735
     113 3     2660     2738     2703
     114 3     2660     2710     2738
     115 3     2664     2742     2710
     116 3     2664     2713     2742
     117 3     2671     2754     2713
     118 3     2672     2753     2714
     119 3     2671     2715     2754
     120 3     2674     2714     2758
     121 3     2674     2758     2718
     122 3     2676     2760     2715
     123 3     2676     2719     2760
     124 3     2695     2735     2774
     125 3     2703     2777     2735
     126 3     2680     2718     2778
     127 3     2681     2779     2719
     128 3     2703     2738     2777
     129 3     2680     2778     2736
     130 3     2681     2734     2779
     131 3     2710     2781     2738
     132 3     2684     2782     2734
     133 3     2684     2736     2782
     134 3     2710     2742     2781
     135 3     2713     2791     2742
     136 3     2713     2754     2791
     137 3     2714     2753     2797
     138 3     2714     2797     2758
     139 3     2715     2799     2754
     140 3     2715     2760     2799
     141 3     2735     2814     2774
     142 3     2718     2758     2815
     143 3     2735     2777     2814
     144 3     2719     2817     2760
     145 3     2718     2815     2778
     146 3     2738     2819     2777
     147 3     2738     2781     2819
     148 3     2719     2779     2817
     149 3     2742     2824     2781
     150 3     2734     2825     2779
     151 3     2734     2782     2825
     152 3     2736     2778     2830
     153 3     2742     2791     2824
     154 3     2736     2830     2782
     155 3     2754     2835     2791
     156 3     2754     2799     2835
     157 3     2758     2797     2851
     158 3     2774     2814     2850
     159 3     2758     2851     2815
     160 3     2777     2852     2814
     161 3     2760     2854     2799
     162 3     2777     2819     2852
     163 3     2760     2817     2854
     164 3     2781     2861     2819
     165 3     2781     2824     2861
     166 3     2779     2864     2817
     167 3     2778     2815     2865
     168 3     2791     2868     2824
     169 3     2779     2825     2864
     170 3     2778     2865     2830
     171 3     2791     2835     2868
     172 3     2782     2874     2825
     173 3     2782     2830     2874
     174 3     2799     2886     2835
     175 3     2797     2882     2851
     176 3     2814     2888     2850
     177 3     2814     2852     2888
     178 3     2799     2854     2886
     179 3     2819     2892     2852
     180 3     2819     2861     2892
     181 3     2815     2851     2896
     182 3     2824     2899     2861
     183 3     2815     2896     2865
     184 3     2817     2902     2854
     185 3     2824     2868     2899
     186 3     2817     2864     2902
     187 3     2835     2910     2868
     188 3     2825     2913     2864
     189 3     2825     2874     2913
     190 3     2835     2886     2910
     191 3     2850     2888     2921
     192 3     2852     2924     2888
     193 3     2851     2882     2925
     194 3     2852     2892     2924
     195 3     2851     2925     2896
     196 3     2861     2933     2892
     197 3     2830     2865     2934
     198 3     2830     2934     2874
     199 3     2854     2935     2886
     200 3     2861     2899     2933
     201 3     2868     2939     2899
     202 3     2854     2902     2935
     203 3     2865     2896     2945
     204 3     2868     2910     2939
     205 3     2864     2956     2902
     206 3     2864     2913     2956
     207 3     2888     2960     2921
     208 3     2888     2924     2960
     209 3     2886     2962     2910
     210 3     2892     2965     2924
     211 3     2874     2966     2913
     212 3     2865     2945     2934
     213 3     2892     2933     2965
     214 3     2886     2935     2962
     215 3     2896     2925     2972
     216 3     2899     2974     2933
     217 3     2874     2934     2966
     218 3     2899     2939     2974
     219 3     2896     2972     2945
     220 3     2910     2990     2939
     221 3     2921     2960     2993
     222 3     2910     2962     2990
     223 3     2924     2998     2960
     224 3     2913     2999     2956
     225 3     2924     2965     2998
     226 3     2902     3000     2935
     227 3     2913     2966     2999
     228 3     2933     3005     2965
     229 3     2902     2956     3000
     230 3     2945     3006     2934
     231 3     2933     2974     3005
     232 3     2935     3013     2962
     233 3     2939     3016     2974
     234 3     2945     2972     3019
     235 3     2939     2990     3016
     236 3     2934     3030     2966
     237 3     2960     3033     2993
     238 3     2945     3019     3006
     239 3     2960     2998     3033
     240 3     2935     3000     3013
     241 3     2962     3035     2990
     242 3     2965     3038     2998
     243 3     2934     3006     3030
     244 3     2956     2999     3039
     245 3     2965     3005     3038
     246 3     2966     3044     2999
     247 3     2956     3039     3000
     248 3     2974     3045     3005
     249 3     2962     3013     3035
     250 3     2974     3016     3045
     251 3     3006     3019     3057
     252 3     2966     3030     3044
     253 3     2990     3063     3016
     254 3     2993     3033     3067
     255 3     2990     3035     3063
     256 3     2998     3068     3033
     257 3     3013     3000     3070
     258 3     2998     3038     3068
     259 3     3006     3073     3030
     260 3     2999     3074     3039
     261 3     3006     3057     3073
     262 3     3005     3077     3038
     263 3     2999     3044     3074
     264 3     3005     3045     3077
     265 3     3000     3039     3083
     266 3     3013     3084     3035
     267 3     3016     3091     3045
     268 3     3016     3063     3091
     269 3     3000     3083     3070
     270 3     3030     3098     3044
     271 3     3030     3073     3099
     272 3     3013     3070     3084
     273 3     3033     3106     3067
     274 3     3035     3108     3063
     275 3     3030     3099     3098
     276 3     3033     3068     3106
     277 3     3039     3074     3112
     278 3     3038     3113     3068
     279 3     3044     3116     3074
     280 3     3038     3077     3113
     281 3     3057     3117     3073
     282 3     3035     3084     3108
     283 3     3039     3112     3083
     284 3     3045     3120     3077
     285 3     3044     3098     3116
     286 3     3045     3091     3120
     287 3     3063     3132     3091
     288 3     3070     3083     3133
     289 3     3070     3135     3084
     290 3     3073     3136     3099
     291 3     3063     3108     3132
     292 3     3073     3117     3136
     293 3     3067     3106     3147
     294 3     3074     3116     3149
     295 3     3074     3149     3112
     296 3     3068     3150     3106
     297 3     3068     3113     3150
     298 3     3099     3153     3098
     299 3     3084     3154     3108
     300 3     3070     3133     3135
     301 3     3077     3157     3113
     302 3     3083     3112     3163
     303 3     3077     3120     3157
     304 3     3098     3165     3116
     305 3     3099     3136     3153
     306 3     3084     3135     3154
     307 3     3091     3168     3120
     308 3     3083     3163     3133
     309 3     3098     3153     3165
     310 3     3091     3132     3168
     311 3     3112     3149     3174
     312 3     3116     3182     3149
     313 3     3108     3183     3132
     314 3     3133     3189     3135
     315 3     3106     3190     3147
     316 3     3116     3165     3182
     317 3     3108     3154     3183
     318 3     3133     3163     3193
     319 3     3106     3150     3190
     320 3     3112     3174     3163
     321 3     3113     3197     3150
     322 3     3113     3157     3197
     323 3     3133     3193     3189
     324 3     3135     3200     3154
     325 3     3120     3201     3157
     326 3     3149     3182     3205
     327 3     3149     3205     3174
     328 3     3120     3168     3201
     329 3     3135     3189     3200
     330 3     3132     3211     3168
     331 3     3163     3216     3193
     332 3     3163     3174     3217
     333 3     3132     3183     3211
     334 3     3154     3228     3183
     335 3     3193     3232     3189
     336 3     3147     3190     3231
     337 3     3154     3200     3228
     338 3     3163     3217     3216
     339 3     3150     3236     3190
     340 3     3174     3205     3238
     341 3     3150     3197     3236
     342 3     3189     3242     3200
     343 3     3193     3216     3232
     344 3     3157     3243     3197
     345 3     3174     3238     3217
     346 3     3157     3201     3243
     347 3     3189     3232     3242
     348 3     3168     3248     3201
     349 3     3168     3211     3248
     350 3     3183     3254     3211
     351 3     3183     3228     3254
     352 3     3217     3257     3216
     353 3     3200     3258     3228
     354 3     3216     3260     3232
     355 3     3200     3242     3258
     356 3     3217     3238     3274
     357 3     3190     3278     3231
     358 3     3232     3280     3242
     359 3     3190     3236     3278
     360 3     3216     3257     3260
     361 3     3217     3274     3257
     362 3     3197     3283     3236
     363 3     3232     3260     3280
     364 3     3197     3243     3283
     365 3     3201     3290     3243
     366 3     3242     3293     3258
     367 3     3228     3258     3294
     368 3     3228     3294     3254
     369 3     3201     3248     3290
     370 3     3242     3280     3293
     371 3     3257     3298     3260
     372 3     3211     3300     3248
     373 3     3211     3254     3300
     374 3     3260     3302     3280
     375 3     3257     3274     3303
     376 3     3260     3298     3302
     377 3     3257     3303     3298
     378 3     3231     3278     3317
     379 3     3236     3324     3278
     380 3     3280     3328     3293
     381 3     3258     3293     3330
     382 3     3280     3302     3328
     383 3     3236     3283     3324
     384 3     3258     3330     3294
     385 3     3298     3333     3302
     386 3     3243     3338     3283
     387 3     3243     3290     3338
     388 3     3298     3303     3344
     389 3     3254     3294     3345
     390 3     3298     3344     3333
     391 3     3302     3333     3347
     392 3     3254     3345     3300
     393 3     3302     3347     3328
     394 3     3248     3348     3290
     395 3     3293     3328     3350
     396 3     3248     3300     3348
     397 3     3293     3350     3330
     398 3     3333     3344     3361
     399 3     3294     3330     3364
     400 3     3333     3361     3347
     401 3     3278     3380     3317
     402 3     3328     3347     3381
     403 3     3278     3324     3380
     404 3     3328     3381     3350
     405 3     3294     3364     3345
     406 3     3283     3388     3324
     407 3     3283     3338     3388
     408 3     3347     3361     3393
     409 3     3330     3350     3394
     410 3     3347     3393     3381
     411 3     3290     3399     3338
     412 3     3330     3394     3364
     413 3     3290     3348     3399
     414 3     3350     3381     3409
     415 3     3350     3409     3394
     416 3     3300     3345     3424
     417 3     3381     3393     3425
     418 3     3300     3424     3348
     419 3     3317     3380     3433
     420 3     3345     3364     3441
     421 3     3381     3425     3409
     422 3     3324     3452     3380
     423 3     3324     3388     3452
     424 3     3364     3394     3459
     425 3     3338     3464     3388
     426 3     3394     3409     3473
     427 3     3338     3399     3464
     428 3     3409     3425     3480
     429 3     3345     3441     3424
     430 3     3348     3483     3399
     431 3     3364     3459     3441
     432 3     3394     3473     3459
     433 3     3409     3480     3473
     434 3     3348     3424     3483
     435 3     3380     3508     3433
     436 3     3380     3452     3508
     437 3     3388     3526     3452
     438 3     3388     3464     3526
     439 3     3459     3473     3537
     440 3     3441     3459     3538
     441 3     3473     3480     3539
     442 3     3399     3544     3464
     443 3     3441     3546     3424
     444 3     3399     3483     3544
     445 3     3473     3539     3537
     446 3     3459     3537     3538
     447 3     3424     3566     3483
     448 3     3441     3538     3546
     449 3     3433     3508     3573
     450 3     3452     3586     3508
     451 3     3452     3526     3586
     452 3     3424     3546     3566
     453 3     3464     3602     3526
     454 3     3539     3606     3537
     455 3     3464     3544     3602
     456 3     3537     3620     3538
     457 3     3483     3626     3544
     458 3     3538     3631     3546
     459 3     3483     3566     3626
     460 3     3537     3606     3620
     461 3     3508     3650     3573
     462 3     3508     3586     3650
     463 3     3526     3657     3586
     464 3     3538     3620     3631
     465 3     3546     3662     3566
     466 3     3526     3602     3657
     467 3     3544     3688     3602
     468 3     3606     3692     3620
     469 3     3546     3631     3662
     470 3     3544     3626     3688
     471 3     3566     3707     3626
     472 3     3620     3708     3631
     473 3     3586     3725     3650
     474 3     3566     3662     3707
     475 3     3620     3692     3708
     476 3     3586     3657     3725
     477 3     3602     3739     3657
     478 3     3631     3749     3662
     479 3     3602     3688     3739
     480 3     3631     3708     3749
     481 3     3626     3768     3688
     482 3     3692     3778     3708
     483 3     3626     3707     3768
     484 3     3662     3793     3707
     485 3     3650     3725     3794
     486 3     3657     3800     3725
     487 3     3662     3749     3793
     488 3     3657     3739     3800
     489 3     3708     3819     3749
     490 3     3688     3833     3739
     491 3     3708     3778     3819
     492 3     3688     3768     3833
     493 3     3707     3862     3768
     494 3     3707     3793     3862
     495 3     3749     3869     3793
     496 3     3725     3883     3794
     497 3     3749     3819     3869
     498 3     3725     3800     3883
     499 3     3739     3899     3800
     500 3     3739     3833     3899
     501 3     3768     3928     3833
     502 3     3768     3862     3928
     503 3     3793     3944     3862
     504 3     3793     3869     3944
     505 3     3800     3966     3883
     506 3     3800     3899     3966
     507 3     3833     3982     3899
     508 3     3833     3928     3982
     509 3     3869     4013     3944
     510 3     3862     4042     3928
     511 3     3862     3944     4042
     512 3     3883     3966     4047
     513 3     3899     4052     3966
     514 3     3899     3982     4052
     515 3     3944     4013     4075
     516 3     3944     4075     4042
     517 3     3928     4084     3982
     518 3     3928     4042     4084
     519 3     3966     4121     4047
     520 3     3966     4052     4121
     521 3     3982     4142     4052
     522 3     3982     4084     4142
     523 3     4075     4186     4042
     524 3     4042     4198     4084
     525 3     4052     4214     4121
     526 3     4052     4142     4214
     527 3     4042     4186     4198
     528 3     4084     4240     4142
     529 3     4084     4198     4240
     530 3     4142     4303     4214
     531 3     4142     4240     4303
 0                                                                              
 0                                                                              
 0                                                                              
 0                                                                              
