Nodal attrs for bi_1997_v2.grd - 10/24/2013                                     
         302
           1
primitive_weighting_in_continuity_equation                                      
1                                                                               
           1
  0.300000000E-01
primitive_weighting_in_continuity_equation                                      
         271
      2302    0.50000000E-02
      2345    0.50000000E-02
      2347    0.50000000E-02
      2348    0.50000000E-02
      2386    0.50000000E-02
      2387    0.50000000E-02
      2390    0.50000000E-02
      2391    0.50000000E-02
      2422    0.50000000E-02
      2423    0.50000000E-02
      2426    0.50000000E-02
      2428    0.50000000E-02
      2429    0.50000000E-02
      2466    0.50000000E-02
      2469    0.50000000E-02
      2475    0.50000000E-02
      2476    0.50000000E-02
      2477    0.50000000E-02
      2478    0.50000000E-02
      2500    0.50000000E-02
      2502    0.50000000E-02
      2505    0.50000000E-02
      2508    0.50000000E-02
      2510    0.50000000E-02
      2512    0.50000000E-02
      2513    0.50000000E-02
      2517    0.50000000E-02
      2538    0.50000000E-02
      2542    0.50000000E-02
      2547    0.50000000E-02
      2549    0.50000000E-02
      2551    0.50000000E-02
      2554    0.50000000E-02
      2555    0.50000000E-02
      2558    0.50000000E-02
      2559    0.50000000E-02
      2573    0.50000000E-02
      2575    0.50000000E-02
      2579    0.50000000E-02
      2580    0.50000000E-02
      2585    0.50000000E-02
      2588    0.50000000E-02
      2590    0.50000000E-02
      2592    0.50000000E-02
      2593    0.50000000E-02
      2598    0.50000000E-02
      2615    0.50000000E-02
      2618    0.50000000E-02
      2622    0.50000000E-02
      2630    0.50000000E-02
      2634    0.50000000E-02
      2635    0.50000000E-02
      2640    0.50000000E-02
      2641    0.50000000E-02
      2644    0.50000000E-02
      2646    0.50000000E-02
      2655    0.50000000E-02
      2660    0.50000000E-02
      2664    0.50000000E-02
      2671    0.50000000E-02
      2672    0.50000000E-02
      2674    0.50000000E-02
      2676    0.50000000E-02
      2680    0.50000000E-02
      2681    0.50000000E-02
      2684    0.50000000E-02
      2695    0.50000000E-02
      2703    0.50000000E-02
      2710    0.50000000E-02
      2713    0.50000000E-02
      2714    0.50000000E-02
      2715    0.50000000E-02
      2718    0.50000000E-02
      2719    0.50000000E-02
      2734    0.50000000E-02
      2735    0.50000000E-02
      2736    0.50000000E-02
      2738    0.50000000E-02
      2742    0.50000000E-02
      2753    0.50000000E-02
      2754    0.50000000E-02
      2758    0.50000000E-02
      2760    0.50000000E-02
      2774    0.50000000E-02
      2777    0.50000000E-02
      2778    0.50000000E-02
      2779    0.50000000E-02
      2781    0.50000000E-02
      2782    0.50000000E-02
      2791    0.50000000E-02
      2797    0.50000000E-02
      2799    0.50000000E-02
      2814    0.50000000E-02
      2815    0.50000000E-02
      2817    0.50000000E-02
      2819    0.50000000E-02
      2824    0.50000000E-02
      2825    0.50000000E-02
      2830    0.50000000E-02
      2835    0.50000000E-02
      2850    0.50000000E-02
      2851    0.50000000E-02
      2852    0.50000000E-02
      2854    0.50000000E-02
      2861    0.50000000E-02
      2864    0.50000000E-02
      2865    0.50000000E-02
      2868    0.50000000E-02
      2874    0.50000000E-02
      2882    0.50000000E-02
      2886    0.50000000E-02
      2888    0.50000000E-02
      2892    0.50000000E-02
      2896    0.50000000E-02
      2899    0.50000000E-02
      2902    0.50000000E-02
      2910    0.50000000E-02
      2913    0.50000000E-02
      2921    0.50000000E-02
      2924    0.50000000E-02
      2925    0.50000000E-02
      2933    0.50000000E-02
      2934    0.50000000E-02
      2935    0.50000000E-02
      2939    0.50000000E-02
      2945    0.50000000E-02
      2956    0.50000000E-02
      2960    0.50000000E-02
      2962    0.50000000E-02
      2965    0.50000000E-02
      2966    0.50000000E-02
      2972    0.50000000E-02
      2974    0.50000000E-02
      2990    0.50000000E-02
      2993    0.50000000E-02
      2998    0.50000000E-02
      2999    0.50000000E-02
      3000    0.50000000E-02
      3005    0.50000000E-02
      3006    0.50000000E-02
      3013    0.50000000E-02
      3016    0.50000000E-02
      3019    0.50000000E-02
      3030    0.50000000E-02
      3033    0.50000000E-02
      3035    0.50000000E-02
      3038    0.50000000E-02
      3039    0.50000000E-02
      3044    0.50000000E-02
      3045    0.50000000E-02
      3057    0.50000000E-02
      3063    0.50000000E-02
      3067    0.50000000E-02
      3068    0.50000000E-02
      3070    0.50000000E-02
      3073    0.50000000E-02
      3074    0.50000000E-02
      3077    0.50000000E-02
      3083    0.50000000E-02
      3084    0.50000000E-02
      3091    0.50000000E-02
      3098    0.50000000E-02
      3099    0.50000000E-02
      3106    0.50000000E-02
      3108    0.50000000E-02
      3112    0.50000000E-02
      3113    0.50000000E-02
      3116    0.50000000E-02
      3117    0.50000000E-02
      3120    0.50000000E-02
      3132    0.50000000E-02
      3133    0.50000000E-02
      3135    0.50000000E-02
      3136    0.50000000E-02
      3147    0.50000000E-02
      3149    0.50000000E-02
      3150    0.50000000E-02
      3153    0.50000000E-02
      3154    0.50000000E-02
      3157    0.50000000E-02
      3163    0.50000000E-02
      3165    0.50000000E-02
      3168    0.50000000E-02
      3174    0.50000000E-02
      3182    0.50000000E-02
      3183    0.50000000E-02
      3189    0.50000000E-02
      3190    0.50000000E-02
      3197    0.50000000E-02
      3200    0.50000000E-02
      3201    0.50000000E-02
      3205    0.50000000E-02
      3211    0.50000000E-02
      3217    0.50000000E-02
      3228    0.50000000E-02
      3231    0.50000000E-02
      3236    0.50000000E-02
      3243    0.50000000E-02
      3248    0.50000000E-02
      3254    0.50000000E-02
      3258    0.50000000E-02
      3278    0.50000000E-02
      3283    0.50000000E-02
      3290    0.50000000E-02
      3294    0.50000000E-02
      3300    0.50000000E-02
      3317    0.50000000E-02
      3324    0.50000000E-02
      3330    0.50000000E-02
      3338    0.50000000E-02
      3345    0.50000000E-02
      3348    0.50000000E-02
      3364    0.50000000E-02
      3380    0.50000000E-02
      3388    0.50000000E-02
      3399    0.50000000E-02
      3424    0.50000000E-02
      3433    0.50000000E-02
      3441    0.50000000E-02
      3452    0.50000000E-02
      3459    0.50000000E-02
      3464    0.50000000E-02
      3483    0.50000000E-02
      3508    0.50000000E-02
      3526    0.50000000E-02
      3538    0.50000000E-02
      3544    0.50000000E-02
      3546    0.50000000E-02
      3566    0.50000000E-02
      3573    0.50000000E-02
      3586    0.50000000E-02
      3602    0.50000000E-02
      3620    0.50000000E-02
      3626    0.50000000E-02
      3631    0.50000000E-02
      3650    0.50000000E-02
      3657    0.50000000E-02
      3662    0.50000000E-02
      3688    0.50000000E-02
      3707    0.50000000E-02
      3708    0.50000000E-02
      3725    0.50000000E-02
      3739    0.50000000E-02
      3749    0.50000000E-02
      3768    0.50000000E-02
      3793    0.50000000E-02
      3794    0.50000000E-02
      3800    0.50000000E-02
      3819    0.50000000E-02
      3833    0.50000000E-02
      3862    0.50000000E-02
      3869    0.50000000E-02
      3883    0.50000000E-02
      3899    0.50000000E-02
      3928    0.50000000E-02
      3944    0.50000000E-02
      3966    0.50000000E-02
      3982    0.50000000E-02
      4013    0.50000000E-02
      4042    0.50000000E-02
      4047    0.50000000E-02
      4052    0.50000000E-02
      4075    0.50000000E-02
      4084    0.50000000E-02
      4121    0.50000000E-02
      4142    0.50000000E-02
      4186    0.50000000E-02
      4198    0.50000000E-02
      4214    0.50000000E-02
      4240    0.50000000E-02
      4303    0.50000000E-02
