bi_1997_v2.grd                                                                  
     491     278
   20226 -0.767131100000E+02  0.347563400000E+02  0.627000000000E+00
   20246 -0.767145200000E+02  0.347560800000E+02  0.555000000000E+00
   20251 -0.767116500000E+02  0.347567300000E+02  0.129200000000E+01
   20288 -0.767141900000E+02  0.347571200000E+02  0.705000000000E+00
   20292 -0.767102100000E+02  0.347571600000E+02  0.176600000000E+01
   20313 -0.767156300000E+02  0.347566700000E+02  0.621000000000E+00
   20317 -0.767127500000E+02  0.347575100000E+02  0.965000000000E+00
   20350 -0.767152700000E+02  0.347578500000E+02  0.812000000000E+00
   20358 -0.767113200000E+02  0.347579200000E+02  0.161300000000E+01
   20380 -0.767167100000E+02  0.347574800000E+02  0.742000000000E+00
   20387 -0.767138400000E+02  0.347582600000E+02  0.889000000000E+00
   20392 -0.767099100000E+02  0.347583400000E+02  0.167700000000E+01
   20415 -0.767163400000E+02  0.347585800000E+02  0.967000000000E+00
   20422 -0.767124200000E+02  0.347586700000E+02  0.129600000000E+01
   20431 -0.767085200000E+02  0.347587500000E+02  0.161000000000E+01
   20440 -0.767177100000E+02  0.347581100000E+02  0.893000000000E+00
   20443 -0.767149200000E+02  0.347590000000E+02  0.996000000000E+00
   20451 -0.767110000000E+02  0.347590900000E+02  0.163700000000E+01
   20458 -0.767071500000E+02  0.347591700000E+02  0.153100000000E+01
   20469 -0.767174200000E+02  0.347592800000E+02  0.116400000000E+01
   20475 -0.767134900000E+02  0.347594200000E+02  0.107500000000E+01
   20478 -0.767096000000E+02  0.347595100000E+02  0.156900000000E+01
   20482 -0.767058100000E+02  0.347595700000E+02  0.154800000000E+01
   20483 -0.767189000000E+02  0.347588900000E+02  0.906000000000E+00
   20487 -0.767159900000E+02  0.347597200000E+02  0.120800000000E+01
   20499 -0.767120800000E+02  0.347598500000E+02  0.160600000000E+01
   20509 -0.767082200000E+02  0.347599200000E+02  0.150200000000E+01
   20513 -0.767185100000E+02  0.347599600000E+02  0.116900000000E+01
   20514 -0.767044800000E+02  0.347599700000E+02  0.159500000000E+01
   20532 -0.767145700000E+02  0.347601600000E+02  0.118300000000E+01
   20537 -0.767106700000E+02  0.347602700000E+02  0.153000000000E+01
   20541 -0.767068600000E+02  0.347603300000E+02  0.155000000000E+01
   20548 -0.767031600000E+02  0.347603600000E+02  0.172600000000E+01
   20557 -0.767170600000E+02  0.347604300000E+02  0.143900000000E+01
   20566 -0.767131600000E+02  0.347605900000E+02  0.131600000000E+01
   20575 -0.767092800000E+02  0.347606800000E+02  0.149200000000E+01
   20579 -0.767055100000E+02  0.347607300000E+02  0.153500000000E+01
   20580 -0.767018700000E+02  0.347607400000E+02  0.189500000000E+01
   20587 -0.767156400000E+02  0.347608800000E+02  0.145300000000E+01
   20596 -0.767117500000E+02  0.347610200000E+02  0.149600000000E+01
   20601 -0.767079000000E+02  0.347610900000E+02  0.166300000000E+01
   20602 -0.767006000000E+02  0.347611100000E+02  0.192400000000E+01
   20603 -0.767181200000E+02  0.347611100000E+02  0.142800000000E+01
   20604 -0.767041800000E+02  0.347611200000E+02  0.152500000000E+01
   20619 -0.767142300000E+02  0.347613300000E+02  0.142100000000E+01
   20626 -0.767103400000E+02  0.347614400000E+02  0.159400000000E+01
   20632 -0.767065400000E+02  0.347615000000E+02  0.172000000000E+01
   20633 -0.767028700000E+02  0.347615000000E+02  0.172600000000E+01
   20637 -0.767167100000E+02  0.347616000000E+02  0.171900000000E+01
   20645 -0.767128100000E+02  0.347617700000E+02  0.147900000000E+01
   20653 -0.767089600000E+02  0.347618600000E+02  0.177100000000E+01
   20654 -0.767015800000E+02  0.347618700000E+02  0.200900000000E+01
   20657 -0.767052000000E+02  0.347618900000E+02  0.170200000000E+01
   20671 -0.767152900000E+02  0.347620600000E+02  0.164900000000E+01
   20679 -0.767114100000E+02  0.347622000000E+02  0.168400000000E+01
   20681 -0.767003300000E+02  0.347622300000E+02  0.200400000000E+01
   20683 -0.767075900000E+02  0.347622600000E+02  0.191000000000E+01
   20685 -0.767038800000E+02  0.347622700000E+02  0.188400000000E+01
   20688 -0.767177600000E+02  0.347623100000E+02  0.167100000000E+01
   20707 -0.767138800000E+02  0.347625100000E+02  0.156200000000E+01
   20710 -0.766991000000E+02  0.347625700000E+02  0.176500000000E+01
   20713 -0.767100100000E+02  0.347626200000E+02  0.187000000000E+01
   20716 -0.767025800000E+02  0.347626400000E+02  0.186900000000E+01
   20717 -0.767062300000E+02  0.347626600000E+02  0.177000000000E+01
   20725 -0.767163500000E+02  0.347627900000E+02  0.174100000000E+01
   20733 -0.766978900000E+02  0.347629100000E+02  0.157500000000E+01
   20735 -0.767124800000E+02  0.347629500000E+02  0.176700000000E+01
   20739 -0.767013100000E+02  0.347630000000E+02  0.178300000000E+01
   20742 -0.767086300000E+02  0.347630300000E+02  0.205100000000E+01
   20743 -0.767049000000E+02  0.347630500000E+02  0.167800000000E+01
   20751 -0.766967200000E+02  0.347632300000E+02  0.136000000000E+01
   20753 -0.767149500000E+02  0.347632600000E+02  0.166100000000E+01
   20757 -0.767000700000E+02  0.347633400000E+02  0.154900000000E+01
   20761 -0.767110700000E+02  0.347633900000E+02  0.196300000000E+01
   20764 -0.767035800000E+02  0.347634200000E+02  0.159000000000E+01
   20766 -0.767072700000E+02  0.347634400000E+02  0.169500000000E+01
   20772 -0.767174100000E+02  0.347635300000E+02  0.177400000000E+01
   20775 -0.766955600000E+02  0.347635500000E+02  0.114900000000E+01
   20778 -0.766988500000E+02  0.347636800000E+02  0.136300000000E+01
   20780 -0.767135400000E+02  0.347637100000E+02  0.183200000000E+01
   20787 -0.767023000000E+02  0.347637700000E+02  0.150500000000E+01
   20789 -0.767096900000E+02  0.347638100000E+02  0.194800000000E+01
   20790 -0.767059200000E+02  0.347638200000E+02  0.160300000000E+01
   20794 -0.766944200000E+02  0.347638700000E+02  0.966000000000E+00
   20805 -0.767160100000E+02  0.347640000000E+02  0.176100000000E+01
   20806 -0.766976700000E+02  0.347640000000E+02  0.118600000000E+01
   20815 -0.767010400000E+02  0.347641200000E+02  0.140300000000E+01
   20818 -0.767121400000E+02  0.347641500000E+02  0.205700000000E+01
   20819 -0.767045900000E+02  0.347642000000E+02  0.156100000000E+01
   20823 -0.767083100000E+02  0.347642100000E+02  0.161200000000E+01
   20831 -0.766965000000E+02  0.347643200000E+02  0.100500000000E+01
   20843 -0.766998200000E+02  0.347644500000E+02  0.128600000000E+01
   20844 -0.767146100000E+02  0.347644700000E+02  0.189000000000E+01
   20857 -0.767032900000E+02  0.347645600000E+02  0.147600000000E+01
   20860 -0.767107400000E+02  0.347645800000E+02  0.177500000000E+01
   20864 -0.767069500000E+02  0.347646000000E+02  0.142500000000E+01
   20869 -0.766953700000E+02  0.347646400000E+02  0.826000000000E+00
   20878 -0.767170800000E+02  0.347647500000E+02  0.191900000000E+01
   20880 -0.766986200000E+02  0.347647800000E+02  0.117000000000E+01
   20890 -0.767020300000E+02  0.347649000000E+02  0.138600000000E+01
   20892 -0.767132000000E+02  0.347649200000E+02  0.202300000000E+01
   20896 -0.766942400000E+02  0.347649700000E+02  0.648000000000E+00
   20897 -0.767056000000E+02  0.347649800000E+02  0.152800000000E+01
   20898 -0.767093500000E+02  0.347649900000E+02  0.144000000000E+01
   20903 -0.766974600000E+02  0.347650900000E+02  0.100300000000E+01
   20911 -0.767156800000E+02  0.347652200000E+02  0.198900000000E+01
   20914 -0.767007900000E+02  0.347652400000E+02  0.128000000000E+01
   20918 -0.767042900000E+02  0.347653400000E+02  0.144900000000E+01
   20919 -0.767118000000E+02  0.347653500000E+02  0.171900000000E+01
   20923 -0.767079800000E+02  0.347653900000E+02  0.124200000000E+01
   20930 -0.766963200000E+02  0.347654100000E+02  0.821000000000E+00
   20937 -0.766995900000E+02  0.347655600000E+02  0.116200000000E+01
   20943 -0.767142700000E+02  0.347656800000E+02  0.194600000000E+01
   20945 -0.767030200000E+02  0.347656900000E+02  0.136200000000E+01
   20948 -0.766951900000E+02  0.347657300000E+02  0.701000000000E+00
   20953 -0.767066300000E+02  0.347657700000E+02  0.135700000000E+01
   20954 -0.767104000000E+02  0.347657700000E+02  0.137700000000E+01
   20961 -0.766984200000E+02  0.347658700000E+02  0.996000000000E+00
   20969 -0.767167600000E+02  0.347659800000E+02  0.221900000000E+01
   20973 -0.767017700000E+02  0.347660200000E+02  0.126200000000E+01
   20975 -0.766940700000E+02  0.347660600000E+02  0.653000000000E+00
   20979 -0.767128600000E+02  0.347661200000E+02  0.165100000000E+01
   20980 -0.767053000000E+02  0.347661300000E+02  0.141400000000E+01
   20981 -0.767090100000E+02  0.347661700000E+02  0.119800000000E+01
   20983 -0.766972700000E+02  0.347661800000E+02  0.870000000000E+00
   20994 -0.767005500000E+02  0.347663400000E+02  0.115200000000E+01
   21001 -0.767153500000E+02  0.347664500000E+02  0.185900000000E+01
   21007 -0.767040100000E+02  0.347664800000E+02  0.133500000000E+01
   21010 -0.766961500000E+02  0.347664900000E+02  0.839000000000E+00
   21015 -0.767114600000E+02  0.347665600000E+02  0.141200000000E+01
   21017 -0.767076500000E+02  0.347665600000E+02  0.117900000000E+01
   21019 -0.766993800000E+02  0.347666500000E+02  0.104400000000E+01
   21035 -0.767027500000E+02  0.347668100000E+02  0.123700000000E+01
   21039 -0.766950500000E+02  0.347668100000E+02  0.816000000000E+00
   21041 -0.767139400000E+02  0.347669000000E+02  0.163900000000E+01
   21043 -0.767063100000E+02  0.347669300000E+02  0.130000000000E+01
   21047 -0.767100600000E+02  0.347669700000E+02  0.127500000000E+01
   21048 -0.766982300000E+02  0.347669500000E+02  0.954000000000E+00
   21058 -0.767015200000E+02  0.347671200000E+02  0.117000000000E+01
   21061 -0.766939400000E+02  0.347671500000E+02  0.715000000000E+00
   21064 -0.767164400000E+02  0.347672200000E+02  0.162600000000E+01
   21066 -0.767050000000E+02  0.347672800000E+02  0.130300000000E+01
   21067 -0.766971100000E+02  0.347672500000E+02  0.969000000000E+00
   21070 -0.767125200000E+02  0.347673500000E+02  0.136700000000E+01
   21071 -0.767086800000E+02  0.347673600000E+02  0.116700000000E+01
   21075 -0.767003400000E+02  0.347674300000E+02  0.113100000000E+01
   21086 -0.766960100000E+02  0.347675600000E+02  0.956000000000E+00
   21087 -0.767037300000E+02  0.347676000000E+02  0.121300000000E+01
   21091 -0.767150200000E+02  0.347676800000E+02  0.151400000000E+01
   21094 -0.767073200000E+02  0.347677300000E+02  0.116400000000E+01
   21095 -0.766991900000E+02  0.347677200000E+02  0.103200000000E+01
   21098 -0.767111100000E+02  0.347677700000E+02  0.135400000000E+01
   21109 -0.767024900000E+02  0.347679100000E+02  0.116800000000E+01
   21110 -0.766949200000E+02  0.347678900000E+02  0.912000000000E+00
   21119 -0.766980700000E+02  0.347680200000E+02  0.104400000000E+01
   21122 -0.767059900000E+02  0.347680800000E+02  0.124600000000E+01
   21124 -0.767136000000E+02  0.347681400000E+02  0.134600000000E+01
   21126 -0.767097200000E+02  0.347681700000E+02  0.122300000000E+01
   21129 -0.767012900000E+02  0.347682100000E+02  0.116400000000E+01
   21132 -0.766938400000E+02  0.347682300000E+02  0.777000000000E+00
   21136 -0.766969800000E+02  0.347683100000E+02  0.106600000000E+01
   21140 -0.767047000000E+02  0.347684100000E+02  0.118500000000E+01
   21144 -0.767161300000E+02  0.347684700000E+02  0.127900000000E+01
   21146 -0.767001300000E+02  0.347684900000E+02  0.112000000000E+01
   21148 -0.767083400000E+02  0.347685500000E+02  0.116600000000E+01
   21150 -0.767121700000E+02  0.347685700000E+02  0.125000000000E+01
   21154 -0.766959000000E+02  0.347686200000E+02  0.107300000000E+01
   21155 -0.766927400000E+02  0.347686000000E+02  0.640000000000E+00
   21162 -0.767034500000E+02  0.347687100000E+02  0.116600000000E+01
   21165 -0.766990100000E+02  0.347687800000E+02  0.112000000000E+01
   21171 -0.767069900000E+02  0.347689000000E+02  0.116400000000E+01
   21173 -0.767146900000E+02  0.347689300000E+02  0.116900000000E+01
   21178 -0.767107600000E+02  0.347689800000E+02  0.124900000000E+01
   21180 -0.766948400000E+02  0.347689400000E+02  0.978000000000E+00
   21181 -0.767022500000E+02  0.347690000000E+02  0.116400000000E+01
   21192 -0.766979200000E+02  0.347690700000E+02  0.114100000000E+01
   21193 -0.766916300000E+02  0.347690300000E+02  0.594000000000E+00
   21199 -0.767056700000E+02  0.347692300000E+02  0.116600000000E+01
   21203 -0.767010800000E+02  0.347692700000E+02  0.115300000000E+01
   21208 -0.767093600000E+02  0.347693700000E+02  0.116600000000E+01
   21209 -0.766937800000E+02  0.347693000000E+02  0.834000000000E+00
   21210 -0.767132600000E+02  0.347693700000E+02  0.111400000000E+01
   21211 -0.766968600000E+02  0.347693600000E+02  0.116300000000E+01
   21217 -0.767044100000E+02  0.347695200000E+02  0.113600000000E+01
   21221 -0.766999600000E+02  0.347695400000E+02  0.113100000000E+01
   21227 -0.766958200000E+02  0.347696500000E+02  0.113300000000E+01
   21228 -0.767079800000E+02  0.347697300000E+02  0.116400000000E+01
   21230 -0.767158100000E+02  0.347697300000E+02  0.116400000000E+01
   21231 -0.766926900000E+02  0.347696600000E+02  0.634000000000E+00
   21234 -0.767031900000E+02  0.347697900000E+02  0.110700000000E+01
   21235 -0.767118100000E+02  0.347698000000E+02  0.111300000000E+01
   21239 -0.766988700000E+02  0.347698200000E+02  0.111000000000E+01
   21248 -0.766948100000E+02  0.347699700000E+02  0.958000000000E+00
   21249 -0.767066400000E+02  0.347700600000E+02  0.111800000000E+01
   21252 -0.767020100000E+02  0.347700500000E+02  0.108000000000E+01
   21253 -0.766917300000E+02  0.347700400000E+02  0.555000000000E+00
   21257 -0.766978100000E+02  0.347701100000E+02  0.108900000000E+01
   21259 -0.767143600000E+02  0.347701800000E+02  0.113200000000E+01
   21260 -0.767104000000E+02  0.347702000000E+02  0.111500000000E+01
   21268 -0.767008800000E+02  0.347703100000E+02  0.105500000000E+01
   21270 -0.767053500000E+02  0.347703500000E+02  0.108600000000E+01
   21275 -0.766967700000E+02  0.347703700000E+02  0.106200000000E+01
   21278 -0.766937700000E+02  0.347703900000E+02  0.762000000000E+00
   21282 -0.767089800000E+02  0.347705800000E+02  0.112300000000E+01
   21284 -0.766997900000E+02  0.347705700000E+02  0.103500000000E+01
   21286 -0.767041000000E+02  0.347706100000E+02  0.102900000000E+01
   21287 -0.766924900000E+02  0.347706300000E+02  0.555000000000E+00
   21289 -0.767129000000E+02  0.347706300000E+02  0.923000000000E+00
   21295 -0.766957700000E+02  0.347706600000E+02  0.101200000000E+01
   21301 -0.767029200000E+02  0.347708500000E+02  0.100400000000E+01
   21303 -0.766987400000E+02  0.347708600000E+02  0.101100000000E+01
   21304 -0.767076000000E+02  0.347709100000E+02  0.107400000000E+01
   21307 -0.766948700000E+02  0.347708500000E+02  0.909000000000E+00
   21308 -0.767154800000E+02  0.347709900000E+02  0.116400000000E+01
   21310 -0.767114400000E+02  0.347710500000E+02  0.922000000000E+00
   21311 -0.766934500000E+02  0.347710100000E+02  0.670000000000E+00
   21314 -0.767017800000E+02  0.347710800000E+02  0.978000000000E+00
   21321 -0.767062600000E+02  0.347712100000E+02  0.104300000000E+01
   21322 -0.766977000000E+02  0.347711600000E+02  0.979000000000E+00
   21330 -0.766943100000E+02  0.347713500000E+02  0.787000000000E+00
   21334 -0.767007000000E+02  0.347713200000E+02  0.959000000000E+00
   21335 -0.766966900000E+02  0.347713000000E+02  0.965000000000E+00
   21340 -0.767100000000E+02  0.347714300000E+02  0.981000000000E+00
   21342 -0.767049700000E+02  0.347714600000E+02  0.101100000000E+01
   21345 -0.767140000000E+02  0.347714500000E+02  0.916000000000E+00
   21354 -0.766996500000E+02  0.347715800000E+02  0.935000000000E+00
   21358 -0.767037700000E+02  0.347716700000E+02  0.955000000000E+00
   21362 -0.767085700000E+02  0.347717800000E+02  0.102600000000E+01
   21370 -0.766956800000E+02  0.347718600000E+02  0.868000000000E+00
   21372 -0.767026500000E+02  0.347718800000E+02  0.903000000000E+00
   21373 -0.767125200000E+02  0.347719000000E+02  0.727000000000E+00
   21377 -0.766986500000E+02  0.347719200000E+02  0.900000000000E+00
   21383 -0.767071700000E+02  0.347720900000E+02  0.984000000000E+00
   21384 -0.767015700000E+02  0.347720800000E+02  0.883000000000E+00
   21391 -0.767151300000E+02  0.347722700000E+02  0.978000000000E+00
   21393 -0.767110400000E+02  0.347723100000E+02  0.784000000000E+00
   21394 -0.767058000000E+02  0.347723500000E+02  0.973000000000E+00
   21395 -0.767005100000E+02  0.347723200000E+02  0.857000000000E+00
   21400 -0.766975400000E+02  0.347724200000E+02  0.847000000000E+00
   21401 -0.767045500000E+02  0.347725300000E+02  0.936000000000E+00
   21403 -0.766995500000E+02  0.347724700000E+02  0.841000000000E+00
   21412 -0.767034500000E+02  0.347726700000E+02  0.888000000000E+00
   21413 -0.767095700000E+02  0.347726800000E+02  0.889000000000E+00
   21416 -0.767136200000E+02  0.347727400000E+02  0.690000000000E+00
   21424 -0.767024100000E+02  0.347728800000E+02  0.832000000000E+00
   21426 -0.767081100000E+02  0.347729800000E+02  0.927000000000E+00
   21429 -0.767013800000E+02  0.347729700000E+02  0.794000000000E+00
   21431 -0.766987100000E+02  0.347730100000E+02  0.785000000000E+00
   21438 -0.767121000000E+02  0.347731900000E+02  0.633000000000E+00
   21443 -0.767066500000E+02  0.347732700000E+02  0.912000000000E+00
   21449 -0.767040900000E+02  0.347734600000E+02  0.866000000000E+00
   21455 -0.767051900000E+02  0.347735200000E+02  0.898000000000E+00
   21456 -0.767002300000E+02  0.347735100000E+02  0.732000000000E+00
   21465 -0.767147500000E+02  0.347735700000E+02  0.829000000000E+00
   21466 -0.767106000000E+02  0.347736300000E+02  0.747000000000E+00
   21467 -0.767032200000E+02  0.347736100000E+02  0.818000000000E+00
   21478 -0.767090800000E+02  0.347739100000E+02  0.837000000000E+00
   21485 -0.767131900000E+02  0.347740600000E+02  0.736000000000E+00
   21486 -0.767021700000E+02  0.347740600000E+02  0.737000000000E+00
   21490 -0.767075800000E+02  0.347741500000E+02  0.852000000000E+00
   21497 -0.767116800000E+02  0.347744900000E+02  0.848000000000E+00
   21499 -0.767060500000E+02  0.347745300000E+02  0.833000000000E+00
   21511 -0.767085000000E+02  0.347748200000E+02  0.802000000000E+00
   21514 -0.767143300000E+02  0.347748900000E+02  0.832000000000E+00
   21519 -0.767040000000E+02  0.347749900000E+02  0.758000000000E+00
   21527 -0.767101400000E+02  0.347752000000E+02  0.734000000000E+00
   21534 -0.767071100000E+02  0.347753800000E+02  0.773000000000E+00
   21537 -0.767126500000E+02  0.347754600000E+02  0.763000000000E+00
   21541 -0.767113800000E+02  0.347754000000E+02  0.739000000000E+00
   21566 -0.767057500000E+02  0.347758800000E+02  0.753000000000E+00
   21572 -0.767080100000E+02  0.347762800000E+02  0.707000000000E+00
   21583 -0.767067800000E+02  0.347765900000E+02  0.696000000000E+00
   21594 -0.767060200000E+02  0.347769200000E+02  0.687000000000E+00
   21602 -0.767074600000E+02  0.347773300000E+02  0.642000000000E+00
   21619 -0.767063100000E+02  0.347777400000E+02  0.633000000000E+00
   21648 -0.767073700000E+02  0.347787100000E+02  0.560000000000E+00
   21664 -0.767061700000E+02  0.347794300000E+02  0.555000000000E+00
   21669 -0.767069500000E+02  0.347796900000E+02  0.555000000000E+00
       1 3    20246    20226    20288
       2 3    20246    20288    20313
       3 3    20226    20251    20317
       4 3    20226    20317    20288
       5 3    20313    20288    20350
       6 3    20251    20292    20358
       7 3    20313    20350    20380
       8 3    20251    20358    20317
       9 3    20288    20317    20387
      10 3    20288    20387    20350
      11 3    20380    20350    20415
      12 3    20292    20392    20358
      13 3    20317    20358    20422
      14 3    20380    20415    20440
      15 3    20317    20422    20387
      16 3    20350    20387    20443
      17 3    20358    20392    20451
      18 3    20350    20443    20415
      19 3    20440    20415    20469
      20 3    20358    20451    20422
      21 3    20387    20422    20475
      22 3    20392    20431    20478
      23 3    20440    20469    20483
      24 3    20387    20475    20443
      25 3    20415    20443    20487
      26 3    20392    20478    20451
      27 3    20422    20451    20499
      28 3    20431    20458    20509
      29 3    20483    20469    20513
      30 3    20415    20487    20469
      31 3    20422    20499    20475
      32 3    20443    20475    20532
      33 3    20431    20509    20478
      34 3    20451    20478    20537
      35 3    20458    20482    20541
      36 3    20469    20487    20557
      37 3    20443    20532    20487
      38 3    20451    20537    20499
      39 3    20458    20541    20509
      40 3    20475    20499    20566
      41 3    20478    20509    20575
      42 3    20482    20514    20579
      43 3    20469    20557    20513
      44 3    20475    20566    20532
      45 3    20487    20532    20587
      46 3    20478    20575    20537
      47 3    20482    20579    20541
      48 3    20499    20537    20596
      49 3    20509    20541    20601
      50 3    20513    20557    20603
      51 3    20514    20548    20604
      52 3    20487    20587    20557
      53 3    20499    20596    20566
      54 3    20532    20566    20619
      55 3    20509    20601    20575
      56 3    20514    20604    20579
      57 3    20537    20575    20626
      58 3    20541    20579    20632
      59 3    20548    20580    20633
      60 3    20557    20587    20637
      61 3    20532    20619    20587
      62 3    20537    20626    20596
      63 3    20548    20633    20604
      64 3    20541    20632    20601
      65 3    20566    20596    20645
      66 3    20575    20601    20653
      67 3    20580    20602    20654
      68 3    20557    20637    20603
      69 3    20579    20604    20657
      70 3    20566    20645    20619
      71 3    20587    20619    20671
      72 3    20580    20654    20633
      73 3    20575    20653    20626
      74 3    20579    20657    20632
      75 3    20596    20626    20679
      76 3    20601    20632    20683
      77 3    20604    20633    20685
      78 3    20603    20637    20688
      79 3    20587    20671    20637
      80 3    20602    20681    20654
      81 3    20596    20679    20645
      82 3    20604    20685    20657
      83 3    20601    20683    20653
      84 3    20619    20645    20707
      85 3    20626    20653    20713
      86 3    20633    20654    20716
      87 3    20632    20657    20717
      88 3    20619    20707    20671
      89 3    20637    20671    20725
      90 3    20633    20716    20685
      91 3    20626    20713    20679
      92 3    20632    20717    20683
      93 3    20645    20679    20735
      94 3    20654    20681    20739
      95 3    20653    20683    20742
      96 3    20657    20685    20743
      97 3    20637    20725    20688
      98 3    20654    20739    20716
      99 3    20645    20735    20707
     100 3    20671    20707    20753
     101 3    20657    20743    20717
     102 3    20653    20742    20713
     103 3    20681    20710    20757
     104 3    20679    20713    20761
     105 3    20685    20716    20764
     106 3    20683    20717    20766
     107 3    20671    20753    20725
     108 3    20688    20725    20772
     109 3    20681    20757    20739
     110 3    20685    20764    20743
     111 3    20679    20761    20735
     112 3    20710    20733    20778
     113 3    20683    20766    20742
     114 3    20707    20735    20780
     115 3    20716    20739    20787
     116 3    20713    20742    20789
     117 3    20717    20743    20790
     118 3    20710    20778    20757
     119 3    20707    20780    20753
     120 3    20716    20787    20764
     121 3    20725    20753    20805
     122 3    20733    20751    20806
     123 3    20713    20789    20761
     124 3    20717    20790    20766
     125 3    20739    20757    20815
     126 3    20735    20761    20818
     127 3    20733    20806    20778
     128 3    20743    20764    20819
     129 3    20742    20766    20823
     130 3    20725    20805    20772
     131 3    20739    20815    20787
     132 3    20751    20775    20831
     133 3    20735    20818    20780
     134 3    20743    20819    20790
     135 3    20757    20778    20843
     136 3    20742    20823    20789
     137 3    20753    20780    20844
     138 3    20751    20831    20806
     139 3    20764    20787    20857
     140 3    20761    20789    20860
     141 3    20766    20790    20864
     142 3    20757    20843    20815
     143 3    20775    20794    20869
     144 3    20753    20844    20805
     145 3    20772    20805    20878
     146 3    20764    20857    20819
     147 3    20778    20806    20880
     148 3    20775    20869    20831
     149 3    20761    20860    20818
     150 3    20766    20864    20823
     151 3    20787    20815    20890
     152 3    20780    20818    20892
     153 3    20778    20880    20843
     154 3    20790    20819    20897
     155 3    20789    20823    20898
     156 3    20806    20831    20903
     157 3    20794    20896    20869
     158 3    20787    20890    20857
     159 3    20780    20892    20844
     160 3    20790    20897    20864
     161 3    20805    20844    20911
     162 3    20815    20843    20914
     163 3    20789    20898    20860
     164 3    20806    20903    20880
     165 3    20819    20857    20918
     166 3    20818    20860    20919
     167 3    20823    20864    20923
     168 3    20831    20869    20930
     169 3    20815    20914    20890
     170 3    20805    20911    20878
     171 3    20831    20930    20903
     172 3    20843    20880    20937
     173 3    20819    20918    20897
     174 3    20818    20919    20892
     175 3    20823    20923    20898
     176 3    20844    20892    20943
     177 3    20857    20890    20945
     178 3    20843    20937    20914
     179 3    20869    20896    20948
     180 3    20864    20897    20953
     181 3    20860    20898    20954
     182 3    20869    20948    20930
     183 3    20880    20903    20961
     184 3    20857    20945    20918
     185 3    20844    20943    20911
     186 3    20878    20911    20969
     187 3    20864    20953    20923
     188 3    20890    20914    20973
     189 3    20860    20954    20919
     190 3    20880    20961    20937
     191 3    20892    20919    20979
     192 3    20897    20918    20980
     193 3    20898    20923    20981
     194 3    20896    20975    20948
     195 3    20903    20930    20983
     196 3    20890    20973    20945
     197 3    20903    20983    20961
     198 3    20914    20937    20994
     199 3    20897    20980    20953
     200 3    20892    20979    20943
     201 3    20898    20981    20954
     202 3    20911    20943    21001
     203 3    20918    20945    21007
     204 3    20930    20948    21010
     205 3    20914    20994    20973
     206 3    20919    20954    21015
     207 3    20923    20953    21017
     208 3    20930    21010    20983
     209 3    20937    20961    21019
     210 3    20911    21001    20969
     211 3    20918    21007    20980
     212 3    20923    21017    20981
     213 3    20919    21015    20979
     214 3    20945    20973    21035
     215 3    20937    21019    20994
     216 3    20948    20975    21039
     217 3    20943    20979    21041
     218 3    20953    20980    21043
     219 3    20948    21039    21010
     220 3    20954    20981    21047
     221 3    20961    20983    21048
     222 3    20945    21035    21007
     223 3    20961    21048    21019
     224 3    20973    20994    21058
     225 3    20943    21041    21001
     226 3    20953    21043    21017
     227 3    20954    21047    21015
     228 3    20969    21001    21064
     229 3    20975    21061    21039
     230 3    20980    21007    21066
     231 3    20983    21010    21067
     232 3    20973    21058    21035
     233 3    20979    21015    21070
     234 3    20981    21017    21071
     235 3    20983    21067    21048
     236 3    20994    21019    21075
     237 3    20980    21066    21043
     238 3    21010    21039    21086
     239 3    20979    21070    21041
     240 3    20994    21075    21058
     241 3    21007    21035    21087
     242 3    20981    21071    21047
     243 3    21001    21041    21091
     244 3    21010    21086    21067
     245 3    21017    21043    21094
     246 3    21019    21048    21095
     247 3    21015    21047    21098
     248 3    21007    21087    21066
     249 3    21019    21095    21075
     250 3    21035    21058    21109
     251 3    21039    21061    21110
     252 3    21001    21091    21064
     253 3    21017    21094    21071
     254 3    21039    21110    21086
     255 3    21015    21098    21070
     256 3    21048    21067    21119
     257 3    21043    21066    21122
     258 3    21035    21109    21087
     259 3    21041    21070    21124
     260 3    21048    21119    21095
     261 3    21047    21071    21126
     262 3    21058    21075    21129
     263 3    21043    21122    21094
     264 3    21061    21132    21110
     265 3    21067    21086    21136
     266 3    21041    21124    21091
     267 3    21058    21129    21109
     268 3    21066    21087    21140
     269 3    21047    21126    21098
     270 3    21067    21136    21119
     271 3    21064    21091    21144
     272 3    21075    21095    21146
     273 3    21071    21094    21148
     274 3    21070    21098    21150
     275 3    21066    21140    21122
     276 3    21086    21110    21154
     277 3    21075    21146    21129
     278 3    21087    21109    21162
     279 3    21086    21154    21136
     280 3    21071    21148    21126
     281 3    21095    21119    21165
     282 3    21070    21150    21124
     283 3    21094    21122    21171
     284 3    21087    21162    21140
     285 3    21095    21165    21146
     286 3    21091    21124    21173
     287 3    21098    21126    21178
     288 3    21110    21132    21180
     289 3    21109    21129    21181
     290 3    21110    21180    21154
     291 3    21119    21136    21192
     292 3    21094    21171    21148
     293 3    21091    21173    21144
     294 3    21109    21181    21162
     295 3    21119    21192    21165
     296 3    21122    21140    21199
     297 3    21098    21178    21150
     298 3    21129    21146    21203
     299 3    21126    21148    21208
     300 3    21132    21155    21209
     301 3    21124    21150    21210
     302 3    21136    21154    21211
     303 3    21132    21209    21180
     304 3    21129    21203    21181
     305 3    21122    21199    21171
     306 3    21136    21211    21192
     307 3    21140    21162    21217
     308 3    21146    21165    21221
     309 3    21126    21208    21178
     310 3    21124    21210    21173
     311 3    21146    21221    21203
     312 3    21154    21180    21227
     313 3    21148    21171    21228
     314 3    21144    21173    21230
     315 3    21155    21193    21231
     316 3    21140    21217    21199
     317 3    21154    21227    21211
     318 3    21155    21231    21209
     319 3    21162    21181    21234
     320 3    21150    21178    21235
     321 3    21165    21192    21239
     322 3    21165    21239    21221
     323 3    21148    21228    21208
     324 3    21162    21234    21217
     325 3    21180    21209    21248
     326 3    21171    21199    21249
     327 3    21180    21248    21227
     328 3    21181    21203    21252
     329 3    21150    21235    21210
     330 3    21193    21253    21231
     331 3    21192    21211    21257
     332 3    21173    21210    21259
     333 3    21178    21208    21260
     334 3    21192    21257    21239
     335 3    21181    21252    21234
     336 3    21171    21249    21228
     337 3    21203    21221    21268
     338 3    21199    21217    21270
     339 3    21211    21227    21275
     340 3    21173    21259    21230
     341 3    21209    21278    21248
     342 3    21178    21260    21235
     343 3    21203    21268    21252
     344 3    21209    21231    21278
     345 3    21211    21275    21257
     346 3    21208    21228    21282
     347 3    21199    21270    21249
     348 3    21221    21239    21284
     349 3    21217    21234    21286
     350 3    21231    21253    21287
     351 3    21210    21235    21289
     352 3    21221    21284    21268
     353 3    21227    21248    21295
     354 3    21227    21295    21275
     355 3    21217    21286    21270
     356 3    21208    21282    21260
     357 3    21234    21252    21301
     358 3    21239    21257    21303
     359 3    21228    21249    21304
     360 3    21210    21289    21259
     361 3    21231    21287    21278
     362 3    21248    21307    21295
     363 3    21239    21303    21284
     364 3    21230    21259    21308
     365 3    21248    21278    21307
     366 3    21235    21260    21310
     367 3    21278    21287    21311
     368 3    21234    21301    21286
     369 3    21252    21268    21314
     370 3    21228    21304    21282
     371 3    21249    21270    21321
     372 3    21257    21275    21322
     373 3    21252    21314    21301
     374 3    21257    21322    21303
     375 3    21307    21278    21330
     376 3    21235    21310    21289
     377 3    21268    21284    21334
     378 3    21275    21295    21335
     379 3    21278    21311    21330
     380 3    21260    21282    21340
     381 3    21270    21286    21342
     382 3    21275    21335    21322
     383 3    21259    21289    21345
     384 3    21249    21321    21304
     385 3    21268    21334    21314
     386 3    21284    21303    21354
     387 3    21286    21301    21358
     388 3    21270    21342    21321
     389 3    21284    21354    21334
     390 3    21260    21340    21310
     391 3    21259    21345    21308
     392 3    21282    21304    21362
     393 3    21295    21307    21370
     394 3    21301    21314    21372
     395 3    21289    21310    21373
     396 3    21286    21358    21342
     397 3    21295    21370    21335
     398 3    21303    21322    21377
     399 3    21303    21377    21354
     400 3    21304    21321    21383
     401 3    21301    21372    21358
     402 3    21282    21362    21340
     403 3    21314    21334    21384
     404 3    21289    21373    21345
     405 3    21314    21384    21372
     406 3    21307    21330    21370
     407 3    21308    21345    21391
     408 3    21310    21340    21393
     409 3    21321    21342    21394
     410 3    21334    21354    21395
     411 3    21304    21383    21362
     412 3    21322    21335    21400
     413 3    21334    21395    21384
     414 3    21342    21358    21401
     415 3    21322    21400    21377
     416 3    21354    21377    21403
     417 3    21310    21393    21373
     418 3    21354    21403    21395
     419 3    21321    21394    21383
     420 3    21358    21372    21412
     421 3    21340    21362    21413
     422 3    21345    21373    21416
     423 3    21342    21401    21394
     424 3    21358    21412    21401
     425 3    21372    21384    21424
     426 3    21362    21383    21426
     427 3    21340    21413    21393
     428 3    21384    21395    21429
     429 3    21377    21431    21403
     430 3    21345    21416    21391
     431 3    21372    21424    21412
     432 3    21377    21400    21431
     433 3    21384    21429    21424
     434 3    21373    21393    21438
     435 3    21335    21370    21400
     436 3    21383    21394    21443
     437 3    21362    21426    21413
     438 3    21401    21412    21449
     439 3    21401    21455    21394
     440 3    21373    21438    21416
     441 3    21395    21403    21456
     442 3    21391    21416    21465
     443 3    21383    21443    21426
     444 3    21393    21413    21466
     445 3    21412    21424    21467
     446 3    21395    21456    21429
     447 3    21412    21467    21449
     448 3    21401    21449    21455
     449 3    21394    21455    21443
     450 3    21413    21426    21478
     451 3    21393    21466    21438
     452 3    21403    21431    21456
     453 3    21416    21438    21485
     454 3    21424    21429    21486
     455 3    21426    21443    21490
     456 3    21424    21486    21467
     457 3    21413    21478    21466
     458 3    21416    21485    21465
     459 3    21438    21466    21497
     460 3    21443    21455    21499
     461 3    21426    21490    21478
     462 3    21438    21497    21485
     463 3    21478    21490    21511
     464 3    21443    21499    21490
     465 3    21465    21485    21514
     466 3    21429    21456    21486
     467 3    21449    21467    21519
     468 3    21449    21519    21455
     469 3    21466    21478    21527
     470 3    21490    21499    21534
     471 3    21466    21527    21497
     472 3    21485    21497    21537
     473 3    21497    21527    21541
     474 3    21455    21519    21499
     475 3    21478    21511    21527
     476 3    21467    21486    21519
     477 3    21490    21534    21511
     478 3    21497    21541    21537
     479 3    21485    21537    21514
     480 3    21499    21566    21534
     481 3    21499    21519    21566
     482 3    21511    21534    21572
     483 3    21534    21566    21583
     484 3    21534    21583    21572
     485 3    21566    21594    21583
     486 3    21572    21583    21602
     487 3    21594    21619    21583
     488 3    21583    21619    21602
     489 3    21602    21619    21648
     490 3    21619    21664    21648
     491 3    21648    21664    21669
 0                                                                              
 0                                                                              
 1                                                                              
 27                                                                             
      27       0                                                                
   21253
   21287
   21311
   21330
   21370
   21400
   21431
   21456
   21486
   21519
   21566
   21594
   21619
   21664
   21669
   21648
   21602
   21572
   21511
   21527
   21541
   21537
   20483
   20440
   20380
   20313
   20246
