bi_1997_v2.grd                                                                  
     547     310
    2120 -0.770865100000E+02  0.338698100000E+02  0.330110000000E+02
    2167 -0.770558000000E+02  0.338845800000E+02  0.345200000000E+02
    2173 -0.771156600000E+02  0.338871900000E+02  0.324470000000E+02
    2203 -0.770251800000E+02  0.338995300000E+02  0.358420000000E+02
    2208 -0.770851100000E+02  0.339018200000E+02  0.328790000000E+02
    2215 -0.771446600000E+02  0.339043500000E+02  0.328170000000E+02
    2242 -0.769946200000E+02  0.339146600000E+02  0.358660000000E+02
    2247 -0.770546300000E+02  0.339166300000E+02  0.332600000000E+02
    2251 -0.771142700000E+02  0.339188500000E+02  0.332080000000E+02
    2253 -0.771734900000E+02  0.339213100000E+02  0.316200000000E+02
    2277 -0.769641400000E+02  0.339299600000E+02  0.349530000000E+02
    2281 -0.770242200000E+02  0.339316200000E+02  0.343680000000E+02
    2285 -0.770839300000E+02  0.339335300000E+02  0.327590000000E+02
    2290 -0.771432500000E+02  0.339356700000E+02  0.330720000000E+02
    2291 -0.772021600000E+02  0.339380600000E+02  0.302750000000E+02
    2322 -0.769337400000E+02  0.339454300000E+02  0.348960000000E+02
    2324 -0.769938800000E+02  0.339467700000E+02  0.352870000000E+02
    2326 -0.770536700000E+02  0.339483700000E+02  0.325920000000E+02
    2328 -0.771130800000E+02  0.339502200000E+02  0.325310000000E+02
    2334 -0.771720900000E+02  0.339523000000E+02  0.314800000000E+02
    2336 -0.772306500000E+02  0.339546400000E+02  0.303510000000E+02
    2355 -0.769636200000E+02  0.339620800000E+02  0.342420000000E+02
    2358 -0.770234500000E+02  0.339633900000E+02  0.340530000000E+02
    2361 -0.770829500000E+02  0.339649400000E+02  0.323690000000E+02
    2363 -0.771420700000E+02  0.339667300000E+02  0.318380000000E+02
    2366 -0.772007700000E+02  0.339687500000E+02  0.303280000000E+02
    2389 -0.769334200000E+02  0.339775600000E+02  0.344190000000E+02
    2395 -0.769933200000E+02  0.339785600000E+02  0.340920000000E+02
    2397 -0.770528800000E+02  0.339798300000E+02  0.321920000000E+02
    2398 -0.771120900000E+02  0.339813300000E+02  0.320070000000E+02
    2400 -0.771709100000E+02  0.339830600000E+02  0.309370000000E+02
    2405 -0.772292800000E+02  0.339850100000E+02  0.294370000000E+02
    2418 -0.769033000000E+02  0.339932100000E+02  0.355150000000E+02
    2421 -0.769632400000E+02  0.339939000000E+02  0.337110000000E+02
    2424 -0.770228700000E+02  0.339948700000E+02  0.334680000000E+02
    2431 -0.770821600000E+02  0.339961000000E+02  0.320490000000E+02
    2435 -0.771411000000E+02  0.339975500000E+02  0.318100000000E+02
    2436 -0.771996200000E+02  0.339992000000E+02  0.302000000000E+02
    2460 -0.768732500000E+02  0.340090100000E+02  0.359130000000E+02
    2463 -0.769332400000E+02  0.340093900000E+02  0.353680000000E+02
    2465 -0.769929000000E+02  0.340100800000E+02  0.339350000000E+02
    2467 -0.770522700000E+02  0.340110300000E+02  0.326450000000E+02
    2472 -0.771113100000E+02  0.340122100000E+02  0.323040000000E+02
    2480 -0.771699700000E+02  0.340135900000E+02  0.314970000000E+02
    2482 -0.772281600000E+02  0.340151700000E+02  0.296050000000E+02
    2495 -0.768432800000E+02  0.340249900000E+02  0.357540000000E+02
    2496 -0.769033200000E+02  0.340250400000E+02  0.358420000000E+02
    2499 -0.769630200000E+02  0.340254300000E+02  0.345740000000E+02
    2501 -0.770224300000E+02  0.340261100000E+02  0.336140000000E+02
    2504 -0.770815500000E+02  0.340270300000E+02  0.328850000000E+02
    2506 -0.771403400000E+02  0.340281600000E+02  0.319590000000E+02
    2509 -0.771987100000E+02  0.340294600000E+02  0.309170000000E+02
    2534 -0.768734700000E+02  0.340408600000E+02  0.347200000000E+02
    2535 -0.769332000000E+02  0.340409400000E+02  0.351680000000E+02
    2536 -0.768134000000E+02  0.340411600000E+02  0.361880000000E+02
    2537 -0.769926500000E+02  0.340413400000E+02  0.343130000000E+02
    2539 -0.770518300000E+02  0.340420100000E+02  0.334450000000E+02
    2543 -0.771107100000E+02  0.340428900000E+02  0.327000000000E+02
    2546 -0.771692400000E+02  0.340439500000E+02  0.309400000000E+02
    2548 -0.772273100000E+02  0.340451600000E+02  0.302890000000E+02
    2568 -0.769034800000E+02  0.340565900000E+02  0.346670000000E+02
    2569 -0.768437200000E+02  0.340568500000E+02  0.348770000000E+02
    2571 -0.769629400000E+02  0.340567100000E+02  0.342250000000E+02
    2572 -0.770221600000E+02  0.340571200000E+02  0.334210000000E+02
    2573 -0.767835800000E+02  0.340575300000E+02  0.365310000000E+02
    2574 -0.770811100000E+02  0.340577700000E+02  0.331320000000E+02
    2577 -0.771397600000E+02  0.340586000000E+02  0.315640000000E+02
    2578 -0.771980300000E+02  0.340595700000E+02  0.300580000000E+02
    2608 -0.769333000000E+02  0.340722200000E+02  0.341510000000E+02
    2610 -0.768738400000E+02  0.340724100000E+02  0.347130000000E+02
    2611 -0.769925300000E+02  0.340723700000E+02  0.331870000000E+02
    2614 -0.770515400000E+02  0.340727900000E+02  0.328420000000E+02
    2615 -0.768140600000E+02  0.340730300000E+02  0.357180000000E+02
    2617 -0.771102900000E+02  0.340734000000E+02  0.319530000000E+02
    2620 -0.771687200000E+02  0.340741500000E+02  0.302290000000E+02
    2621 -0.772267200000E+02  0.340750000000E+02  0.294270000000E+02
    2649 -0.769629800000E+02  0.340877500000E+02  0.334930000000E+02
    2650 -0.769037600000E+02  0.340878800000E+02  0.341170000000E+02
    2651 -0.770220000000E+02  0.340879400000E+02  0.319400000000E+02
    2652 -0.768443000000E+02  0.340884100000E+02  0.345780000000E+02
    2653 -0.770808300000E+02  0.340883400000E+02  0.317920000000E+02
    2654 -0.771393800000E+02  0.340888900000E+02  0.305170000000E+02
    2655 -0.767844900000E+02  0.340894300000E+02  0.361220000000E+02
    2657 -0.771975900000E+02  0.340895400000E+02  0.299380000000E+02
    2686 -0.769335200000E+02  0.341032600000E+02  0.335940000000E+02
    2687 -0.769925300000E+02  0.341032000000E+02  0.319940000000E+02
    2690 -0.770513800000E+02  0.341034000000E+02  0.313230000000E+02
    2691 -0.768743200000E+02  0.341036800000E+02  0.335210000000E+02
    2692 -0.771100300000E+02  0.341037700000E+02  0.302270000000E+02
    2694 -0.771684000000E+02  0.341042300000E+02  0.292940000000E+02
    2695 -0.768148700000E+02  0.341045800000E+02  0.346580000000E+02
    2698 -0.772263600000E+02  0.341047500000E+02  0.293700000000E+02
    2721 -0.769631300000E+02  0.341185800000E+02  0.327460000000E+02
    2722 -0.770219700000E+02  0.341185700000E+02  0.307580000000E+02
    2723 -0.769041600000E+02  0.341189000000E+02  0.328450000000E+02
    2724 -0.770806700000E+02  0.341187700000E+02  0.304600000000E+02
    2725 -0.771391700000E+02  0.341190700000E+02  0.291980000000E+02
    2726 -0.768450000000E+02  0.341196600000E+02  0.334300000000E+02
    2727 -0.771973600000E+02  0.341194200000E+02  0.287290000000E+02
    2735 -0.767855800000E+02  0.341209800000E+02  0.351850000000E+02
    2761 -0.769926200000E+02  0.341338400000E+02  0.317060000000E+02
    2763 -0.770513300000E+02  0.341338700000E+02  0.304790000000E+02
    2764 -0.769338200000E+02  0.341340600000E+02  0.324640000000E+02
    2765 -0.771099000000E+02  0.341340300000E+02  0.294130000000E+02
    2766 -0.771682600000E+02  0.341342300000E+02  0.282360000000E+02
    2768 -0.768749200000E+02  0.341346700000E+02  0.323370000000E+02
    2769 -0.772262600000E+02  0.341344200000E+02  0.281710000000E+02
    2774 -0.768158300000E+02  0.341358100000E+02  0.333160000000E+02
    2803 -0.770220300000E+02  0.341490500000E+02  0.301580000000E+02
    2804 -0.770806300000E+02  0.341490800000E+02  0.297470000000E+02
    2805 -0.769633600000E+02  0.341492000000E+02  0.317330000000E+02
    2807 -0.771391000000E+02  0.341491700000E+02  0.286130000000E+02
    2808 -0.771973200000E+02  0.341492300000E+02  0.276150000000E+02
    2809 -0.769046300000E+02  0.341496700000E+02  0.316860000000E+02
    2810 -0.768458200000E+02  0.341506000000E+02  0.327800000000E+02
    2814 -0.767868200000E+02  0.341521800000E+02  0.333910000000E+02
    2841 -0.771682700000E+02  0.341641700000E+02  0.277310000000E+02
    2842 -0.770513600000E+02  0.341642100000E+02  0.297840000000E+02
    2843 -0.771098900000E+02  0.341642000000E+02  0.287510000000E+02
    2844 -0.769927800000E+02  0.341643100000E+02  0.307150000000E+02
    2845 -0.769341900000E+02  0.341646500000E+02  0.313100000000E+02
    2847 -0.768755800000E+02  0.341653900000E+02  0.320680000000E+02
    2850 -0.768168900000E+02  0.341667100000E+02  0.321390000000E+02
    2876 -0.771974600000E+02  0.341790300000E+02  0.269080000000E+02
    2877 -0.771391400000E+02  0.341792100000E+02  0.281800000000E+02
    2878 -0.770806700000E+02  0.341793100000E+02  0.289190000000E+02
    2879 -0.770221300000E+02  0.341794100000E+02  0.297480000000E+02
    2880 -0.769636200000E+02  0.341796400000E+02  0.308960000000E+02
    2881 -0.769051500000E+02  0.341801900000E+02  0.315580000000E+02
    2883 -0.768467000000E+02  0.341812500000E+02  0.318040000000E+02
    2888 -0.767881700000E+02  0.341830100000E+02  0.324000000000E+02
    2909 -0.771684100000E+02  0.341941000000E+02  0.270840000000E+02
    2911 -0.771099500000E+02  0.341943200000E+02  0.280220000000E+02
    2912 -0.770514400000E+02  0.341944600000E+02  0.292300000000E+02
    2914 -0.769929700000E+02  0.341946400000E+02  0.300600000000E+02
    2915 -0.769345800000E+02  0.341950300000E+02  0.309050000000E+02
    2918 -0.768762800000E+02  0.341958400000E+02  0.316230000000E+02
    2921 -0.768180200000E+02  0.341972600000E+02  0.311900000000E+02
    2948 -0.771392600000E+02  0.342092400000E+02  0.271470000000E+02
    2950 -0.770807300000E+02  0.342094700000E+02  0.281540000000E+02
    2952 -0.770222500000E+02  0.342096500000E+02  0.292080000000E+02
    2953 -0.769638900000E+02  0.342099200000E+02  0.301900000000E+02
    2954 -0.769056900000E+02  0.342104900000E+02  0.309900000000E+02
    2957 -0.768476100000E+02  0.342115900000E+02  0.309940000000E+02
    2960 -0.767895900000E+02  0.342134600000E+02  0.314940000000E+02
    2986 -0.771100400000E+02  0.342244200000E+02  0.271190000000E+02
    2987 -0.770515100000E+02  0.342246400000E+02  0.278880000000E+02
    2988 -0.769931300000E+02  0.342248500000E+02  0.290990000000E+02
    2989 -0.769349500000E+02  0.342252300000E+02  0.302700000000E+02
    2991 -0.768769800000E+02  0.342260200000E+02  0.307200000000E+02
    2993 -0.768191800000E+02  0.342274900000E+02  0.306770000000E+02
    3022 -0.771393900000E+02  0.342392700000E+02  0.259590000000E+02
    3024 -0.770807900000E+02  0.342396100000E+02  0.270040000000E+02
    3025 -0.770223400000E+02  0.342398100000E+02  0.279530000000E+02
    3026 -0.769641300000E+02  0.342400500000E+02  0.293390000000E+02
    3028 -0.769061800000E+02  0.342405700000E+02  0.301670000000E+02
    3029 -0.768485100000E+02  0.342416500000E+02  0.302540000000E+02
    3033 -0.767910300000E+02  0.342435400000E+02  0.307060000000E+02
    3058 -0.771100900000E+02  0.342545200000E+02  0.259640000000E+02
    3059 -0.770515400000E+02  0.342547800000E+02  0.266920000000E+02
    3060 -0.769932400000E+02  0.342549400000E+02  0.282140000000E+02
    3062 -0.769352600000E+02  0.342552500000E+02  0.294870000000E+02
    3065 -0.768776300000E+02  0.342559700000E+02  0.293680000000E+02
    3067 -0.768203000000E+02  0.342574000000E+02  0.299570000000E+02
    3097 -0.771394700000E+02  0.342693400000E+02  0.250540000000E+02
    3100 -0.770807600000E+02  0.342697300000E+02  0.259630000000E+02
    3101 -0.770223400000E+02  0.342698900000E+02  0.271510000000E+02
    3102 -0.769642600000E+02  0.342700400000E+02  0.284980000000E+02
    3103 -0.769066000000E+02  0.342704500000E+02  0.290260000000E+02
    3104 -0.768493400000E+02  0.342714300000E+02  0.289930000000E+02
    3106 -0.767924300000E+02  0.342732800000E+02  0.287950000000E+02
    3137 -0.771100400000E+02  0.342846300000E+02  0.251210000000E+02
    3139 -0.770514500000E+02  0.342848700000E+02  0.260650000000E+02
    3140 -0.769932300000E+02  0.342849400000E+02  0.275880000000E+02
    3142 -0.769354600000E+02  0.342851000000E+02  0.287030000000E+02
    3144 -0.768781900000E+02  0.342856800000E+02  0.279670000000E+02
    3147 -0.768213700000E+02  0.342870000000E+02  0.285860000000E+02
    3175 -0.771394000000E+02  0.342994500000E+02  0.239940000000E+02
    3177 -0.770805900000E+02  0.342998400000E+02  0.250440000000E+02
    3178 -0.769642700000E+02  0.342999000000E+02  0.276280000000E+02
    3179 -0.770221900000E+02  0.342999100000E+02  0.264350000000E+02
    3181 -0.769068900000E+02  0.343001300000E+02  0.280500000000E+02
    3185 -0.768500800000E+02  0.343009500000E+02  0.276560000000E+02
    3190 -0.767937800000E+02  0.343026900000E+02  0.275180000000E+02
    3223 -0.769355100000E+02  0.343147900000E+02  0.280920000000E+02
    3224 -0.769930500000E+02  0.343148400000E+02  0.264890000000E+02
    3225 -0.771098000000E+02  0.343147700000E+02  0.241410000000E+02
    3226 -0.770511700000E+02  0.343149300000E+02  0.251710000000E+02
    3227 -0.768786200000E+02  0.343151600000E+02  0.266140000000E+02
    3231 -0.768223500000E+02  0.343163100000E+02  0.272120000000E+02
    3265 -0.769640900000E+02  0.343296400000E+02  0.266460000000E+02
    3267 -0.769070200000E+02  0.343296300000E+02  0.272070000000E+02
    3268 -0.771391100000E+02  0.343296300000E+02  0.229240000000E+02
    3269 -0.770218400000E+02  0.343298700000E+02  0.252120000000E+02
    3270 -0.770802000000E+02  0.343299500000E+02  0.239990000000E+02
    3271 -0.768506900000E+02  0.343302200000E+02  0.263610000000E+02
    3278 -0.767950500000E+02  0.343317900000E+02  0.271250000000E+02
    3310 -0.769353600000E+02  0.343443400000E+02  0.267780000000E+02
    3312 -0.768788800000E+02  0.343444300000E+02  0.259620000000E+02
    3314 -0.769926500000E+02  0.343446500000E+02  0.252840000000E+02
    3315 -0.770506600000E+02  0.343449600000E+02  0.241410000000E+02
    3316 -0.771093000000E+02  0.343449600000E+02  0.230660000000E+02
    3317 -0.768232100000E+02  0.343453500000E+02  0.260180000000E+02
    3362 -0.769069500000E+02  0.343589500000E+02  0.260980000000E+02
    3365 -0.768511400000E+02  0.343592400000E+02  0.255560000000E+02
    3367 -0.769636800000E+02  0.343592700000E+02  0.253480000000E+02
    3373 -0.770212300000E+02  0.343597600000E+02  0.241780000000E+02
    3377 -0.771385100000E+02  0.343598900000E+02  0.219610000000E+02
    3378 -0.770795200000E+02  0.343600800000E+02  0.231360000000E+02
    3380 -0.767962300000E+02  0.343605800000E+02  0.269870000000E+02
    3431 -0.768789300000E+02  0.343734900000E+02  0.254560000000E+02
    3432 -0.769349800000E+02  0.343737500000E+02  0.251150000000E+02
    3433 -0.768239200000E+02  0.343740900000E+02  0.259120000000E+02
    3439 -0.769920000000E+02  0.343743700000E+02  0.243310000000E+02
    3448 -0.770498400000E+02  0.343749600000E+02  0.230490000000E+02
    3450 -0.771084700000E+02  0.343752000000E+02  0.221940000000E+02
    3504 -0.768513900000E+02  0.343880200000E+02  0.252200000000E+02
    3505 -0.769066400000E+02  0.343881000000E+02  0.253290000000E+02
    3508 -0.767973000000E+02  0.343890300000E+02  0.262220000000E+02
    3510 -0.769630100000E+02  0.343887900000E+02  0.243190000000E+02
    3515 -0.770203300000E+02  0.343896000000E+02  0.231650000000E+02
    3521 -0.770784800000E+02  0.343902200000E+02  0.223820000000E+02
    3522 -0.771375500000E+02  0.343902800000E+02  0.207940000000E+02
    3571 -0.768787300000E+02  0.344023600000E+02  0.247650000000E+02
    3573 -0.768244500000E+02  0.344025400000E+02  0.254580000000E+02
    3579 -0.769343200000E+02  0.344030300000E+02  0.245570000000E+02
    3586 -0.767714000000E+02  0.344041100000E+02  0.253250000000E+02
    3587 -0.769910400000E+02  0.344040300000E+02  0.230070000000E+02
    3593 -0.770486600000E+02  0.344049200000E+02  0.221840000000E+02
    3596 -0.771072200000E+02  0.344055700000E+02  0.212850000000E+02
    3649 -0.768513800000E+02  0.344165500000E+02  0.243300000000E+02
    3650 -0.767982000000E+02  0.344171200000E+02  0.247320000000E+02
    3651 -0.769060200000E+02  0.344171200000E+02  0.247290000000E+02
    3656 -0.769620200000E+02  0.344182400000E+02  0.233700000000E+02
    3663 -0.770190900000E+02  0.344193900000E+02  0.218340000000E+02
    3668 -0.770769900000E+02  0.344203500000E+02  0.214520000000E+02
    3673 -0.771362700000E+02  0.344210200000E+02  0.196310000000E+02
    3721 -0.768247100000E+02  0.344306800000E+02  0.238070000000E+02
    3722 -0.768782200000E+02  0.344310500000E+02  0.238310000000E+02
    3725 -0.767728000000E+02  0.344317900000E+02  0.239110000000E+02
    3728 -0.769333300000E+02  0.344322400000E+02  0.239790000000E+02
    3736 -0.769897600000E+02  0.344336500000E+02  0.216130000000E+02
    3748 -0.770471000000E+02  0.344348100000E+02  0.211590000000E+02
    3759 -0.771054000000E+02  0.344361300000E+02  0.198600000000E+02
    3794 -0.767988400000E+02  0.344447900000E+02  0.231530000000E+02
    3795 -0.768510300000E+02  0.344448400000E+02  0.231490000000E+02
    3799 -0.769050400000E+02  0.344460300000E+02  0.239010000000E+02
    3800 -0.767483700000E+02  0.344466300000E+02  0.235500000000E+02
    3822 -0.769606800000E+02  0.344476700000E+02  0.224800000000E+02
    3831 -0.770175300000E+02  0.344491800000E+02  0.202770000000E+02
    3836 -0.770749000000E+02  0.344502100000E+02  0.201300000000E+02
    3855 -0.771350400000E+02  0.344537800000E+02  0.185280000000E+02
    3881 -0.768245900000E+02  0.344584800000E+02  0.225210000000E+02
    3883 -0.767739500000E+02  0.344589200000E+02  0.228280000000E+02
    3891 -0.768772900000E+02  0.344595800000E+02  0.228650000000E+02
    3901 -0.769319200000E+02  0.344614100000E+02  0.229590000000E+02
    3907 -0.769881300000E+02  0.344633200000E+02  0.208520000000E+02
    3915 -0.770453000000E+02  0.344646300000E+02  0.191730000000E+02
    3921 -0.771017800000E+02  0.344656300000E+02  0.183990000000E+02
    3964 -0.767990800000E+02  0.344719900000E+02  0.218960000000E+02
    3966 -0.767501900000E+02  0.344731500000E+02  0.224530000000E+02
    3968 -0.768502000000E+02  0.344729000000E+02  0.218960000000E+02
    3976 -0.769036000000E+02  0.344748700000E+02  0.222860000000E+02
    3991 -0.769589200000E+02  0.344771300000E+02  0.214760000000E+02
    4005 -0.771242000000E+02  0.344810900000E+02  0.178460000000E+02
    4006 -0.770157300000E+02  0.344791100000E+02  0.190270000000E+02
    4009 -0.770726700000E+02  0.344794800000E+02  0.184560000000E+02
    4047 -0.767746800000E+02  0.344854000000E+02  0.217330000000E+02
    4048 -0.768239500000E+02  0.344859200000E+02  0.213170000000E+02
    4052 -0.767277500000E+02  0.344876000000E+02  0.209920000000E+02
    4060 -0.768758400000E+02  0.344880200000E+02  0.212380000000E+02
    4076 -0.769300400000E+02  0.344906100000E+02  0.213190000000E+02
    4088 -0.770982900000E+02  0.344929100000E+02  0.177310000000E+02
    4092 -0.769860800000E+02  0.344931100000E+02  0.192280000000E+02
    4106 -0.770436900000E+02  0.344948700000E+02  0.184340000000E+02
    4121 -0.767516100000E+02  0.344987900000E+02  0.205260000000E+02
    4122 -0.767987400000E+02  0.344986400000E+02  0.213110000000E+02
    4138 -0.768487600000E+02  0.345007600000E+02  0.205880000000E+02
    4158 -0.769016100000E+02  0.345037200000E+02  0.205570000000E+02
    4178 -0.769566500000E+02  0.345066900000E+02  0.193260000000E+02
    4190 -0.770719200000E+02  0.345084700000E+02  0.175940000000E+02
    4197 -0.770135700000E+02  0.345094800000E+02  0.180890000000E+02
    4205 -0.767748000000E+02  0.345111000000E+02  0.208470000000E+02
    4214 -0.767301100000E+02  0.345122700000E+02  0.193480000000E+02
    4222 -0.768225900000E+02  0.345129800000E+02  0.206540000000E+02
    4239 -0.768737300000E+02  0.345164300000E+02  0.199890000000E+02
    4267 -0.769275800000E+02  0.345199000000E+02  0.193970000000E+02
    4291 -0.767523900000E+02  0.345233700000E+02  0.192100000000E+02
    4301 -0.767975800000E+02  0.345246500000E+02  0.209650000000E+02
    4329 -0.768465000000E+02  0.345284900000E+02  0.196840000000E+02
    4333 -0.770428500000E+02  0.345278800000E+02  0.174140000000E+02
    4362 -0.768989800000E+02  0.345325900000E+02  0.189250000000E+02
    4382 -0.767317700000E+02  0.345355400000E+02  0.182860000000E+02
    4386 -0.767740600000E+02  0.345358700000E+02  0.192560000000E+02
    4419 -0.768202100000E+02  0.345395800000E+02  0.195140000000E+02
    4463 -0.768708400000E+02  0.345451300000E+02  0.185980000000E+02
    4473 -0.767522400000E+02  0.345467300000E+02  0.182250000000E+02
    4508 -0.767953600000E+02  0.345498600000E+02  0.188180000000E+02
    4569 -0.768430100000E+02  0.345561900000E+02  0.186170000000E+02
    4590 -0.767323600000E+02  0.345573000000E+02  0.177170000000E+02
    4601 -0.767722000000E+02  0.345595900000E+02  0.183100000000E+02
    4660 -0.768164400000E+02  0.345654300000E+02  0.183880000000E+02
    4696 -0.767508600000E+02  0.345687900000E+02  0.175220000000E+02
    4755 -0.767918600000E+02  0.345741100000E+02  0.180420000000E+02
    4785 -0.767316800000E+02  0.345773200000E+02  0.172370000000E+02
    4847 -0.767690000000E+02  0.345822100000E+02  0.172940000000E+02
    4948 -0.767478600000E+02  0.345896000000E+02  0.169680000000E+02
    4962 -0.768112500000E+02  0.345902900000E+02  0.173670000000E+02
    5073 -0.767870400000E+02  0.345973100000E+02  0.167500000000E+02
    5201 -0.767643400000E+02  0.346038400000E+02  0.166330000000E+02
       1 3     2120     2167     2208
       2 3     2120     2208     2173
       3 3     2167     2203     2247
       4 3     2167     2247     2208
       5 3     2173     2208     2251
       6 3     2173     2251     2215
       7 3     2203     2242     2281
       8 3     2203     2281     2247
       9 3     2208     2247     2285
      10 3     2208     2285     2251
      11 3     2215     2251     2290
      12 3     2215     2290     2253
      13 3     2242     2277     2324
      14 3     2242     2324     2281
      15 3     2247     2281     2326
      16 3     2247     2326     2285
      17 3     2251     2285     2328
      18 3     2251     2328     2290
      19 3     2253     2290     2334
      20 3     2253     2334     2291
      21 3     2277     2322     2355
      22 3     2277     2355     2324
      23 3     2281     2324     2358
      24 3     2281     2358     2326
      25 3     2285     2326     2361
      26 3     2285     2361     2328
      27 3     2290     2328     2363
      28 3     2290     2363     2334
      29 3     2291     2334     2366
      30 3     2291     2366     2336
      31 3     2322     2389     2355
      32 3     2324     2355     2395
      33 3     2324     2395     2358
      34 3     2326     2358     2397
      35 3     2326     2397     2361
      36 3     2328     2361     2398
      37 3     2328     2398     2363
      38 3     2334     2363     2400
      39 3     2334     2400     2366
      40 3     2336     2366     2405
      41 3     2355     2389     2421
      42 3     2355     2421     2395
      43 3     2358     2395     2424
      44 3     2358     2424     2397
      45 3     2361     2397     2431
      46 3     2361     2431     2398
      47 3     2363     2398     2435
      48 3     2363     2435     2400
      49 3     2366     2400     2436
      50 3     2366     2436     2405
      51 3     2389     2418     2463
      52 3     2389     2463     2421
      53 3     2395     2421     2465
      54 3     2395     2465     2424
      55 3     2397     2424     2467
      56 3     2397     2467     2431
      57 3     2398     2431     2472
      58 3     2398     2472     2435
      59 3     2400     2435     2480
      60 3     2400     2480     2436
      61 3     2405     2436     2482
      62 3     2418     2496     2463
      63 3     2418     2460     2496
      64 3     2421     2463     2499
      65 3     2421     2499     2465
      66 3     2424     2465     2501
      67 3     2424     2501     2467
      68 3     2431     2467     2504
      69 3     2431     2504     2472
      70 3     2435     2472     2506
      71 3     2435     2506     2480
      72 3     2436     2480     2509
      73 3     2436     2509     2482
      74 3     2460     2534     2496
      75 3     2463     2535     2499
      76 3     2463     2496     2535
      77 3     2460     2495     2534
      78 3     2465     2499     2537
      79 3     2465     2537     2501
      80 3     2467     2501     2539
      81 3     2467     2539     2504
      82 3     2472     2504     2543
      83 3     2472     2543     2506
      84 3     2480     2506     2546
      85 3     2480     2546     2509
      86 3     2482     2509     2548
      87 3     2496     2568     2535
      88 3     2496     2534     2568
      89 3     2495     2569     2534
      90 3     2499     2535     2571
      91 3     2499     2571     2537
      92 3     2495     2536     2569
      93 3     2501     2537     2572
      94 3     2501     2572     2539
      95 3     2504     2539     2574
      96 3     2504     2574     2543
      97 3     2506     2543     2577
      98 3     2506     2577     2546
      99 3     2509     2546     2578
     100 3     2509     2578     2548
     101 3     2535     2608     2571
     102 3     2534     2610     2568
     103 3     2535     2568     2608
     104 3     2537     2571     2611
     105 3     2537     2611     2572
     106 3     2534     2569     2610
     107 3     2539     2572     2614
     108 3     2536     2615     2569
     109 3     2539     2614     2574
     110 3     2536     2573     2615
     111 3     2543     2574     2617
     112 3     2543     2617     2577
     113 3     2546     2577     2620
     114 3     2546     2620     2578
     115 3     2548     2578     2621
     116 3     2571     2649     2611
     117 3     2568     2650     2608
     118 3     2571     2608     2649
     119 3     2572     2611     2651
     120 3     2568     2610     2650
     121 3     2572     2651     2614
     122 3     2569     2652     2610
     123 3     2574     2614     2653
     124 3     2574     2653     2617
     125 3     2569     2615     2652
     126 3     2577     2617     2654
     127 3     2577     2654     2620
     128 3     2573     2655     2615
     129 3     2578     2620     2657
     130 3     2578     2657     2621
     131 3     2608     2686     2649
     132 3     2611     2687     2651
     133 3     2611     2649     2687
     134 3     2608     2650     2686
     135 3     2614     2651     2690
     136 3     2614     2690     2653
     137 3     2610     2691     2650
     138 3     2617     2653     2692
     139 3     2610     2652     2691
     140 3     2617     2692     2654
     141 3     2620     2654     2694
     142 3     2615     2695     2652
     143 3     2620     2694     2657
     144 3     2621     2657     2698
     145 3     2615     2655     2695
     146 3     2649     2721     2687
     147 3     2651     2722     2690
     148 3     2651     2687     2722
     149 3     2649     2686     2721
     150 3     2650     2723     2686
     151 3     2653     2690     2724
     152 3     2653     2724     2692
     153 3     2650     2691     2723
     154 3     2654     2692     2725
     155 3     2654     2725     2694
     156 3     2652     2726     2691
     157 3     2657     2694     2727
     158 3     2657     2727     2698
     159 3     2652     2695     2726
     160 3     2655     2735     2695
     161 3     2687     2761     2722
     162 3     2690     2722     2763
     163 3     2687     2721     2761
     164 3     2690     2763     2724
     165 3     2686     2764     2721
     166 3     2692     2724     2765
     167 3     2692     2765     2725
     168 3     2686     2723     2764
     169 3     2694     2725     2766
     170 3     2694     2766     2727
     171 3     2691     2768     2723
     172 3     2698     2727     2769
     173 3     2691     2726     2768
     174 3     2695     2774     2726
     175 3     2695     2735     2774
     176 3     2722     2803     2763
     177 3     2722     2761     2803
     178 3     2724     2763     2804
     179 3     2724     2804     2765
     180 3     2721     2805     2761
     181 3     2725     2765     2807
     182 3     2725     2807     2766
     183 3     2727     2808     2769
     184 3     2721     2764     2805
     185 3     2727     2766     2808
     186 3     2723     2809     2764
     187 3     2723     2768     2809
     188 3     2726     2810     2768
     189 3     2726     2774     2810
     190 3     2735     2814     2774
     191 3     2766     2841     2808
     192 3     2763     2842     2804
     193 3     2765     2843     2807
     194 3     2765     2804     2843
     195 3     2766     2807     2841
     196 3     2763     2803     2842
     197 3     2761     2844     2803
     198 3     2761     2805     2844
     199 3     2764     2845     2805
     200 3     2764     2809     2845
     201 3     2768     2847     2809
     202 3     2768     2810     2847
     203 3     2774     2850     2810
     204 3     2774     2814     2850
     205 3     2808     2841     2876
     206 3     2807     2877     2841
     207 3     2807     2843     2877
     208 3     2804     2878     2843
     209 3     2804     2842     2878
     210 3     2803     2879     2842
     211 3     2803     2844     2879
     212 3     2805     2880     2844
     213 3     2805     2845     2880
     214 3     2809     2881     2845
     215 3     2809     2847     2881
     216 3     2810     2883     2847
     217 3     2810     2850     2883
     218 3     2814     2888     2850
     219 3     2841     2909     2876
     220 3     2841     2877     2909
     221 3     2843     2911     2877
     222 3     2843     2878     2911
     223 3     2842     2912     2878
     224 3     2842     2879     2912
     225 3     2844     2914     2879
     226 3     2844     2880     2914
     227 3     2845     2915     2880
     228 3     2845     2881     2915
     229 3     2847     2918     2881
     230 3     2847     2883     2918
     231 3     2850     2921     2883
     232 3     2850     2888     2921
     233 3     2877     2948     2909
     234 3     2877     2911     2948
     235 3     2878     2950     2911
     236 3     2878     2912     2950
     237 3     2879     2952     2912
     238 3     2879     2914     2952
     239 3     2880     2953     2914
     240 3     2880     2915     2953
     241 3     2881     2954     2915
     242 3     2881     2918     2954
     243 3     2883     2957     2918
     244 3     2883     2921     2957
     245 3     2888     2960     2921
     246 3     2911     2986     2948
     247 3     2911     2950     2986
     248 3     2912     2987     2950
     249 3     2912     2952     2987
     250 3     2914     2988     2952
     251 3     2914     2953     2988
     252 3     2915     2989     2953
     253 3     2915     2954     2989
     254 3     2918     2991     2954
     255 3     2918     2957     2991
     256 3     2921     2993     2957
     257 3     2921     2960     2993
     258 3     2948     2986     3022
     259 3     2950     3024     2986
     260 3     2950     2987     3024
     261 3     2952     3025     2987
     262 3     2952     2988     3025
     263 3     2953     3026     2988
     264 3     2953     2989     3026
     265 3     2954     3028     2989
     266 3     2954     2991     3028
     267 3     2957     3029     2991
     268 3     2957     2993     3029
     269 3     2960     3033     2993
     270 3     2986     3058     3022
     271 3     2986     3024     3058
     272 3     2987     3025     3059
     273 3     2987     3059     3024
     274 3     2988     3060     3025
     275 3     2988     3026     3060
     276 3     2989     3062     3026
     277 3     2989     3028     3062
     278 3     2991     3065     3028
     279 3     2991     3029     3065
     280 3     2993     3067     3029
     281 3     2993     3033     3067
     282 3     3022     3058     3097
     283 3     3024     3059     3100
     284 3     3024     3100     3058
     285 3     3025     3060     3101
     286 3     3025     3101     3059
     287 3     3026     3102     3060
     288 3     3026     3062     3102
     289 3     3028     3103     3062
     290 3     3028     3065     3103
     291 3     3029     3104     3065
     292 3     3029     3067     3104
     293 3     3033     3106     3067
     294 3     3058     3100     3137
     295 3     3058     3137     3097
     296 3     3059     3101     3139
     297 3     3060     3102     3140
     298 3     3059     3139     3100
     299 3     3060     3140     3101
     300 3     3062     3142     3102
     301 3     3062     3103     3142
     302 3     3065     3144     3103
     303 3     3065     3104     3144
     304 3     3067     3147     3104
     305 3     3067     3106     3147
     306 3     3097     3137     3175
     307 3     3100     3139     3177
     308 3     3102     3142     3178
     309 3     3101     3140     3179
     310 3     3102     3178     3140
     311 3     3103     3181     3142
     312 3     3100     3177     3137
     313 3     3101     3179     3139
     314 3     3103     3144     3181
     315 3     3104     3185     3144
     316 3     3104     3147     3185
     317 3     3106     3190     3147
     318 3     3142     3181     3223
     319 3     3140     3178     3224
     320 3     3142     3223     3178
     321 3     3137     3177     3225
     322 3     3139     3179     3226
     323 3     3140     3224     3179
     324 3     3144     3227     3181
     325 3     3137     3225     3175
     326 3     3139     3226     3177
     327 3     3144     3185     3227
     328 3     3147     3231     3185
     329 3     3147     3190     3231
     330 3     3178     3223     3265
     331 3     3181     3267     3223
     332 3     3181     3227     3267
     333 3     3175     3225     3268
     334 3     3178     3265     3224
     335 3     3179     3224     3269
     336 3     3177     3226     3270
     337 3     3185     3271     3227
     338 3     3179     3269     3226
     339 3     3177     3270     3225
     340 3     3185     3231     3271
     341 3     3190     3278     3231
     342 3     3223     3267     3310
     343 3     3227     3312     3267
     344 3     3227     3271     3312
     345 3     3223     3310     3265
     346 3     3224     3265     3314
     347 3     3226     3269     3315
     348 3     3224     3314     3269
     349 3     3225     3270     3316
     350 3     3231     3317     3271
     351 3     3226     3315     3270
     352 3     3225     3316     3268
     353 3     3231     3278     3317
     354 3     3267     3312     3362
     355 3     3267     3362     3310
     356 3     3271     3365     3312
     357 3     3265     3310     3367
     358 3     3271     3317     3365
     359 3     3265     3367     3314
     360 3     3269     3314     3373
     361 3     3268     3316     3377
     362 3     3270     3315     3378
     363 3     3278     3380     3317
     364 3     3269     3373     3315
     365 3     3270     3378     3316
     366 3     3312     3365     3431
     367 3     3312     3431     3362
     368 3     3310     3362     3432
     369 3     3317     3433     3365
     370 3     3310     3432     3367
     371 3     3317     3380     3433
     372 3     3314     3367     3439
     373 3     3314     3439     3373
     374 3     3315     3373     3448
     375 3     3316     3378     3450
     376 3     3315     3448     3378
     377 3     3316     3450     3377
     378 3     3365     3504     3431
     379 3     3362     3431     3505
     380 3     3365     3433     3504
     381 3     3362     3505     3432
     382 3     3380     3508     3433
     383 3     3367     3432     3510
     384 3     3367     3510     3439
     385 3     3373     3439     3515
     386 3     3378     3448     3521
     387 3     3373     3515     3448
     388 3     3377     3450     3522
     389 3     3378     3521     3450
     390 3     3431     3504     3571
     391 3     3433     3573     3504
     392 3     3431     3571     3505
     393 3     3433     3508     3573
     394 3     3432     3505     3579
     395 3     3432     3579     3510
     396 3     3439     3510     3587
     397 3     3439     3587     3515
     398 3     3448     3515     3593
     399 3     3450     3521     3596
     400 3     3448     3593     3521
     401 3     3450     3596     3522
     402 3     3504     3573     3649
     403 3     3504     3649     3571
     404 3     3508     3650     3573
     405 3     3505     3571     3651
     406 3     3508     3586     3650
     407 3     3505     3651     3579
     408 3     3510     3579     3656
     409 3     3510     3656     3587
     410 3     3515     3587     3663
     411 3     3521     3593     3668
     412 3     3515     3663     3593
     413 3     3522     3596     3673
     414 3     3521     3668     3596
     415 3     3573     3721     3649
     416 3     3573     3650     3721
     417 3     3571     3649     3722
     418 3     3586     3725     3650
     419 3     3571     3722     3651
     420 3     3579     3651     3728
     421 3     3579     3728     3656
     422 3     3587     3656     3736
     423 3     3587     3736     3663
     424 3     3593     3663     3748
     425 3     3593     3748     3668
     426 3     3596     3668     3759
     427 3     3596     3759     3673
     428 3     3650     3794     3721
     429 3     3649     3721     3795
     430 3     3650     3725     3794
     431 3     3649     3795     3722
     432 3     3651     3722     3799
     433 3     3651     3799     3728
     434 3     3656     3728     3822
     435 3     3656     3822     3736
     436 3     3663     3736     3831
     437 3     3668     3748     3836
     438 3     3663     3831     3748
     439 3     3668     3836     3759
     440 3     3673     3759     3855
     441 3     3721     3794     3881
     442 3     3725     3883     3794
     443 3     3721     3881     3795
     444 3     3725     3800     3883
     445 3     3722     3795     3891
     446 3     3722     3891     3799
     447 3     3728     3799     3901
     448 3     3728     3901     3822
     449 3     3736     3822     3907
     450 3     3736     3907     3831
     451 3     3748     3831     3915
     452 3     3759     3836     3921
     453 3     3748     3915     3836
     454 3     3759     3921     3855
     455 3     3794     3883     3964
     456 3     3794     3964     3881
     457 3     3800     3966     3883
     458 3     3795     3881     3968
     459 3     3795     3968     3891
     460 3     3799     3891     3976
     461 3     3799     3976     3901
     462 3     3822     3901     3991
     463 3     3822     3991     3907
     464 3     3855     3921     4005
     465 3     3831     3907     4006
     466 3     3836     3915     4009
     467 3     3831     4006     3915
     468 3     3836     4009     3921
     469 3     3883     4047     3964
     470 3     3883     3966     4047
     471 3     3881     3964     4048
     472 3     3881     4048     3968
     473 3     3891     3968     4060
     474 3     3891     4060     3976
     475 3     3901     3976     4076
     476 3     3901     4076     3991
     477 3     3921     4009     4088
     478 3     3907     3991     4092
     479 3     3921     4088     4005
     480 3     3907     4092     4006
     481 3     3915     4006     4106
     482 3     3915     4106     4009
     483 3     3966     4121     4047
     484 3     3964     4047     4122
     485 3     3964     4122     4048
     486 3     3966     4052     4121
     487 3     3968     4048     4138
     488 3     3968     4138     4060
     489 3     3976     4060     4158
     490 3     3976     4158     4076
     491 3     3991     4076     4178
     492 3     3991     4178     4092
     493 3     4009     4190     4088
     494 3     4009     4106     4190
     495 3     4006     4092     4197
     496 3     4047     4121     4205
     497 3     4006     4197     4106
     498 3     4047     4205     4122
     499 3     4052     4214     4121
     500 3     4048     4122     4222
     501 3     4048     4222     4138
     502 3     4060     4138     4239
     503 3     4060     4239     4158
     504 3     4076     4158     4267
     505 3     4076     4267     4178
     506 3     4121     4291     4205
     507 3     4121     4214     4291
     508 3     4122     4205     4301
     509 3     4122     4301     4222
     510 3     4138     4222     4329
     511 3     4106     4197     4333
     512 3     4106     4333     4190
     513 3     4138     4329     4239
     514 3     4158     4239     4362
     515 3     4158     4362     4267
     516 3     4214     4382     4291
     517 3     4205     4291     4386
     518 3     4205     4386     4301
     519 3     4222     4301     4419
     520 3     4222     4419     4329
     521 3     4239     4329     4463
     522 3     4291     4382     4473
     523 3     4239     4463     4362
     524 3     4291     4473     4386
     525 3     4301     4386     4508
     526 3     4301     4508     4419
     527 3     4329     4419     4569
     528 3     4382     4590     4473
     529 3     4329     4569     4463
     530 3     4386     4473     4601
     531 3     4386     4601     4508
     532 3     4419     4508     4660
     533 3     4419     4660     4569
     534 3     4473     4590     4696
     535 3     4473     4696     4601
     536 3     4508     4601     4755
     537 3     4508     4755     4660
     538 3     4590     4785     4696
     539 3     4601     4696     4847
     540 3     4601     4847     4755
     541 3     4696     4785     4948
     542 3     4660     4755     4962
     543 3     4696     4948     4847
     544 3     4755     4847     5073
     545 3     4755     5073     4962
     546 3     4847     4948     5201
     547 3     4847     5201     5073
 0                                                                              
 0                                                                              
 0                                                                              
 0                                                                              
