Nodal attrs for bi_1997_v2.grd - 10/24/2013                                     
         310
           1
primitive_weighting_in_continuity_equation                                      
1                                                                               
           1
  0.300000000E-01
primitive_weighting_in_continuity_equation                                      
         309
      2120    0.50000000E-02
      2167    0.50000000E-02
      2173    0.50000000E-02
      2203    0.50000000E-02
      2208    0.50000000E-02
      2215    0.50000000E-02
      2242    0.50000000E-02
      2247    0.50000000E-02
      2251    0.50000000E-02
      2253    0.50000000E-02
      2277    0.50000000E-02
      2281    0.50000000E-02
      2285    0.50000000E-02
      2290    0.50000000E-02
      2291    0.50000000E-02
      2322    0.50000000E-02
      2324    0.50000000E-02
      2326    0.50000000E-02
      2328    0.50000000E-02
      2334    0.50000000E-02
      2336    0.50000000E-02
      2355    0.50000000E-02
      2358    0.50000000E-02
      2361    0.50000000E-02
      2363    0.50000000E-02
      2366    0.50000000E-02
      2389    0.50000000E-02
      2395    0.50000000E-02
      2397    0.50000000E-02
      2398    0.50000000E-02
      2400    0.50000000E-02
      2405    0.50000000E-02
      2418    0.50000000E-02
      2421    0.50000000E-02
      2424    0.50000000E-02
      2431    0.50000000E-02
      2435    0.50000000E-02
      2436    0.50000000E-02
      2460    0.50000000E-02
      2463    0.50000000E-02
      2465    0.50000000E-02
      2467    0.50000000E-02
      2472    0.50000000E-02
      2480    0.50000000E-02
      2482    0.50000000E-02
      2495    0.50000000E-02
      2496    0.50000000E-02
      2499    0.50000000E-02
      2501    0.50000000E-02
      2504    0.50000000E-02
      2506    0.50000000E-02
      2509    0.50000000E-02
      2534    0.50000000E-02
      2535    0.50000000E-02
      2536    0.50000000E-02
      2537    0.50000000E-02
      2539    0.50000000E-02
      2543    0.50000000E-02
      2546    0.50000000E-02
      2548    0.50000000E-02
      2568    0.50000000E-02
      2569    0.50000000E-02
      2571    0.50000000E-02
      2572    0.50000000E-02
      2573    0.50000000E-02
      2574    0.50000000E-02
      2577    0.50000000E-02
      2578    0.50000000E-02
      2608    0.50000000E-02
      2610    0.50000000E-02
      2611    0.50000000E-02
      2614    0.50000000E-02
      2615    0.50000000E-02
      2617    0.50000000E-02
      2620    0.50000000E-02
      2621    0.50000000E-02
      2649    0.50000000E-02
      2650    0.50000000E-02
      2651    0.50000000E-02
      2652    0.50000000E-02
      2653    0.50000000E-02
      2654    0.50000000E-02
      2655    0.50000000E-02
      2657    0.50000000E-02
      2686    0.50000000E-02
      2687    0.50000000E-02
      2690    0.50000000E-02
      2691    0.50000000E-02
      2692    0.50000000E-02
      2694    0.50000000E-02
      2695    0.50000000E-02
      2698    0.50000000E-02
      2721    0.50000000E-02
      2722    0.50000000E-02
      2723    0.50000000E-02
      2724    0.50000000E-02
      2725    0.50000000E-02
      2726    0.50000000E-02
      2727    0.50000000E-02
      2735    0.50000000E-02
      2761    0.50000000E-02
      2763    0.50000000E-02
      2764    0.50000000E-02
      2765    0.50000000E-02
      2766    0.50000000E-02
      2768    0.50000000E-02
      2769    0.50000000E-02
      2774    0.50000000E-02
      2803    0.50000000E-02
      2804    0.50000000E-02
      2805    0.50000000E-02
      2807    0.50000000E-02
      2808    0.50000000E-02
      2809    0.50000000E-02
      2810    0.50000000E-02
      2814    0.50000000E-02
      2841    0.50000000E-02
      2842    0.50000000E-02
      2843    0.50000000E-02
      2844    0.50000000E-02
      2845    0.50000000E-02
      2847    0.50000000E-02
      2850    0.50000000E-02
      2876    0.50000000E-02
      2877    0.50000000E-02
      2878    0.50000000E-02
      2879    0.50000000E-02
      2880    0.50000000E-02
      2881    0.50000000E-02
      2883    0.50000000E-02
      2888    0.50000000E-02
      2909    0.50000000E-02
      2911    0.50000000E-02
      2912    0.50000000E-02
      2914    0.50000000E-02
      2915    0.50000000E-02
      2918    0.50000000E-02
      2921    0.50000000E-02
      2948    0.50000000E-02
      2950    0.50000000E-02
      2952    0.50000000E-02
      2953    0.50000000E-02
      2954    0.50000000E-02
      2957    0.50000000E-02
      2960    0.50000000E-02
      2986    0.50000000E-02
      2987    0.50000000E-02
      2988    0.50000000E-02
      2989    0.50000000E-02
      2991    0.50000000E-02
      2993    0.50000000E-02
      3022    0.50000000E-02
      3024    0.50000000E-02
      3025    0.50000000E-02
      3026    0.50000000E-02
      3028    0.50000000E-02
      3029    0.50000000E-02
      3033    0.50000000E-02
      3058    0.50000000E-02
      3059    0.50000000E-02
      3060    0.50000000E-02
      3062    0.50000000E-02
      3065    0.50000000E-02
      3067    0.50000000E-02
      3097    0.50000000E-02
      3100    0.50000000E-02
      3101    0.50000000E-02
      3102    0.50000000E-02
      3103    0.50000000E-02
      3104    0.50000000E-02
      3106    0.50000000E-02
      3137    0.50000000E-02
      3139    0.50000000E-02
      3140    0.50000000E-02
      3142    0.50000000E-02
      3144    0.50000000E-02
      3147    0.50000000E-02
      3175    0.50000000E-02
      3177    0.50000000E-02
      3178    0.50000000E-02
      3179    0.50000000E-02
      3181    0.50000000E-02
      3185    0.50000000E-02
      3190    0.50000000E-02
      3223    0.50000000E-02
      3224    0.50000000E-02
      3225    0.50000000E-02
      3226    0.50000000E-02
      3227    0.50000000E-02
      3231    0.50000000E-02
      3265    0.50000000E-02
      3267    0.50000000E-02
      3268    0.50000000E-02
      3269    0.50000000E-02
      3270    0.50000000E-02
      3271    0.50000000E-02
      3278    0.50000000E-02
      3310    0.50000000E-02
      3312    0.50000000E-02
      3314    0.50000000E-02
      3315    0.50000000E-02
      3316    0.50000000E-02
      3317    0.50000000E-02
      3362    0.50000000E-02
      3365    0.50000000E-02
      3367    0.50000000E-02
      3373    0.50000000E-02
      3377    0.50000000E-02
      3378    0.50000000E-02
      3380    0.50000000E-02
      3431    0.50000000E-02
      3432    0.50000000E-02
      3433    0.50000000E-02
      3439    0.50000000E-02
      3448    0.50000000E-02
      3450    0.50000000E-02
      3504    0.50000000E-02
      3505    0.50000000E-02
      3508    0.50000000E-02
      3510    0.50000000E-02
      3515    0.50000000E-02
      3521    0.50000000E-02
      3522    0.50000000E-02
      3571    0.50000000E-02
      3573    0.50000000E-02
      3579    0.50000000E-02
      3586    0.50000000E-02
      3587    0.50000000E-02
      3593    0.50000000E-02
      3596    0.50000000E-02
      3649    0.50000000E-02
      3650    0.50000000E-02
      3651    0.50000000E-02
      3656    0.50000000E-02
      3663    0.50000000E-02
      3668    0.50000000E-02
      3673    0.50000000E-02
      3721    0.50000000E-02
      3722    0.50000000E-02
      3725    0.50000000E-02
      3728    0.50000000E-02
      3736    0.50000000E-02
      3748    0.50000000E-02
      3759    0.50000000E-02
      3794    0.50000000E-02
      3795    0.50000000E-02
      3799    0.50000000E-02
      3800    0.50000000E-02
      3822    0.50000000E-02
      3831    0.50000000E-02
      3836    0.50000000E-02
      3855    0.50000000E-02
      3881    0.50000000E-02
      3883    0.50000000E-02
      3891    0.50000000E-02
      3901    0.50000000E-02
      3907    0.50000000E-02
      3915    0.50000000E-02
      3921    0.50000000E-02
      3964    0.50000000E-02
      3966    0.50000000E-02
      3968    0.50000000E-02
      3976    0.50000000E-02
      3991    0.50000000E-02
      4005    0.50000000E-02
      4006    0.50000000E-02
      4009    0.50000000E-02
      4047    0.50000000E-02
      4048    0.50000000E-02
      4052    0.50000000E-02
      4060    0.50000000E-02
      4076    0.50000000E-02
      4088    0.50000000E-02
      4092    0.50000000E-02
      4106    0.50000000E-02
      4121    0.50000000E-02
      4122    0.50000000E-02
      4138    0.50000000E-02
      4158    0.50000000E-02
      4178    0.50000000E-02
      4190    0.50000000E-02
      4197    0.50000000E-02
      4205    0.50000000E-02
      4214    0.50000000E-02
      4222    0.50000000E-02
      4239    0.50000000E-02
      4267    0.50000000E-02
      4291    0.50000000E-02
      4301    0.50000000E-02
      4329    0.50000000E-02
      4333    0.50000000E-02
      4362    0.50000000E-02
      4382    0.50000000E-02
      4386    0.50000000E-02
      4419    0.50000000E-02
      4463    0.50000000E-02
      4473    0.50000000E-02
      4508    0.50000000E-02
      4569    0.50000000E-02
      4590    0.50000000E-02
      4601    0.50000000E-02
      4660    0.50000000E-02
      4696    0.50000000E-02
      4755    0.50000000E-02
      4847    0.50000000E-02
      4948    0.50000000E-02
      4962    0.50000000E-02
      5073    0.50000000E-02
      5201    0.50000000E-02
