FileFmt      1050624           0           0
NELG           58641         560         492
          16
          18
          21
          25
          28
          31
          33
          35
          37
          47
          54
          59
          60
          63
          64
          65
          66
          67
          68
          69
          70
          71
          72
          73
          74
          75
          77
          78
          79
          81
          87
          92
         110
         115
         116
         121
         123
         132
         134
         138
         139
         140
         141
         142
         143
         151
         154
         156
         157
         158
         159
         160
         163
         164
         170
         179
         182
         186
         188
         189
         192
         195
         197
         204
         205
         207
         210
         216
         218
         220
         221
         223
         225
         227
         230
         234
         238
         244
         252
         253
         254
         256
         257
         259
         263
         268
         273
         281
         285
         288
         289
         290
         293
         294
         296
         297
         299
         301
         302
         319
         320
         321
         322
         325
         328
         329
         340
         346
         350
         351
         354
         360
         365
         366
         367
         369
         370
         372
         374
         377
         379
         380
         384
         385
         391
         392
         393
         399
         402
         408
         412
         414
         425
         434
         437
         439
         440
         441
         442
         446
         447
         448
         451
         452
         454
         455
         456
         459
         466
         468
         470
         475
         476
         477
         483
         500
         505
         509
         510
         511
         512
         515
         519
         521
         524
         525
         528
         529
         531
         533
         540
         541
         542
         547
         549
         550
         551
         556
         578
         581
         582
         584
         586
         589
         594
         595
         597
         598
         603
         605
         609
         610
         611
         613
         616
         617
         618
         620
         622
         625
         638
         639
         642
         653
         655
         661
         662
         663
         667
         668
         670
         672
         674
         677
         681
         682
         687
         688
         690
         691
         692
         695
         699
         704
         705
         707
         709
         714
         730
         735
         736
         739
         744
         745
         751
         754
         755
         759
         760
         761
         762
         766
         771
         776
         786
         789
         793
         794
         795
         798
         799
         806
         809
         810
         815
         820
         824
         828
         831
         832
         833
         836
         843
         846
         850
         851
         853
         854
         865
         866
         867
         870
         876
         884
         887
         895
         899
         900
         901
         902
         908
         911
         915
         918
         920
         922
         925
         931
         940
         944
         947
         959
         960
         961
         963
         966
         971
         977
         983
         984
         985
         988
         991
         992
         998
         999
        1000
        1001
        1003
        1010
        1013
        1024
        1027
        1032
        1035
        1040
        1045
        1055
        1057
        1063
        1067
        1068
        1069
        1070
        1076
        1077
        1082
        1083
        1092
        1100
        1105
        1106
        1112
        1116
        1123
        1124
        1125
        1126
        1136
        1138
        1139
        1142
        1152
        1155
        1160
        1165
        1167
        1173
        1177
        1179
        1180
        1183
        1191
        1193
        1199
        1204
        1219
        1228
        1229
        1230
        1241
        1244
        1246
        1252
        1266
        1268
        1270
        1277
        1283
        1284
        1285
        1292
        1305
        1306
        1313
        1319
        1325
        1327
        1337
        1345
        1349
        1351
        1358
        1363
        1369
        1376
        1385
        1395
        1400
        1406
        1407
        1414
        1415
        1417
        1421
        1428
        1437
        1458
        1465
        1466
        1469
        1486
        1487
        1497
        1500
        1507
        1509
        1512
        1520
        1523
        1529
        1539
        1554
        1555
        1559
        1564
        1574
        1585
        1587
        1594
        1599
        1611
        1614
        1620
        1639
        1641
        1649
        1656
        1658
        1662
        1669
        1686
        1694
        1701
        1703
        1718
        1721
        1731
        1733
        1736
        1737
        1756
        1767
        1773
        1782
        1790
        1795
        1805
        1824
        1828
        1831
        1832
        1841
        1852
        1869
        1871
        1878
        1880
        1889
        1913
        1916
        1917
        1934
        1946
        1954
        1956
        1963
        1972
        1986
        1997
        2010
        2015
        2030
        2039
        2044
        2067
        2069
        2083
        2084
        2089
        2097
        2135
        2136
        2153
        2175
        2190
        2207
        2220
        2256
        2291
        2316
        2405
NNODG          32218         319         274
         -28
          31
         -32
          35
          36
          38
          39
          42
          43
          46
          47
          49
          50
          52
          53
          54
          55
          56
          57
          61
          62
          66
          67
          72
          74
          75
          76
          77
          78
          79
          80
          81
          83
          93
          94
         101
        -105
         108
         120
         122
         125
         126
         127
         128
         130
         131
         133
         148
         154
         156
         157
         165
         170
         172
         177
         178
         179
         184
         186
        -189
         198
         199
         201
         205
         214
         217
         221
         222
         223
         225
         243
         244
         245
         248
         259
         263
         264
         266
         271
         273
         275
         276
         280
         285
        -286
         290
         291
         299
         305
         313
         314
         315
         316
         317
         319
         320
         326
         327
         331
         337
         347
         348
         349
         353
         354
         357
         359
         360
         363
         365
        -366
         367
         382
         383
         384
         389
         390
         392
         395
         396
         397
         400
         401
         411
         412
         418
         421
         422
         425
         426
         429
         432
         435
         436
         437
         438
        -440
         441
         459
         461
         462
         467
         470
         473
         474
         475
         483
         488
         492
         493
         496
         497
         502
         509
         511
         512
         513
         520
         522
        -525
         530
         539
         540
         544
         546
         547
         551
         556
         559
         562
         570
         577
         578
         579
         583
         589
         590
         591
         594
         595
         599
        -603
         610
         612
         619
        -628
         629
         630
         631
         637
         645
         648
         649
        -653
         658
         663
         665
         667
        -673
         680
         681
         687
         688
         698
         709
         712
         713
         724
        -731
         733
         735
         742
         749
         754
         758
         767
         774
         775
         782
         785
        -792
         799
         802
         811
         816
         828
         832
         846
         848
         850
         852
        -855
         860
         876
         877
         888
         898
         908
         909
         920
        -930
         932
         937
         946
         951
         964
         969
         970
         983
         995
         998
       -1005
        1018
        1019
        1029
        1037
        1038
        1059
        1060
        1069
       -1084
        1090
        1099
       -1103
        1119
       -1124
        1138
       -1151
        1155
       -1184
        1194
       -1217
        1253
       -1308
NFLUXF             0
NETA             128          29          13
           1
           2
           3
           4
           5
           6
           7
           8
           9
          10
          11
          12
          13
NSTAE              0           0           0
NSTAV              0           0           0
NSTAM              0           0           0
NSTAC              0           0           0
RES NODE          56         250
                   2           4           5           6           7           8
                   9          10          11          12          13          14
                  15          16          17          18          19          20
                  21          22          23          24          25          26
                  27          28          29          30          31          32
                  33          34          35          36          38          39
                  40          41          42          43          44          45
                  46          47          48          49          50          51
                  52          53          54          55          56          57
                  58          59          61          62          63          64
                  65          66          67          68          69          70
                  71          72          73          74          75          76
                  77          78          79          80          81          82
                  83          84          86          87          88          89
                  90          91          92          93          94          95
                  96          97          98          99         100         101
                 102         103         104         105         106         107
                 108         109         110         112         113         114
                 115         116         117         118         119         120
                 121         122         123         124         125         126
                 127         128         129         130         131         132
                 133         134         135         136         138         139
                 140         141         142         143         144         145
                 146         147         148         149         150         151
                 152         153         154         155         156         157
                 158         159         161         162         163         164
                 165         166         167         168         169         170
                 171         172         173         174         175         176
                 177         178         179         180         181         183
                 184         185         187         188         189         190
                 191         192         193         195         196         197
                 198         200         201         202         203         204
                 205         206         207         208         210         211
                 212         213         214         215         216         217
                 218         219         220         222         223         224
                 225         226         227         228         229         230
                 231         233         234         235         236         237
                 238         239         240         242         243         244
                 245         246         247         248         249         250
                 251         253         254         255         256         257
                 258         259         260         262         263         265
                 267         269         271         273
COMM PE            2
RECV PE           57          15
                 186         194         199         209         221         232
                 241         252         261         264         266         268
                 270         272         274
RECV PE           59           9
                   1           3          37          60          85         111
                 137         160         182
SEND PE           57          15
                 165         173         179         192         205         218
                 229         242         254         256         258         262
                 265         269         273
SEND PE           59           8
                   2          24          48          73          99         124
                 152         173
