Nodal attrs for bi_1997_v2.grd - 10/24/2013                                     
         274
           1
primitive_weighting_in_continuity_equation                                      
1                                                                               
           1
  0.300000000E-01
primitive_weighting_in_continuity_equation                                      
         273
        28    0.50000000E-02
        31    0.50000000E-02
        32    0.50000000E-02
        35    0.50000000E-02
        36    0.50000000E-02
        38    0.50000000E-02
        39    0.50000000E-02
        42    0.50000000E-02
        43    0.50000000E-02
        46    0.50000000E-02
        47    0.50000000E-02
        49    0.50000000E-02
        50    0.50000000E-02
        52    0.50000000E-02
        53    0.50000000E-02
        54    0.50000000E-02
        55    0.50000000E-02
        56    0.50000000E-02
        57    0.50000000E-02
        61    0.50000000E-02
        62    0.50000000E-02
        66    0.20000000E-01
        67    0.20000000E-01
        72    0.50000000E-02
        74    0.50000000E-02
        75    0.50000000E-02
        76    0.50000000E-02
        77    0.50000000E-02
        78    0.50000000E-02
        79    0.50000000E-02
        80    0.50000000E-02
        81    0.50000000E-02
        83    0.20000000E-01
        93    0.20000000E-01
        94    0.20000000E-01
       101    0.20000000E-01
       105    0.50000000E-02
       108    0.50000000E-02
       120    0.50000000E-02
       122    0.50000000E-02
       125    0.50000000E-02
       126    0.50000000E-02
       127    0.50000000E-02
       128    0.50000000E-02
       130    0.50000000E-02
       131    0.50000000E-02
       133    0.20000000E-01
       148    0.50000000E-02
       154    0.20000000E-01
       156    0.50000000E-02
       157    0.50000000E-02
       165    0.50000000E-02
       170    0.50000000E-02
       172    0.50000000E-02
       177    0.50000000E-02
       178    0.50000000E-02
       179    0.50000000E-02
       184    0.20000000E-01
       186    0.20000000E-01
       189    0.50000000E-02
       198    0.50000000E-02
       199    0.50000000E-02
       201    0.20000000E-01
       205    0.50000000E-02
       214    0.50000000E-02
       217    0.50000000E-02
       221    0.50000000E-02
       222    0.50000000E-02
       223    0.50000000E-02
       225    0.50000000E-02
       243    0.50000000E-02
       244    0.20000000E-01
       245    0.50000000E-02
       248    0.50000000E-02
       259    0.50000000E-02
       263    0.20000000E-01
       264    0.50000000E-02
       266    0.50000000E-02
       271    0.50000000E-02
       273    0.50000000E-02
       275    0.50000000E-02
       276    0.50000000E-02
       280    0.20000000E-01
       285    0.50000000E-02
       286    0.50000000E-02
       290    0.20000000E-01
       291    0.50000000E-02
       299    0.50000000E-02
       305    0.50000000E-02
       313    0.50000000E-02
       314    0.50000000E-02
       315    0.20000000E-01
       316    0.50000000E-02
       317    0.50000000E-02
       319    0.50000000E-02
       320    0.50000000E-02
       326    0.50000000E-02
       327    0.20000000E-01
       331    0.50000000E-02
       337    0.50000000E-02
       347    0.50000000E-02
       348    0.50000000E-02
       349    0.50000000E-02
       353    0.50000000E-02
       354    0.50000000E-02
       357    0.50000000E-02
       359    0.50000000E-02
       360    0.50000000E-02
       363    0.20000000E-01
       365    0.20000000E-01
       366    0.50000000E-02
       367    0.50000000E-02
       382    0.50000000E-02
       383    0.50000000E-02
       384    0.50000000E-02
       389    0.50000000E-02
       390    0.20000000E-01
       392    0.50000000E-02
       395    0.50000000E-02
       396    0.50000000E-02
       397    0.50000000E-02
       400    0.50000000E-02
       401    0.50000000E-02
       411    0.50000000E-02
       412    0.50000000E-02
       418    0.20000000E-01
       421    0.20000000E-01
       422    0.50000000E-02
       425    0.50000000E-02
       426    0.50000000E-02
       429    0.50000000E-02
       432    0.50000000E-02
       435    0.50000000E-02
       436    0.50000000E-02
       437    0.50000000E-02
       438    0.20000000E-01
       440    0.50000000E-02
       441    0.50000000E-02
       459    0.50000000E-02
       461    0.50000000E-02
       462    0.50000000E-02
       470    0.50000000E-02
       473    0.50000000E-02
       474    0.20000000E-01
       475    0.50000000E-02
       483    0.50000000E-02
       488    0.50000000E-02
       492    0.50000000E-02
       493    0.50000000E-02
       496    0.50000000E-02
       497    0.50000000E-02
       502    0.20000000E-01
       509    0.50000000E-02
       511    0.50000000E-02
       512    0.20000000E-01
       513    0.50000000E-02
       520    0.50000000E-02
       522    0.50000000E-02
       525    0.50000000E-02
       530    0.50000000E-02
       539    0.50000000E-02
       540    0.20000000E-01
       544    0.50000000E-02
       546    0.50000000E-02
       547    0.50000000E-02
       551    0.50000000E-02
       556    0.20000000E-01
       559    0.50000000E-02
       562    0.50000000E-02
       570    0.50000000E-02
       577    0.50000000E-02
       578    0.50000000E-02
       579    0.50000000E-02
       583    0.20000000E-01
       589    0.50000000E-02
       590    0.50000000E-02
       591    0.20000000E-01
       594    0.50000000E-02
       595    0.50000000E-02
       599    0.50000000E-02
       603    0.50000000E-02
       610    0.50000000E-02
       612    0.20000000E-01
       619    0.50000000E-02
       628    0.50000000E-02
       629    0.50000000E-02
       630    0.50000000E-02
       631    0.50000000E-02
       637    0.50000000E-02
       645    0.50000000E-02
       648    0.50000000E-02
       649    0.50000000E-02
       653    0.50000000E-02
       658    0.50000000E-02
       663    0.20000000E-01
       665    0.20000000E-01
       667    0.50000000E-02
       673    0.50000000E-02
       680    0.50000000E-02
       681    0.50000000E-02
       687    0.50000000E-02
       688    0.50000000E-02
       698    0.50000000E-02
       709    0.50000000E-02
       712    0.50000000E-02
       713    0.50000000E-02
       724    0.50000000E-02
       731    0.50000000E-02
       733    0.50000000E-02
       735    0.20000000E-01
       742    0.50000000E-02
       749    0.20000000E-01
       754    0.50000000E-02
       758    0.50000000E-02
       767    0.50000000E-02
       774    0.20000000E-01
       775    0.50000000E-02
       782    0.50000000E-02
       785    0.50000000E-02
       792    0.50000000E-02
       799    0.50000000E-02
       802    0.20000000E-01
       811    0.50000000E-02
       816    0.50000000E-02
       828    0.20000000E-01
       832    0.20000000E-01
       846    0.50000000E-02
       848    0.50000000E-02
       850    0.20000000E-01
       852    0.50000000E-02
       855    0.50000000E-02
       860    0.20000000E-01
       876    0.50000000E-02
       877    0.50000000E-02
       888    0.20000000E-01
       898    0.20000000E-01
       908    0.50000000E-02
       909    0.50000000E-02
       920    0.20000000E-01
       930    0.50000000E-02
       932    0.50000000E-02
       937    0.50000000E-02
       946    0.20000000E-01
       951    0.50000000E-02
       964    0.20000000E-01
       969    0.50000000E-02
       970    0.50000000E-02
       983    0.20000000E-01
       995    0.50000000E-02
       998    0.20000000E-01
      1005    0.50000000E-02
      1018    0.20000000E-01
      1019    0.50000000E-02
      1029    0.50000000E-02
      1037    0.50000000E-02
      1038    0.20000000E-01
      1059    0.50000000E-02
      1060    0.20000000E-01
      1069    0.20000000E-01
      1084    0.50000000E-02
      1090    0.50000000E-02
      1099    0.20000000E-01
      1103    0.50000000E-02
      1119    0.20000000E-01
      1124    0.50000000E-02
      1138    0.20000000E-01
      1151    0.50000000E-02
      1155    0.20000000E-01
      1184    0.50000000E-02
      1194    0.20000000E-01
      1217    0.20000000E-01
      1253    0.20000000E-01
      1308    0.20000000E-01
