bi_1997_v2.grd                                                                  
     492     274
      28 -0.784922900000E+02  0.331133300000E+02  0.253710000000E+02
      31 -0.785524100000E+02  0.331154200000E+02  0.240240000000E+02
      32 -0.785237200000E+02  0.331418500000E+02  0.245180000000E+02
      35 -0.786189700000E+02  0.331173300000E+02  0.230570000000E+02
      36 -0.785864600000E+02  0.331442800000E+02  0.234110000000E+02
      38 -0.786782800000E+02  0.331193300000E+02  0.216930000000E+02
      39 -0.786491800000E+02  0.331464300000E+02  0.223630000000E+02
      42 -0.787399400000E+02  0.331176600000E+02  0.202570000000E+02
      43 -0.787105500000E+02  0.331472700000E+02  0.209780000000E+02
      46 -0.788005800000E+02  0.331187800000E+02  0.187830000000E+02
      47 -0.787721700000E+02  0.331474700000E+02  0.193300000000E+02
      49 -0.788668300000E+02  0.331187800000E+02  0.177750000000E+02
      50 -0.788346900000E+02  0.331478300000E+02  0.183310000000E+02
      52 -0.789196000000E+02  0.331210200000E+02  0.154210000000E+02
      53 -0.788944800000E+02  0.331482900000E+02  0.161800000000E+02
      54 -0.789818700000E+02  0.331203300000E+02  0.125590000000E+02
      55 -0.789526400000E+02  0.331484400000E+02  0.123520000000E+02
      56 -0.790131800000E+02  0.331485400000E+02  0.114050000000E+02
      57 -0.790453700000E+02  0.331221400000E+02  0.121730000000E+02
      61 -0.790729600000E+02  0.331494600000E+02  0.114180000000E+02
      62 -0.791085400000E+02  0.331223300000E+02  0.101180000000E+02
      66 -0.791288400000E+02  0.331528500000E+02  0.707300000000E+01
      67 -0.791637000000E+02  0.331249800000E+02  0.525300000000E+01
      72 -0.785551800000E+02  0.331559700000E+02  0.239190000000E+02
      74 -0.786184500000E+02  0.331584500000E+02  0.226330000000E+02
      75 -0.786802400000E+02  0.331603300000E+02  0.215600000000E+02
      76 -0.787421400000E+02  0.331607900000E+02  0.203070000000E+02
      77 -0.788659100000E+02  0.331613300000E+02  0.171880000000E+02
      78 -0.789239300000E+02  0.331615400000E+02  0.155210000000E+02
      79 -0.788039700000E+02  0.331612600000E+02  0.184160000000E+02
      80 -0.789832300000E+02  0.331610800000E+02  0.115220000000E+02
      81 -0.790424000000E+02  0.331614300000E+02  0.102990000000E+02
      83 -0.790990300000E+02  0.331631600000E+02  0.983800000000E+01
      93 -0.791861300000E+02  0.331642600000E+02  0.402100000000E+01
      94 -0.792350000000E+02  0.331279600000E+02  0.386100000000E+01
     101 -0.791516000000E+02  0.331713400000E+02  0.507000000000E+01
     105 -0.785248900000E+02  0.331713800000E+02  0.244350000000E+02
     108 -0.785872000000E+02  0.331742600000E+02  0.227940000000E+02
     120 -0.790691700000E+02  0.331780300000E+02  0.111840000000E+02
     122 -0.786498100000E+02  0.331767300000E+02  0.214760000000E+02
     125 -0.789544600000E+02  0.331781600000E+02  0.125750000000E+02
     126 -0.790128000000E+02  0.331775800000E+02  0.105300000000E+02
     127 -0.788960100000E+02  0.331787500000E+02  0.163860000000E+02
     128 -0.787119800000E+02  0.331782200000E+02  0.206050000000E+02
     130 -0.787740900000E+02  0.331788400000E+02  0.193370000000E+02
     131 -0.788360100000E+02  0.331789800000E+02  0.179620000000E+02
     133 -0.791210800000E+02  0.331822700000E+02  0.711600000000E+01
     148 -0.785562700000E+02  0.331886900000E+02  0.235730000000E+02
     154 -0.790932700000E+02  0.331937700000E+02  0.962700000000E+01
     156 -0.786188700000E+02  0.331916600000E+02  0.215260000000E+02
     157 -0.790406300000E+02  0.331926100000E+02  0.105320000000E+02
     165 -0.789842400000E+02  0.331933300000E+02  0.107810000000E+02
     170 -0.789262500000E+02  0.331945000000E+02  0.141410000000E+02
     172 -0.786814200000E+02  0.331940000000E+02  0.205560000000E+02
     177 -0.788672800000E+02  0.331953100000E+02  0.172350000000E+02
     178 -0.787439100000E+02  0.331952400000E+02  0.198400000000E+02
     179 -0.788061100000E+02  0.331956400000E+02  0.184780000000E+02
     184 -0.791701800000E+02  0.332010500000E+02  0.448400000000E+01
     186 -0.791395000000E+02  0.332024900000E+02  0.572600000000E+01
     189 -0.785256400000E+02  0.332031300000E+02  0.245930000000E+02
     198 -0.790663600000E+02  0.332074900000E+02  0.121280000000E+02
     199 -0.785877800000E+02  0.332065000000E+02  0.221820000000E+02
     201 -0.791139200000E+02  0.332097300000E+02  0.794100000000E+01
     205 -0.790128500000E+02  0.332083100000E+02  0.123100000000E+02
     214 -0.789562800000E+02  0.332099500000E+02  0.122840000000E+02
     217 -0.786505100000E+02  0.332095400000E+02  0.204010000000E+02
     221 -0.788980600000E+02  0.332114900000E+02  0.157360000000E+02
     222 -0.787133600000E+02  0.332116700000E+02  0.195780000000E+02
     223 -0.788379700000E+02  0.332124600000E+02  0.178150000000E+02
     225 -0.787760600000E+02  0.332126100000E+02  0.189680000000E+02
     243 -0.790896700000E+02  0.332216500000E+02  0.102880000000E+02
     244 -0.791291700000E+02  0.332235600000E+02  0.741900000000E+01
     245 -0.785567800000E+02  0.332209100000E+02  0.234170000000E+02
     248 -0.790399000000E+02  0.332225700000E+02  0.122250000000E+02
     259 -0.789855400000E+02  0.332247400000E+02  0.121090000000E+02
     263 -0.791507500000E+02  0.332267500000E+02  0.527700000000E+01
     264 -0.786193100000E+02  0.332245000000E+02  0.211250000000E+02
     266 -0.789285400000E+02  0.332270100000E+02  0.142560000000E+02
     271 -0.786823800000E+02  0.332275200000E+02  0.195430000000E+02
     273 -0.788695000000E+02  0.332287800000E+02  0.164950000000E+02
     275 -0.787456100000E+02  0.332293200000E+02  0.187080000000E+02
     276 -0.788083000000E+02  0.332296800000E+02  0.179100000000E+02
     280 -0.791104800000E+02  0.332344000000E+02  0.952700000000E+01
     285 -0.790651400000E+02  0.332360000000E+02  0.122090000000E+02
     286 -0.785259500000E+02  0.332350400000E+02  0.242820000000E+02
     290 -0.791811400000E+02  0.332355500000E+02  0.467800000000E+01
     291 -0.790136800000E+02  0.332388100000E+02  0.124310000000E+02
     299 -0.785880300000E+02  0.332390200000E+02  0.220020000000E+02
     305 -0.789584500000E+02  0.332418800000E+02  0.130160000000E+02
     313 -0.786510200000E+02  0.332428100000E+02  0.198560000000E+02
     314 -0.789006500000E+02  0.332445300000E+02  0.147600000000E+02
     315 -0.791309700000E+02  0.332442200000E+02  0.923300000000E+01
     316 -0.788404700000E+02  0.332463600000E+02  0.169760000000E+02
     317 -0.787146200000E+02  0.332456700000E+02  0.184340000000E+02
     319 -0.787781400000E+02  0.332468900000E+02  0.177770000000E+02
     320 -0.790884900000E+02  0.332482100000E+02  0.106370000000E+02
     326 -0.790404400000E+02  0.332519600000E+02  0.130100000000E+02
     327 -0.791534100000E+02  0.332535100000E+02  0.723700000000E+01
     331 -0.785568200000E+02  0.332531100000E+02  0.231470000000E+02
     337 -0.789875300000E+02  0.332559800000E+02  0.125690000000E+02
     347 -0.791103800000E+02  0.332587700000E+02  0.104590000000E+02
     348 -0.786194500000E+02  0.332575000000E+02  0.203780000000E+02
     349 -0.789313100000E+02  0.332596000000E+02  0.134430000000E+02
     353 -0.788723900000E+02  0.332624400000E+02  0.148260000000E+02
     354 -0.786831000000E+02  0.332614100000E+02  0.188410000000E+02
     357 -0.790656700000E+02  0.332639100000E+02  0.124040000000E+02
     359 -0.788108700000E+02  0.332640800000E+02  0.166790000000E+02
     360 -0.787473200000E+02  0.332638400000E+02  0.178450000000E+02
     363 -0.791749000000E+02  0.332677500000E+02  0.596000000000E+01
     365 -0.791314100000E+02  0.332682000000E+02  0.950000000000E+01
     366 -0.785258100000E+02  0.332668700000E+02  0.236370000000E+02
     367 -0.790155600000E+02  0.332691500000E+02  0.131390000000E+02
     382 -0.785878400000E+02  0.332716100000E+02  0.214130000000E+02
     383 -0.789613000000E+02  0.332738800000E+02  0.128950000000E+02
     384 -0.790893600000E+02  0.332743100000E+02  0.116670000000E+02
     389 -0.789039200000E+02  0.332778200000E+02  0.137730000000E+02
     390 -0.791512200000E+02  0.332785200000E+02  0.675400000000E+01
     392 -0.786511800000E+02  0.332764100000E+02  0.197360000000E+02
     395 -0.790423800000E+02  0.332811500000E+02  0.131540000000E+02
     396 -0.788435800000E+02  0.332806600000E+02  0.160690000000E+02
     397 -0.787157400000E+02  0.332802500000E+02  0.182190000000E+02
     400 -0.787804900000E+02  0.332817600000E+02  0.166870000000E+02
     401 -0.791113600000E+02  0.332830900000E+02  0.107070000000E+02
     411 -0.785563900000E+02  0.332852400000E+02  0.222290000000E+02
     412 -0.789904500000E+02  0.332872700000E+02  0.131170000000E+02
     418 -0.791694400000E+02  0.332899700000E+02  0.451200000000E+01
     421 -0.791309500000E+02  0.332909800000E+02  0.907100000000E+01
     422 -0.790679400000E+02  0.332916200000E+02  0.125520000000E+02
     425 -0.789348500000E+02  0.332923900000E+02  0.137320000000E+02
     426 -0.786190800000E+02  0.332906200000E+02  0.203250000000E+02
     429 -0.788760600000E+02  0.332964600000E+02  0.150470000000E+02
     432 -0.786834600000E+02  0.332957900000E+02  0.187870000000E+02
     435 -0.790186400000E+02  0.332995800000E+02  0.130490000000E+02
     436 -0.790920600000E+02  0.333001200000E+02  0.113050000000E+02
     437 -0.788140000000E+02  0.332990900000E+02  0.157060000000E+02
     438 -0.791471600000E+02  0.333006600000E+02  0.561900000000E+01
     440 -0.785252200000E+02  0.332985200000E+02  0.228290000000E+02
     441 -0.787491100000E+02  0.332991100000E+02  0.172600000000E+02
     459 -0.791138600000E+02  0.333060500000E+02  0.104620000000E+02
     461 -0.789650600000E+02  0.333061000000E+02  0.137830000000E+02
     462 -0.785870800000E+02  0.333041500000E+02  0.210350000000E+02
     467 -0.791306100000E+02  0.333092700000E+02  0.899600000000E+01
     470 -0.790458500000E+02  0.333105100000E+02  0.123930000000E+02
     473 -0.789080500000E+02  0.333114000000E+02  0.142690000000E+02
     474 -0.791601800000E+02  0.333133100000E+02  0.339400000000E+01
     475 -0.786507500000E+02  0.333102800000E+02  0.194790000000E+02
     483 -0.788475500000E+02  0.333155100000E+02  0.149040000000E+02
     488 -0.787166100000E+02  0.333156300000E+02  0.178280000000E+02
     492 -0.787833100000E+02  0.333175500000E+02  0.161930000000E+02
     493 -0.789944300000E+02  0.333188400000E+02  0.130420000000E+02
     496 -0.790721400000E+02  0.333196000000E+02  0.111810000000E+02
     497 -0.785553900000E+02  0.333171800000E+02  0.216890000000E+02
     502 -0.791404900000E+02  0.333218300000E+02  0.574800000000E+01
     509 -0.790975300000E+02  0.333259000000E+02  0.101940000000E+02
     511 -0.789393400000E+02  0.333254700000E+02  0.141840000000E+02
     512 -0.791205400000E+02  0.333268100000E+02  0.903900000000E+01
     513 -0.786180300000E+02  0.333237800000E+02  0.201380000000E+02
     520 -0.790229800000E+02  0.333304400000E+02  0.122110000000E+02
     522 -0.788807400000E+02  0.333309000000E+02  0.143950000000E+02
     525 -0.785241200000E+02  0.333298600000E+02  0.225110000000E+02
     530 -0.786831700000E+02  0.333307500000E+02  0.182420000000E+02
     539 -0.788180500000E+02  0.333349300000E+02  0.151190000000E+02
     540 -0.791516300000E+02  0.333372100000E+02  0.413800000000E+01
     544 -0.787510500000E+02  0.333356300000E+02  0.169480000000E+02
     546 -0.785856300000E+02  0.333365100000E+02  0.206170000000E+02
     547 -0.789698300000E+02  0.333386700000E+02  0.138200000000E+02
     551 -0.790508500000E+02  0.333405800000E+02  0.114900000000E+02
     556 -0.791327400000E+02  0.333437200000E+02  0.718500000000E+01
     559 -0.789132500000E+02  0.333453300000E+02  0.139950000000E+02
     562 -0.786494200000E+02  0.333443400000E+02  0.189130000000E+02
     570 -0.790785100000E+02  0.333487500000E+02  0.105550000000E+02
     577 -0.789995000000E+02  0.333509200000E+02  0.126240000000E+02
     578 -0.785537800000E+02  0.333487600000E+02  0.213470000000E+02
     579 -0.788527300000E+02  0.333509400000E+02  0.138220000000E+02
     583 -0.791079700000E+02  0.333540500000E+02  0.912300000000E+01
     589 -0.787169600000E+02  0.333522100000E+02  0.171790000000E+02
     590 -0.787869800000E+02  0.333547300000E+02  0.161980000000E+02
     591 -0.791476000000E+02  0.333566400000E+02  0.594300000000E+01
     594 -0.786160400000E+02  0.333567300000E+02  0.199160000000E+02
     595 -0.789448900000E+02  0.333589000000E+02  0.133120000000E+02
     599 -0.790285000000E+02  0.333621100000E+02  0.118860000000E+02
     603 -0.785225200000E+02  0.333607600000E+02  0.226180000000E+02
     610 -0.788867000000E+02  0.333657100000E+02  0.133330000000E+02
     612 -0.791282100000E+02  0.333657500000E+02  0.775000000000E+01
     619 -0.786816900000E+02  0.333662500000E+02  0.177740000000E+02
     628 -0.785833700000E+02  0.333684300000E+02  0.207470000000E+02
     629 -0.789756300000E+02  0.333716900000E+02  0.125590000000E+02
     630 -0.790570400000E+02  0.333720000000E+02  0.111790000000E+02
     631 -0.788236200000E+02  0.333717500000E+02  0.152990000000E+02
     637 -0.787532200000E+02  0.333745200000E+02  0.164270000000E+02
     645 -0.789196500000E+02  0.333795400000E+02  0.126330000000E+02
     648 -0.786467300000E+02  0.333782000000E+02  0.188570000000E+02
     649 -0.790854700000E+02  0.333802900000E+02  0.101040000000E+02
     653 -0.785515300000E+02  0.333797900000E+02  0.215030000000E+02
     658 -0.790055800000E+02  0.333837200000E+02  0.117980000000E+02
     663 -0.791127400000E+02  0.333871000000E+02  0.829200000000E+01
     665 -0.791400100000E+02  0.333872500000E+02  0.710500000000E+01
     667 -0.788595900000E+02  0.333868100000E+02  0.135200000000E+02
     673 -0.786129100000E+02  0.333891300000E+02  0.201160000000E+02
     680 -0.789515200000E+02  0.333926700000E+02  0.114420000000E+02
     681 -0.787158700000E+02  0.333904400000E+02  0.170080000000E+02
     687 -0.790349200000E+02  0.333949400000E+02  0.112090000000E+02
     688 -0.787925000000E+02  0.333939700000E+02  0.158580000000E+02
     698 -0.788941500000E+02  0.334007100000E+02  0.125580000000E+02
     709 -0.786779100000E+02  0.334015400000E+02  0.182780000000E+02
     712 -0.790639000000E+02  0.334053000000E+02  0.103690000000E+02
     713 -0.789824000000E+02  0.334052400000E+02  0.110930000000E+02
     724 -0.788317900000E+02  0.334091000000E+02  0.145180000000E+02
     731 -0.786423100000E+02  0.334112100000E+02  0.193560000000E+02
     733 -0.789273000000E+02  0.334139100000E+02  0.112030000000E+02
     735 -0.790926200000E+02  0.334145200000E+02  0.870500000000E+01
     742 -0.790124700000E+02  0.334173500000E+02  0.106350000000E+02
     749 -0.791221500000E+02  0.334207200000E+02  0.741700000000E+01
     754 -0.787558700000E+02  0.334201400000E+02  0.166830000000E+02
     758 -0.788684800000E+02  0.334226500000E+02  0.136650000000E+02
     767 -0.789591900000E+02  0.334267000000E+02  0.107020000000E+02
     774 -0.790419900000E+02  0.334291600000E+02  0.983600000000E+01
     775 -0.787095000000E+02  0.334279300000E+02  0.181220000000E+02
     782 -0.788034700000E+02  0.334335700000E+02  0.147010000000E+02
     785 -0.789031200000E+02  0.334355800000E+02  0.124540000000E+02
     792 -0.786712600000E+02  0.334352000000E+02  0.193000000000E+02
     799 -0.789899700000E+02  0.334392600000E+02  0.104320000000E+02
     802 -0.790713200000E+02  0.334408500000E+02  0.884000000000E+01
     811 -0.788429800000E+02  0.334458000000E+02  0.133990000000E+02
     816 -0.789361300000E+02  0.334482600000E+02  0.106940000000E+02
     828 -0.790198800000E+02  0.334518000000E+02  0.911800000000E+01
     832 -0.791001400000E+02  0.334528500000E+02  0.795200000000E+01
     846 -0.788792000000E+02  0.334578800000E+02  0.129410000000E+02
     848 -0.787375400000E+02  0.334587200000E+02  0.170180000000E+02
     850 -0.789677600000E+02  0.334608700000E+02  0.979300000000E+01
     852 -0.787788300000E+02  0.334618000000E+02  0.155670000000E+02
     855 -0.786985300000E+02  0.334615200000E+02  0.184110000000E+02
     860 -0.790494600000E+02  0.334646900000E+02  0.803400000000E+01
     876 -0.789134000000E+02  0.334700500000E+02  0.118150000000E+02
     877 -0.788188400000E+02  0.334705800000E+02  0.140880000000E+02
     888 -0.789980900000E+02  0.334735800000E+02  0.912800000000E+01
     898 -0.790797800000E+02  0.334785700000E+02  0.777900000000E+01
     908 -0.788560300000E+02  0.334809800000E+02  0.128370000000E+02
     909 -0.789460100000E+02  0.334824100000E+02  0.101830000000E+02
     920 -0.790272900000E+02  0.334867300000E+02  0.764000000000E+01
     930 -0.787226600000E+02  0.334897000000E+02  0.166980000000E+02
     932 -0.787597900000E+02  0.334912200000E+02  0.154710000000E+02
     937 -0.788911700000E+02  0.334922000000E+02  0.119610000000E+02
     946 -0.789771200000E+02  0.334949900000E+02  0.897100000000E+01
     951 -0.787974400000E+02  0.334965500000E+02  0.146220000000E+02
     964 -0.790565100000E+02  0.335010300000E+02  0.686100000000E+01
     969 -0.789247400000E+02  0.335039900000E+02  0.108460000000E+02
     970 -0.788342500000E+02  0.335047800000E+02  0.133450000000E+02
     983 -0.790065400000E+02  0.335078000000E+02  0.744900000000E+01
     995 -0.788697200000E+02  0.335146500000E+02  0.119890000000E+02
     998 -0.789568600000E+02  0.335163000000E+02  0.990400000000E+01
    1005 -0.787434900000E+02  0.335183100000E+02  0.151010000000E+02
    1018 -0.790332400000E+02  0.335214900000E+02  0.624200000000E+01
    1019 -0.787787200000E+02  0.335222200000E+02  0.141420000000E+02
    1029 -0.789039400000E+02  0.335256000000E+02  0.107040000000E+02
    1037 -0.788141900000E+02  0.335287000000E+02  0.134010000000E+02
    1038 -0.789874300000E+02  0.335289900000E+02  0.824500000000E+01
    1059 -0.788492600000E+02  0.335372000000E+02  0.122330000000E+02
    1060 -0.789370000000E+02  0.335373800000E+02  0.948500000000E+01
    1069 -0.790160600000E+02  0.335410100000E+02  0.664100000000E+01
    1084 -0.787617600000E+02  0.335464900000E+02  0.139650000000E+02
    1090 -0.788836600000E+02  0.335471500000E+02  0.111650000000E+02
    1099 -0.789688600000E+02  0.335500100000E+02  0.844200000000E+01
    1103 -0.787956300000E+02  0.335520000000E+02  0.133240000000E+02
    1119 -0.789173400000E+02  0.335582000000E+02  0.981700000000E+01
    1124 -0.788298000000E+02  0.335594400000E+02  0.123870000000E+02
    1138 -0.789991500000E+02  0.335638300000E+02  0.738600000000E+01
    1151 -0.788639100000E+02  0.335684600000E+02  0.112170000000E+02
    1155 -0.789502800000E+02  0.335701800000E+02  0.818900000000E+01
    1184 -0.788977800000E+02  0.335787700000E+02  0.102990000000E+02
    1194 -0.789824300000E+02  0.335833900000E+02  0.740500000000E+01
    1217 -0.789313700000E+02  0.335901300000E+02  0.886200000000E+01
    1253 -0.789646600000E+02  0.336019400000E+02  0.771700000000E+01
    1308 -0.789460700000E+02  0.336219600000E+02  0.804700000000E+01
       1 3       31       28       32
       2 3       35       31       36
       3 3       38       35       39
       4 3       42       38       43
       5 3       46       42       47
       6 3       49       46       50
       7 3       52       49       53
       8 3       54       52       55
       9 3       54       56       57
      10 3       57       61       62
      11 3       62       66       67
      12 3       31       72       36
      13 3       31       32       72
      14 3       35       74       39
      15 3       35       36       74
      16 3       38       75       43
      17 3       42       76       47
      18 3       38       39       75
      19 3       49       77       53
      20 3       52       78       55
      21 3       42       43       76
      22 3       46       79       50
      23 3       54       80       56
      24 3       57       56       81
      25 3       49       50       77
      26 3       54       55       80
      27 3       52       53       78
      28 3       46       47       79
      29 3       62       61       83
      30 3       57       81       61
      31 3       62       83       66
      32 3       67       93       94
      33 3       66      101       67
      34 3       32      105       72
      35 3       67      101       93
      36 3       36      108       74
      37 3       36       72      108
      38 3       61       81      120
      39 3       39      122       75
      40 3       39       74      122
      41 3       55      125       80
      42 3       56       80      126
      43 3       53      127       78
      44 3       56      126       81
      45 3       43      128       76
      46 3       47      130       79
      47 3       50      131       77
      48 3       55       78      125
      49 3       43       75      128
      50 3       53       77      127
      51 3       61      120       83
      52 3       66       83      133
      53 3       47       76      130
      54 3       50       79      131
      55 3       66      133      101
      56 3       72      148      108
      57 3       72      105      148
      58 3       83      120      154
      59 3       74      156      122
      60 3       81      126      157
      61 3       74      108      156
      62 3       81      157      120
      63 3       80      165      126
      64 3       80      125      165
      65 3       78      170      125
      66 3       75      172      128
      67 3       83      154      133
      68 3       77      177      127
      69 3       75      122      172
      70 3       76      178      130
      71 3       78      127      170
      72 3       79      179      131
      73 3       77      131      177
      74 3       76      128      178
      75 3       79      130      179
      76 3      101      184       93
      77 3      101      133      186
      78 3      105      189      148
      79 3      120      157      198
      80 3      101      186      184
      81 3      108      199      156
      82 3      133      154      201
      83 3      108      148      199
      84 3      120      198      154
      85 3      126      205      157
      86 3      126      165      205
      87 3      125      214      165
      88 3      122      217      172
      89 3      122      156      217
      90 3      125      170      214
      91 3      133      201      186
      92 3      127      221      170
      93 3      128      222      178
      94 3      131      223      177
      95 3      127      177      221
      96 3      130      225      179
      97 3      128      172      222
      98 3      131      179      223
      99 3      130      178      225
     100 3      154      198      243
     101 3      186      201      244
     102 3      154      243      201
     103 3      148      245      199
     104 3      148      189      245
     105 3      157      248      198
     106 3      157      205      248
     107 3      165      259      205
     108 3      186      263      184
     109 3      156      264      217
     110 3      165      214      259
     111 3      156      199      264
     112 3      170      266      214
     113 3      186      244      263
     114 3      172      271      222
     115 3      170      221      266
     116 3      177      273      221
     117 3      172      217      271
     118 3      178      275      225
     119 3      179      276      223
     120 3      177      223      273
     121 3      178      222      275
     122 3      179      225      276
     123 3      201      280      244
     124 3      201      243      280
     125 3      198      248      285
     126 3      198      285      243
     127 3      189      286      245
     128 3      184      263      290
     129 3      205      291      248
     130 3      205      259      291
     131 3      199      299      264
     132 3      199      245      299
     133 3      214      305      259
     134 3      214      266      305
     135 3      217      313      271
     136 3      217      264      313
     137 3      221      314      266
     138 3      244      315      263
     139 3      244      280      315
     140 3      221      273      314
     141 3      223      316      273
     142 3      222      317      275
     143 3      225      319      276
     144 3      222      271      317
     145 3      243      320      280
     146 3      243      285      320
     147 3      223      276      316
     148 3      225      275      319
     149 3      248      326      285
     150 3      248      291      326
     151 3      263      315      327
     152 3      245      286      331
     153 3      263      327      290
     154 3      245      331      299
     155 3      259      337      291
     156 3      259      305      337
     157 3      280      347      315
     158 3      280      320      347
     159 3      264      299      348
     160 3      264      348      313
     161 3      266      349      305
     162 3      266      314      349
     163 3      273      353      314
     164 3      271      354      317
     165 3      271      313      354
     166 3      285      357      320
     167 3      276      359      316
     168 3      273      316      353
     169 3      285      326      357
     170 3      275      360      319
     171 3      275      317      360
     172 3      276      319      359
     173 3      290      327      363
     174 3      315      347      365
     175 3      315      365      327
     176 3      286      366      331
     177 3      291      367      326
     178 3      291      337      367
     179 3      299      331      382
     180 3      299      382      348
     181 3      305      383      337
     182 3      320      384      347
     183 3      320      357      384
     184 3      305      349      383
     185 3      314      389      349
     186 3      327      365      390
     187 3      313      348      392
     188 3      313      392      354
     189 3      327      390      363
     190 3      314      353      389
     191 3      326      395      357
     192 3      316      396      353
     193 3      317      397      360
     194 3      317      354      397
     195 3      319      400      359
     196 3      326      367      395
     197 3      347      401      365
     198 3      316      359      396
     199 3      347      384      401
     200 3      319      360      400
     201 3      331      366      411
     202 3      337      412      367
     203 3      331      411      382
     204 3      363      390      418
     205 3      337      383      412
     206 3      365      401      421
     207 3      357      422      384
     208 3      365      421      390
     209 3      349      425      383
     210 3      348      382      426
     211 3      348      426      392
     212 3      357      395      422
     213 3      349      389      425
     214 3      353      429      389
     215 3      354      432      397
     216 3      354      392      432
     217 3      353      396      429
     218 3      367      435      395
     219 3      384      436      401
     220 3      359      437      396
     221 3      390      421      438
     222 3      360      441      400
     223 3      366      440      411
     224 3      367      412      435
     225 3      360      397      441
     226 3      384      422      436
     227 3      359      400      437
     228 3      390      438      418
     229 3      401      459      421
     230 3      383      461      412
     231 3      382      411      462
     232 3      382      462      426
     233 3      401      436      459
     234 3      383      425      461
     235 3      421      467      438
     236 3      421      459      467
     237 3      395      470      422
     238 3      389      473      425
     239 3      438      474      418
     240 3      392      426      475
     241 3      395      435      470
     242 3      392      475      432
     243 3      389      429      473
     244 3      396      483      429
     245 3      397      488      441
     246 3      397      432      488
     247 3      400      492      437
     248 3      396      437      483
     249 3      412      493      435
     250 3      422      496      436
     251 3      411      440      497
     252 3      411      497      462
     253 3      400      441      492
     254 3      467      502      438
     255 3      412      461      493
     256 3      422      470      496
     257 3      438      502      474
     258 3      436      509      459
     259 3      425      511      461
     260 3      459      512      467
     261 3      426      462      513
     262 3      426      513      475
     263 3      425      473      511
     264 3      436      496      509
     265 3      467      512      502
     266 3      435      520      470
     267 3      429      522      473
     268 3      459      509      512
     269 3      440      525      497
     270 3      435      493      520
     271 3      432      475      530
     272 3      432      530      488
     273 3      429      483      522
     274 3      437      539      483
     275 3      502      540      474
     276 3      441      544      492
     277 3      462      497      546
     278 3      437      492      539
     279 3      461      547      493
     280 3      441      488      544
     281 3      462      546      513
     282 3      470      551      496
     283 3      461      511      547
     284 3      502      512      556
     285 3      470      520      551
     286 3      502      556      540
     287 3      473      559      511
     288 3      475      513      562
     289 3      475      562      530
     290 3      496      570      509
     291 3      473      522      559
     292 3      493      577      520
     293 3      497      525      578
     294 3      483      579      522
     295 3      496      551      570
     296 3      497      578      546
     297 3      509      583      512
     298 3      493      547      577
     299 3      488      589      544
     300 3      488      530      589
     301 3      483      539      579
     302 3      492      590      539
     303 3      540      556      591
     304 3      512      583      556
     305 3      492      544      590
     306 3      513      546      594
     307 3      511      595      547
     308 3      509      570      583
     309 3      513      594      562
     310 3      520      599      551
     311 3      511      559      595
     312 3      525      603      578
     313 3      520      577      599
     314 3      522      610      559
     315 3      556      583      612
     316 3      556      612      591
     317 3      530      562      619
     318 3      522      579      610
     319 3      530      619      589
     320 3      546      578      628
     321 3      547      629      577
     322 3      551      630      570
     323 3      539      631      579
     324 3      546      628      594
     325 3      547      595      629
     326 3      551      599      630
     327 3      539      590      631
     328 3      544      637      590
     329 3      544      589      637
     330 3      559      645      595
     331 3      562      594      648
     332 3      570      649      583
     333 3      578      603      653
     334 3      562      648      619
     335 3      570      630      649
     336 3      559      610      645
     337 3      577      658      599
     338 3      578      653      628
     339 3      612      583      663
     340 3      612      665      591
     341 3      577      629      658
     342 3      579      667      610
     343 3      583      649      663
     344 3      594      628      673
     345 3      579      631      667
     346 3      595      680      629
     347 3      589      619      681
     348 3      594      673      648
     349 3      589      681      637
     350 3      599      687      630
     351 3      590      688      631
     352 3      612      663      665
     353 3      595      645      680
     354 3      599      658      687
     355 3      590      637      688
     356 3      610      698      645
     357 3      619      648      709
     358 3      630      712      649
     359 3      629      713      658
     360 3      610      667      698
     361 3      619      709      681
     362 3      630      687      712
     363 3      629      680      713
     364 3      631      724      667
     365 3      648      673      731
     366 3      645      733      680
     367 3      649      735      663
     368 3      631      688      724
     369 3      648      731      709
     370 3      658      742      687
     371 3      649      712      735
     372 3      645      698      733
     373 3      658      713      742
     374 3      663      749      665
     375 3      637      754      688
     376 3      667      758      698
     377 3      637      681      754
     378 3      663      735      749
     379 3      680      767      713
     380 3      667      724      758
     381 3      687      774      712
     382 3      681      709      775
     383 3      680      733      767
     384 3      687      742      774
     385 3      688      782      724
     386 3      698      785      733
     387 3      709      731      792
     388 3      681      775      754
     389 3      713      799      742
     390 3      712      802      735
     391 3      698      758      785
     392 3      713      767      799
     393 3      709      792      775
     394 3      712      774      802
     395 3      688      754      782
     396 3      724      811      758
     397 3      733      816      767
     398 3      742      828      774
     399 3      735      832      749
     400 3      733      785      816
     401 3      724      782      811
     402 3      735      802      832
     403 3      742      799      828
     404 3      758      846      785
     405 3      754      775      848
     406 3      767      850      799
     407 3      782      754      852
     408 3      775      792      855
     409 3      758      811      846
     410 3      774      860      802
     411 3      767      816      850
     412 3      774      828      860
     413 3      785      876      816
     414 3      782      877      811
     415 3      754      848      852
     416 3      775      855      848
     417 3      799      888      828
     418 3      785      846      876
     419 3      799      850      888
     420 3      802      898      832
     421 3      782      852      877
     422 3      811      908      846
     423 3      802      860      898
     424 3      816      909      850
     425 3      828      920      860
     426 3      816      876      909
     427 3      811      877      908
     428 3      828      888      920
     429 3      848      855      930
     430 3      852      848      932
     431 3      846      937      876
     432 3      850      946      888
     433 3      877      852      951
     434 3      846      908      937
     435 3      850      909      946
     436 3      848      930      932
     437 3      860      964      898
     438 3      860      920      964
     439 3      876      969      909
     440 3      877      970      908
     441 3      852      932      951
     442 3      888      983      920
     443 3      876      937      969
     444 3      888      946      983
     445 3      877      951      970
     446 3      908      995      937
     447 3      909      998      946
     448 3      932      930     1005
     449 3      909      969      998
     450 3      908      970      995
     451 3      920     1018      964
     452 3      951      932     1019
     453 3      920      983     1018
     454 3      937     1029      969
     455 3      970      951     1037
     456 3      946     1038      983
     457 3      932     1005     1019
     458 3      937      995     1029
     459 3      946      998     1038
     460 3      951     1019     1037
     461 3      970     1059      995
     462 3      969     1060      998
     463 3     1018      983     1069
     464 3      969     1029     1060
     465 3      983     1038     1069
     466 3      970     1037     1059
     467 3     1019     1005     1084
     468 3      995     1090     1029
     469 3     1038      998     1099
     470 3     1037     1019     1103
     471 3      995     1059     1090
     472 3      998     1060     1099
     473 3     1029     1119     1060
     474 3     1037     1124     1059
     475 3     1019     1084     1103
     476 3     1069     1038     1138
     477 3     1029     1090     1119
     478 3     1037     1103     1124
     479 3     1038     1099     1138
     480 3     1059     1151     1090
     481 3     1099     1060     1155
     482 3     1059     1124     1151
     483 3     1060     1119     1155
     484 3     1090     1184     1119
     485 3     1138     1099     1194
     486 3     1090     1151     1184
     487 3     1099     1155     1194
     488 3     1155     1119     1217
     489 3     1119     1184     1217
     490 3     1194     1155     1253
     491 3     1155     1217     1253
     492 3     1253     1217     1308
 1                                                                              
 13                                                                             
 13                                                                             
          94
          67
          62
          57
          54
          52
          49
          46
          42
          38
          35
          31
          28
 1                                                                              
 20                                                                             
      20       0                                                                
    1308
    1253
    1194
    1138
    1069
    1018
     964
     898
     832
     749
     665
     591
     540
     474
     418
     363
     290
     184
      93
      94
