FileFmt      1050624           0           0
NELG           58641         560         539
       53767
      -53783
       53879
       53889
      -53893
      -53908
       53962
       53973
       53976
       53986
      -53990
      -54006
       54033
       54039
       54043
       54047
       54051
       54063
      -54067
      -54086
       54093
       54097
       54099
       54104
       54105
       54112
       54116
       54128
      -54137
       54142
       54148
       54149
      -54152
       54155
       54156
       54162
       54166
       54178
       54181
       54193
       54194
       54199
       54201
      -54204
       54205
       54207
       54209
       54214
      -54220
       54222
       54228
       54238
       54244
       54246
       54250
       54257
       54260
       54263
       54266
       54273
       54277
       54281
      -54282
       54283
       54291
       54292
       54296
      -54303
       54305
       54306
       54310
       54313
       54314
       54319
       54325
       54327
       54333
       54335
       54336
       54340
       54343
       54353
       54355
      -54357
       54359
       54367
       54372
       54373
       54376
       54382
       54384
       54386
       54388
       54389
       54394
       54395
       54401
      -54407
       54409
       54417
       54419
       54420
       54427
       54435
       54439
       54440
       54448
       54452
       54453
       54458
       54460
       54465
       54466
      -54470
       54473
       54480
       54494
      -54501
       54505
       54510
       54515
       54521
       54530
       54533
       54534
       54535
       54542
       54544
       54553
       54554
       54561
       54562
       54572
       54575
       54592
      -54593
       54614
       54617
       54621
       54623
       54626
       54633
      -54635
       54639
       54640
       54642
       54645
       54647
       54648
       54650
       54658
       54661
       54667
       54669
       54683
       54726
       54728
       54730
       54735
       54736
      -54739
       54743
       54745
       54751
       54759
       54760
       54761
       54762
       54763
       54765
       54766
       54768
       54769
       54787
       54801
      -54812
       54835
       54848
       54850
       54859
       54863
       54865
       54870
       54872
       54876
       54879
       54881
       54882
       54883
       54885
       54886
       54887
       54899
       54928
       54939
      -54946
       54960
       54961
       54975
       54980
       54985
       54989
       54995
       54998
       55004
       55005
       55012
       55013
       55015
       55016
       55021
       55024
       55025
      -55036
       55037
       55050
       55077
       55100
       55104
       55108
       55115
       55116
       55134
       55135
       55137
       55139
       55145
       55146
       55152
       55153
       55154
       55155
       55156
       55159
      -55182
       55194
       55195
       55210
       55214
       55230
       55232
       55240
       55247
       55250
       55259
      -55262
       55264
       55267
       55271
       55274
       55278
       55283
       55284
       55286
       55288
       55298
       55319
       55326
       55339
       55343
       55354
       55355
       55356
       55358
       55368
       55372
       55375
       55382
       55384
       55388
      -55390
       55391
       55396
       55399
       55400
       55408
       55409
       55424
       55427
       55441
       55446
       55453
       55464
       55465
       55470
      -55473
       55487
       55489
       55495
       55500
       55501
       55503
       55504
       55507
       55512
       55514
       55526
       55547
       55552
       55562
       55568
       55572
       55579
       55585
       55596
      -55608
       55610
       55611
       55613
       55614
       55615
       55618
       55620
       55623
       55624
       55625
       55627
       55641
       55650
       55664
       55670
       55682
       55686
      -55689
       55696
       55698
       55704
       55708
       55710
       55713
       55719
       55722
       55724
       55729
       55732
       55733
       55738
       55754
       55768
       55772
       55778
       55785
       55795
       55801
      -55813
       55814
       55816
       55825
       55829
       55830
       55831
       55832
       55836
       55839
       55841
       55842
       55853
       55876
       55891
       55895
      -55898
       55899
       55901
       55921
       55924
       55929
       55938
       55942
       55947
       55950
       55952
       55954
       55957
       55959
       55960
       55967
       55975
       55991
       56001
       56002
       56004
       56009
       56024
      -56028
       56033
       56035
       56042
       56048
       56053
       56054
       56057
       56061
       56062
       56064
       56066
       56069
       56071
       56077
      -56095
       56103
       56119
       56124
       56128
       56135
       56142
       56148
       56150
       56151
       56154
       56157
       56161
       56164
       56166
       56172
       56179
       56183
       56191
       56205
       56206
       56208
      -56215
       56216
       56222
       56225
       56233
       56237
       56240
       56241
       56246
       56248
       56254
       56255
       56264
      -56270
       56273
       56288
       56296
       56297
       56308
       56309
       56312
       56314
       56319
       56323
       56325
       56326
       56328
       56330
       56335
       56339
       56352
       56353
       56360
       56366
       56373
      -56384
      -56390
       56393
       56396
       56400
       56404
      -56408
       56410
       56413
       56415
       56419
       56424
       56429
       56431
       56438
       56440
       56443
      -56445
       56451
      -56459
      -56462
      -56465
      -56471
       56478
       56482
       56486
       56488
       56493
       56498
       56504
       56510
       56523
       56530
      -56533
      -56534
      -56537
      -56538
       56541
      -56545
       56546
      -56553
      -56558
      -56559
       56562
       56565
       56571
       56575
       56579
       56581
       56593
      -56597
      -56598
      -56611
      -56613
       56614
      -56616
      -56618
       56620
       56623
       56628
       56631
       56642
       56650
       56652
      -56675
      -56679
       56680
       56683
       56687
       56690
      -56692
      -56712
      -56717
      -56720
      -56723
      -56726
      -56728
      -56729
      -56737
      -56738
      -56761
      -56766
      -56769
      -56772
NNODG          32218         319         299
      -29268
      -29437
      -29470
      -29587
       29597
      -29609
      -29650
       29655
       29662
      -29674
      -29694
       29702
       29711
       29718
      -29734
      -29737
       29741
       29748
       29752
       29761
      -29770
       29775
      -29778
       29779
       29782
       29788
      -29797
       29800
       29802
       29806
       29810
       29816
      -29820
       29825
      -29827
       29832
       29835
       29837
       29839
       29844
      -29848
       29850
       29861
       29863
      -29864
       29870
       29874
       29879
       29883
       29884
       29889
       29892
       29899
       29901
       29904
      -29905
       29908
       29914
       29918
      -29929
       29930
       29933
       29937
       29942
       29944
       29946
       29950
       29957
       29962
       29963
       29974
      -29978
       29982
       29987
       29990
       29993
       29995
       30005
      -30027
       30030
       30033
       30042
       30045
       30051
       30056
       30060
       30066
      -30069
       30079
       30094
       30096
       30099
       30103
       30106
       30108
       30110
       30115
       30121
       30164
      -30166
       30169
       30170
       30172
      -30174
       30175
       30181
       30187
       30188
       30189
       30190
       30228
       30241
       30246
       30249
       30253
       30256
       30257
       30259
       30265
       30280
       30291
      -30297
       30301
       30302
      -30303
       30315
       30318
       30323
       30328
       30330
       30334
       30345
       30372
       30375
       30378
       30390
       30391
       30395
       30399
       30400
       30401
       30412
       30420
      -30425
       30428
       30444
       30450
       30460
       30463
       30464
       30468
       30470
       30482
       30486
      -30489
       30493
       30505
       30510
       30514
       30520
       30522
       30523
       30525
       30530
      -30539
       30540
       30554
       30563
       30566
       30574
       30577
       30579
       30583
       30590
       30604
       30606
       30616
       30622
       30632
       30634
       30635
       30637
       30638
       30640
       30641
      -30645
      -30658
       30668
       30677
       30682
       30684
       30693
       30696
       30700
       30704
      -30712
       30715
       30725
       30728
       30736
       30751
       30753
       30762
       30763
       30764
      -30767
       30768
       30793
       30796
       30798
       30810
       30819
       30823
       30826
       30829
       30835
       30840
       30855
       30857
       30860
      -30871
       30875
       30882
       30887
       30891
       30895
       30896
       30914
       30926
       30929
      -30932
       30938
       30943
       30947
       30952
       30960
       30963
       30976
       30977
      -30983
       30988
       30993
       30995
       30999
       31005
       31013
       31022
       31033
       31034
       31037
       31043
       31045
       31046
       31051
       31065
       31070
      -31079
       31084
       31088
      -31094
       31096
       31099
       31103
       31104
      -31110
       31112
      -31123
      -31126
       31131
       31136
       31140
       31148
       31159
      -31164
      -31165
       31169
      -31172
      -31176
       31178
       31185
       31189
       31197
      -31201
      -31208
      -31210
       31211
       31216
       31226
      -31230
      -31244
       31246
       31249
      -31252
      -31266
      -31267
      -31269
      -31271
      -31288
      -31293
NFLUXF             0
NETA             128          29           0
NSTAE              0           0           0
NSTAV              0           0           0
NSTAM              0           0           0
NSTAC              0           0           0
RES NODE          22         242
                   5           8           9          12          13          14
                  17          18          19          20          22          24
                  25          26          28          29          30          31
                  32          34          36          37          38          39
                  40          42          43          44          46          47
                  48          49          50          51          52          53
                  54          55          57          58          59          61
                  62          63          64          65          66          67
                  68          69          70          71          73          74
                  75          76          77          78          80          81
                  82          83          84          85          86          87
                  89          90          91          92          93          94
                  95          96          97          98          99         101
                 102         103         105         106         107         108
                 109         110         111         112         113         114
                 115         116         117         118         119         120
                 121         123         124         126         127         128
                 129         130         131         132         133         134
                 135         136         137         138         139         140
                 141         142         143         145         146         147
                 148         149         150         151         152         153
                 154         156         157         158         159         160
                 161         162         163         164         166         167
                 168         169         170         171         172         173
                 174         175         176         177         178         179
                 180         181         182         183         184         185
                 188         189         190         191         192         193
                 194         195         197         198         199         200
                 201         202         203         204         205         207
                 208         209         210         211         212         213
                 214         215         216         217         218         219
                 220         222         223         224         225         226
                 227         228         229         230         232         233
                 234         235         236         237         238         239
                 241         242         243         244         245         246
                 247         248         249         250         251         252
                 253         254         255         256         258         259
                 261         262         263         264         266         269
                 270         271         272         273         276         279
                 280         281         282         286         287         288
                 291         292
COMM PE            5
RECV PE           17          17
                 257         267         268         275         277         278
                 283         284         285         290         293         294
                 295         296         297         298         299
RECV PE           18           5
                 206         221         240         260         274
RECV PE           20           6
                   3           6          10          15          23          33
RECV PE           21           9
                  45          60          72          88         104         122
                 144         165         186
RECV PE           23          20
                   1           2           4           7          11          16
                  21          27          35          41          56          79
                 100         125         155         187         196         231
                 265         289
SEND PE           17          17
                 239         247         249         256         258         259
                 266         269         270         276         279         282
                 286         287         288         291         292
SEND PE           18           5
                 201         219         237         252         266
SEND PE           20           7
                   5           9          14          20          28          38
                  49
SEND PE           21          10
                  49          65          77          89         103         121
                 142         161         179         201
SEND PE           23          20
                   5           8          12          17          22          29
                  36          43          51          69          91         112
                 124         145         166         182         209         218
                 248         276
