bi_1997_v2.grd                                                                  
     505     288
   25616 -0.753307000000E+02  0.351311300000E+02  0.241610000000E+02
   25738 -0.753017900000E+02  0.351453900000E+02  0.244380000000E+02
   25748 -0.753589900000E+02  0.351482600000E+02  0.224160000000E+02
   25900 -0.752733400000E+02  0.351593400000E+02  0.249360000000E+02
   25943 -0.753288400000E+02  0.351623600000E+02  0.233040000000E+02
   25997 -0.753808600000E+02  0.351673300000E+02  0.207980000000E+02
   26105 -0.752450600000E+02  0.351725800000E+02  0.263430000000E+02
   26169 -0.753971800000E+02  0.351779400000E+02  0.186620000000E+02
   26172 -0.752999500000E+02  0.351764000000E+02  0.235950000000E+02
   26173 -0.754119000000E+02  0.351785500000E+02  0.156550000000E+02
   26217 -0.753552800000E+02  0.351792700000E+02  0.214680000000E+02
   26304 -0.752164800000E+02  0.351849300000E+02  0.281420000000E+02
   26337 -0.754204000000E+02  0.351886600000E+02  0.161820000000E+02
   26378 -0.754058200000E+02  0.351919700000E+02  0.180360000000E+02
   26379 -0.752713400000E+02  0.351901600000E+02  0.229460000000E+02
   26380 -0.754574100000E+02  0.351918100000E+02  0.107060000000E+02
   26420 -0.753827400000E+02  0.351947600000E+02  0.210980000000E+02
   26428 -0.753267700000E+02  0.351931800000E+02  0.235350000000E+02
   26440 -0.754418800000E+02  0.351961000000E+02  0.138800000000E+02
   26458 -0.754288800000E+02  0.351978100000E+02  0.164700000000E+02
   26474 -0.751868700000E+02  0.351963700000E+02  0.330590000000E+02
   26490 -0.754170500000E+02  0.351999500000E+02  0.187700000000E+02
   26537 -0.752426800000E+02  0.352034000000E+02  0.235790000000E+02
   26542 -0.754690000000E+02  0.352051300000E+02  0.114590000000E+02
   26546 -0.754363300000E+02  0.352059600000E+02  0.165160000000E+02
   26577 -0.754504700000E+02  0.352087500000E+02  0.145440000000E+02
   26583 -0.752980700000E+02  0.352072300000E+02  0.256980000000E+02
   26585 -0.754243700000E+02  0.352093800000E+02  0.196800000000E+02
   26608 -0.753537800000E+02  0.352094600000E+02  0.209260000000E+02
   26610 -0.754058500000E+02  0.352119300000E+02  0.194660000000E+02
   26645 -0.754961900000E+02  0.352158700000E+02  0.749800000000E+01
   26654 -0.755098400000E+02  0.352165500000E+02  0.569300000000E+01
   26658 -0.754803600000E+02  0.352169200000E+02  0.103590000000E+02
   26672 -0.752137000000E+02  0.352160500000E+02  0.257240000000E+02
   26684 -0.754362200000E+02  0.352177900000E+02  0.183230000000E+02
   26698 -0.754637400000E+02  0.352204900000E+02  0.142390000000E+02
   26719 -0.752693200000E+02  0.352210000000E+02  0.269310000000E+02
   26737 -0.754488700000E+02  0.352240300000E+02  0.176960000000E+02
   26740 -0.754220500000E+02  0.352228400000E+02  0.205690000000E+02
   26747 -0.755171700000E+02  0.352255100000E+02  0.339000000000E+01
   26749 -0.753251000000E+02  0.352238700000E+02  0.229520000000E+02
   26756 -0.755042000000E+02  0.352267500000E+02  0.698100000000E+01
   26762 -0.753806100000E+02  0.352252600000E+02  0.204620000000E+02
   26766 -0.754901100000E+02  0.352280400000E+02  0.964800000000E+01
   26782 -0.751844300000E+02  0.352283800000E+02  0.275710000000E+02
   26791 -0.754752700000E+02  0.352308000000E+02  0.126870000000E+02
   26817 -0.755255700000E+02  0.352343100000E+02  0.148900000000E+01
   26837 -0.752404400000E+02  0.352343600000E+02  0.270230000000E+02
   26838 -0.754353900000E+02  0.352358100000E+02  0.193020000000E+02
   26841 -0.755128000000E+02  0.352364800000E+02  0.462000000000E+01
   26845 -0.754586100000E+02  0.352373200000E+02  0.173840000000E+02
   26851 -0.754992100000E+02  0.352380700000E+02  0.895600000000E+01
   26854 -0.754085400000E+02  0.352392900000E+02  0.194680000000E+02
   26861 -0.754855300000E+02  0.352398600000E+02  0.112810000000E+02
   26862 -0.752962800000E+02  0.352380300000E+02  0.273510000000E+02
   26878 -0.753524600000E+02  0.352401400000E+02  0.217400000000E+02
   26884 -0.754733800000E+02  0.352422400000E+02  0.138690000000E+02
   26896 -0.755222900000E+02  0.352462500000E+02  0.152900000000E+01
   26903 -0.755084000000E+02  0.352479900000E+02  0.497500000000E+01
   26910 -0.752113300000E+02  0.352473100000E+02  0.285060000000E+02
   26911 -0.754943100000E+02  0.352493200000E+02  0.977300000000E+01
   26920 -0.754809900000E+02  0.352507500000E+02  0.116520000000E+02
   26924 -0.754666100000E+02  0.352524800000E+02  0.153870000000E+02
   26931 -0.752673800000E+02  0.352518600000E+02  0.294610000000E+02
   26936 -0.754265100000E+02  0.352539300000E+02  0.196690000000E+02
   26940 -0.754471700000E+02  0.352554600000E+02  0.187460000000E+02
   26949 -0.753235600000E+02  0.352547200000E+02  0.223050000000E+02
   26952 -0.755189900000E+02  0.352569800000E+02  0.165500000000E+01
   26957 -0.754889400000E+02  0.352584200000E+02  0.103630000000E+02
   26959 -0.753805200000E+02  0.352558300000E+02  0.197790000000E+02
   26971 -0.755028600000E+02  0.352608600000E+02  0.553200000000E+01
   26977 -0.751818000000E+02  0.352598800000E+02  0.302650000000E+02
   26979 -0.754772700000E+02  0.352621900000E+02  0.118890000000E+02
   27003 -0.752383600000E+02  0.352653400000E+02  0.276210000000E+02
   27007 -0.754623400000E+02  0.352669400000E+02  0.164950000000E+02
   27012 -0.754090300000E+02  0.352693700000E+02  0.195390000000E+02
   27018 -0.754325600000E+02  0.352697100000E+02  0.190380000000E+02
   27021 -0.754893500000E+02  0.352690200000E+02  0.990700000000E+01
   27022 -0.752945300000E+02  0.352688600000E+02  0.250060000000E+02
   27023 -0.755174900000E+02  0.352692100000E+02  0.121900000000E+01
   27032 -0.754483300000E+02  0.352720600000E+02  0.186160000000E+02
   27039 -0.753514200000E+02  0.352714000000E+02  0.216730000000E+02
   27053 -0.755025700000E+02  0.352750600000E+02  0.421400000000E+01
   27057 -0.754755200000E+02  0.352755700000E+02  0.130940000000E+02
   27075 -0.752090900000E+02  0.352784900000E+02  0.273100000000E+02
   27080 -0.755141400000E+02  0.352805100000E+02  0.124900000000E+01
   27091 -0.754242200000E+02  0.352831300000E+02  0.188120000000E+02
   27092 -0.754890400000E+02  0.352820600000E+02  0.109110000000E+02
   27094 -0.754593300000E+02  0.352838800000E+02  0.168320000000E+02
   27097 -0.754403200000E+02  0.352843200000E+02  0.182500000000E+02
   27100 -0.752655100000E+02  0.352827000000E+02  0.271870000000E+02
   27117 -0.753218400000E+02  0.352856200000E+02  0.234230000000E+02
   27127 -0.755025700000E+02  0.352887000000E+02  0.622500000000E+01
   27130 -0.754758600000E+02  0.352893700000E+02  0.143200000000E+02
   27133 -0.753813100000E+02  0.352893900000E+02  0.209040000000E+02
   27138 -0.755134000000E+02  0.352907200000E+02  0.136500000000E+01
   27142 -0.751793400000E+02  0.352913400000E+02  0.296430000000E+02
   27149 -0.754097700000E+02  0.352942800000E+02  0.198340000000E+02
   27161 -0.754885000000E+02  0.352946700000E+02  0.120980000000E+02
   27170 -0.755110400000E+02  0.352967800000E+02  0.195400000000E+01
   27171 -0.754295800000E+02  0.352979600000E+02  0.181330000000E+02
   27173 -0.752363900000E+02  0.352962700000E+02  0.273350000000E+02
   27178 -0.754480100000E+02  0.352991700000E+02  0.172000000000E+02
   27179 -0.754651000000E+02  0.352997900000E+02  0.162240000000E+02
   27185 -0.754778000000E+02  0.353002500000E+02  0.144070000000E+02
   27186 -0.754993300000E+02  0.353011100000E+02  0.730500000000E+01
   27192 -0.752927500000E+02  0.352996200000E+02  0.242420000000E+02
   27207 -0.753490100000E+02  0.353024700000E+02  0.225670000000E+02
   27213 -0.754864700000E+02  0.353065800000E+02  0.125270000000E+02
   27220 -0.755106200000E+02  0.353065000000E+02  0.889000000000E+00
   27233 -0.754731500000E+02  0.353108700000E+02  0.146520000000E+02
   27241 -0.752070100000E+02  0.353095800000E+02  0.276890000000E+02
   27247 -0.753966600000E+02  0.353128400000E+02  0.217870000000E+02
   27248 -0.754180500000E+02  0.353129800000E+02  0.186990000000E+02
   27254 -0.754373200000E+02  0.353139000000E+02  0.172960000000E+02
   27255 -0.754968000000E+02  0.353134400000E+02  0.809200000000E+01
   27259 -0.754565700000E+02  0.353152200000E+02  0.160980000000E+02
   27262 -0.752637100000E+02  0.353134700000E+02  0.262800000000E+02
   27275 -0.753199700000E+02  0.353162700000E+02  0.246580000000E+02
   27279 -0.754833600000E+02  0.353191200000E+02  0.121330000000E+02
   27284 -0.753729900000E+02  0.353193800000E+02  0.231260000000E+02
   27289 -0.755073300000E+02  0.353205800000E+02  0.948000000000E+00
   27305 -0.754697300000E+02  0.353242900000E+02  0.139550000000E+02
   27306 -0.751772500000E+02  0.353227000000E+02  0.289400000000E+02
   27315 -0.754936900000E+02  0.353267700000E+02  0.825600000000E+01
   27325 -0.754447200000E+02  0.353289000000E+02  0.163340000000E+02
   27326 -0.754271300000E+02  0.353291800000E+02  0.177370000000E+02
   27329 -0.752345200000E+02  0.353271100000E+02  0.279490000000E+02
   27330 -0.754080500000E+02  0.353297300000E+02  0.198600000000E+02
   27337 -0.754581100000E+02  0.353296200000E+02  0.149840000000E+02
   27348 -0.753900500000E+02  0.353312300000E+02  0.227220000000E+02
   27354 -0.752910800000E+02  0.353302700000E+02  0.250620000000E+02
   27355 -0.754804000000E+02  0.353328100000E+02  0.112580000000E+02
   27365 -0.755034400000E+02  0.353345900000E+02  0.137400000000E+01
   27366 -0.753467900000E+02  0.353325700000E+02  0.237160000000E+02
   27382 -0.754669000000E+02  0.353381600000E+02  0.127660000000E+02
   27395 -0.754909000000E+02  0.353400800000E+02  0.585700000000E+01
   27402 -0.754527400000E+02  0.353415500000E+02  0.145390000000E+02
   27410 -0.752050700000E+02  0.353405400000E+02  0.288040000000E+02
   27421 -0.754366600000E+02  0.353439500000E+02  0.166510000000E+02
   27426 -0.754181700000E+02  0.353456100000E+02  0.189870000000E+02
   27435 -0.755001500000E+02  0.353462300000E+02  0.133100000000E+01
   27436 -0.753984200000E+02  0.353465200000E+02  0.213440000000E+02
   27437 -0.752620200000E+02  0.353441800000E+02  0.264450000000E+02
   27446 -0.753742600000E+02  0.353476400000E+02  0.235400000000E+02
   27449 -0.754779000000E+02  0.353484300000E+02  0.100870000000E+02
   27451 -0.753184900000E+02  0.353467300000E+02  0.252100000000E+02
   27468 -0.754626500000E+02  0.353522900000E+02  0.115840000000E+02
   27470 -0.754898400000E+02  0.353516700000E+02  0.469900000000E+01
   27497 -0.751753200000E+02  0.353537900000E+02  0.296490000000E+02
   27500 -0.754475800000E+02  0.353564000000E+02  0.145120000000E+02
   27519 -0.754968600000E+02  0.353602500000E+02  0.141000000000E+01
   27522 -0.752327200000E+02  0.353578900000E+02  0.285180000000E+02
   27527 -0.754713100000E+02  0.353606800000E+02  0.103500000000E+02
   27535 -0.754298000000E+02  0.353620600000E+02  0.161760000000E+02
   27536 -0.754091600000E+02  0.353622200000E+02  0.201470000000E+02
   27546 -0.754834100000E+02  0.353633400000E+02  0.659900000000E+01
   27547 -0.752896000000E+02  0.353609100000E+02  0.257180000000E+02
   27548 -0.753910400000E+02  0.353626100000E+02  0.222050000000E+02
   27560 -0.753461800000E+02  0.353627100000E+02  0.242970000000E+02
   27574 -0.754596100000E+02  0.353685200000E+02  0.113650000000E+02
   27585 -0.754441600000E+02  0.353700600000E+02  0.146060000000E+02
   27589 -0.754730800000E+02  0.353708300000E+02  0.926400000000E+01
   27598 -0.752031600000E+02  0.353713600000E+02  0.297400000000E+02
   27600 -0.754929800000E+02  0.353739700000E+02  0.162600000000E+01
   27617 -0.752603900000E+02  0.353749000000E+02  0.272020000000E+02
   27619 -0.754819400000E+02  0.353775600000E+02  0.630100000000E+01
   27622 -0.754344500000E+02  0.353779900000E+02  0.146590000000E+02
   27623 -0.754186700000E+02  0.353782000000E+02  0.183420000000E+02
   27624 -0.753989900000E+02  0.353783100000E+02  0.214730000000E+02
   27625 -0.753745300000E+02  0.353783400000E+02  0.238140000000E+02
   27633 -0.753174400000E+02  0.353773400000E+02  0.254090000000E+02
   27669 -0.754691800000E+02  0.353840700000E+02  0.104400000000E+02
   27670 -0.754914900000E+02  0.353847100000E+02  0.104500000000E+01
   27676 -0.754494600000E+02  0.353853500000E+02  0.125610000000E+02
   27683 -0.751733300000E+02  0.353846400000E+02  0.300030000000E+02
   27695 -0.754815400000E+02  0.353884500000E+02  0.469000000000E+01
   27704 -0.752309000000E+02  0.353886100000E+02  0.294980000000E+02
   27719 -0.752882600000E+02  0.353916700000E+02  0.263370000000E+02
   27721 -0.754094800000E+02  0.353943500000E+02  0.204040000000E+02
   27725 -0.753912300000E+02  0.353940600000E+02  0.226320000000E+02
   27727 -0.754303100000E+02  0.353942600000E+02  0.167730000000E+02
   27733 -0.753457300000E+02  0.353935000000E+02  0.245420000000E+02
   27742 -0.754884900000E+02  0.353975300000E+02  0.944000000000E+00
   27748 -0.754766200000E+02  0.353983800000E+02  0.467600000000E+01
   27754 -0.754620800000E+02  0.353993900000E+02  0.109420000000E+02
   27784 -0.754465400000E+02  0.354031600000E+02  0.131460000000E+02
   27786 -0.752011600000E+02  0.354020700000E+02  0.311580000000E+02
   27805 -0.752587400000E+02  0.354056700000E+02  0.281760000000E+02
   27813 -0.753744600000E+02  0.354094500000E+02  0.237300000000E+02
   27814 -0.754858000000E+02  0.354091600000E+02  0.108100000000E+01
   27815 -0.754345900000E+02  0.354093800000E+02  0.170340000000E+02
   27816 -0.753987900000E+02  0.354098300000E+02  0.217540000000E+02
   27824 -0.753165100000E+02  0.354082800000E+02  0.253090000000E+02
   27825 -0.754191400000E+02  0.354113800000E+02  0.191550000000E+02
   27830 -0.754726700000E+02  0.354117100000E+02  0.476000000000E+01
   27841 -0.754581200000E+02  0.354137000000E+02  0.106490000000E+02
   27863 -0.754448200000E+02  0.354169000000E+02  0.132370000000E+02
   27867 -0.751711500000E+02  0.354153100000E+02  0.305320000000E+02
   27885 -0.752289700000E+02  0.354193300000E+02  0.308380000000E+02
   27887 -0.754322400000E+02  0.354211800000E+02  0.169570000000E+02
   27898 -0.754849100000E+02  0.354231900000E+02  0.929000000000E+00
   27901 -0.754075800000E+02  0.354248200000E+02  0.205660000000E+02
   27902 -0.754541600000E+02  0.354245700000E+02  0.116060000000E+02
   27906 -0.752868700000E+02  0.354226200000E+02  0.267870000000E+02
   27908 -0.753909800000E+02  0.354248800000E+02  0.221550000000E+02
   27911 -0.754211500000E+02  0.354258000000E+02  0.187330000000E+02
   27914 -0.754685400000E+02  0.354264300000E+02  0.598500000000E+01
   27921 -0.753453300000E+02  0.354247100000E+02  0.241320000000E+02
   27935 -0.754433700000E+02  0.354294200000E+02  0.135340000000E+02
   27941 -0.751408500000E+02  0.354284400000E+02  0.312670000000E+02
   27957 -0.754305300000E+02  0.354341800000E+02  0.159630000000E+02
   27960 -0.751989800000E+02  0.354327200000E+02  0.322480000000E+02
   27971 -0.754837100000E+02  0.354339300000E+02  0.976000000000E+00
   27979 -0.754163400000E+02  0.354374200000E+02  0.185180000000E+02
   27980 -0.754560400000E+02  0.354364000000E+02  0.102210000000E+02
   27988 -0.752569500000E+02  0.354365100000E+02  0.288330000000E+02
   27993 -0.753993000000E+02  0.354395800000E+02  0.211540000000E+02
   27998 -0.753748600000E+02  0.354406800000E+02  0.229740000000E+02
   28006 -0.753155300000E+02  0.354396000000E+02  0.251140000000E+02
   28009 -0.754702500000E+02  0.354415000000E+02  0.498600000000E+01
   28018 -0.754425400000E+02  0.354432500000E+02  0.145280000000E+02
   28027 -0.754825100000E+02  0.354437700000E+02  0.105100000000E+01
   28047 -0.751687300000E+02  0.354459300000E+02  0.318300000000E+02
   28050 -0.754276800000E+02  0.354479800000E+02  0.171330000000E+02
   28077 -0.752268600000E+02  0.354500400000E+02  0.316970000000E+02
   28078 -0.754119000000E+02  0.354520800000E+02  0.190150000000E+02
   28085 -0.754574400000E+02  0.354532100000E+02  0.115820000000E+02
   28096 -0.754732700000E+02  0.354552400000E+02  0.360800000000E+01
   28101 -0.752852600000E+02  0.354537600000E+02  0.267900000000E+02
   28111 -0.754822200000E+02  0.354568900000E+02  0.737000000000E+00
   28119 -0.754402400000E+02  0.354582900000E+02  0.156330000000E+02
   28120 -0.753942600000E+02  0.354574900000E+02  0.214560000000E+02
   28124 -0.753450100000E+02  0.354566000000E+02  0.230160000000E+02
   28136 -0.751381800000E+02  0.354590600000E+02  0.328530000000E+02
   28147 -0.754246300000E+02  0.354626300000E+02  0.174930000000E+02
   28158 -0.751965900000E+02  0.354633700000E+02  0.333830000000E+02
   28173 -0.754674200000E+02  0.354681400000E+02  0.756600000000E+01
   28174 -0.754798200000E+02  0.354679300000E+02  0.152400000000E+01
   28176 -0.754092900000E+02  0.354673600000E+02  0.196920000000E+02
   28182 -0.754523500000E+02  0.354696400000E+02  0.146720000000E+02
   28183 -0.752548800000E+02  0.354673600000E+02  0.293710000000E+02
   28198 -0.753747500000E+02  0.354719800000E+02  0.218790000000E+02
   28203 -0.754368700000E+02  0.354730000000E+02  0.157440000000E+02
   28209 -0.753142400000E+02  0.354714500000E+02  0.247900000000E+02
   28211 -0.753956200000E+02  0.354731400000E+02  0.209870000000E+02
   28233 -0.754218900000E+02  0.354769800000E+02  0.175700000000E+02
   28238 -0.751660900000E+02  0.354765800000E+02  0.330880000000E+02
   28251 -0.754636400000E+02  0.354814600000E+02  0.581700000000E+01
   28254 -0.754780300000E+02  0.354813500000E+02  0.859000000000E+00
   28255 -0.754075200000E+02  0.354817800000E+02  0.200000000000E+02
   28262 -0.752245300000E+02  0.354807400000E+02  0.323370000000E+02
   28268 -0.754485600000E+02  0.354836800000E+02  0.127590000000E+02
   28285 -0.754335800000E+02  0.354867400000E+02  0.155330000000E+02
   28286 -0.752830900000E+02  0.354848300000E+02  0.267290000000E+02
   28298 -0.753923400000E+02  0.354870800000E+02  0.207360000000E+02
   28302 -0.754195300000E+02  0.354903500000E+02  0.169080000000E+02
   28308 -0.751352600000E+02  0.354897800000E+02  0.336240000000E+02
   28313 -0.754752200000E+02  0.354917300000E+02  0.107900000000E+01
   28316 -0.753454500000E+02  0.354910500000E+02  0.226310000000E+02
   28325 -0.754602500000E+02  0.354942000000E+02  0.507000000000E+01
   28331 -0.751940400000E+02  0.354940400000E+02  0.339360000000E+02
   28335 -0.754065200000E+02  0.354957000000E+02  0.190080000000E+02
   28336 -0.754447300000E+02  0.354970400000E+02  0.110820000000E+02
   28338 -0.753758100000E+02  0.354977400000E+02  0.208620000000E+02
   28345 -0.754299600000E+02  0.354993200000E+02  0.157480000000E+02
   28350 -0.752525300000E+02  0.354980900000E+02  0.296570000000E+02
   28360 -0.753939400000E+02  0.355020400000E+02  0.194120000000E+02
   28370 -0.753111300000E+02  0.355027200000E+02  0.248670000000E+02
   28391 -0.751632800000E+02  0.355073300000E+02  0.332270000000E+02
   28404 -0.752220500000E+02  0.355114100000E+02  0.324040000000E+02
   28422 -0.753615500000E+02  0.355159500000E+02  0.219560000000E+02
   28439 -0.752804600000E+02  0.355154300000E+02  0.265420000000E+02
   28444 -0.753869200000E+02  0.355182500000E+02  0.187670000000E+02
   28457 -0.753357800000E+02  0.355208200000E+02  0.236940000000E+02
   28464 -0.751321800000E+02  0.355206800000E+02  0.346530000000E+02
   28485 -0.751914000000E+02  0.355248000000E+02  0.339580000000E+02
   28502 -0.752501000000E+02  0.355286300000E+02  0.296400000000E+02
   28528 -0.753078200000E+02  0.355325900000E+02  0.242980000000E+02
   28550 -0.751604200000E+02  0.355382600000E+02  0.336310000000E+02
   28567 -0.752195900000E+02  0.355420800000E+02  0.321030000000E+02
   28578 -0.752780500000E+02  0.355456000000E+02  0.257910000000E+02
   28602 -0.751290900000E+02  0.355518600000E+02  0.357300000000E+02
   28612 -0.751887800000E+02  0.355556800000E+02  0.339070000000E+02
   28625 -0.752478400000E+02  0.355591000000E+02  0.298970000000E+02
   28656 -0.751576200000E+02  0.355694200000E+02  0.347970000000E+02
   28666 -0.752172600000E+02  0.355728600000E+02  0.322560000000E+02
   28711 -0.751862800000E+02  0.355867800000E+02  0.341440000000E+02
       1 3    25616    25738    25943
       2 3    25616    25943    25748
       3 3    25738    25900    26172
       4 3    25738    26172    25943
       5 3    25748    25943    26217
       6 3    25748    26217    25997
       7 3    26173    26169    26378
       8 3    25900    26105    26379
       9 3    25900    26379    26172
      10 3    25997    26420    26169
      11 3    26173    26378    26337
      12 3    25943    26172    26428
      13 3    25943    26428    26217
      14 3    25997    26217    26420
      15 3    26337    26378    26490
      16 3    26169    26420    26378
      17 3    26337    26490    26458
      18 3    26105    26304    26537
      19 3    26440    26458    26546
      20 3    26105    26537    26379
      21 3    26440    26577    26380
      22 3    26172    26379    26583
      23 3    26458    26490    26585
      24 3    26172    26583    26428
      25 3    26458    26585    26546
      26 3    26217    26428    26608
      27 3    26440    26546    26577
      28 3    26378    26610    26490
      29 3    26380    26577    26542
      30 3    26217    26608    26420
      31 3    26378    26420    26610
      32 3    26304    26474    26672
      33 3    26490    26610    26585
      34 3    26546    26585    26684
      35 3    26304    26672    26537
      36 3    26546    26684    26577
      37 3    26542    26577    26698
      38 3    26379    26537    26719
      39 3    26542    26698    26658
      40 3    26379    26719    26583
      41 3    26577    26684    26737
      42 3    26585    26610    26740
      43 3    26585    26740    26684
      44 3    26428    26583    26749
      45 3    26577    26737    26698
      46 3    26654    26645    26756
      47 3    26428    26749    26608
      48 3    26420    26762    26610
      49 3    26420    26608    26762
      50 3    26645    26658    26766
      51 3    26654    26756    26747
      52 3    26658    26698    26791
      53 3    26645    26766    26756
      54 3    26474    26782    26672
      55 3    26658    26791    26766
      56 3    26537    26672    26837
      57 3    26684    26740    26838
      58 3    26747    26756    26841
      59 3    26684    26838    26737
      60 3    26698    26737    26845
      61 3    26537    26837    26719
      62 3    26756    26766    26851
      63 3    26740    26610    26854
      64 3    26747    26841    26817
      65 3    26698    26845    26791
      66 3    26766    26791    26861
      67 3    26583    26719    26862
      68 3    26583    26862    26749
      69 3    26756    26851    26841
      70 3    26608    26749    26878
      71 3    26608    26878    26762
      72 3    26766    26861    26851
      73 3    26610    26762    26854
      74 3    26791    26845    26884
      75 3    26791    26884    26861
      76 3    26817    26841    26896
      77 3    26737    26838    26845
      78 3    26841    26851    26903
      79 3    26672    26782    26910
      80 3    26851    26861    26911
      81 3    26740    26854    26838
      82 3    26861    26884    26920
      83 3    26672    26910    26837
      84 3    26841    26903    26896
      85 3    26884    26845    26924
      86 3    26851    26911    26903
      87 3    26719    26837    26931
      88 3    26861    26920    26911
      89 3    26838    26854    26936
      90 3    26719    26931    26862
      91 3    26845    26838    26940
      92 3    26749    26862    26949
      93 3    26884    26924    26920
      94 3    26896    26903    26952
      95 3    26749    26949    26878
      96 3    26911    26920    26957
      97 3    26762    26878    26959
      98 3    26762    26959    26854
      99 3    26845    26940    26924
     100 3    26838    26936    26940
     101 3    26903    26911    26971
     102 3    26920    26924    26979
     103 3    26782    26977    26910
     104 3    26920    26979    26957
     105 3    26911    26957    26971
     106 3    26903    26971    26952
     107 3    26837    26910    27003
     108 3    26924    26940    27007
     109 3    26837    27003    26931
     110 3    26854    27012    26936
     111 3    26924    27007    26979
     112 3    26936    27018    26940
     113 3    26957    26979    27021
     114 3    26862    26931    27022
     115 3    26952    26971    27023
     116 3    26957    27021    26971
     117 3    26862    27022    26949
     118 3    26854    26959    27012
     119 3    26940    27032    27007
     120 3    26878    26949    27039
     121 3    26940    27018    27032
     122 3    26878    27039    26959
     123 3    26971    27021    27053
     124 3    26979    27007    27057
     125 3    26971    27053    27023
     126 3    26936    27012    27018
     127 3    26979    27057    27021
     128 3    26910    26977    27075
     129 3    27023    27053    27080
     130 3    26910    27075    27003
     131 3    27018    27012    27091
     132 3    27021    27057    27092
     133 3    27021    27092    27053
     134 3    27007    27032    27094
     135 3    27032    27018    27097
     136 3    26931    27003    27100
     137 3    27007    27094    27057
     138 3    26931    27100    27022
     139 3    26949    27022    27117
     140 3    27018    27091    27097
     141 3    26949    27117    27039
     142 3    27053    27127    27080
     143 3    27053    27092    27127
     144 3    27057    27130    27092
     145 3    26959    27133    27012
     146 3    27032    27097    27094
     147 3    27057    27094    27130
     148 3    26959    27039    27133
     149 3    27080    27127    27138
     150 3    27012    27149    27091
     151 3    26977    27142    27075
     152 3    27092    27130    27161
     153 3    27092    27161    27127
     154 3    27138    27127    27170
     155 3    27091    27171    27097
     156 3    27003    27075    27173
     157 3    27097    27178    27094
     158 3    27012    27133    27149
     159 3    27003    27173    27100
     160 3    27094    27179    27130
     161 3    27130    27185    27161
     162 3    27127    27161    27186
     163 3    27022    27100    27192
     164 3    27127    27186    27170
     165 3    27022    27192    27117
     166 3    27130    27179    27185
     167 3    27091    27149    27171
     168 3    27094    27178    27179
     169 3    27097    27171    27178
     170 3    27039    27117    27207
     171 3    27161    27185    27213
     172 3    27039    27207    27133
     173 3    27170    27186    27220
     174 3    27161    27213    27186
     175 3    27185    27179    27233
     176 3    27075    27142    27241
     177 3    27149    27133    27247
     178 3    27149    27248    27171
     179 3    27075    27241    27173
     180 3    27171    27254    27178
     181 3    27186    27213    27255
     182 3    27185    27233    27213
     183 3    27179    27178    27259
     184 3    27100    27173    27262
     185 3    27186    27255    27220
     186 3    27100    27262    27192
     187 3    27117    27192    27275
     188 3    27179    27259    27233
     189 3    27149    27247    27248
     190 3    27171    27248    27254
     191 3    27213    27233    27279
     192 3    27117    27275    27207
     193 3    27133    27207    27284
     194 3    27178    27254    27259
     195 3    27220    27255    27289
     196 3    27213    27279    27255
     197 3    27133    27284    27247
     198 3    27233    27259    27305
     199 3    27142    27306    27241
     200 3    27233    27305    27279
     201 3    27255    27279    27315
     202 3    27255    27315    27289
     203 3    27254    27325    27259
     204 3    27248    27326    27254
     205 3    27173    27241    27329
     206 3    27248    27247    27330
     207 3    27259    27337    27305
     208 3    27173    27329    27262
     209 3    27247    27284    27348
     210 3    27259    27325    27337
     211 3    27192    27262    27354
     212 3    27279    27305    27355
     213 3    27192    27354    27275
     214 3    27254    27326    27325
     215 3    27289    27315    27365
     216 3    27279    27355    27315
     217 3    27207    27275    27366
     218 3    27248    27330    27326
     219 3    27247    27348    27330
     220 3    27207    27366    27284
     221 3    27305    27337    27382
     222 3    27305    27382    27355
     223 3    27315    27355    27395
     224 3    27337    27325    27402
     225 3    27315    27395    27365
     226 3    27241    27306    27410
     227 3    27325    27326    27421
     228 3    27241    27410    27329
     229 3    27337    27402    27382
     230 3    27326    27330    27426
     231 3    27365    27395    27435
     232 3    27348    27436    27330
     233 3    27262    27329    27437
     234 3    27325    27421    27402
     235 3    27262    27437    27354
     236 3    27284    27446    27348
     237 3    27355    27382    27449
     238 3    27275    27354    27451
     239 3    27355    27449    27395
     240 3    27275    27451    27366
     241 3    27326    27426    27421
     242 3    27284    27366    27446
     243 3    27330    27436    27426
     244 3    27382    27402    27468
     245 3    27395    27470    27435
     246 3    27395    27449    27470
     247 3    27382    27468    27449
     248 3    27348    27446    27436
     249 3    27402    27421    27500
     250 3    27306    27497    27410
     251 3    27402    27500    27468
     252 3    27470    27519    27435
     253 3    27329    27410    27522
     254 3    27449    27468    27527
     255 3    27329    27522    27437
     256 3    27421    27426    27535
     257 3    27426    27436    27536
     258 3    27470    27449    27546
     259 3    27354    27437    27547
     260 3    27436    27446    27548
     261 3    27354    27547    27451
     262 3    27449    27527    27546
     263 3    27421    27535    27500
     264 3    27366    27451    27560
     265 3    27366    27560    27446
     266 3    27470    27546    27519
     267 3    27436    27548    27536
     268 3    27426    27536    27535
     269 3    27468    27500    27574
     270 3    27468    27574    27527
     271 3    27500    27535    27585
     272 3    27527    27589    27546
     273 3    27500    27585    27574
     274 3    27410    27497    27598
     275 3    27527    27574    27589
     276 3    27519    27546    27600
     277 3    27410    27598    27522
     278 3    27437    27522    27617
     279 3    27546    27589    27619
     280 3    27535    27622    27585
     281 3    27536    27623    27535
     282 3    27548    27624    27536
     283 3    27446    27625    27548
     284 3    27437    27617    27547
     285 3    27546    27619    27600
     286 3    27451    27547    27633
     287 3    27451    27633    27560
     288 3    27446    27560    27625
     289 3    27535    27623    27622
     290 3    27536    27624    27623
     291 3    27589    27574    27669
     292 3    27600    27619    27670
     293 3    27585    27676    27574
     294 3    27589    27669    27619
     295 3    27548    27625    27624
     296 3    27585    27622    27676
     297 3    27497    27683    27598
     298 3    27619    27695    27670
     299 3    27619    27669    27695
     300 3    27574    27676    27669
     301 3    27522    27598    27704
     302 3    27522    27704    27617
     303 3    27547    27617    27719
     304 3    27623    27624    27721
     305 3    27624    27625    27725
     306 3    27622    27623    27727
     307 3    27547    27719    27633
     308 3    27560    27633    27733
     309 3    27560    27733    27625
     310 3    27670    27695    27742
     311 3    27622    27727    27676
     312 3    27695    27669    27748
     313 3    27624    27725    27721
     314 3    27669    27676    27754
     315 3    27623    27721    27727
     316 3    27695    27748    27742
     317 3    27669    27754    27748
     318 3    27676    27727    27784
     319 3    27598    27683    27786
     320 3    27676    27784    27754
     321 3    27598    27786    27704
     322 3    27617    27704    27805
     323 3    27617    27805    27719
     324 3    27625    27813    27725
     325 3    27742    27748    27814
     326 3    27727    27815    27784
     327 3    27725    27816    27721
     328 3    27633    27719    27824
     329 3    27721    27825    27727
     330 3    27633    27824    27733
     331 3    27748    27754    27830
     332 3    27625    27733    27813
     333 3    27727    27825    27815
     334 3    27748    27830    27814
     335 3    27754    27784    27841
     336 3    27754    27841    27830
     337 3    27721    27816    27825
     338 3    27784    27815    27863
     339 3    27725    27813    27816
     340 3    27784    27863    27841
     341 3    27683    27867    27786
     342 3    27704    27786    27885
     343 3    27815    27825    27887
     344 3    27704    27885    27805
     345 3    27815    27887    27863
     346 3    27814    27830    27898
     347 3    27816    27901    27825
     348 3    27841    27863    27902
     349 3    27719    27805    27906
     350 3    27816    27813    27908
     351 3    27719    27906    27824
     352 3    27825    27911    27887
     353 3    27830    27841    27914
     354 3    27733    27824    27921
     355 3    27733    27921    27813
     356 3    27825    27901    27911
     357 3    27816    27908    27901
     358 3    27841    27902    27914
     359 3    27830    27914    27898
     360 3    27863    27887    27935
     361 3    27863    27935    27902
     362 3    27887    27911    27957
     363 3    27786    27867    27960
     364 3    27887    27957    27935
     365 3    27898    27914    27971
     366 3    27786    27960    27885
     367 3    27911    27901    27979
     368 3    27902    27980    27914
     369 3    27902    27935    27980
     370 3    27805    27885    27988
     371 3    27901    27908    27993
     372 3    27805    27988    27906
     373 3    27813    27998    27908
     374 3    27911    27979    27957
     375 3    27824    27906    28006
     376 3    27914    28009    27971
     377 3    27824    28006    27921
     378 3    27914    27980    28009
     379 3    27901    27993    27979
     380 3    27813    27921    27998
     381 3    27935    27957    28018
     382 3    27935    28018    27980
     383 3    27971    28009    28027
     384 3    27867    27941    28047
     385 3    27957    27979    28050
     386 3    27908    27998    27993
     387 3    27867    28047    27960
     388 3    27957    28050    28018
     389 3    27885    27960    28077
     390 3    27979    27993    28078
     391 3    27980    28085    28009
     392 3    27885    28077    27988
     393 3    27980    28018    28085
     394 3    27979    28078    28050
     395 3    28009    28096    28027
     396 3    27906    27988    28101
     397 3    27906    28101    28006
     398 3    28027    28096    28111
     399 3    28009    28085    28096
     400 3    28018    28050    28119
     401 3    27993    27998    28120
     402 3    27921    28006    28124
     403 3    27921    28124    27998
     404 3    27993    28120    28078
     405 3    28018    28119    28085
     406 3    27941    28136    28047
     407 3    28050    28078    28147
     408 3    28050    28147    28119
     409 3    27960    28047    28158
     410 3    27960    28158    28077
     411 3    28096    28085    28173
     412 3    28111    28096    28174
     413 3    28078    28120    28176
     414 3    28078    28176    28147
     415 3    28085    28119    28182
     416 3    27988    28077    28183
     417 3    28096    28173    28174
     418 3    27988    28183    28101
     419 3    27998    28198    28120
     420 3    28085    28182    28173
     421 3    28119    28147    28203
     422 3    28006    28101    28209
     423 3    28120    28211    28176
     424 3    28006    28209    28124
     425 3    27998    28124    28198
     426 3    28119    28203    28182
     427 3    28147    28176    28233
     428 3    28120    28198    28211
     429 3    28047    28136    28238
     430 3    28147    28233    28203
     431 3    28047    28238    28158
     432 3    28173    28182    28251
     433 3    28174    28173    28254
     434 3    28176    28211    28255
     435 3    28077    28158    28262
     436 3    28176    28255    28233
     437 3    28182    28203    28268
     438 3    28077    28262    28183
     439 3    28173    28251    28254
     440 3    28182    28268    28251
     441 3    28203    28233    28285
     442 3    28101    28183    28286
     443 3    28101    28286    28209
     444 3    28211    28198    28298
     445 3    28203    28285    28268
     446 3    28211    28298    28255
     447 3    28233    28255    28302
     448 3    28233    28302    28285
     449 3    28254    28251    28313
     450 3    28124    28316    28198
     451 3    28136    28308    28238
     452 3    28124    28209    28316
     453 3    28251    28268    28325
     454 3    28158    28238    28331
     455 3    28255    28335    28302
     456 3    28255    28298    28335
     457 3    28268    28285    28336
     458 3    28251    28325    28313
     459 3    28198    28338    28298
     460 3    28158    28331    28262
     461 3    28285    28302    28345
     462 3    28183    28262    28350
     463 3    28268    28336    28325
     464 3    28183    28350    28286
     465 3    28285    28345    28336
     466 3    28298    28360    28335
     467 3    28198    28316    28338
     468 3    28209    28286    28370
     469 3    28298    28338    28360
     470 3    28209    28370    28316
     471 3    28238    28308    28391
     472 3    28238    28391    28331
     473 3    28262    28331    28404
     474 3    28262    28404    28350
     475 3    28338    28316    28422
     476 3    28286    28350    28439
     477 3    28360    28338    28444
     478 3    28286    28439    28370
     479 3    28316    28370    28457
     480 3    28316    28457    28422
     481 3    28308    28464    28391
     482 3    28338    28422    28444
     483 3    28331    28391    28485
     484 3    28331    28485    28404
     485 3    28350    28404    28502
     486 3    28350    28502    28439
     487 3    28370    28439    28528
     488 3    28370    28528    28457
     489 3    28391    28464    28550
     490 3    28391    28550    28485
     491 3    28404    28485    28567
     492 3    28404    28567    28502
     493 3    28439    28502    28578
     494 3    28439    28578    28528
     495 3    28464    28602    28550
     496 3    28485    28550    28612
     497 3    28485    28612    28567
     498 3    28502    28567    28625
     499 3    28502    28625    28578
     500 3    28550    28602    28656
     501 3    28550    28656    28612
     502 3    28567    28612    28666
     503 3    28567    28666    28625
     504 3    28612    28656    28711
     505 3    28612    28711    28666
 0                                                                              
 0                                                                              
 1                                                                              
 24                                                                             
      23       1                                                                
   28313
   28254
   28174
   28111
   28027
   27971
   27898
   27814
   27742
   27670
   27600
   27519
   27435
   27365
   27289
   27220
   27170
   27138
   27080
   27023
   26952
   26896
   26817
