FileFmt      1050624           0           0
NELG           58641         560         483
       -7658
       -7728
       -7752
       -7773
       -7814
       -7893
        7902
       -7904
       -7926
        7936
       -7978
        8036
        8037
       -8041
       -8042
        8047
        8071
       -8093
       -8095
       -8096
       -8102
       -8141
       -8157
        8168
       -8175
        8183
        8187
       -8214
        8220
       -8228
        8234
        8240
        8283
        8287
        8293
        8324
        8327
        8328
       -8335
        8339
        8343
       -8368
        8389
        8400
        8418
        8420
        8433
        8440
        8444
        8447
        8483
        8488
        8521
        8525
        8544
        8555
        8556
        8560
        8573
       -8576
        8577
        8593
        8605
        8621
        8625
        8629
        8637
        8642
        8657
        8678
        8687
        8716
        8720
        8729
        8742
        8773
        8774
        8778
        8797
        8805
        8807
        8818
        8820
        8846
        8855
        8876
        8878
        8881
        8893
        8901
        8916
        8917
        8918
        8937
        8948
        8950
        8982
        8984
        9001
        9002
        9006
        9009
        9028
        9029
        9077
        9083
        9090
        9091
        9094
        9095
        9096
        9101
        9127
        9133
        9149
        9166
        9174
        9179
        9181
        9192
        9205
        9207
        9208
        9217
        9226
        9250
        9252
        9255
        9269
        9281
        9286
        9299
        9301
        9310
        9315
        9330
        9337
        9343
        9356
        9360
        9362
        9369
        9372
        9383
        9391
        9404
        9414
        9422
        9424
        9443
        9444
        9445
        9451
        9452
        9461
        9464
        9468
        9476
        9480
        9482
        9491
        9501
        9506
        9507
        9510
        9517
        9539
        9540
        9551
        9557
        9560
        9567
        9587
        9593
        9594
        9596
        9598
        9610
        9621
        9624
        9631
        9640
        9643
        9647
        9660
        9665
        9676
        9677
        9680
        9683
        9687
        9693
        9695
        9697
        9698
        9699
        9704
        9707
        9720
        9734
        9740
        9741
        9742
        9751
        9753
        9759
        9767
        9769
        9770
        9785
        9786
        9793
        9797
        9810
        9812
        9814
        9815
        9820
        9828
        9834
        9842
        9851
        9853
        9855
        9861
        9863
        9865
        9866
        9867
        9872
        9887
        9888
        9889
        9892
        9893
        9905
        9911
        9913
        9915
        9928
        9931
        9936
        9937
        9942
        9943
        9945
        9949
        9950
        9953
        9954
        9958
        9961
        9962
        9965
        9973
        9988
        9995
       10001
       10002
       10015
       10019
       10020
       10021
       10023
       10025
       10028
       10033
       10035
       10036
       10038
       10041
       10045
       10059
       10066
       10067
       10082
       10083
       10085
       10088
       10090
       10100
       10105
       10106
       10112
       10113
       10114
       10115
       10118
       10122
       10126
       10129
       10130
       10137
       10141
       10143
       10149
       10154
       10161
       10169
       10180
       10185
       10188
       10189
       10191
       10198
       10202
       10209
       10218
       10219
       10220
       10222
       10226
       10236
       10238
       10239
       10243
       10246
       10249
       10252
       10266
       10270
       10271
       10272
       10273
       10283
       10295
       10306
       10311
       10322
       10324
       10333
       10342
       10350
       10359
       10364
       10368
       10375
       10386
       10387
       10388
       10395
       10396
       10398
       10408
       10420
       10432
       10441
       10448
       10454
       10467
       10476
       10490
       10494
       10497
       10509
       10513
       10514
       10531
       10540
       10546
       10551
       10558
       10561
       10566
       10580
       10591
       10594
       10605
       10629
       10634
       10640
       10644
       10664
       10677
       10679
       10680
       10711
       10712
       10716
       10724
       10740
       10744
       10757
       10772
       10773
       10782
       10792
       10800
       10814
       10816
       10823
       10833
       10846
       10861
       10864
       10866
       10875
       10882
       10914
       10920
       10922
       10930
       10939
       10940
       10944
       10948
       10961
       10987
       10990
       10998
       11015
       11023
       11029
       11042
       11055
       11057
       11065
       11071
       11097
       11100
       11112
       11113
       11127
       11155
       11156
       11161
       11175
       11205
       11216
       11219
       11228
       11234
       11242
       11253
       11275
       11280
       11298
       11335
       11361
       11365
       11380
       11383
       11389
       11408
       11410
       11430
       11455
       11472
       11484
       11485
       11512
       11530
       11532
       11538
       11559
       11573
       11599
       11607
       11617
       11633
       11640
       11662
       11676
       11685
      -11691
       11734
       11748
      -11749
       11759
       11771
       11782
       11805
       11808
       11849
       11869
       11876
      -11889
      -11939
       11965
      -12011
      -12033
      -12082
      -12149
NNODG          32218         319         268
       -3855
       -3906
       -3921
        3970
       -3973
        4005
       -4009
       -4019
        4028
       -4032
       -4059
       -4083
        4088
        4094
       -4106
        4108
       -4154
        4160
        4161
        4164
        4165
        4188
        4190
        4191
        4230
        4235
        4253
        4256
        4287
        4290
        4294
        4307
        4308
       -4313
        4317
       -4333
        4354
        4365
        4369
        4390
        4412
        4414
        4422
        4426
        4427
        4429
        4448
        4455
        4467
        4496
       -4507
        4511
        4539
        4540
        4550
        4553
        4554
        4560
        4561
        4584
        4593
        4598
        4602
        4630
        4644
        4652
        4655
        4668
        4669
        4693
        4694
        4699
        4702
        4703
        4724
       -4728
        4738
        4744
        4762
        4774
        4779
        4780
        4781
       -4801
        4813
        4821
        4829
        4830
        4835
        4837
        4840
        4842
        4867
        4872
        4876
        4882
        4883
       -4884
        4890
        4893
        4913
        4917
        4918
        4934
        4938
        4941
        4955
        4958
        4960
        4961
        4980
        4983
        4992
        4993
       -4998
        5005
        5006
        5008
        5010
        5013
        5015
        5035
        5040
        5041
        5048
        5052
        5054
        5063
        5070
        5072
        5074
        5076
        5082
        5086
        5100
        5105
        5107
       -5109
        5110
        5118
        5119
        5120
        5128
        5129
        5133
        5135
        5140
        5144
        5145
        5148
        5152
        5156
        5173
        5175
        5176
        5187
        5188
        5191
        5193
        5195
        5196
        5207
       -5211
        5217
        5218
        5220
        5221
        5230
        5234
        5235
        5240
        5243
        5244
        5254
        5259
        5272
        5276
        5277
        5280
        5285
       -5288
        5291
        5295
        5296
        5298
        5304
        5317
        5326
        5332
        5342
        5348
        5354
        5370
        5373
        5379
        5387
        5388
       -5391
        5410
        5415
        5425
        5432
        5446
        5448
        5449
        5469
        5470
        5474
        5489
        5504
        5521
        5527
       -5533
        5536
        5557
        5558
        5564
        5575
        5590
        5598
        5604
        5617
        5623
        5638
        5641
        5666
        5671
        5677
       -5681
        5682
        5701
        5707
        5718
        5722
        5740
        5744
        5762
        5769
        5778
       -5792
        5820
        5828
        5834
        5838
        5866
        5885
        5899
        5909
        5914
        5937
        5956
       -5960
        5965
        5992
        6003
        6030
        6037
        6046
        6069
       -6076
        6096
        6113
        6134
        6136
        6171
       -6179
       -6233
       -6274
NFLUXF             0
NETA             128          29           0
NSTAE              0           0           0
NSTAV              0           0           0
NSTAM              0           0           0
NSTAC              0           0           0
RES NODE          54         238
                   4           6           9          13          14          16
                  18          19          20          21          22          23
                  24          25          26          27          28          29
                  30          31          32          33          35          37
                  38          39          40          41          42          43
                  44          45          46          47          48          49
                  50          52          53          54          55          56
                  57          58          59          60          61          62
                  63          64          65          66          67          68
                  69          70          71          72          73          74
                  75          77          78          79          80          81
                  82          83          85          86          87          88
                  89          90          91          92          93          94
                  95          96          97          99         100         101
                 102         103         104         105         106         107
                 108         109         110         111         112         113
                 114         116         117         118         119         120
                 121         122         123         124         125         126
                 127         128         129         130         131         132
                 133         134         135         136         137         139
                 140         141         142         143         144         145
                 146         147         148         149         150         151
                 152         153         154         155         156         157
                 158         159         160         161         162         164
                 165         166         167         168         169         170
                 171         172         173         174         175         176
                 177         178         179         180         182         183
                 184         185         186         187         188         189
                 190         191         192         193         194         195
                 196         197         199         200         201         202
                 203         204         205         206         207         208
                 209         210         211         212         214         215
                 216         217         218         219         220         221
                 222         223         224         225         226         227
                 228         230         231         232         233         234
                 235         236         237         238         239         241
                 242         243         244         245         246         247
                 248         249         250         251         253         254
                 255         256         257         258         259         261
                 262         263         264         265
COMM PE            4
RECV PE           48           4
                 260         266         267         268
RECV PE           52           3
                   3           7          15
RECV PE           53           9
                   1           2           5           8          10          11
                  12          17          34
RECV PE           55          14
                  36          51          76          84          98         115
                 138         163         181         198         213         229
                 240         252
SEND PE           48           5
                 249         257         261         263         265
SEND PE           52           3
                   6          13          23
SEND PE           53          10
                   4           6           9          16          20          21
                  22          24          27          45
SEND PE           55          14
                  23          40          63          75          90         110
                 136         165         178         192         209         225
                 235         249
