Nodal attrs for bi_1997_v2.grd - 10/24/2013                                     
         300
           1
primitive_weighting_in_continuity_equation                                      
1                                                                               
           1
  0.300000000E-01
primitive_weighting_in_continuity_equation                                      
          21
      4042    0.50000000E-02
      4052    0.50000000E-02
      4075    0.50000000E-02
      4084    0.50000000E-02
      4121    0.50000000E-02
      4142    0.50000000E-02
      4186    0.50000000E-02
      4198    0.50000000E-02
      4214    0.50000000E-02
      4240    0.50000000E-02
      4291    0.50000000E-02
      4303    0.50000000E-02
      4326    0.50000000E-02
      4353    0.50000000E-02
      4382    0.50000000E-02
      4410    0.50000000E-02
      4473    0.50000000E-02
      4482    0.50000000E-02
      4590    0.50000000E-02
      4696    0.50000000E-02
      4948    0.50000000E-02
