bi_1997_v2.grd                                                                  
     532     300
    4042 -0.766530200000E+02  0.344856000000E+02  0.192990000000E+02
    4052 -0.767277500000E+02  0.344876000000E+02  0.209920000000E+02
    4075 -0.766295900000E+02  0.344899700000E+02  0.187980000000E+02
    4084 -0.766819700000E+02  0.344937500000E+02  0.194770000000E+02
    4121 -0.767516100000E+02  0.344987900000E+02  0.205260000000E+02
    4133 -0.766174900000E+02  0.345024900000E+02  0.184250000000E+02
    4142 -0.767068700000E+02  0.345024600000E+02  0.195280000000E+02
    4186 -0.766385000000E+02  0.345100400000E+02  0.186190000000E+02
    4198 -0.766642500000E+02  0.345118900000E+02  0.187520000000E+02
    4214 -0.767301100000E+02  0.345122700000E+02  0.193480000000E+02
    4240 -0.766881700000E+02  0.345179300000E+02  0.187990000000E+02
    4252 -0.766215700000E+02  0.345182200000E+02  0.183490000000E+02
    4291 -0.767523900000E+02  0.345233700000E+02  0.192100000000E+02
    4303 -0.767105200000E+02  0.345259300000E+02  0.185650000000E+02
    4326 -0.766515300000E+02  0.345301600000E+02  0.187280000000E+02
    4334 -0.766145100000E+02  0.345306200000E+02  0.180570000000E+02
    4344 -0.766319000000E+02  0.345319200000E+02  0.183530000000E+02
    4353 -0.766723400000E+02  0.345338200000E+02  0.186470000000E+02
    4382 -0.767317700000E+02  0.345355400000E+02  0.182860000000E+02
    4410 -0.766932100000E+02  0.345397300000E+02  0.183670000000E+02
    4415 -0.766120700000E+02  0.345408200000E+02  0.176810000000E+02
    4431 -0.766210300000E+02  0.345426800000E+02  0.178660000000E+02
    4434 -0.766435700000E+02  0.345433300000E+02  0.184160000000E+02
    4446 -0.766060500000E+02  0.345443500000E+02  0.175050000000E+02
    4470 -0.766002200000E+02  0.345475500000E+02  0.174100000000E+02
    4473 -0.767522400000E+02  0.345467300000E+02  0.182250000000E+02
    4478 -0.766323900000E+02  0.345483000000E+02  0.179140000000E+02
    4482 -0.767131800000E+02  0.345476700000E+02  0.178860000000E+02
    4497 -0.766585200000E+02  0.345498400000E+02  0.184770000000E+02
    4498 -0.766126400000E+02  0.345499100000E+02  0.175240000000E+02
    4502 -0.766053100000E+02  0.345505100000E+02  0.174420000000E+02
    4510 -0.765948000000E+02  0.345510300000E+02  0.172970000000E+02
    4530 -0.766784200000E+02  0.345533000000E+02  0.184370000000E+02
    4537 -0.766005700000E+02  0.345540600000E+02  0.174070000000E+02
    4546 -0.766224700000E+02  0.345544600000E+02  0.175080000000E+02
    4562 -0.766069500000E+02  0.345566300000E+02  0.173650000000E+02
    4565 -0.766434100000E+02  0.345563900000E+02  0.178160000000E+02
    4578 -0.765949700000E+02  0.345576400000E+02  0.174400000000E+02
    4590 -0.767323600000E+02  0.345573000000E+02  0.177170000000E+02
    4595 -0.766144100000E+02  0.345598500000E+02  0.173630000000E+02
    4600 -0.766967600000E+02  0.345597300000E+02  0.180220000000E+02
    4608 -0.766318700000E+02  0.345609600000E+02  0.174670000000E+02
    4609 -0.766010300000E+02  0.345609600000E+02  0.174590000000E+02
    4640 -0.766076000000E+02  0.345644100000E+02  0.173430000000E+02
    4642 -0.765948300000E+02  0.345646100000E+02  0.175320000000E+02
    4647 -0.766223000000E+02  0.345650100000E+02  0.173090000000E+02
    4651 -0.766531600000E+02  0.345658000000E+02  0.176670000000E+02
    4653 -0.766672100000E+02  0.345660100000E+02  0.178650000000E+02
    4685 -0.766011300000E+02  0.345683900000E+02  0.174580000000E+02
    4687 -0.766143700000E+02  0.345686300000E+02  0.172730000000E+02
    4689 -0.767146500000E+02  0.345677500000E+02  0.175510000000E+02
    4696 -0.767508600000E+02  0.345687900000E+02  0.175220000000E+02
    4697 -0.766408700000E+02  0.345700200000E+02  0.173120000000E+02
    4711 -0.766826100000E+02  0.345705900000E+02  0.177370000000E+02
    4719 -0.766297100000E+02  0.345715100000E+02  0.171980000000E+02
    4730 -0.766076100000E+02  0.345719700000E+02  0.173020000000E+02
    4733 -0.765941000000E+02  0.345726200000E+02  0.174170000000E+02
    4746 -0.766208500000E+02  0.345745800000E+02  0.172420000000E+02
    4766 -0.766496700000E+02  0.345757300000E+02  0.171830000000E+02
    4768 -0.766015300000E+02  0.345756800000E+02  0.173600000000E+02
    4770 -0.766133900000E+02  0.345759300000E+02  0.172590000000E+02
    4776 -0.766592800000E+02  0.345767200000E+02  0.173000000000E+02
    4785 -0.767316800000E+02  0.345773200000E+02  0.172370000000E+02
    4790 -0.765898500000E+02  0.345788700000E+02  0.170710000000E+02
    4791 -0.766349800000E+02  0.345789200000E+02  0.171560000000E+02
    4799 -0.766075800000E+02  0.345787500000E+02  0.172650000000E+02
    4809 -0.766273000000E+02  0.345795200000E+02  0.171660000000E+02
    4810 -0.766171600000E+02  0.345797300000E+02  0.172420000000E+02
    4818 -0.765963000000E+02  0.345800500000E+02  0.172530000000E+02
    4819 -0.766713000000E+02  0.345797200000E+02  0.173340000000E+02
    4822 -0.766986500000E+02  0.345792700000E+02  0.174310000000E+02
    4827 -0.766431900000E+02  0.345807500000E+02  0.172270000000E+02
    4836 -0.766216400000E+02  0.345816800000E+02  0.172420000000E+02
    4839 -0.766126700000E+02  0.345818500000E+02  0.172030000000E+02
    4841 -0.766023900000E+02  0.345822700000E+02  0.172650000000E+02
    4863 -0.765863300000E+02  0.345837600000E+02  0.166390000000E+02
    4874 -0.765920800000E+02  0.345846500000E+02  0.168590000000E+02
    4875 -0.766255600000E+02  0.345846500000E+02  0.171980000000E+02
    4878 -0.766172300000E+02  0.345845600000E+02  0.172210000000E+02
    4880 -0.766078400000E+02  0.345847900000E+02  0.171760000000E+02
    4886 -0.766518600000E+02  0.345852800000E+02  0.170430000000E+02
    4888 -0.766309900000E+02  0.345857300000E+02  0.171300000000E+02
    4891 -0.766377600000E+02  0.345859500000E+02  0.171420000000E+02
    4894 -0.765978100000E+02  0.345861600000E+02  0.170420000000E+02
    4895 -0.766834400000E+02  0.345854500000E+02  0.171480000000E+02
    4896 -0.767154400000E+02  0.345852100000E+02  0.170380000000E+02
    4900 -0.766216500000E+02  0.345870100000E+02  0.172350000000E+02
    4915 -0.766127700000E+02  0.345873200000E+02  0.171590000000E+02
    4921 -0.766625100000E+02  0.345877300000E+02  0.170530000000E+02
    4922 -0.765830800000E+02  0.345881000000E+02  0.163010000000E+02
    4926 -0.766032600000E+02  0.345881400000E+02  0.170870000000E+02
    4935 -0.765883900000E+02  0.345889100000E+02  0.165030000000E+02
    4936 -0.766439400000E+02  0.345885800000E+02  0.171450000000E+02
    4942 -0.766261600000E+02  0.345892800000E+02  0.171340000000E+02
    4943 -0.766345800000E+02  0.345899200000E+02  0.171050000000E+02
    4944 -0.766173900000E+02  0.345897400000E+02  0.171430000000E+02
    4947 -0.765937600000E+02  0.345901100000E+02  0.167010000000E+02
    4948 -0.767478600000E+02  0.345896000000E+02  0.169680000000E+02
    4951 -0.766083400000E+02  0.345903400000E+02  0.169550000000E+02
    4979 -0.765990300000E+02  0.345917000000E+02  0.168030000000E+02
    4985 -0.766305500000E+02  0.345917800000E+02  0.170810000000E+02
    4986 -0.766388600000E+02  0.345917200000E+02  0.171100000000E+02
    4987 -0.765800200000E+02  0.345920900000E+02  0.159640000000E+02
    4990 -0.767046000000E+02  0.345921600000E+02  0.169540000000E+02
    4991 -0.766218900000E+02  0.345920800000E+02  0.171420000000E+02
    4994 -0.766728200000E+02  0.345917700000E+02  0.169320000000E+02
    4997 -0.766131200000E+02  0.345926000000E+02  0.169950000000E+02
    4999 -0.765850200000E+02  0.345928800000E+02  0.161270000000E+02
    5002 -0.766487000000E+02  0.345931700000E+02  0.169180000000E+02
    5007 -0.766041000000E+02  0.345935700000E+02  0.167920000000E+02
    5009 -0.766932900000E+02  0.345938900000E+02  0.169720000000E+02
    5011 -0.765901000000E+02  0.345939300000E+02  0.162690000000E+02
    5014 -0.766557200000E+02  0.345941900000E+02  0.169270000000E+02
    5018 -0.766263000000E+02  0.345944300000E+02  0.170750000000E+02
    5019 -0.766433000000E+02  0.345945700000E+02  0.170760000000E+02
    5021 -0.766347000000E+02  0.345944100000E+02  0.170720000000E+02
    5026 -0.766177000000E+02  0.345948600000E+02  0.170180000000E+02
    5034 -0.765951500000E+02  0.345952900000E+02  0.163410000000E+02
    5044 -0.766089300000E+02  0.345956000000E+02  0.166720000000E+02
    5045 -0.767291300000E+02  0.345952600000E+02  0.168040000000E+02
    5056 -0.765818600000E+02  0.345966100000E+02  0.158130000000E+02
    5059 -0.766001000000E+02  0.345969000000E+02  0.163220000000E+02
    5061 -0.766305600000E+02  0.345968600000E+02  0.170560000000E+02
    5062 -0.766388700000E+02  0.345968700000E+02  0.170140000000E+02
    5066 -0.766221300000E+02  0.345971200000E+02  0.170860000000E+02
    5067 -0.766465100000E+02  0.345975600000E+02  0.170430000000E+02
    5068 -0.765866900000E+02  0.345975900000E+02  0.158160000000E+02
    5069 -0.766821000000E+02  0.345973900000E+02  0.167480000000E+02
    5071 -0.766135700000E+02  0.345977100000E+02  0.167270000000E+02
    5090 -0.765915400000E+02  0.345988000000E+02  0.158760000000E+02
    5091 -0.766049000000E+02  0.345987100000E+02  0.163580000000E+02
    5092 -0.766508700000E+02  0.345987700000E+02  0.167420000000E+02
    5094 -0.766641300000E+02  0.345986100000E+02  0.168310000000E+02
    5113 -0.766347200000E+02  0.345993000000E+02  0.169850000000E+02
    5115 -0.767140800000E+02  0.345994300000E+02  0.166630000000E+02
    5116 -0.766428500000E+02  0.345994600000E+02  0.170090000000E+02
    5117 -0.766264500000E+02  0.345994200000E+02  0.170290000000E+02
    5121 -0.766180500000E+02  0.345998600000E+02  0.166810000000E+02
    5122 -0.765788700000E+02  0.346001400000E+02  0.153870000000E+02
    5124 -0.765963400000E+02  0.346002400000E+02  0.160000000000E+02
    5130 -0.766095600000E+02  0.346006400000E+02  0.164770000000E+02
    5131 -0.765834900000E+02  0.346010800000E+02  0.154960000000E+02
    5147 -0.766563100000E+02  0.346015700000E+02  0.167480000000E+02
    5149 -0.766010700000E+02  0.346018600000E+02  0.161030000000E+02
    5150 -0.766387900000E+02  0.346017400000E+02  0.168980000000E+02
    5151 -0.766306500000E+02  0.346017500000E+02  0.169560000000E+02
    5155 -0.766468300000E+02  0.346018100000E+02  0.169630000000E+02
    5157 -0.765881400000E+02  0.346022100000E+02  0.155720000000E+02
    5159 -0.766224000000E+02  0.346020500000E+02  0.168110000000E+02
    5163 -0.766735200000E+02  0.346016600000E+02  0.167200000000E+02
    5171 -0.766140600000E+02  0.346026600000E+02  0.165190000000E+02
    5177 -0.767016800000E+02  0.346029200000E+02  0.167000000000E+02
    5180 -0.765760000000E+02  0.346034900000E+02  0.149910000000E+02
    5184 -0.765928000000E+02  0.346035300000E+02  0.156980000000E+02
    5189 -0.766056800000E+02  0.346036300000E+02  0.162740000000E+02
    5199 -0.766347400000E+02  0.346041100000E+02  0.168480000000E+02
    5202 -0.765804400000E+02  0.346044200000E+02  0.151370000000E+02
    5203 -0.766427900000E+02  0.346041800000E+02  0.169150000000E+02
    5204 -0.766511500000E+02  0.346042500000E+02  0.168060000000E+02
    5205 -0.766266300000E+02  0.346042700000E+02  0.168110000000E+02
    5212 -0.766184300000E+02  0.346047300000E+02  0.164430000000E+02
    5214 -0.765974200000E+02  0.346050100000E+02  0.158230000000E+02
    5219 -0.765849200000E+02  0.346055000000E+02  0.152850000000E+02
    5223 -0.766101800000E+02  0.346055100000E+02  0.163620000000E+02
    5225 -0.766802200000E+02  0.346054000000E+02  0.165720000000E+02
    5231 -0.766894100000E+02  0.346061100000E+02  0.166340000000E+02
    5233 -0.766607100000E+02  0.346061800000E+02  0.166600000000E+02
    5245 -0.766019700000E+02  0.346066500000E+02  0.159620000000E+02
    5246 -0.766387600000E+02  0.346064900000E+02  0.168140000000E+02
    5247 -0.765894400000E+02  0.346067400000E+02  0.153620000000E+02
    5248 -0.766307600000E+02  0.346065400000E+02  0.168410000000E+02
    5250 -0.766468100000E+02  0.346066400000E+02  0.169180000000E+02
    5253 -0.766226900000E+02  0.346068500000E+02  0.164350000000E+02
    5257 -0.766673800000E+02  0.346071100000E+02  0.166350000000E+02
    5262 -0.766553000000E+02  0.346073500000E+02  0.166490000000E+02
    5265 -0.765775100000E+02  0.346076000000E+02  0.147920000000E+02
    5266 -0.766145600000E+02  0.346074600000E+02  0.162880000000E+02
    5278 -0.765939400000E+02  0.346081300000E+02  0.154710000000E+02
    5281 -0.766064400000E+02  0.346083900000E+02  0.160950000000E+02
    5283 -0.765818500000E+02  0.346086600000E+02  0.149170000000E+02
    5289 -0.766347900000E+02  0.346088300000E+02  0.167690000000E+02
    5290 -0.766427200000E+02  0.346088900000E+02  0.168490000000E+02
    5292 -0.766268400000E+02  0.346090100000E+02  0.165730000000E+02
    5297 -0.766507800000E+02  0.346093100000E+02  0.168390000000E+02
    5302 -0.766188400000E+02  0.346094700000E+02  0.161990000000E+02
    5303 -0.765984000000E+02  0.346096500000E+02  0.155700000000E+02
    5306 -0.766745100000E+02  0.346096100000E+02  0.165720000000E+02
    5309 -0.765862200000E+02  0.346098600000E+02  0.150110000000E+02
    5322 -0.766108000000E+02  0.346102300000E+02  0.160900000000E+02
    5327 -0.766583600000E+02  0.346105900000E+02  0.165550000000E+02
    5343 -0.765906100000E+02  0.346111800000E+02  0.150990000000E+02
    5346 -0.766028100000E+02  0.346112900000E+02  0.157030000000E+02
    5347 -0.766387400000E+02  0.346111400000E+02  0.168320000000E+02
    5350 -0.766308900000E+02  0.346112100000E+02  0.165970000000E+02
    5358 -0.766465900000E+02  0.346113700000E+02  0.168400000000E+02
    5360 -0.765788800000E+02  0.346116900000E+02  0.144410000000E+02
    5362 -0.766230000000E+02  0.346115300000E+02  0.162390000000E+02
    5369 -0.766628000000E+02  0.346117900000E+02  0.164710000000E+02
    5381 -0.766150700000E+02  0.346121400000E+02  0.160250000000E+02
    5383 -0.766545100000E+02  0.346122100000E+02  0.166910000000E+02
    5392 -0.765949900000E+02  0.346126300000E+02  0.152430000000E+02
    5396 -0.765831200000E+02  0.346128700000E+02  0.145950000000E+02
    5403 -0.766071500000E+02  0.346130200000E+02  0.158190000000E+02
    5416 -0.766348500000E+02  0.346134300000E+02  0.167010000000E+02
    5418 -0.766425900000E+02  0.346135000000E+02  0.167910000000E+02
    5421 -0.766270700000E+02  0.346136300000E+02  0.163040000000E+02
    5427 -0.766503100000E+02  0.346139700000E+02  0.167550000000E+02
    5429 -0.765874000000E+02  0.346141600000E+02  0.147650000000E+02
    5433 -0.765993300000E+02  0.346141700000E+02  0.153760000000E+02
    5435 -0.766192500000E+02  0.346140900000E+02  0.160410000000E+02
    5458 -0.766114100000E+02  0.346148200000E+02  0.158250000000E+02
    5475 -0.765916800000E+02  0.346155500000E+02  0.149070000000E+02
    5484 -0.765801300000E+02  0.346157800000E+02  0.142780000000E+02
    5488 -0.766036200000E+02  0.346158100000E+02  0.154630000000E+02
    5490 -0.766387100000E+02  0.346156900000E+02  0.167380000000E+02
    5494 -0.766310400000E+02  0.346157600000E+02  0.163990000000E+02
    5497 -0.766463200000E+02  0.346159100000E+02  0.167180000000E+02
    5503 -0.766233300000E+02  0.346161000000E+02  0.160700000000E+02
    5525 -0.766155900000E+02  0.346166900000E+02  0.157970000000E+02
    5531 -0.765843000000E+02  0.346170600000E+02  0.144250000000E+02
    5532 -0.765959500000E+02  0.346170300000E+02  0.150290000000E+02
    5547 -0.766078600000E+02  0.346175300000E+02  0.155150000000E+02
    5562 -0.766349200000E+02  0.346179300000E+02  0.165490000000E+02
    5566 -0.766424600000E+02  0.346179700000E+02  0.166660000000E+02
    5574 -0.766273100000E+02  0.346181400000E+02  0.160680000000E+02
    5577 -0.765884900000E+02  0.346184100000E+02  0.145380000000E+02
    5585 -0.766002000000E+02  0.346186000000E+02  0.151120000000E+02
    5588 -0.766196700000E+02  0.346186000000E+02  0.158210000000E+02
    5606 -0.766120100000E+02  0.346193000000E+02  0.155190000000E+02
    5622 -0.765926900000E+02  0.346198500000E+02  0.146480000000E+02
    5632 -0.766044000000E+02  0.346202400000E+02  0.151660000000E+02
    5635 -0.766387000000E+02  0.346201100000E+02  0.165760000000E+02
    5643 -0.766312100000E+02  0.346202100000E+02  0.162430000000E+02
    5651 -0.766236600000E+02  0.346205600000E+02  0.158330000000E+02
    5668 -0.765853900000E+02  0.346212100000E+02  0.141700000000E+02
    5670 -0.766161000000E+02  0.346211300000E+02  0.155080000000E+02
    5675 -0.765968800000E+02  0.346213600000E+02  0.147280000000E+02
    5688 -0.766085400000E+02  0.346219300000E+02  0.152470000000E+02
    5704 -0.766350100000E+02  0.346223100000E+02  0.163890000000E+02
    5712 -0.765895200000E+02  0.346226200000E+02  0.142720000000E+02
    5715 -0.766275800000E+02  0.346225400000E+02  0.158220000000E+02
    5721 -0.766010400000E+02  0.346229300000E+02  0.147770000000E+02
    5727 -0.766201000000E+02  0.346230000000E+02  0.155180000000E+02
    5745 -0.766126200000E+02  0.346236800000E+02  0.152200000000E+02
    5757 -0.765936500000E+02  0.346240900000E+02  0.143540000000E+02
    5780 -0.766051600000E+02  0.346245600000E+02  0.148720000000E+02
    5782 -0.766387200000E+02  0.346244400000E+02  0.163620000000E+02
    5784 -0.766313900000E+02  0.346245600000E+02  0.159890000000E+02
    5794 -0.766240200000E+02  0.346249100000E+02  0.155220000000E+02
    5818 -0.766166200000E+02  0.346254700000E+02  0.151410000000E+02
    5822 -0.765977600000E+02  0.346256100000E+02  0.144350000000E+02
    5842 -0.766092200000E+02  0.346262400000E+02  0.148630000000E+02
    5860 -0.765904900000E+02  0.346267800000E+02  0.139970000000E+02
    5861 -0.766351200000E+02  0.346266100000E+02  0.161170000000E+02
    5871 -0.766278500000E+02  0.346268500000E+02  0.154950000000E+02
    5878 -0.766018500000E+02  0.346271900000E+02  0.144720000000E+02
    5886 -0.766205400000E+02  0.346273000000E+02  0.151560000000E+02
    5908 -0.766132200000E+02  0.346279600000E+02  0.148290000000E+02
    5918 -0.765945700000E+02  0.346282700000E+02  0.140190000000E+02
    5940 -0.766059000000E+02  0.346288100000E+02  0.145290000000E+02
    5948 -0.766315900000E+02  0.346288100000E+02  0.157270000000E+02
    5958 -0.766243900000E+02  0.346291600000E+02  0.151370000000E+02
    5976 -0.766171500000E+02  0.346297200000E+02  0.148140000000E+02
    5977 -0.765986300000E+02  0.346298100000E+02  0.140760000000E+02
    6001 -0.766099000000E+02  0.346304700000E+02  0.145520000000E+02
    6014 -0.765914400000E+02  0.346309100000E+02  0.137610000000E+02
    6024 -0.766281400000E+02  0.346310500000E+02  0.151330000000E+02
    6034 -0.766026500000E+02  0.346313800000E+02  0.141450000000E+02
    6039 -0.766210000000E+02  0.346315100000E+02  0.148490000000E+02
    6056 -0.766138300000E+02  0.346321600000E+02  0.145570000000E+02
    6064 -0.765954700000E+02  0.346324100000E+02  0.137530000000E+02
    6084 -0.766066400000E+02  0.346329800000E+02  0.142030000000E+02
    6098 -0.766247700000E+02  0.346333200000E+02  0.147470000000E+02
    6108 -0.766176900000E+02  0.346338800000E+02  0.144080000000E+02
    6109 -0.765994800000E+02  0.346339400000E+02  0.137380000000E+02
    6126 -0.766105800000E+02  0.346346100000E+02  0.141900000000E+02
    6152 -0.766284600000E+02  0.346351700000E+02  0.147930000000E+02
    6157 -0.766034500000E+02  0.346355000000E+02  0.137900000000E+02
    6163 -0.766214800000E+02  0.346356200000E+02  0.143490000000E+02
    6182 -0.766144500000E+02  0.346362700000E+02  0.141480000000E+02
    6190 -0.765963500000E+02  0.346365000000E+02  0.134040000000E+02
    6203 -0.766073900000E+02  0.346370800000E+02  0.138170000000E+02
    6218 -0.766251700000E+02  0.346373900000E+02  0.144180000000E+02
    6227 -0.766182500000E+02  0.346379500000E+02  0.141060000000E+02
    6229 -0.766003200000E+02  0.346380200000E+02  0.134340000000E+02
    6252 -0.766112700000E+02  0.346386800000E+02  0.138400000000E+02
    6268 -0.766287800000E+02  0.346391900000E+02  0.146140000000E+02
    6278 -0.766042600000E+02  0.346395600000E+02  0.135810000000E+02
    6284 -0.766219600000E+02  0.346396400000E+02  0.141740000000E+02
    6303 -0.766150900000E+02  0.346403000000E+02  0.139560000000E+02
    6325 -0.766081600000E+02  0.346411200000E+02  0.136780000000E+02
    6339 -0.766255900000E+02  0.346413700000E+02  0.142450000000E+02
    6357 -0.766188300000E+02  0.346419300000E+02  0.139830000000E+02
    6382 -0.766119900000E+02  0.346426800000E+02  0.137720000000E+02
    6406 -0.766050900000E+02  0.346435700000E+02  0.134330000000E+02
    6413 -0.766224700000E+02  0.346435800000E+02  0.140000000000E+02
    6431 -0.766157600000E+02  0.346442500000E+02  0.137950000000E+02
    6466 -0.766089500000E+02  0.346450900000E+02  0.134840000000E+02
    6500 -0.766194400000E+02  0.346458400000E+02  0.137560000000E+02
    6535 -0.766127500000E+02  0.346466100000E+02  0.134120000000E+02
       1 3     4075     4186     4042
       2 3     4042     4198     4084
       3 3     4052     4214     4121
       4 3     4075     4133     4186
       5 3     4052     4142     4214
       6 3     4042     4186     4198
       7 3     4084     4240     4142
       8 3     4133     4252     4186
       9 3     4084     4198     4240
      10 3     4121     4214     4291
      11 3     4142     4303     4214
      12 3     4142     4240     4303
      13 3     4198     4186     4326
      14 3     4252     4344     4186
      15 3     4198     4353     4240
      16 3     4186     4344     4326
      17 3     4252     4334     4344
      18 3     4214     4382     4291
      19 3     4198     4326     4353
      20 3     4214     4303     4382
      21 3     4240     4410     4303
      22 3     4334     4431     4344
      23 3     4240     4353     4410
      24 3     4326     4344     4434
      25 3     4334     4415     4431
      26 3     4291     4382     4473
      27 3     4344     4478     4434
      28 3     4344     4431     4478
      29 3     4303     4482     4382
      30 3     4326     4497     4353
      31 3     4303     4410     4482
      32 3     4415     4446     4498
      33 3     4446     4470     4502
      34 3     4415     4498     4431
      35 3     4326     4434     4497
      36 3     4446     4502     4498
      37 3     4353     4530     4410
      38 3     4470     4537     4502
      39 3     4470     4510     4537
      40 3     4431     4546     4478
      41 3     4431     4498     4546
      42 3     4502     4562     4498
      43 3     4353     4497     4530
      44 3     4434     4478     4565
      45 3     4502     4537     4562
      46 3     4510     4578     4537
      47 3     4434     4565     4497
      48 3     4382     4482     4590
      49 3     4382     4590     4473
      50 3     4498     4595     4546
      51 3     4498     4562     4595
      52 3     4410     4600     4482
      53 3     4478     4546     4608
      54 3     4537     4609     4562
      55 3     4537     4578     4609
      56 3     4410     4530     4600
      57 3     4478     4608     4565
      58 3     4562     4640     4595
      59 3     4562     4609     4640
      60 3     4578     4642     4609
      61 3     4546     4595     4647
      62 3     4497     4565     4651
      63 3     4497     4653     4530
      64 3     4546     4647     4608
      65 3     4609     4642     4685
      66 3     4497     4651     4653
      67 3     4609     4685     4640
      68 3     4595     4640     4687
      69 3     4482     4689     4590
      70 3     4595     4687     4647
      71 3     4482     4600     4689
      72 3     4473     4590     4696
      73 3     4565     4608     4697
      74 3     4530     4711     4600
      75 3     4565     4697     4651
      76 3     4608     4647     4719
      77 3     4640     4685     4730
      78 3     4640     4730     4687
      79 3     4530     4653     4711
      80 3     4642     4733     4685
      81 3     4608     4719     4697
      82 3     4647     4687     4746
      83 3     4647     4746     4719
      84 3     4651     4697     4766
      85 3     4685     4768     4730
      86 3     4687     4730     4770
      87 3     4685     4733     4768
      88 3     4651     4776     4653
      89 3     4687     4770     4746
      90 3     4651     4766     4776
      91 3     4590     4689     4785
      92 3     4719     4791     4697
      93 3     4730     4799     4770
      94 3     4730     4768     4799
      95 3     4590     4785     4696
      96 3     4719     4746     4809
      97 3     4770     4810     4746
      98 3     4733     4818     4768
      99 3     4653     4819     4711
     100 3     4600     4822     4689
     101 3     4600     4711     4822
     102 3     4697     4827     4766
     103 3     4733     4790     4818
     104 3     4719     4809     4791
     105 3     4653     4776     4819
     106 3     4697     4791     4827
     107 3     4746     4810     4836
     108 3     4746     4836     4809
     109 3     4770     4839     4810
     110 3     4770     4799     4839
     111 3     4768     4841     4799
     112 3     4768     4818     4841
     113 3     4790     4874     4818
     114 3     4809     4836     4875
     115 3     4810     4878     4836
     116 3     4810     4839     4878
     117 3     4799     4880     4839
     118 3     4799     4841     4880
     119 3     4766     4886     4776
     120 3     4809     4888     4791
     121 3     4790     4863     4874
     122 3     4791     4891     4827
     123 3     4818     4894     4841
     124 3     4766     4827     4886
     125 3     4711     4819     4895
     126 3     4809     4875     4888
     127 3     4689     4896     4785
     128 3     4818     4874     4894
     129 3     4836     4900     4875
     130 3     4711     4895     4822
     131 3     4836     4878     4900
     132 3     4689     4822     4896
     133 3     4791     4888     4891
     134 3     4839     4915     4878
     135 3     4839     4880     4915
     136 3     4776     4921     4819
     137 3     4841     4926     4880
     138 3     4841     4894     4926
     139 3     4863     4935     4874
     140 3     4827     4891     4936
     141 3     4827     4936     4886
     142 3     4776     4886     4921
     143 3     4875     4942     4888
     144 3     4875     4900     4942
     145 3     4891     4888     4943
     146 3     4863     4922     4935
     147 3     4878     4944     4900
     148 3     4874     4947     4894
     149 3     4878     4915     4944
     150 3     4696     4785     4948
     151 3     4880     4951     4915
     152 3     4880     4926     4951
     153 3     4874     4935     4947
     154 3     4894     4979     4926
     155 3     4888     4985     4943
     156 3     4888     4942     4985
     157 3     4891     4986     4936
     158 3     4891     4943     4986
     159 3     4822     4990     4896
     160 3     4900     4991     4942
     161 3     4894     4947     4979
     162 3     4900     4944     4991
     163 3     4819     4994     4895
     164 3     4915     4997     4944
     165 3     4819     4921     4994
     166 3     4922     4999     4935
     167 3     4915     4951     4997
     168 3     4886     4936     5002
     169 3     4926     5007     4951
     170 3     4922     4987     4999
     171 3     4822     4895     5009
     172 3     4935     5011     4947
     173 3     4926     4979     5007
     174 3     4886     5014     4921
     175 3     4942     5018     4985
     176 3     4936     4986     5019
     177 3     4942     4991     5018
     178 3     4943     5021     4986
     179 3     4943     4985     5021
     180 3     4935     4999     5011
     181 3     4944     5026     4991
     182 3     4886     5002     5014
     183 3     4936     5019     5002
     184 3     4944     4997     5026
     185 3     4947     5034     4979
     186 3     4822     5009     4990
     187 3     4951     5044     4997
     188 3     4785     4896     5045
     189 3     4947     5011     5034
     190 3     4951     5007     5044
     191 3     4987     5056     4999
     192 3     4979     5059     5007
     193 3     4985     5061     5021
     194 3     4986     5021     5062
     195 3     4985     5018     5061
     196 3     4986     5062     5019
     197 3     4991     5066     5018
     198 3     4991     5026     5066
     199 3     5002     5019     5067
     200 3     4979     5034     5059
     201 3     4999     5068     5011
     202 3     4895     4994     5069
     203 3     4997     5071     5026
     204 3     4997     5044     5071
     205 3     4785     5045     4948
     206 3     4999     5056     5068
     207 3     5011     5090     5034
     208 3     5007     5091     5044
     209 3     4895     5069     5009
     210 3     5002     5092     5014
     211 3     4921     5094     4994
     212 3     5002     5067     5092
     213 3     4921     5014     5094
     214 3     5007     5059     5091
     215 3     5021     5113     5062
     216 3     5021     5061     5113
     217 3     5011     5068     5090
     218 3     4896     4990     5115
     219 3     5019     5116     5067
     220 3     5019     5062     5116
     221 3     5018     5117     5061
     222 3     5018     5066     5117
     223 3     5026     5121     5066
     224 3     5026     5071     5121
     225 3     5034     5124     5059
     226 3     5044     5130     5071
     227 3     5034     5090     5124
     228 3     5056     5131     5068
     229 3     5044     5091     5130
     230 3     5014     5092     5147
     231 3     4896     5115     5045
     232 3     5056     5122     5131
     233 3     5059     5149     5091
     234 3     5062     5113     5150
     235 3     5061     5151     5113
     236 3     5062     5150     5116
     237 3     5061     5117     5151
     238 3     5067     5155     5092
     239 3     5068     5157     5090
     240 3     5067     5116     5155
     241 3     5066     5159     5117
     242 3     4994     5163     5069
     243 3     5066     5121     5159
     244 3     5059     5124     5149
     245 3     5014     5147     5094
     246 3     5071     5171     5121
     247 3     4994     5094     5163
     248 3     5068     5131     5157
     249 3     5071     5130     5171
     250 3     4990     5009     5177
     251 3     5090     5184     5124
     252 3     5091     5189     5130
     253 3     5091     5149     5189
     254 3     5090     5157     5184
     255 3     5113     5199     5150
     256 3     5122     5202     5131
     257 3     5113     5151     5199
     258 3     5116     5150     5203
     259 3     5116     5203     5155
     260 3     5092     5155     5204
     261 3     5117     5205     5151
     262 3     5117     5159     5205
     263 3     5092     5204     5147
     264 3     5121     5212     5159
     265 3     5124     5214     5149
     266 3     5121     5171     5212
     267 3     5122     5180     5202
     268 3     5131     5219     5157
     269 3     4990     5177     5115
     270 3     5130     5223     5171
     271 3     5124     5184     5214
     272 3     5069     5163     5225
     273 3     5130     5189     5223
     274 3     5009     5069     5231
     275 3     5147     5233     5094
     276 3     5131     5202     5219
     277 3     5149     5245     5189
     278 3     5150     5199     5246
     279 3     5157     5247     5184
     280 3     5150     5246     5203
     281 3     5151     5248     5199
     282 3     5151     5205     5248
     283 3     5155     5203     5250
     284 3     5155     5250     5204
     285 3     5159     5253     5205
     286 3     5094     5257     5163
     287 3     5159     5212     5253
     288 3     5149     5214     5245
     289 3     5147     5204     5262
     290 3     5157     5219     5247
     291 3     5180     5265     5202
     292 3     5171     5266     5212
     293 3     5171     5223     5266
     294 3     5094     5233     5257
     295 3     5069     5225     5231
     296 3     5147     5262     5233
     297 3     5184     5278     5214
     298 3     5009     5231     5177
     299 3     5189     5281     5223
     300 3     5202     5283     5219
     301 3     5184     5247     5278
     302 3     5189     5245     5281
     303 3     5199     5289     5246
     304 3     5199     5248     5289
     305 3     5203     5246     5290
     306 3     5203     5290     5250
     307 3     5205     5292     5248
     308 3     5205     5253     5292
     309 3     5202     5265     5283
     310 3     5204     5250     5297
     311 3     5212     5302     5253
     312 3     5214     5303     5245
     313 3     5204     5297     5262
     314 3     5163     5306     5225
     315 3     5219     5309     5247
     316 3     5212     5266     5302
     317 3     5214     5278     5303
     318 3     5223     5322     5266
     319 3     5163     5257     5306
     320 3     5233     5262     5327
     321 3     5219     5283     5309
     322 3     5223     5281     5322
     323 3     5247     5343     5278
     324 3     5245     5346     5281
     325 3     5246     5289     5347
     326 3     5246     5347     5290
     327 3     5248     5350     5289
     328 3     5248     5292     5350
     329 3     5250     5290     5358
     330 3     5265     5360     5283
     331 3     5253     5362     5292
     332 3     5250     5358     5297
     333 3     5247     5309     5343
     334 3     5245     5303     5346
     335 3     5233     5369     5257
     336 3     5253     5302     5362
     337 3     5233     5327     5369
     338 3     5266     5381     5302
     339 3     5262     5297     5383
     340 3     5262     5383     5327
     341 3     5266     5322     5381
     342 3     5278     5392     5303
     343 3     5283     5396     5309
     344 3     5281     5403     5322
     345 3     5278     5343     5392
     346 3     5281     5346     5403
     347 3     5283     5360     5396
     348 3     5289     5416     5347
     349 3     5289     5350     5416
     350 3     5290     5347     5418
     351 3     5290     5418     5358
     352 3     5292     5421     5350
     353 3     5292     5362     5421
     354 3     5297     5358     5427
     355 3     5309     5429     5343
     356 3     5303     5433     5346
     357 3     5302     5435     5362
     358 3     5297     5427     5383
     359 3     5302     5381     5435
     360 3     5303     5392     5433
     361 3     5309     5396     5429
     362 3     5322     5458     5381
     363 3     5322     5403     5458
     364 3     5343     5475     5392
     365 3     5360     5484     5396
     366 3     5346     5488     5403
     367 3     5347     5416     5490
     368 3     5347     5490     5418
     369 3     5350     5494     5416
     370 3     5350     5421     5494
     371 3     5358     5418     5497
     372 3     5343     5429     5475
     373 3     5358     5497     5427
     374 3     5362     5503     5421
     375 3     5346     5433     5488
     376 3     5362     5435     5503
     377 3     5381     5525     5435
     378 3     5396     5531     5429
     379 3     5392     5532     5433
     380 3     5381     5458     5525
     381 3     5392     5475     5532
     382 3     5403     5547     5458
     383 3     5396     5484     5531
     384 3     5403     5488     5547
     385 3     5416     5562     5490
     386 3     5418     5490     5566
     387 3     5416     5494     5562
     388 3     5418     5566     5497
     389 3     5421     5574     5494
     390 3     5429     5577     5475
     391 3     5421     5503     5574
     392 3     5433     5585     5488
     393 3     5435     5588     5503
     394 3     5435     5525     5588
     395 3     5429     5531     5577
     396 3     5433     5532     5585
     397 3     5458     5606     5525
     398 3     5458     5547     5606
     399 3     5475     5622     5532
     400 3     5488     5632     5547
     401 3     5490     5635     5566
     402 3     5490     5562     5635
     403 3     5494     5643     5562
     404 3     5475     5577     5622
     405 3     5494     5574     5643
     406 3     5503     5651     5574
     407 3     5488     5585     5632
     408 3     5503     5588     5651
     409 3     5531     5668     5577
     410 3     5525     5670     5588
     411 3     5532     5675     5585
     412 3     5525     5606     5670
     413 3     5532     5622     5675
     414 3     5547     5688     5606
     415 3     5547     5632     5688
     416 3     5562     5704     5635
     417 3     5562     5643     5704
     418 3     5577     5712     5622
     419 3     5574     5715     5643
     420 3     5574     5651     5715
     421 3     5585     5721     5632
     422 3     5588     5727     5651
     423 3     5577     5668     5712
     424 3     5588     5670     5727
     425 3     5585     5675     5721
     426 3     5606     5745     5670
     427 3     5622     5757     5675
     428 3     5606     5688     5745
     429 3     5632     5780     5688
     430 3     5622     5712     5757
     431 3     5635     5704     5782
     432 3     5643     5784     5704
     433 3     5643     5715     5784
     434 3     5651     5794     5715
     435 3     5632     5721     5780
     436 3     5651     5727     5794
     437 3     5670     5818     5727
     438 3     5675     5822     5721
     439 3     5670     5745     5818
     440 3     5675     5757     5822
     441 3     5688     5842     5745
     442 3     5688     5780     5842
     443 3     5712     5860     5757
     444 3     5704     5861     5782
     445 3     5704     5784     5861
     446 3     5715     5871     5784
     447 3     5715     5794     5871
     448 3     5721     5878     5780
     449 3     5727     5886     5794
     450 3     5727     5818     5886
     451 3     5721     5822     5878
     452 3     5745     5908     5818
     453 3     5757     5918     5822
     454 3     5745     5842     5908
     455 3     5757     5860     5918
     456 3     5780     5940     5842
     457 3     5784     5948     5861
     458 3     5784     5871     5948
     459 3     5794     5958     5871
     460 3     5780     5878     5940
     461 3     5794     5886     5958
     462 3     5818     5976     5886
     463 3     5822     5977     5878
     464 3     5818     5908     5976
     465 3     5822     5918     5977
     466 3     5842     6001     5908
     467 3     5860     6014     5918
     468 3     5842     5940     6001
     469 3     5871     6024     5948
     470 3     5871     5958     6024
     471 3     5878     6034     5940
     472 3     5886     6039     5958
     473 3     5886     5976     6039
     474 3     5878     5977     6034
     475 3     5908     6056     5976
     476 3     5918     6064     5977
     477 3     5908     6001     6056
     478 3     5918     6014     6064
     479 3     5940     6084     6001
     480 3     5958     6098     6024
     481 3     5940     6034     6084
     482 3     5958     6039     6098
     483 3     5976     6108     6039
     484 3     5977     6109     6034
     485 3     5976     6056     6108
     486 3     5977     6064     6109
     487 3     6001     6126     6056
     488 3     6001     6084     6126
     489 3     6024     6098     6152
     490 3     6034     6157     6084
     491 3     6039     6163     6098
     492 3     6039     6108     6163
     493 3     6034     6109     6157
     494 3     6056     6182     6108
     495 3     6064     6190     6109
     496 3     6056     6126     6182
     497 3     6084     6203     6126
     498 3     6098     6218     6152
     499 3     6084     6157     6203
     500 3     6098     6163     6218
     501 3     6108     6227     6163
     502 3     6109     6229     6157
     503 3     6108     6182     6227
     504 3     6109     6190     6229
     505 3     6126     6252     6182
     506 3     6126     6203     6252
     507 3     6152     6218     6268
     508 3     6157     6278     6203
     509 3     6163     6284     6218
     510 3     6163     6227     6284
     511 3     6157     6229     6278
     512 3     6182     6303     6227
     513 3     6182     6252     6303
     514 3     6203     6325     6252
     515 3     6218     6339     6268
     516 3     6203     6278     6325
     517 3     6218     6284     6339
     518 3     6227     6357     6284
     519 3     6227     6303     6357
     520 3     6252     6382     6303
     521 3     6252     6325     6382
     522 3     6278     6406     6325
     523 3     6284     6413     6339
     524 3     6284     6357     6413
     525 3     6303     6431     6357
     526 3     6303     6382     6431
     527 3     6325     6466     6382
     528 3     6325     6406     6466
     529 3     6357     6500     6413
     530 3     6357     6431     6500
     531 3     6382     6535     6431
     532 3     6382     6466     6535
 0                                                                              
 0                                                                              
 0                                                                              
 0                                                                              
