FileFmt      1050624           0           0
NELG           58641         560         532
       -8087
       -8107
       -8133
       -8136
       -8149
       -8185
       -8197
       -8213
       -8246
        8294
       -8317
       -8341
        8358
       -8391
        8419
        8443
       -8467
        8473
        8476
        8481
        8518
       -8563
        8565
        8571
       -8574
        8654
        8660
        8662
        8665
        8688
        8690
       -8693
       -8706
       -8707
        8709
       -8736
        8758
       -8771
       -8779
        8788
        8796
        8821
        8825
        8826
        8836
       -8847
        8861
        8865
        8868
        8886
        8892
        8899
        8911
        8912
       -8915
        8922
        8927
        8976
        8981
       -8986
        8990
        8997
        9003
        9004
       -9059
        9060
        9061
        9065
        9067
        9071
        9078
        9087
        9088
        9108
        9119
        9120
        9142
        9145
        9148
       -9161
        9169
        9183
        9209
        9214
        9216
        9219
       -9234
        9236
        9246
        9261
        9263
        9271
        9279
        9282
        9291
        9294
        9295
       -9307
        9308
        9312
        9326
        9332
       -9339
        9340
        9351
        9359
        9361
        9363
        9366
        9368
        9371
        9376
       -9419
        9421
        9431
        9433
        9435
        9447
        9456
        9458
       -9463
        9465
        9469
        9470
        9471
        9472
        9474
        9478
        9483
        9489
        9493
        9494
        9497
        9503
        9504
        9511
        9516
        9536
       -9541
        9544
        9552
        9556
        9562
        9565
        9566
       -9569
        9570
        9574
        9575
       -9576
        9581
        9591
        9597
        9619
        9626
        9627
        9628
        9629
        9637
        9638
        9642
        9644
        9646
        9659
        9661
       -9662
        9669
        9671
        9682
       -9685
        9686
        9688
        9692
        9694
        9705
        9706
        9710
        9711
        9712
        9715
        9719
        9723
        9727
        9728
        9733
        9737
        9745
       -9746
        9755
        9757
       -9774
        9787
        9789
        9790
        9792
        9795
        9798
        9799
        9800
        9804
        9805
        9807
        9811
        9819
       -9825
       -9829
        9838
        9839
        9840
        9841
        9844
        9848
        9850
        9854
        9874
        9875
        9876
       -9878
        9879
        9880
        9881
        9885
        9894
        9900
        9901
        9916
        9921
       -9924
        9927
        9947
       -9948
       -9951
        9952
        9955
        9956
        9957
        9959
        9964
        9966
        9967
        9969
        9975
        9978
        9979
        9980
        9990
        9991
        9996
       10000
       10004
       10014
       10022
       10034
       10039
       10046
      -10050
       10051
       10052
       10053
       10055
       10057
       10060
       10061
       10068
       10075
       10077
      -10081
       10086
      -10089
       10092
       10094
       10095
       10104
       10107
       10110
       10116
       10132
       10133
       10134
       10135
       10136
       10138
       10142
       10144
       10148
       10152
       10155
       10156
       10160
       10162
      -10166
       10167
       10179
       10182
       10183
       10192
       10193
       10195
       10203
       10206
       10211
       10215
       10221
       10224
       10225
       10227
       10228
       10237
      -10240
       10242
       10250
       10251
       10254
       10255
       10259
       10260
       10268
       10276
       10279
       10284
       10287
       10296
       10313
       10321
       10323
       10325
       10327
       10334
       10339
      -10341
       10344
       10345
       10353
       10355
       10356
       10357
       10373
       10377
       10380
       10389
       10397
       10399
       10406
       10417
       10423
       10439
      -10443
       10449
       10451
       10452
       10456
       10458
       10464
       10470
       10472
       10477
       10480
       10484
       10492
       10505
       10510
       10524
       10544
       10554
      -10568
       10578
       10581
       10582
       10587
       10590
       10593
       10595
       10601
       10603
       10613
       10623
       10639
      -10653
       10656
       10660
       10689
       10690
      -10696
       10714
       10722
       10726
       10727
       10732
       10741
       10746
       10749
       10761
       10766
       10781
      -10784
       10789
       10803
       10820
       10831
       10852
       10855
       10856
       10868
       10870
       10876
       10887
       10890
       10899
      -10917
       10919
       10927
       10934
       10951
       10958
       10984
       10993
       11000
      -11007
       11011
       11019
       11028
       11036
      -11041
       11051
       11053
       11072
       11090
       11091
       11130
      -11131
       11134
       11138
       11144
       11166
       11167
       11182
       11200
       11207
       11223
       11238
       11248
       11276
      -11284
       11285
       11290
       11304
       11316
       11322
       11336
       11355
       11359
       11377
       11394
       11405
      -11431
       11436
       11451
       11462
       11474
       11475
       11486
       11507
       11508
       11525
       11542
       11557
      -11575
       11576
       11594
       11603
       11611
       11622
       11638
       11639
       11658
      -11671
       11680
      -11703
       11709
       11738
       11739
       11751
       11760
       11761
       11779
      -11783
       11793
       11820
       11851
       11855
       11862
       11877
       11879
       11901
      -11912
       11923
       11944
       11973
       11977
       11985
       12002
      -12004
       12016
      -12024
       12040
       12056
       12083
      -12092
       12101
       12114
      -12115
       12132
       12150
       12180
       12200
      -12209
       12220
       12236
       12258
       12282
       12308
      -12331
       12339
       12355
       12377
       12405
      -12434
      -12470
       12493
       12524
       12551
      -12593
NNODG          32218         319         300
       -4042
       -4052
       -4075
       -4084
       -4121
       -4133
       -4142
        4186
        4198
        4214
        4240
       -4252
       -4291
        4303
        4326
       -4334
        4344
        4353
        4382
        4410
       -4415
        4431
        4434
       -4446
       -4470
       -4473
        4478
        4482
        4497
        4498
        4502
       -4510
        4530
        4537
        4546
        4562
        4565
       -4578
        4590
        4595
        4600
        4608
        4609
        4640
       -4642
        4647
        4651
        4653
        4685
        4687
        4689
       -4696
        4697
        4711
        4719
        4730
       -4733
        4746
        4766
        4768
        4770
        4776
        4785
       -4790
        4791
        4799
        4809
        4810
        4818
        4819
        4822
        4827
        4836
        4839
        4841
       -4863
        4874
        4875
        4878
        4880
        4886
        4888
        4891
        4894
        4895
        4896
        4900
        4915
        4921
       -4922
        4926
        4935
        4936
        4942
        4943
        4944
        4947
       -4948
        4951
        4979
        4985
        4986
       -4987
        4990
        4991
        4994
        4997
        4999
        5002
        5007
        5009
        5011
        5014
        5018
        5019
        5021
        5026
        5034
        5044
       -5045
       -5056
        5059
        5061
        5062
        5066
        5067
        5068
        5069
        5071
        5090
        5091
        5092
        5094
        5113
       -5115
        5116
        5117
        5121
       -5122
        5124
        5130
        5131
        5147
        5149
        5150
        5151
        5155
        5157
        5159
        5163
        5171
       -5177
       -5180
        5184
        5189
        5199
        5202
        5203
        5204
        5205
        5212
        5214
        5219
        5223
       -5225
       -5231
        5233
        5245
        5246
        5247
        5248
        5250
        5253
       -5257
        5262
       -5265
        5266
        5278
        5281
        5283
        5289
        5290
        5292
        5297
        5302
        5303
       -5306
        5309
        5322
       -5327
        5343
        5346
        5347
        5350
        5358
       -5360
        5362
       -5369
        5381
       -5383
        5392
        5396
        5403
        5416
        5418
        5421
       -5427
        5429
        5433
        5435
        5458
        5475
       -5484
        5488
        5490
        5494
       -5497
        5503
        5525
       -5531
        5532
        5547
        5562
       -5566
        5574
        5577
        5585
        5588
        5606
        5622
        5632
       -5635
        5643
        5651
       -5668
        5670
        5675
        5688
        5704
       -5712
        5715
        5721
        5727
        5745
        5757
        5780
       -5782
        5784
        5794
        5818
        5822
        5842
       -5860
       -5861
        5871
        5878
        5886
        5908
        5918
        5940
       -5948
        5958
        5976
        5977
        6001
       -6014
       -6024
        6034
        6039
        6056
       -6064
        6084
        6098
        6108
        6109
        6126
       -6152
        6157
        6163
        6182
       -6190
        6203
        6218
        6227
       -6229
        6252
       -6268
       -6278
        6284
        6303
        6325
       -6339
        6357
        6382
       -6406
       -6413
       -6431
       -6466
       -6500
       -6535
NFLUXF             0
NETA             128          29           0
NSTAE              0           0           0
NSTAV              0           0           0
NSTAM              0           0           0
NSTAC              0           0           0
RES NODE          41         234
                   8           9          10          11          14          15
                  17          18          19          20          22          23
                  27          28          29          30          31          33
                  34          35          36          37          39          40
                  41          42          43          44          46          47
                  48          49          50          51          53          54
                  55          56          58          59          60          61
                  62          63          65          66          67          68
                  69          70          71          72          73          74
                  75          77          78          79          80          81
                  82          83          84          85          86          87
                  88          89          91          92          93          94
                  95          96          97          99         100         101
                 102         104         105         106         107         108
                 109         110         111         112         113         114
                 115         116         117         118         119         122
                 123         124         125         126         127         128
                 129         130         131         132         133         134
                 136         137         138         140         141         142
                 143         144         145         146         147         148
                 149         150         151         154         155         156
                 157         158         159         160         161         162
                 163         164         167         168         169         170
                 171         172         173         175         177         178
                 179         180         181         182         183         184
                 185         186         188         189         191         192
                 193         194         195         197         199         201
                 202         203         204         205         206         208
                 209         210         211         212         214         215
                 216         218         219         221         222         223
                 225         226         227         228         229         230
                 231         233         234         236         237         238
                 239         241         242         243         244         245
                 246         248         249         250         251         252
                 255         256         257         258         259         260
                 262         263         264         265         268         269
                 270         272         273         274         275         276
                 278         279         280         282         283         284
                 286         289         290         291         293         294
COMM PE            8
RECV PE            0           8
                   3           6          12          16          21          24
                  25          32
RECV PE            1          10
                  38          45          57          64          76          90
                 103         121         139         153
RECV PE            5           4
                   1           2           4           7
RECV PE           39           3
                  98         120         135
RECV PE           40          14
                 176         196         213         220         235         240
                 253         266         271         281         285         288
                 295         298
RECV PE           42          18
                 152         165         166         174         187         190
                 198         200         207         217         224         232
                 247         254         261         267         277         287
RECV PE           43           5
                 292         296         297         299         300
RECV PE           52           4
                   5          13          26          52
SEND PE            0           6
                   8          17          22          30          31          34
SEND PE            1          11
                  34          43          49          60          69          77
                  92         108         127         142         157
SEND PE            5           5
                   8           9          10          11          14
SEND PE           39           3
                  63          86         104
SEND PE           40          14
                 157         180         202         208         226         230
                 245         259         264         275         278         282
                 291         294
SEND PE           42          18
                 104         111         128         133         150         167
                 175         184         195         205         215         223
                 239         248         255         262         273         283
SEND PE           43           5
                 283         289         290         293         294
SEND PE           52           4
                  10          19          39          63
