FileFmt      1050624           0           0
NELG           58641         560         483
      -18082
      -18156
      -18493
      -18558
      -18907
      -18999
      -19250
       19293
       19343
      -19374
      -19594
      -19684
       19767
       19829
      -19975
       20147
       20244
       20495
       20506
       20611
       20693
       20797
       20889
       20933
      -21013
       21018
       21133
       21303
      -21317
       21383
       21480
       21599
       21676
       21845
       21926
       21948
       21986
       22065
       22157
      -22174
      -22217
       22264
       22347
       22351
       22511
      -22518
       22607
       22740
       22821
       22940
       22960
       23033
       23076
       23174
       23192
       23254
       23293
       23405
       23470
       23503
       23530
       23592
       23683
       23696
       23764
       23834
       23896
       23927
       23975
       24003
       24016
       24103
       24122
       24136
       24143
       24210
       24242
       24326
       24362
       24447
       24481
       24491
       24562
       24576
       24637
       24641
       24693
       24694
       24763
       24810
       24830
       24850
       24855
       24934
       24956
       25039
       25063
       25170
       25177
       25305
       25308
       25452
       25496
       25524
       25618
       25645
       25761
       25774
       25782
       25913
       25919
       25953
       26043
       26046
       26130
       26166
       26281
       26319
       26325
       26336
       26490
       26561
       26565
       26676
       26857
       26943
       26989
       27050
       27101
       27135
       27158
       27175
       27196
       27302
       27376
       27404
       27417
       27436
       27437
       27443
       27476
       27515
       27716
       27737
       27774
       27794
       28054
       28121
       28124
       28146
      -28221
      -28316
       28328
       28340
       28368
       28602
       28614
       28620
       28698
       28727
       28749
       28790
       28794
       28810
      -28855
       28895
       28978
       28995
      -28999
       29007
       29038
       29079
       29143
       29248
       29294
       29333
       29349
      -29412
       29458
       29500
       29509
       29616
       29636
       29793
      -29805
       29823
      -29981
       29986
       30061
       30249
       30304
       30357
       30413
       30425
       30482
       30622
       30625
       30626
       30828
       30956
       31021
       31067
       31145
       31597
       31624
       31647
       31663
       31783
       31845
       31899
       32014
       32048
       32146
       32147
       32211
       32221
       32283
       32900
       32925
       32968
       33060
       33093
       33100
       33111
       33142
       33148
       33152
       33153
       33169
       33229
       33292
       33293
       33298
       33305
       33314
       33317
       33397
       33451
       33456
       33489
       33498
       33529
       33584
       33633
       33640
       33657
       33661
       33692
       33718
       33724
       33739
       33744
       33761
       33766
       33769
       33791
       33819
       33847
       33863
       33888
       33949
       33958
       34041
       34049
       34105
       34108
       34135
       34136
       34137
       34152
       34159
       34162
       34194
       34209
       34248
       34255
       34260
       34280
       34281
       34313
       34326
       34363
       34382
       34401
       34414
       34495
       34497
       34568
       34578
       34596
       34619
       34621
       34630
       34635
       34638
       34673
       34677
       34685
       34728
       34743
       34744
       34747
       34749
       34750
       34756
       34760
       34803
       34806
       34865
       34900
       34905
       34919
       35020
       35039
       35056
       35071
       35079
       35134
       35136
       35158
       35161
       35172
       35187
       35198
       35224
       35231
       35235
       35237
       35254
       35273
       35277
       35319
       35327
       35331
       35400
       35406
       35407
       35422
       35439
       35540
       35541
       35565
       35624
       35679
       35683
       35692
       35704
       35710
       35728
       35741
       35766
       35815
       35829
       35831
       35841
       35844
       35856
       35883
       35897
       35906
       35926
       35948
       35951
       35982
       35984
       36008
       36047
       36073
       36095
       36102
       36108
       36130
       36196
       36216
       36218
       36228
       36254
       36271
       36273
       36274
       36279
       36361
       36369
       36376
       36377
       36396
       36410
       36432
       36457
       36487
       36540
       36565
       36606
       36628
       36692
       36704
       36727
       36752
       36758
       36762
       36785
       36798
       36806
       36820
       36864
       36877
       36886
       36928
       36966
       36987
       36992
       36993
       36998
       37066
       37069
       37070
       37081
       37177
       37178
       37217
       37257
       37268
       37293
       37299
       37305
       37311
       37341
       37367
       37378
       37403
       37411
       37464
       37487
       37499
       37502
       37504
       37518
       37559
       37596
       37620
       37637
       37683
       37731
       37765
       37767
       37781
       37807
       37844
       37858
       37932
       37948
       37965
       37984
       38033
       38051
       38108
       38113
       38142
      -38178
       38205
      -38233
       38246
       38332
       38350
       38359
      -38409
       38427
      -38509
       38510
       38607
      -38623
       38675
      -38708
       38795
      -38801
       38856
      -38889
      -38965
      -39047
      -39118
      -39174
      -39204
      -39289
NNODG          32218         319         280
       -8653
       -8726
       -9139
       -9366
       -9542
        9687
        9688
       -9747
        9910
       10144
       10339
       10365
       10397
       10534
       10624
      -10681
       10836
       11020
       11028
       11125
      -11147
       11176
       11253
       11296
      -11330
       11457
       11559
       11626
       11760
       11815
       11880
       11935
       11964
       11987
       12119
       12240
       12347
       12357
       12422
       12478
       12488
       12595
       12628
       12693
       12747
       12786
       12858
       12872
       12918
       12927
       12978
       12988
       13046
       13114
       13182
       13187
       13237
       13275
       13308
       13345
       13371
       13386
       13453
       13514
       13596
       13684
       13807
       13825
       13894
       13955
       13964
       13968
       14060
       14138
       14179
       14291
       14296
       14437
       14616
       14667
       14693
       14733
       14763
       14786
       14803
       14815
       14824
       14939
       14968
       14969
       15137
       15336
       15363
       15364
       15374
      -15415
      -15416
       15490
       15630
       15641
       15678
       15704
       15727
       15730
      -15764
       15782
       15847
       15855
       15892
       15922
       16065
       16108
      -16177
       16275
       16371
       16372
       16418
       16514
       16580
       16644
       16645
       16832
       16906
       16946
       17251
       17265
       17292
       17293
       17372
       17389
       17526
       17926
       17940
       17960
       17998
       18020
       18025
       18045
       18049
       18052
       18053
       18134
       18200
       18202
       18228
       18250
       18288
       18317
       18322
       18334
       18351
       18380
       18383
       18398
       18399
       18452
       18476
       18518
       18573
       18605
       18607
       18618
       18619
       18629
       18634
       18650
       18683
       18699
       18718
       18753
       18765
       18816
       18859
       18866
       18888
       18890
       18893
       18897
       18900
       18921
       18922
       18961
       18967
       18994
       19045
       19056
       19122
       19132
       19141
       19148
       19177
       19179
       19192
       19202
       19216
       19233
       19236
       19248
       19257
       19332
       19351
       19407
       19419
       19450
       19481
       19491
       19500
       19511
       19530
       19560
       19575
       19580
       19594
       19618
       19632
       19653
       19671
       19707
       19725
       19739
       19801
       19818
       19835
       19836
       19839
       19886
       19891
       19936
       19956
       20015
       20084
       20091
       20104
       20122
       20124
       20136
       20154
       20180
       20186
       20190
       20219
       20248
       20290
       20297
       20374
       20375
       20376
       20393
       20403
       20421
       20424
       20427
       20502
       20518
       20525
       20527
       20529
       20599
       20622
       20648
       20693
       20714
       20722
       20773
       20814
       20824
       20863
      -20900
      -20925
       20932
       20987
      -21020
       21031
       21121
      -21127
       21219
      -21223
      -21302
      -21387
      -21430
NFLUXF             0
NETA             128          29           0
NSTAE              0           0           0
NSTAV              0           0           0
NSTAM              0           0           0
NSTAC              0           0           0
RES NODE          75         259
                   6           7           9          10          11          12
                  13          14          15          17          18          19
                  20          22          23          24          26          27
                  28          29          30          31          32          33
                  34          35          36          37          38          39
                  40          41          42          43          44          45
                  46          47          48          49          50          51
                  52          53          54          55          56          57
                  58          59          60          61          62          63
                  64          65          66          67          68          69
                  70          71          72          73          74          75
                  76          77          78          79          80          81
                  82          83          84          85          86          87
                  88          89          90          91          92          93
                  94          95          98          99         100         101
                 102         103         104         106         107         108
                 109         110         111         112         114         115
                 116         117         118         119         120         121
                 122         123         124         125         126         127
                 128         129         130         131         132         133
                 134         135         136         137         138         139
                 140         141         142         143         144         145
                 146         147         148         149         150         151
                 152         153         154         155         156         157
                 158         159         160         161         162         163
                 164         165         166         167         168         169
                 170         171         172         173         174         175
                 176         177         178         179         180         181
                 182         183         184         185         186         187
                 188         189         190         191         192         193
                 194         195         196         197         198         199
                 200         201         202         203         204         205
                 206         207         208         209         210         211
                 212         213         214         215         216         217
                 218         219         220         221         222         223
                 224         225         226         227         228         229
                 230         231         232         233         234         235
                 236         237         238         239         240         241
                 242         243         244         245         246         247
                 248         249         250         251         252         253
                 254         255         256         257         258         259
                 260         261         262         263         264         265
                 266         267         270         271         273         274
                 276
COMM PE            3
RECV PE           72           4
                  96          97         105         113
RECV PE           73           9
                   1           2           3           4           5           8
                  16          21          25
RECV PE           74           8
                 268         269         272         275         277         278
                 279         280
SEND PE           72           5
                  88          93          99         111         115
SEND PE           73           9
                   6           7           9          10          11          14
                  24          32          33
SEND PE           74           8
                 255         258         262         265         270         273
                 274         276
