bi_1997_v2.grd                                                                  
     483     280
    8653 -0.765038500000E+02  0.346717900000E+02  0.555000000000E+00
    8726 -0.765069200000E+02  0.346721100000E+02  0.557000000000E+00
    9139 -0.765104900000E+02  0.346736600000E+02  0.913000000000E+00
    9366 -0.765141100000E+02  0.346745800000E+02  0.116400000000E+01
    9542 -0.765180300000E+02  0.346752900000E+02  0.116400000000E+01
    9687 -0.765005800000E+02  0.346740900000E+02  0.674000000000E+00
    9688 -0.765038000000E+02  0.346757500000E+02  0.871000000000E+00
    9747 -0.765224500000E+02  0.346762200000E+02  0.118000000000E+01
    9910 -0.765073400000E+02  0.346769600000E+02  0.811000000000E+00
   10144 -0.765110400000E+02  0.346781000000E+02  0.131100000000E+01
   10339 -0.765148500000E+02  0.346790400000E+02  0.131300000000E+01
   10365 -0.765001400000E+02  0.346790700000E+02  0.969000000000E+00
   10397 -0.764957700000E+02  0.346774000000E+02  0.600000000000E+00
   10534 -0.765187500000E+02  0.346799300000E+02  0.116900000000E+01
   10624 -0.765040100000E+02  0.346804800000E+02  0.806000000000E+00
   10681 -0.765223200000E+02  0.346809800000E+02  0.159200000000E+01
   10836 -0.765078200000E+02  0.346816700000E+02  0.102900000000E+01
   11020 -0.764962300000E+02  0.346826100000E+02  0.676000000000E+00
   11028 -0.765116600000E+02  0.346827100000E+02  0.135600000000E+01
   11125 -0.764909700000E+02  0.346811400000E+02  0.566000000000E+00
   11147 -0.765270900000E+02  0.346835500000E+02  0.753000000000E+00
   11176 -0.765155300000E+02  0.346836300000E+02  0.119100000000E+01
   11253 -0.765004700000E+02  0.346840900000E+02  0.502000000000E+00
   11296 -0.765193800000E+02  0.346844200000E+02  0.135500000000E+01
   11330 -0.765232200000E+02  0.346847400000E+02  0.213200000000E+01
   11457 -0.765044900000E+02  0.346853400000E+02  0.574000000000E+00
   11559 -0.764931000000E+02  0.346861200000E+02  0.540000000000E+00
   11626 -0.765084200000E+02  0.346864300000E+02  0.146800000000E+01
   11760 -0.765123200000E+02  0.346874100000E+02  0.147000000000E+01
   11815 -0.764969300000E+02  0.346878700000E+02  0.472000000000E+00
   11880 -0.765162200000E+02  0.346882800000E+02  0.159400000000E+01
   11935 -0.765252700000E+02  0.346888600000E+02  0.941000000000E+00
   11964 -0.765202800000E+02  0.346889400000E+02  0.145600000000E+01
   11987 -0.765010800000E+02  0.346891400000E+02  0.536000000000E+00
   12119 -0.765051500000E+02  0.346902200000E+02  0.172900000000E+01
   12240 -0.765091200000E+02  0.346912200000E+02  0.178900000000E+01
   12347 -0.764931600000E+02  0.346921000000E+02  0.491000000000E+00
   12357 -0.765130100000E+02  0.346921700000E+02  0.169700000000E+01
   12422 -0.764881500000E+02  0.346913900000E+02  0.425000000000E+00
   12478 -0.764976000000E+02  0.346931500000E+02  0.726000000000E+00
   12488 -0.765168500000E+02  0.346931300000E+02  0.139300000000E+01
   12595 -0.765018500000E+02  0.346941500000E+02  0.148700000000E+01
   12628 -0.765207700000E+02  0.346941900000E+02  0.120400000000E+01
   12693 -0.765059700000E+02  0.346950700000E+02  0.197200000000E+01
   12747 -0.765253000000E+02  0.346953000000E+02  0.130100000000E+01
   12786 -0.765099200000E+02  0.346959800000E+02  0.191400000000E+01
   12858 -0.764892000000E+02  0.346966200000E+02  0.556000000000E+00
   12872 -0.765136900000E+02  0.346969600000E+02  0.142100000000E+01
   12918 -0.764940300000E+02  0.346974100000E+02  0.739000000000E+00
   12927 -0.764839200000E+02  0.346958400000E+02  0.555000000000E+00
   12978 -0.764985400000E+02  0.346982300000E+02  0.128000000000E+01
   12988 -0.765171400000E+02  0.346982100000E+02  0.104000000000E+01
   13046 -0.765028500000E+02  0.346990300000E+02  0.140500000000E+01
   13114 -0.765069500000E+02  0.346998200000E+02  0.166700000000E+01
   13182 -0.765108600000E+02  0.347006500000E+02  0.150200000000E+01
   13187 -0.765197800000E+02  0.347007100000E+02  0.568000000000E+00
   13237 -0.764854200000E+02  0.347011600000E+02  0.411000000000E+00
   13275 -0.765144500000E+02  0.347015800000E+02  0.111700000000E+01
   13308 -0.764905000000E+02  0.347018500000E+02  0.544000000000E+00
   13345 -0.764797900000E+02  0.347001300000E+02  0.457000000000E+00
   13371 -0.764952400000E+02  0.347025100000E+02  0.845000000000E+00
   13386 -0.765170980000E+02  0.347023740000E+02  0.871000000000E+00
   13453 -0.764997500000E+02  0.347031500000E+02  0.116500000000E+01
   13514 -0.765040400000E+02  0.347037500000E+02  0.108400000000E+01
   13596 -0.765081400000E+02  0.347044300000E+02  0.976000000000E+00
   13684 -0.765120200000E+02  0.347051000000E+02  0.140400000000E+01
   13807 -0.765156600000E+02  0.347058900000E+02  0.138300000000E+01
   13825 -0.764820300000E+02  0.347060100000E+02  0.654000000000E+00
   13894 -0.764871400000E+02  0.347064700000E+02  0.729000000000E+00
   13955 -0.764920000000E+02  0.347069300000E+02  0.967000000000E+00
   13964 -0.764769500000E+02  0.347058500000E+02  0.446000000000E+00
   13968 -0.765197130000E+02  0.347062850000E+02  0.812000000000E+00
   14060 -0.764966800000E+02  0.347074900000E+02  0.110400000000E+01
   14138 -0.765012000000E+02  0.347078900000E+02  0.130300000000E+01
   14179 -0.765054500000E+02  0.347081900000E+02  0.168200000000E+01
   14291 -0.765134700000E+02  0.347090000000E+02  0.151500000000E+01
   14296 -0.765095900000E+02  0.347090300000E+02  0.159800000000E+01
   14437 -0.765169600000E+02  0.347099400000E+02  0.121800000000E+01
   14616 -0.764789400000E+02  0.347111000000E+02  0.451000000000E+00
   14667 -0.764839800000E+02  0.347113800000E+02  0.823000000000E+00
   14693 -0.764889500000E+02  0.347115300000E+02  0.128300000000E+01
   14733 -0.764936000000E+02  0.347117300000E+02  0.145300000000E+01
   14763 -0.765118900000E+02  0.347119000000E+02  0.279600000000E+01
   14786 -0.765030200000E+02  0.347120100000E+02  0.209700000000E+01
   14803 -0.764742200000E+02  0.347109200000E+02  0.525000000000E+00
   14815 -0.765067400000E+02  0.347120500000E+02  0.194000000000E+01
   14824 -0.765147600000E+02  0.347121400000E+02  0.349600000000E+01
   14939 -0.765206800000E+02  0.347124600000E+02  0.738000000000E+00
   14968 -0.765094400000E+02  0.347125600000E+02  0.253800000000E+01
   14969 -0.764983300000E+02  0.347127300000E+02  0.178300000000E+01
   15137 -0.765174300000E+02  0.347131300000E+02  0.141100000000E+01
   15336 -0.765108400000E+02  0.347142400000E+02  0.352300000000E+01
   15363 -0.765191800000E+02  0.347143900000E+02  0.127500000000E+01
   15364 -0.765132500000E+02  0.347144000000E+02  0.289700000000E+01
   15374 -0.765155700000E+02  0.347144200000E+02  0.444800000000E+01
   15415 -0.765217100000E+02  0.347133600000E+02  0.955000000000E+00
   15416 -0.765208700000E+02  0.347146500000E+02  0.137300000000E+01
   15490 -0.765048800000E+02  0.347148900000E+02  0.264600000000E+01
   15630 -0.765174300000E+02  0.347154800000E+02  0.208300000000E+01
   15641 -0.765081600000E+02  0.347155900000E+02  0.120300000000E+01
   15678 -0.764947600000E+02  0.347156300000E+02  0.205400000000E+01
   15704 -0.764757200000E+02  0.347158700000E+02  0.533000000000E+00
   15727 -0.764721900000E+02  0.347143100000E+02  0.523000000000E+00
   15730 -0.764909600000E+02  0.347160900000E+02  0.172300000000E+01
   15764 -0.765195100000E+02  0.347162100000E+02  0.386800000000E+01
   15782 -0.765015900000E+02  0.347163000000E+02  0.218000000000E+01
   15847 -0.764807700000E+02  0.347165500000E+02  0.880000000000E+00
   15855 -0.764860900000E+02  0.347166200000E+02  0.171900000000E+01
   15892 -0.765115000000E+02  0.347167700000E+02  0.125000000000E+01
   15922 -0.765150000000E+02  0.347169400000E+02  0.898000000000E+00
   16065 -0.765178900000E+02  0.347177700000E+02  0.139700000000E+01
   16108 -0.764975300000E+02  0.347180700000E+02  0.136600000000E+01
   16177 -0.765202900000E+02  0.347183600000E+02  0.202200000000E+01
   16275 -0.765049000000E+02  0.347185000000E+02  0.996000000000E+00
   16371 -0.765186200000E+02  0.347192700000E+02  0.103300000000E+01
   16372 -0.765128700000E+02  0.347193400000E+02  0.921000000000E+00
   16418 -0.764934600000E+02  0.347195400000E+02  0.134100000000E+01
   16514 -0.765088600000E+02  0.347201100000E+02  0.882000000000E+00
   16580 -0.765164900000E+02  0.347203900000E+02  0.753000000000E+00
   16644 -0.764671000000E+02  0.347178100000E+02  0.536000000000E+00
   16645 -0.764712200000E+02  0.347207000000E+02  0.438000000000E+00
   16832 -0.764889500000E+02  0.347215100000E+02  0.158400000000E+01
   16906 -0.765009500000E+02  0.347216200000E+02  0.134700000000E+01
   16946 -0.764770100000E+02  0.347216800000E+02  0.889000000000E+00
   17251 -0.764961400000E+02  0.347226500000E+02  0.148200000000E+01
   17265 -0.764829900000E+02  0.347226900000E+02  0.245500000000E+01
   17292 -0.764615800000E+02  0.347212700000E+02  0.532000000000E+00
   17293 -0.764660000000E+02  0.347223100000E+02  0.417000000000E+00
   17372 -0.765050000000E+02  0.347225000000E+02  0.133900000000E+01
   17389 -0.765125300000E+02  0.347224900000E+02  0.592000000000E+00
   17526 -0.764925500000E+02  0.347233500000E+02  0.147000000000E+01
   17926 -0.765070500000E+02  0.347255700000E+02  0.640000000000E+00
   17940 -0.764624600000E+02  0.347255800000E+02  0.645000000000E+00
   17960 -0.764865500000E+02  0.347259300000E+02  0.125400000000E+01
   17998 -0.764901800000E+02  0.347263700000E+02  0.153900000000E+01
   18020 -0.764676100000E+02  0.347262200000E+02  0.817000000000E+00
   18025 -0.764983400000E+02  0.347265900000E+02  0.102600000000E+01
   18045 -0.764729800000E+02  0.347266800000E+02  0.894000000000E+00
   18049 -0.764940700000E+02  0.347267300000E+02  0.143000000000E+01
   18052 -0.765032600000E+02  0.347267300000E+02  0.932000000000E+00
   18053 -0.764570800000E+02  0.347242200000E+02  0.555000000000E+00
   18134 -0.764783900000E+02  0.347276100000E+02  0.155700000000E+01
   18200 -0.764832500000E+02  0.347289700000E+02  0.163100000000E+01
   18202 -0.764587100000E+02  0.347289300000E+02  0.557000000000E+00
   18228 -0.765073500000E+02  0.347282400000E+02  0.590000000000E+00
   18250 -0.764541300000E+02  0.347265900000E+02  0.595000000000E+00
   18288 -0.764874700000E+02  0.347301200000E+02  0.148900000000E+01
   18317 -0.764915700000E+02  0.347306100000E+02  0.170300000000E+01
   18322 -0.764638200000E+02  0.347305400000E+02  0.139400000000E+01
   18334 -0.764957200000E+02  0.347308300000E+02  0.771000000000E+00
   18351 -0.764999900000E+02  0.347310300000E+02  0.600000000000E+00
   18380 -0.765041500000E+02  0.347315400000E+02  0.829000000000E+00
   18383 -0.764691900000E+02  0.347314900000E+02  0.117600000000E+01
   18398 -0.764521400000E+02  0.347288900000E+02  0.618000000000E+00
   18399 -0.764552200000E+02  0.347317000000E+02  0.739000000000E+00
   18452 -0.764745300000E+02  0.347323600000E+02  0.638000000000E+00
   18476 -0.765079500000E+02  0.347319900000E+02  0.592000000000E+00
   18518 -0.764796800000E+02  0.347333100000E+02  0.844000000000E+00
   18573 -0.764844700000E+02  0.347341700000E+02  0.137800000000E+01
   18605 -0.764889200000E+02  0.347347100000E+02  0.149500000000E+01
   18607 -0.764516500000E+02  0.347346900000E+02  0.694000000000E+00
   18618 -0.764931600000E+02  0.347349400000E+02  0.147800000000E+01
   18619 -0.764473400000E+02  0.347332000000E+02  0.555000000000E+00
   18629 -0.764595600000E+02  0.347349100000E+02  0.504000000000E+00
   18634 -0.764972800000E+02  0.347351000000E+02  0.464000000000E+00
   18650 -0.765012700000E+02  0.347353900000E+02  0.684000000000E+00
   18683 -0.765051100000E+02  0.347358600000E+02  0.817000000000E+00
   18699 -0.764654100000E+02  0.347360800000E+02  0.675000000000E+00
   18718 -0.764551200000E+02  0.347362100000E+02  0.602000000000E+00
   18753 -0.765088000000E+02  0.347364800000E+02  0.617000000000E+00
   18765 -0.764708300000E+02  0.347370800000E+02  0.896000000000E+00
   18816 -0.764761500000E+02  0.347380100000E+02  0.111000000000E+01
   18859 -0.764477800000E+02  0.347385400000E+02  0.504000000000E+00
   18866 -0.764813400000E+02  0.347387600000E+02  0.800000000000E+00
   18888 -0.764862300000E+02  0.347391600000E+02  0.955000000000E+00
   18890 -0.764948600000E+02  0.347391900000E+02  0.147800000000E+01
   18893 -0.764907300000E+02  0.347392400000E+02  0.212300000000E+01
   18897 -0.764987300000E+02  0.347392300000E+02  0.558000000000E+00
   18900 -0.764428600000E+02  0.347377900000E+02  0.555000000000E+00
   18921 -0.764523000000E+02  0.347395600000E+02  0.546000000000E+00
   18922 -0.765024500000E+02  0.347395700000E+02  0.682000000000E+00
   18961 -0.765060700000E+02  0.347401800000E+02  0.804000000000E+00
   18967 -0.764568400000E+02  0.347401700000E+02  0.606000000000E+00
   18994 -0.764618600000E+02  0.347407300000E+02  0.520000000000E+00
   19045 -0.765095100000E+02  0.347413000000E+02  0.647000000000E+00
   19056 -0.764671800000E+02  0.347417100000E+02  0.821000000000E+00
   19122 -0.764725400000E+02  0.347427500000E+02  0.905000000000E+00
   19132 -0.764437200000E+02  0.347426300000E+02  0.498000000000E+00
   19141 -0.764966000000E+02  0.347430800000E+02  0.138100000000E+01
   19148 -0.765000600000E+02  0.347431100000E+02  0.478000000000E+00
   19177 -0.764928100000E+02  0.347435200000E+02  0.200200000000E+01
   19179 -0.764487800000E+02  0.347433800000E+02  0.430000000000E+00
   19192 -0.765035200000E+02  0.347436300000E+02  0.631000000000E+00
   19202 -0.764780400000E+02  0.347437400000E+02  0.172500000000E+01
   19216 -0.764884900000E+02  0.347439400000E+02  0.180500000000E+01
   19233 -0.764379300000E+02  0.347425200000E+02  0.545000000000E+00
   19236 -0.764835200000E+02  0.347441600000E+02  0.173800000000E+01
   19248 -0.765070700000E+02  0.347442600000E+02  0.908000000000E+00
   19257 -0.764536300000E+02  0.347443300000E+02  0.673000000000E+00
   19332 -0.764585400000E+02  0.347452400000E+02  0.801000000000E+00
   19351 -0.765106100000E+02  0.347447500000E+02  0.950000000000E+00
   19407 -0.764981500000E+02  0.347461200000E+02  0.104000000000E+01
   19419 -0.764636200000E+02  0.347462300000E+02  0.962000000000E+00
   19450 -0.764399000000E+02  0.347465500000E+02  0.499000000000E+00
   19481 -0.765010100000E+02  0.347470100000E+02  0.655000000000E+00
   19491 -0.764450600000E+02  0.347469700000E+02  0.403000000000E+00
   19500 -0.764951200000E+02  0.347472800000E+02  0.166400000000E+01
   19511 -0.764688300000E+02  0.347473500000E+02  0.122700000000E+01
   19530 -0.765045500000E+02  0.347476700000E+02  0.102500000000E+01
   19560 -0.765081900000E+02  0.347480500000E+02  0.111800000000E+01
   19575 -0.764501500000E+02  0.347482000000E+02  0.434000000000E+00
   19580 -0.764911200000E+02  0.347483700000E+02  0.183100000000E+01
   19594 -0.764742500000E+02  0.347485700000E+02  0.196600000000E+01
   19618 -0.765117400000E+02  0.347481700000E+02  0.583000000000E+00
   19632 -0.764865600000E+02  0.347491800000E+02  0.177500000000E+01
   19653 -0.764551500000E+02  0.347493900000E+02  0.543000000000E+00
   19671 -0.764412000000E+02  0.347493200000E+02  0.449000000000E+00
   19707 -0.764805000000E+02  0.347501200000E+02  0.158800000000E+01
   19725 -0.764980600000E+02  0.347501500000E+02  0.165400000000E+01
   19739 -0.764601400000E+02  0.347505500000E+02  0.140800000000E+01
   19801 -0.765017900000E+02  0.347513700000E+02  0.142000000000E+01
   19818 -0.765057400000E+02  0.347516500000E+02  0.117300000000E+01
   19835 -0.764651800000E+02  0.347517400000E+02  0.191500000000E+01
   19836 -0.765094800000E+02  0.347517700000E+02  0.918000000000E+00
   19839 -0.764465900000E+02  0.347517600000E+02  0.402000000000E+00
   19886 -0.765127300000E+02  0.347516700000E+02  0.618000000000E+00
   19891 -0.764941000000E+02  0.347524500000E+02  0.146400000000E+01
   19936 -0.764702600000E+02  0.347530000000E+02  0.176400000000E+01
   19956 -0.764516800000E+02  0.347533200000E+02  0.402000000000E+00
   20015 -0.764896800000E+02  0.347538300000E+02  0.928000000000E+00
   20084 -0.764566900000E+02  0.347546700000E+02  0.101900000000E+01
   20091 -0.764753500000E+02  0.347544200000E+02  0.161900000000E+01
   20104 -0.764860800000E+02  0.347546600000E+02  0.814000000000E+00
   20122 -0.765111200000E+02  0.347551600000E+02  0.944000000000E+00
   20124 -0.765031000000E+02  0.347551100000E+02  0.105800000000E+01
   20136 -0.765135700000E+02  0.347544800000E+02  0.603000000000E+00
   20154 -0.764431600000E+02  0.347555700000E+02  0.448000000000E+00
   20180 -0.764394600000E+02  0.347549100000E+02  0.516000000000E+00
   20186 -0.765073500000E+02  0.347559500000E+02  0.690000000000E+00
   20190 -0.764616400000E+02  0.347559500000E+02  0.261200000000E+01
   20219 -0.764797300000E+02  0.347560700000E+02  0.130900000000E+01
   20248 -0.764982600000E+02  0.347566600000E+02  0.116400000000E+01
   20290 -0.764482200000E+02  0.347571800000E+02  0.444000000000E+00
   20297 -0.764665500000E+02  0.347572400000E+02  0.139900000000E+01
   20374 -0.765157500000E+02  0.347550700000E+02  0.555000000000E+00
   20375 -0.765163200000E+02  0.347581500000E+02  0.110300000000E+01
   20376 -0.765181100000E+02  0.347558500000E+02  0.555000000000E+00
   20393 -0.764923900000E+02  0.347584400000E+02  0.175800000000E+01
   20403 -0.765132700000E+02  0.347584700000E+02  0.971000000000E+00
   20421 -0.764532700000E+02  0.347586700000E+02  0.891000000000E+00
   20424 -0.764713800000E+02  0.347586100000E+02  0.121000000000E+01
   20427 -0.765103500000E+02  0.347585900000E+02  0.627000000000E+00
   20502 -0.764878300000E+02  0.347598500000E+02  0.606000000000E+00
   20518 -0.764582100000E+02  0.347600600000E+02  0.195600000000E+01
   20525 -0.764387700000E+02  0.347591600000E+02  0.487000000000E+00
   20527 -0.764759900000E+02  0.347600700000E+02  0.840000000000E+00
   20529 -0.765023800000E+02  0.347599100000E+02  0.614000000000E+00
   20599 -0.764446900000E+02  0.347610600000E+02  0.737000000000E+00
   20622 -0.764630700000E+02  0.347613800000E+02  0.206300000000E+01
   20648 -0.764807100000E+02  0.347610600000E+02  0.740000000000E+00
   20693 -0.764993700000E+02  0.347624200000E+02  0.599000000000E+00
   20714 -0.764498800000E+02  0.347626600000E+02  0.657000000000E+00
   20722 -0.764678000000E+02  0.347627200000E+02  0.143700000000E+01
   20773 -0.764949000000E+02  0.347634200000E+02  0.151300000000E+01
   20814 -0.764548700000E+02  0.347641300000E+02  0.120300000000E+01
   20824 -0.764723400000E+02  0.347641900000E+02  0.107500000000E+01
   20863 -0.764895500000E+02  0.347644100000E+02  0.698000000000E+00
   20900 -0.764414800000E+02  0.347650500000E+02  0.514000000000E+00
   20925 -0.764368800000E+02  0.347633300000E+02  0.402000000000E+00
   20932 -0.764597200000E+02  0.347654800000E+02  0.218400000000E+01
   20987 -0.764764300000E+02  0.347660700000E+02  0.634000000000E+00
   21020 -0.764465800000E+02  0.347667100000E+02  0.101000000000E+01
   21031 -0.764644300000E+02  0.347667800000E+02  0.197900000000E+01
   21121 -0.764690200000E+02  0.347680700000E+02  0.111000000000E+01
   21127 -0.764516100000E+02  0.347682200000E+02  0.133800000000E+01
   21219 -0.764734000000E+02  0.347695900000E+02  0.690000000000E+00
   21223 -0.764565000000E+02  0.347696100000E+02  0.226000000000E+01
   21302 -0.764612200000E+02  0.347709100000E+02  0.223900000000E+01
   21387 -0.764657500000E+02  0.347721200000E+02  0.178500000000E+01
   21430 -0.764704400000E+02  0.347730400000E+02  0.854000000000E+00
       1 3     8653     9687     9688
       2 3     8653     9688     8726
       3 3     8726     9910     9139
       4 3     8726     9688     9910
       5 3     9139    10144     9366
       6 3     9139     9910    10144
       7 3     9366    10339     9542
       8 3     9687    10365     9688
       9 3     9687    10397    10365
      10 3     9366    10144    10339
      11 3     9542    10534     9747
      12 3     9542    10339    10534
      13 3     9688    10624     9910
      14 3     9688    10365    10624
      15 3     9747    10534    10681
      16 3     9910    10836    10144
      17 3     9910    10624    10836
      18 3    10397    11020    10365
      19 3    10144    11028    10339
      20 3    10144    10836    11028
      21 3    10397    11125    11020
      22 3    10339    11176    10534
      23 3    10339    11028    11176
      24 3    10365    11253    10624
      25 3    10534    11296    10681
      26 3    10365    11020    11253
      27 3    10534    11176    11296
      28 3    10624    11457    10836
      29 3    10681    11296    11330
      30 3    10624    11253    11457
      31 3    11125    11559    11020
      32 3    10836    11626    11028
      33 3    10836    11457    11626
      34 3    11028    11760    11176
      35 3    11028    11626    11760
      36 3    11020    11815    11253
      37 3    11020    11559    11815
      38 3    11176    11880    11296
      39 3    11176    11760    11880
      40 3    11330    11935    11147
      41 3    11296    11964    11330
      42 3    11253    11987    11457
      43 3    11253    11815    11987
      44 3    11296    11880    11964
      45 3    11457    12119    11626
      46 3    11330    11964    11935
      47 3    11457    11987    12119
      48 3    11626    12240    11760
      49 3    11626    12119    12240
      50 3    11559    12347    11815
      51 3    11760    12357    11880
      52 3    11760    12240    12357
      53 3    11559    12422    12347
      54 3    11815    12478    11987
      55 3    11880    12488    11964
      56 3    11880    12357    12488
      57 3    11815    12347    12478
      58 3    11987    12595    12119
      59 3    11964    12488    12628
      60 3    11987    12478    12595
      61 3    11964    12628    11935
      62 3    12119    12693    12240
      63 3    12119    12595    12693
      64 3    11935    12628    12747
      65 3    12240    12786    12357
      66 3    12240    12693    12786
      67 3    12422    12858    12347
      68 3    12357    12872    12488
      69 3    12357    12786    12872
      70 3    12347    12918    12478
      71 3    12422    12927    12858
      72 3    12347    12858    12918
      73 3    12478    12978    12595
      74 3    12488    12872    12988
      75 3    12488    12988    12628
      76 3    12478    12918    12978
      77 3    12595    13046    12693
      78 3    12595    12978    13046
      79 3    12693    13114    12786
      80 3    12693    13046    13114
      81 3    12786    13182    12872
      82 3    12988    13187    12628
      83 3    12786    13114    13182
      84 3    12927    13237    12858
      85 3    12872    13275    12988
      86 3    12628    13187    12747
      87 3    12858    13308    12918
      88 3    12872    13182    13275
      89 3    12927    13345    13237
      90 3    12918    13371    12978
      91 3    12988    13386    13187
      92 3    12858    13237    13308
      93 3    12988    13275    13386
      94 3    12978    13453    13046
      95 3    12918    13308    13371
      96 3    13046    13514    13114
      97 3    12978    13371    13453
      98 3    13114    13596    13182
      99 3    13046    13453    13514
     100 3    13114    13514    13596
     101 3    13182    13684    13275
     102 3    13182    13596    13684
     103 3    13386    13275    13807
     104 3    13345    13825    13237
     105 3    13275    13684    13807
     106 3    13237    13894    13308
     107 3    13308    13955    13371
     108 3    13345    13964    13825
     109 3    13386    13968    13187
     110 3    13237    13825    13894
     111 3    13371    14060    13453
     112 3    13386    13807    13968
     113 3    13308    13894    13955
     114 3    13453    14138    13514
     115 3    13514    14179    13596
     116 3    13371    13955    14060
     117 3    13453    14060    14138
     118 3    13684    14291    13807
     119 3    13596    14296    13684
     120 3    13514    14138    14179
     121 3    13596    14179    14296
     122 3    13684    14296    14291
     123 3    13807    14437    13968
     124 3    13807    14291    14437
     125 3    13964    14616    13825
     126 3    13825    14667    13894
     127 3    13894    14693    13955
     128 3    13955    14733    14060
     129 3    14291    14296    14763
     130 3    14138    14786    14179
     131 3    13964    14803    14616
     132 3    14179    14815    14296
     133 3    14291    14824    14437
     134 3    13825    14616    14667
     135 3    13968    14437    14939
     136 3    13894    14667    14693
     137 3    14291    14763    14824
     138 3    14296    14968    14763
     139 3    14060    14969    14138
     140 3    13955    14693    14733
     141 3    14296    14815    14968
     142 3    14179    14786    14815
     143 3    14437    14824    15137
     144 3    14060    14733    14969
     145 3    14437    15137    14939
     146 3    14138    14969    14786
     147 3    14763    14968    15336
     148 3    14939    15137    15363
     149 3    14763    15364    14824
     150 3    14824    15374    15137
     151 3    15415    14939    15416
     152 3    14939    15363    15416
     153 3    14786    15490    14815
     154 3    14763    15336    15364
     155 3    14824    15364    15374
     156 3    15137    15630    15363
     157 3    15137    15374    15630
     158 3    14968    14815    15641
     159 3    14733    15678    14969
     160 3    14968    15641    15336
     161 3    14803    15704    14616
     162 3    14803    15727    15704
     163 3    14693    15730    14733
     164 3    14815    15490    15641
     165 3    15363    15764    15416
     166 3    14786    14969    15782
     167 3    14786    15782    15490
     168 3    14616    15847    14667
     169 3    15363    15630    15764
     170 3    14667    15855    14693
     171 3    14733    15730    15678
     172 3    15336    15892    15364
     173 3    15374    15364    15922
     174 3    15374    15922    15630
     175 3    14616    15704    15847
     176 3    14693    15855    15730
     177 3    15336    15641    15892
     178 3    15630    16065    15764
     179 3    14667    15847    15855
     180 3    14969    15678    16108
     181 3    15364    15892    15922
     182 3    14969    16108    15782
     183 3    15630    15922    16065
     184 3    15490    15782    16275
     185 3    15764    16065    16177
     186 3    15490    16275    15641
     187 3    16065    16371    16177
     188 3    15892    16372    15922
     189 3    15678    15730    16418
     190 3    15641    16514    15892
     191 3    15678    16418    16108
     192 3    16065    15922    16580
     193 3    16065    16580    16371
     194 3    15641    16275    16514
     195 3    15727    16644    16645
     196 3    15892    16514    16372
     197 3    15727    16645    15704
     198 3    15922    16372    16580
     199 3    15730    15855    16832
     200 3    15782    16108    16906
     201 3    15704    16946    15847
     202 3    15782    16906    16275
     203 3    15730    16832    16418
     204 3    16108    16418    17251
     205 3    15847    17265    15855
     206 3    15704    16645    16946
     207 3    16644    17292    17293
     208 3    16275    17372    16514
     209 3    16372    16514    17389
     210 3    16275    16906    17372
     211 3    16372    17389    16580
     212 3    16644    17293    16645
     213 3    16418    16832    17526
     214 3    16108    17251    16906
     215 3    15855    17265    16832
     216 3    15847    16946    17265
     217 3    16418    17526    17251
     218 3    17372    17926    16514
     219 3    17292    17940    17293
     220 3    16832    17265    17960
     221 3    17526    16832    17998
     222 3    16514    17926    17389
     223 3    17293    18020    16645
     224 3    17251    18025    16906
     225 3    16645    18045    16946
     226 3    17526    18049    17251
     227 3    17372    16906    18052
     228 3    17292    18053    17940
     229 3    16832    17960    17998
     230 3    17372    18052    17926
     231 3    16645    18020    18045
     232 3    17293    17940    18020
     233 3    17526    17998    18049
     234 3    17251    18049    18025
     235 3    16946    18134    17265
     236 3    16906    18025    18052
     237 3    16946    18045    18134
     238 3    17265    18200    17960
     239 3    18053    18202    17940
     240 3    17926    18052    18228
     241 3    17265    18134    18200
     242 3    18053    18250    18202
     243 3    17960    18288    17998
     244 3    17998    18317    18049
     245 3    17940    18322    18020
     246 3    17960    18200    18288
     247 3    18049    18334    18025
     248 3    18025    18351    18052
     249 3    17998    18288    18317
     250 3    17940    18202    18322
     251 3    18052    18380    18228
     252 3    18020    18383    18045
     253 3    18250    18398    18399
     254 3    18250    18399    18202
     255 3    18049    18317    18334
     256 3    18025    18334    18351
     257 3    18052    18351    18380
     258 3    18045    18452    18134
     259 3    18020    18322    18383
     260 3    18228    18380    18476
     261 3    18045    18383    18452
     262 3    18134    18518    18200
     263 3    18134    18452    18518
     264 3    18200    18573    18288
     265 3    18288    18605    18317
     266 3    18398    18607    18399
     267 3    18317    18618    18334
     268 3    18200    18518    18573
     269 3    18398    18619    18607
     270 3    18202    18629    18322
     271 3    18334    18634    18351
     272 3    18202    18399    18629
     273 3    18351    18650    18380
     274 3    18288    18573    18605
     275 3    18317    18605    18618
     276 3    18380    18683    18476
     277 3    18334    18618    18634
     278 3    18322    18699    18383
     279 3    18351    18634    18650
     280 3    18399    18607    18718
     281 3    18380    18650    18683
     282 3    18399    18718    18629
     283 3    18476    18683    18753
     284 3    18383    18765    18452
     285 3    18322    18629    18699
     286 3    18452    18816    18518
     287 3    18383    18699    18765
     288 3    18619    18859    18607
     289 3    18518    18866    18573
     290 3    18452    18765    18816
     291 3    18573    18888    18605
     292 3    18618    18890    18634
     293 3    18605    18893    18618
     294 3    18634    18897    18650
     295 3    18619    18900    18859
     296 3    18607    18921    18718
     297 3    18650    18922    18683
     298 3    18518    18816    18866
     299 3    18634    18890    18897
     300 3    18618    18893    18890
     301 3    18573    18866    18888
     302 3    18607    18859    18921
     303 3    18650    18897    18922
     304 3    18683    18961    18753
     305 3    18605    18888    18893
     306 3    18718    18967    18629
     307 3    18683    18922    18961
     308 3    18629    18994    18699
     309 3    18718    18921    18967
     310 3    18753    18961    19045
     311 3    18629    18967    18994
     312 3    18699    19056    18765
     313 3    18699    18994    19056
     314 3    18765    19122    18816
     315 3    18900    19132    18859
     316 3    18890    19141    18897
     317 3    18897    19148    18922
     318 3    18893    19177    18890
     319 3    18859    19179    18921
     320 3    18922    19192    18961
     321 3    18765    19056    19122
     322 3    18816    19202    18866
     323 3    18897    19141    19148
     324 3    18893    18888    19216
     325 3    18900    19233    19132
     326 3    18866    19236    18888
     327 3    18922    19148    19192
     328 3    18890    19177    19141
     329 3    18961    19248    19045
     330 3    18859    19132    19179
     331 3    18921    19257    18967
     332 3    18816    19122    19202
     333 3    18893    19216    19177
     334 3    18961    19192    19248
     335 3    18921    19179    19257
     336 3    18967    19332    18994
     337 3    18888    19236    19216
     338 3    18866    19202    19236
     339 3    19045    19248    19351
     340 3    19141    19407    19148
     341 3    18967    19257    19332
     342 3    18994    19419    19056
     343 3    19233    19450    19132
     344 3    19148    19481    19192
     345 3    18994    19332    19419
     346 3    19132    19491    19179
     347 3    19148    19407    19481
     348 3    19141    19177    19500
     349 3    19056    19511    19122
     350 3    19141    19500    19407
     351 3    19192    19530    19248
     352 3    19248    19560    19351
     353 3    19056    19419    19511
     354 3    19192    19481    19530
     355 3    19179    19575    19257
     356 3    19132    19450    19491
     357 3    19177    19216    19580
     358 3    19122    19594    19202
     359 3    19248    19530    19560
     360 3    19177    19580    19500
     361 3    19351    19560    19618
     362 3    19179    19491    19575
     363 3    19216    19236    19632
     364 3    19257    19653    19332
     365 3    19122    19511    19594
     366 3    19450    19671    19491
     367 3    19216    19632    19580
     368 3    19202    19707    19236
     369 3    19257    19575    19653
     370 3    19407    19500    19725
     371 3    19407    19725    19481
     372 3    19332    19739    19419
     373 3    19202    19594    19707
     374 3    19236    19707    19632
     375 3    19332    19653    19739
     376 3    19481    19801    19530
     377 3    19530    19818    19560
     378 3    19419    19835    19511
     379 3    19481    19725    19801
     380 3    19560    19836    19618
     381 3    19491    19839    19575
     382 3    19618    19836    19886
     383 3    19500    19580    19891
     384 3    19530    19801    19818
     385 3    19419    19739    19835
     386 3    19560    19818    19836
     387 3    19500    19891    19725
     388 3    19491    19671    19839
     389 3    19511    19936    19594
     390 3    19575    19956    19653
     391 3    19511    19835    19936
     392 3    19580    19632    20015
     393 3    19575    19839    19956
     394 3    19580    20015    19891
     395 3    19653    20084    19739
     396 3    19594    20091    19707
     397 3    19632    20104    20015
     398 3    19594    19936    20091
     399 3    19836    20122    19886
     400 3    19801    20124    19818
     401 3    19886    20122    20136
     402 3    19632    19707    20104
     403 3    19653    19956    20084
     404 3    19671    20154    19839
     405 3    19671    20180    20154
     406 3    19818    20186    19836
     407 3    19739    20190    19835
     408 3    19707    20091    20219
     409 3    19836    20186    20122
     410 3    19739    20084    20190
     411 3    19818    20124    20186
     412 3    19725    20248    19801
     413 3    19725    19891    20248
     414 3    19839    20290    19956
     415 3    19707    20219    20104
     416 3    19801    20248    20124
     417 3    19835    20297    19936
     418 3    19839    20154    20290
     419 3    19835    20190    20297
     420 3    20374    20375    20376
     421 3    20015    20393    19891
     422 3    20136    20122    20403
     423 3    20136    20403    20374
     424 3    19956    20421    20084
     425 3    19936    20424    20091
     426 3    20122    20186    20427
     427 3    20374    20403    20375
     428 3    20122    20427    20403
     429 3    19936    20297    20424
     430 3    19891    20393    20248
     431 3    19956    20290    20421
     432 3    20104    20502    20015
     433 3    20084    20518    20190
     434 3    20180    20525    20154
     435 3    20091    20527    20219
     436 3    20124    20248    20529
     437 3    20015    20502    20393
     438 3    20091    20424    20527
     439 3    20084    20421    20518
     440 3    20124    20529    20186
     441 3    20154    20599    20290
     442 3    20190    20622    20297
     443 3    20219    20527    20648
     444 3    20190    20518    20622
     445 3    20219    20648    20104
     446 3    20154    20525    20599
     447 3    20248    20693    20529
     448 3    20290    20714    20421
     449 3    20297    20722    20424
     450 3    20297    20622    20722
     451 3    20290    20599    20714
     452 3    20393    20773    20248
     453 3    20248    20773    20693
     454 3    20421    20814    20518
     455 3    20424    20824    20527
     456 3    20502    20863    20393
     457 3    20424    20722    20824
     458 3    20421    20714    20814
     459 3    20599    20525    20900
     460 3    20393    20863    20773
     461 3    20525    20925    20900
     462 3    20518    20932    20622
     463 3    20518    20814    20932
     464 3    20527    20824    20987
     465 3    20527    20987    20648
     466 3    20599    21020    20714
     467 3    20622    21031    20722
     468 3    20599    20900    21020
     469 3    20622    20932    21031
     470 3    20722    21121    20824
     471 3    20714    21127    20814
     472 3    20722    21031    21121
     473 3    20714    21020    21127
     474 3    20824    21219    20987
     475 3    20814    21223    20932
     476 3    20824    21121    21219
     477 3    20814    21127    21223
     478 3    20932    21302    21031
     479 3    20932    21223    21302
     480 3    21031    21387    21121
     481 3    21031    21302    21387
     482 3    21121    21430    21219
     483 3    21121    21387    21430
 0                                                                              
 0                                                                              
 3                                                                              
 63                                                                             
      24       1                                                                
    8653
    9687
   10397
   11125
   11559
   12422
   12927
   13345
   13964
   14803
   15727
   16644
   17292
   18053
   18250
   18398
   18619
   18900
   19233
   19450
   19671
   20180
   20525
   20925
       8       1                                                                
   11147
   15415
   14939
   13968
   13187
   12747
   11935
   11147
      29       1                                                                
   21430
   21219
   20987
   20648
   20104
   20502
   20863
   20773
   20693
   20529
   20186
   20427
   20403
   20375
   20376
   20374
   20136
   19886
   19618
   19351
   19045
   18753
   18476
   18228
   17926
   17389
   16580
   16371
   16177
