FileFmt      1050624           0           0
NELG           58641         560         530
      -32687
      -32996
      -34832
      -34980
      -35068
      -35265
      -37053
       37384
      -37438
       37556
      -37652
      -37788
      -37877
      -37966
      -39055
      -39302
       39412
       39525
       39539
       39600
      -39631
      -39655
      -39686
      -39701
      -39853
      -39922
       39944
       39986
       39997
       40024
       40033
       40057
       40066
       40079
      -40090
      -40107
      -40130
      -40206
       40326
       40361
      -40366
       40367
       40382
      -40383
       40389
       40400
       40410
      -40416
       40423
       40430
       40440
      -40445
      -40448
       40648
       40662
       40663
       40688
       40691
       40709
       40710
       40718
       40732
       40741
       40754
       40765
       40771
      -40778
      -40783
      -40932
       41006
       41013
       41016
      -41017
       41031
       41033
       41037
       41053
       41055
       41075
       41080
       41091
       41099
       41110
       41121
       41130
      -41137
      -41138
      -41216
      -41269
      -41348
      -41378
       41393
       41396
       41407
       41418
       41423
       41434
       41436
       41454
       41461
       41472
       41474
       41477
       41485
       41493
       41505
      -41513
       41515
      -41518
       41564
       41760
       41767
       41773
       41780
       41781
       41784
       41788
       41796
       41799
       41804
       41814
       41817
       41822
       41834
       41840
       41843
       41852
      -41858
       41864
       41867
      -41869
       41875
       41892
       42005
       42055
       42110
       42117
       42120
       42126
       42129
       42131
       42132
       42144
       42150
       42155
       42156
       42171
       42181
       42204
       42226
       42241
       42259
      -42260
       42267
       42284
      -42343
       42454
       42477
       42483
       42487
       42491
       42492
       42495
       42501
       42504
       42507
       42510
       42518
       42519
       42528
       42537
       42540
       42549
       42551
      -42552
       42563
       42587
       42602
      -42612
       42613
       42620
       42652
       42798
       42799
       42805
       42807
       42808
       42809
       42816
       42819
       42823
       42824
       42831
       42832
       42836
       42837
       42847
       42856
       42857
       42878
       42924
       42925
      -42927
       42953
       42979
      -42989
       43006
       43010
      -43017
       43023
       43026
       43027
       43028
       43032
       43033
       43034
       43039
       43040
       43043
       43044
       43051
       43060
       43062
       43072
       43075
       43083
       43087
       43091
      -43092
       43119
       43132
       43199
      -43211
       43241
       43242
       43244
       43246
       43247
       43249
       43253
       43256
       43259
       43269
       43274
       43275
       43278
       43280
       43283
       43284
       43286
       43293
      -43299
       43300
       43317
       43325
       43328
       43392
      -43434
       43435
       43447
       43484
       43504
       43505
       43506
       43513
       43514
      -43515
       43516
       43517
       43518
       43521
       43527
       43530
       43535
       43536
       43537
       43541
       43545
       43546
       43554
       43558
       43562
       43565
       43575
       43583
       43680
      -43682
       43724
       43725
      -43773
       43793
       43794
       43795
       43797
       43800
       43802
       43803
       43810
       43811
       43812
       43817
       43820
       43822
       43823
       43824
       43826
       43830
       43831
      -43859
       43863
       43889
       43917
      -43936
      -43937
       43940
       43969
       44037
      -44038
       44041
       44043
       44044
       44045
       44047
       44051
       44053
       44058
       44059
       44067
      -44069
       44070
       44071
       44075
      -44079
       44080
       44100
      -44101
       44151
      -44152
       44153
       44157
       44167
       44176
       44203
      -44206
       44226
       44296
       44297
      -44298
       44314
       44321
       44337
       44340
       44342
       44343
      -44345
       44346
      -44347
       44350
       44358
       44360
      -44362
       44366
       44368
       44381
      -44393
       44396
      -44404
      -44412
       44417
       44421
      -44443
       44462
       44468
      -44507
       44513
       44520
      -44554
      -44557
       44561
      -44565
       44566
       44587
       44600
       44603
       44607
      -44614
       44646
       44654
      -44668
       44673
       44684
       44709
      -44714
       44729
       44749
       44753
       44757
      -44761
      -44769
       44770
       44775
       44776
       44778
       44780
       44783
       44787
       44791
      -44793
       44794
       44804
      -44810
       44815
      -44840
       44848
       44854
       44855
       44856
       44870
      -44887
       44898
       44899
       44903
       44923
      -44927
      -44930
       44954
       44956
       44957
       44959
       44968
      -44969
       44972
       44982
       44987
       45000
       45003
      -45007
      -45008
       45013
      -45019
       45033
       45040
      -45043
      -45047
       45053
       45067
       45069
      -45074
       45075
       45077
      -45079
      -45083
       45088
       45090
       45094
      -45107
       45111
      -45113
      -45115
       45119
      -45126
       45130
       45133
       45139
       45140
       45149
      -45150
       45151
       45152
       45153
       45155
       45156
      -45157
       45164
       45170
       45173
      -45178
       45179
      -45184
       45190
      -45199
       45201
       45203
       45215
       45228
       45232
       45235
       45237
      -45245
       45247
       45264
       45271
       45285
       45289
       45303
       45312
       45317
       45349
       45353
       45357
       45366
       45374
      -45383
       45400
       45406
       45428
       45434
       45454
      -45465
      -45480
       45490
       45496
       45499
       45506
       45511
      -45512
      -45517
       45518
      -45521
      -45586
       45592
      -45602
       45605
      -45715
       45716
      -45823
      -45902
      -45909
      -45938
      -45944
NNODG          32218         319         307
      -11986
      -13992
      -14209
      -17713
       17817
      -18075
      -18232
      -18550
       19008
       19139
      -19324
      -19457
      -19947
       20282
      -20346
       20463
       20607
       20732
      -20801
      -21018
      -21163
       21355
       21538
       21605
       21657
       21690
      -21703
       21791
       21855
       21893
       21914
       21931
       21949
      -21959
       21969
      -21974
       22014
       22088
      -22105
       22109
       22124
       22137
       22149
       22157
      -22158
       22287
       22296
       22312
       22327
       22332
       22347
       22362
      -22368
       22372
       22470
       22518
       22524
       22525
       22536
       22547
       22566
       22577
      -22585
       22589
       22598
      -22657
       22682
       22733
       22759
       22760
       22777
       22785
       22802
       22810
       22816
       22830
       22834
       22865
       22990
       22995
       23005
       23006
       23015
       23019
       23028
       23041
       23042
      -23044
       23053
       23057
       23060
       23219
       23225
       23226
       23233
       23245
       23250
       23272
       23296
       23315
       23316
       23361
      -23381
       23436
       23452
       23455
       23457
       23461
       23468
       23470
       23475
       23479
       23484
       23490
       23510
      -23513
       23622
       23623
       23629
       23630
       23637
       23638
       23644
       23647
       23656
      -23683
       23698
      -23699
       23716
       23730
       23739
       23749
       23759
       23762
       23763
       23766
       23770
       23771
       23783
       23785
       23797
      -23802
       23864
       23873
      -23883
       23891
       23892
       23893
       23895
       23901
       23909
       23910
       23914
       23916
      -23925
      -23940
      -23978
      -24000
      -24001
       24008
      -24031
       24042
       24043
       24048
       24049
       24050
       24055
       24060
       24063
       24071
      -24078
       24145
      -24147
       24169
       24205
       24206
       24207
       24210
       24217
      -24218
       24223
       24224
       24229
      -24245
       24248
       24264
      -24294
       24295
       24350
       24351
      -24353
       24355
       24356
       24360
      -24367
       24368
       24369
       24373
      -24379
       24386
       24414
      -24415
       24426
       24444
      -24486
       24493
       24494
       24502
       24507
       24513
       24515
      -24517
       24518
       24526
      -24527
      -24528
       24530
      -24550
       24556
       24569
      -24593
       24605
       24610
      -24629
       24632
       24635
       24652
      -24659
       24677
       24684
       24693
      -24707
       24716
       24727
       24729
      -24735
       24742
       24744
       24745
       24747
       24751
       24754
      -24757
       24777
       24782
       24787
      -24805
       24809
       24823
      -24825
       24838
       24839
      -24842
       24844
       24846
       24854
      -24862
       24863
      -24866
      -24874
       24876
       24881
       24888
       24899
       24901
       24903
      -24906
       24910
      -24918
       24922
      -24925
       24932
       24934
       24940
       24941
       24942
       24943
      -24944
      -24946
       24954
       24959
      -24963
       24969
       24976
       24983
       24993
       25003
       25008
       25020
       25037
       25058
       25066
       25070
      -25074
       25085
       25108
      -25117
       25127
       25134
      -25137
      -25142
      -25181
       25186
       25248
      -25304
      -25347
      -25365
NFLUXF             0
NETA             128          29           0
NSTAE              0           0           0
NSTAV              0           0           0
NSTAM              0           0           0
NSTAC              0           0           0
RES NODE          15         232
                   5           9          10          14          16          17
                  18          22          23          24          25          26
                  28          29          30          31          32          33
                  35          37          38          40          41          42
                  43          44          46          47          48          49
                  50          51          52          54          55          56
                  57          58          59          60          61          62
                  64          65          67          68          69          70
                  71          72          73          74          75          76
                  77          78          79          80          81          82
                  83          84          85          86          87          89
                  90          91          92          93          94          95
                  96          97          98          99         100         101
                 102         104         105         106         107         108
                 109         110         111         112         113         114
                 115         117         118         119         120         121
                 122         123         124         125         127         129
                 130         131         132         133         134         135
                 136         137         138         139         140         141
                 143         144         146         147         148         149
                 150         151         152         153         154         160
                 162         163         164         165         166         167
                 168         169         170         172         174         175
                 176         177         178         179         181         182
                 183         185         186         188         189         190
                 192         193         194         196         197         198
                 200         201         203         204         206         207
                 208         209         210         211         213         214
                 217         219         220         222         223         225
                 226         227         229         230         231         233
                 234         235         237         238         239         240
                 241         242         244         245         246         248
                 249         251         252         254         255         256
                 258         261         262         263         264         265
                 266         268         270         272         273         274
                 275         276         277         280         281         283
                 284         285         286         287         288         289
                 290         291         292         293         295         296
                 298         299         303         304
COMM PE            7
RECV PE            8          21
                   1           2           3           4           6           7
                   8          11          12          13          15          19
                  20          21          27          34          36          39
                  45          53          66
RECV PE           10           6
                  63          88         116         126         142         145
RECV PE           12          15
                 195         216         218         224         236         250
                 259         267         271         279         282         294
                 297         302         305
RECV PE           13           3
                 301         306         307
RECV PE           14          17
                 158         173         184         187         199         202
                 205         212         221         228         232         243
                 247         253         257         260         269
RECV PE           26           3
                 103         128         156
RECV PE           31          10
                 155         157         159         161         171         180
                 191         215         278         300
SEND PE            8          23
                   5           9          10          14          17          18
                  22          25          26          28          33          35
                  37          44          54          55          58          65
                  67          68          77          89         102
SEND PE           10           5
                  77         101         127         131         144
SEND PE           12          17
                 168         179         182         193         197         210
                 219         233         235         238         251         265
                 274         286         291         299         304
SEND PE           13           3
                 239         274         277
SEND PE           14          17
                 144         160         174         183         190         204
                 207         220         225         230         237         244
                 249         258         262         266         275
SEND PE           26           2
                 102         129
SEND PE           31          11
                 122         129         130         132         140         152
                 167         178         194         240         277
