bi_1997_v2.grd                                                                  
     488     278
   13468 -0.767070900000E+02  0.347022000000E+02  0.484000000000E+00
   13469 -0.767053600000E+02  0.347023700000E+02  0.507000000000E+00
   13470 -0.767062800000E+02  0.347034000000E+02  0.423000000000E+00
   13489 -0.767039600000E+02  0.347014800000E+02  0.555000000000E+00
   13490 -0.767036200000E+02  0.347033900000E+02  0.555000000000E+00
   13524 -0.767075500000E+02  0.347038600000E+02  0.402000000000E+00
   13525 -0.767089700000E+02  0.347031700000E+02  0.454000000000E+00
   13539 -0.767050500000E+02  0.347040000000E+02  0.555000000000E+00
   13634 -0.767063300000E+02  0.347045800000E+02  0.621000000000E+00
   13644 -0.767090100000E+02  0.347046100000E+02  0.549000000000E+00
   13653 -0.767106400000E+02  0.347041000000E+02  0.125700000000E+01
   13691 -0.767036400000E+02  0.347050200000E+02  0.555000000000E+00
   13692 -0.767115900000E+02  0.347051500000E+02  0.182500000000E+01
   13693 -0.767127200000E+02  0.347041800000E+02  0.555000000000E+00
   13710 -0.767171900000E+02  0.347042900000E+02  0.449000000000E+00
   13711 -0.767178300000E+02  0.347052800000E+02  0.529000000000E+00
   13719 -0.767151800000E+02  0.347041800000E+02  0.555000000000E+00
   13720 -0.767162200000E+02  0.347053300000E+02  0.602000000000E+00
   13723 -0.767076400000E+02  0.347051800000E+02  0.786000000000E+00
   13735 -0.767050800000E+02  0.347052600000E+02  0.577000000000E+00
   13756 -0.767102900000E+02  0.347054300000E+02  0.137800000000E+01
   13758 -0.767144300000E+02  0.347054400000E+02  0.555000000000E+00
   13799 -0.767128100000E+02  0.347057900000E+02  0.559000000000E+00
   13815 -0.767063900000E+02  0.347057800000E+02  0.798000000000E+00
   13827 -0.767089200000E+02  0.347058900000E+02  0.931000000000E+00
   13829 -0.767038300000E+02  0.347058500000E+02  0.555000000000E+00
   13871 -0.767171400000E+02  0.347063400000E+02  0.818000000000E+00
   13880 -0.767114600000E+02  0.347062400000E+02  0.986000000000E+00
   13889 -0.767052100000E+02  0.347063400000E+02  0.694000000000E+00
   13892 -0.767155900000E+02  0.347064800000E+02  0.828000000000E+00
   13902 -0.767076400000E+02  0.347063900000E+02  0.966000000000E+00
   13926 -0.767101300000E+02  0.347066300000E+02  0.861000000000E+00
   13929 -0.767140500000E+02  0.347067000000E+02  0.813000000000E+00
   13947 -0.767042600000E+02  0.347068700000E+02  0.670000000000E+00
   13967 -0.767064300000E+02  0.347069100000E+02  0.858000000000E+00
   13975 -0.767126200000E+02  0.347070300000E+02  0.820000000000E+00
   13990 -0.767088500000E+02  0.347070700000E+02  0.101400000000E+01
   14009 -0.767180000000E+02  0.347072900000E+02  0.111800000000E+01
   14039 -0.767165700000E+02  0.347074300000E+02  0.110100000000E+01
   14049 -0.767112700000E+02  0.347073900000E+02  0.193500000000E+01
   14052 -0.767052800000E+02  0.347073700000E+02  0.804000000000E+00
   14088 -0.767151300000E+02  0.347076200000E+02  0.109400000000E+01
   14095 -0.767076100000E+02  0.347075400000E+02  0.814000000000E+00
   14134 -0.767099900000E+02  0.347077800000E+02  0.106100000000E+01
   14137 -0.767041700000E+02  0.347076500000E+02  0.662000000000E+00
   14140 -0.767137100000E+02  0.347078700000E+02  0.111200000000E+01
   14173 -0.767064100000E+02  0.347080100000E+02  0.860000000000E+00
   14184 -0.767123700000E+02  0.347081700000E+02  0.116600000000E+01
   14194 -0.767087600000E+02  0.347082000000E+02  0.853000000000E+00
   14202 -0.767174600000E+02  0.347083600000E+02  0.138800000000E+01
   14223 -0.767160900000E+02  0.347085200000E+02  0.150100000000E+01
   14235 -0.767052200000E+02  0.347084800000E+02  0.975000000000E+00
   14237 -0.767110900000E+02  0.347085100000E+02  0.146400000000E+01
   14260 -0.767147200000E+02  0.347087300000E+02  0.139500000000E+01
   14266 -0.767075600000E+02  0.347086400000E+02  0.602000000000E+00
   14290 -0.767098600000E+02  0.347088900000E+02  0.114600000000E+01
   14295 -0.767133900000E+02  0.347089800000E+02  0.141000000000E+01
   14328 -0.767063900000E+02  0.347091000000E+02  0.996000000000E+00
   14335 -0.767183000000E+02  0.347092900000E+02  0.111700000000E+01
   14341 -0.767121200000E+02  0.347092600000E+02  0.148400000000E+01
   14345 -0.767038100000E+02  0.347091600000E+02  0.619000000000E+00
   14360 -0.767086600000E+02  0.347093000000E+02  0.104100000000E+01
   14361 -0.767169600000E+02  0.347094200000E+02  0.179200000000E+01
   14388 -0.767156600000E+02  0.347095900000E+02  0.185300000000E+01
   14395 -0.767109000000E+02  0.347095800000E+02  0.171100000000E+01
   14403 -0.767052700000E+02  0.347095900000E+02  0.107900000000E+01
   14420 -0.767143600000E+02  0.347098100000E+02  0.167700000000E+01
   14422 -0.767075000000E+02  0.347097200000E+02  0.114700000000E+01
   14446 -0.767097300000E+02  0.347099600000E+02  0.152700000000E+01
   14447 -0.767044200000E+02  0.347100600000E+02  0.123600000000E+01
   14453 -0.767130800000E+02  0.347100400000E+02  0.218900000000E+01
   14469 -0.767190900000E+02  0.347102200000E+02  0.188500000000E+01
   14477 -0.767063900000E+02  0.347101600000E+02  0.116300000000E+01
   14483 -0.767177800000E+02  0.347103300000E+02  0.215600000000E+01
   14484 -0.767118600000E+02  0.347102800000E+02  0.233100000000E+01
   14500 -0.767032700000E+02  0.347100900000E+02  0.769000000000E+00
   14501 -0.767165100000E+02  0.347104300000E+02  0.258500000000E+01
   14506 -0.767085800000E+02  0.347103800000E+02  0.142900000000E+01
   14533 -0.767107400000E+02  0.347105700000E+02  0.261000000000E+01
   14539 -0.767053600000E+02  0.347105700000E+02  0.118200000000E+01
   14540 -0.767152800000E+02  0.347106600000E+02  0.243000000000E+01
   14564 -0.767074400000E+02  0.347107800000E+02  0.133800000000E+01
   14565 -0.767140000000E+02  0.347108600000E+02  0.287900000000E+01
   14596 -0.767043900000E+02  0.347109000000E+02  0.151300000000E+01
   14607 -0.767127400000E+02  0.347110700000E+02  0.313100000000E+01
   14624 -0.767096600000E+02  0.347110600000E+02  0.260700000000E+01
   14632 -0.767115900000E+02  0.347111600000E+02  0.310700000000E+01
   14638 -0.767161400000E+02  0.347112100000E+02  0.334500000000E+01
   14642 -0.767063500000E+02  0.347111700000E+02  0.124300000000E+01
   14643 -0.767185700000E+02  0.347112800000E+02  0.280600000000E+01
   14645 -0.767028100000E+02  0.347107100000E+02  0.869000000000E+00
   14646 -0.767035500000E+02  0.347112700000E+02  0.153000000000E+01
   14660 -0.767148100000E+02  0.347113600000E+02  0.357600000000E+01
   14662 -0.767172200000E+02  0.347113800000E+02  0.281800000000E+01
   14669 -0.767154700000E+02  0.347113600000E+02  0.355400000000E+01
   14685 -0.767084600000E+02  0.347114400000E+02  0.250700000000E+01
   14692 -0.767106900000E+02  0.347114100000E+02  0.334300000000E+01
   14696 -0.767142000000E+02  0.347115400000E+02  0.377500000000E+01
   14697 -0.767135400000E+02  0.347115700000E+02  0.384100000000E+01
   14711 -0.767053400000E+02  0.347115300000E+02  0.134700000000E+01
   14723 -0.767023500000E+02  0.347112800000E+02  0.109600000000E+01
   14724 -0.767028700000E+02  0.347117500000E+02  0.150100000000E+01
   14726 -0.767158800000E+02  0.347117500000E+02  0.403300000000E+01
   14728 -0.767164800000E+02  0.347117200000E+02  0.398200000000E+01
   14739 -0.767100800000E+02  0.347118000000E+02  0.364100000000E+01
   14741 -0.767129100000E+02  0.347117800000E+02  0.403800000000E+01
   14743 -0.767121700000E+02  0.347118300000E+02  0.403000000000E+01
   14751 -0.767152500000E+02  0.347118200000E+02  0.406000000000E+01
   14752 -0.767113400000E+02  0.347118300000E+02  0.395200000000E+01
   14757 -0.767093200000E+02  0.347118400000E+02  0.333700000000E+01
   14759 -0.767073400000E+02  0.347118000000E+02  0.190700000000E+01
   14761 -0.767146200000E+02  0.347119100000E+02  0.395300000000E+01
   14770 -0.767180200000E+02  0.347119400000E+02  0.288100000000E+01
   14779 -0.767044100000E+02  0.347118900000E+02  0.189200000000E+01
   14793 -0.767140000000E+02  0.347120200000E+02  0.443900000000E+01
   14801 -0.767168700000E+02  0.347120700000E+02  0.440700000000E+01
   14809 -0.767087500000E+02  0.347120700000E+02  0.335200000000E+01
   14813 -0.767107100000E+02  0.347120200000E+02  0.403500000000E+01
   14820 -0.767174200000E+02  0.347120800000E+02  0.384100000000E+01
   14829 -0.767133600000E+02  0.347121500000E+02  0.457200000000E+01
   14830 -0.767016400000E+02  0.347116300000E+02  0.955000000000E+00
   14831 -0.767021600000E+02  0.347121700000E+02  0.142600000000E+01
   14832 -0.767162600000E+02  0.347121700000E+02  0.423100000000E+01
   14837 -0.767081500000E+02  0.347121600000E+02  0.325000000000E+01
   14839 -0.767116900000E+02  0.347122200000E+02  0.442000000000E+01
   14847 -0.767156500000E+02  0.347122400000E+02  0.395600000000E+01
   14849 -0.767062600000E+02  0.347121700000E+02  0.183100000000E+01
   14853 -0.767102800000E+02  0.347122400000E+02  0.420300000000E+01
   14857 -0.767097800000E+02  0.347122800000E+02  0.408100000000E+01
   14872 -0.767127300000E+02  0.347122800000E+02  0.431300000000E+01
   14874 -0.767035600000E+02  0.347123000000E+02  0.505600000000E+01
   14875 -0.767150300000E+02  0.347123300000E+02  0.387700000000E+01
   14877 -0.767111900000E+02  0.347123300000E+02  0.445400000000E+01
   14882 -0.767091900000E+02  0.347123900000E+02  0.395200000000E+01
   14885 -0.767076300000E+02  0.347124100000E+02  0.330300000000E+01
   14886 -0.767144300000E+02  0.347124100000E+02  0.395200000000E+01
   14900 -0.767121500000E+02  0.347124500000E+02  0.417100000000E+01
   14901 -0.767177900000E+02  0.347124800000E+02  0.377700000000E+01
   14911 -0.767008000000E+02  0.347119900000E+02  0.725000000000E+00
   14912 -0.767013600000E+02  0.347125200000E+02  0.244900000000E+01
   14913 -0.767106700000E+02  0.347124900000E+02  0.447800000000E+01
   14916 -0.767172000000E+02  0.347125300000E+02  0.405800000000E+01
   14918 -0.767052500000E+02  0.347124700000E+02  0.292700000000E+01
   14921 -0.767138300000E+02  0.347125400000E+02  0.363500000000E+01
   14922 -0.767070500000E+02  0.347125100000E+02  0.315900000000E+01
   14925 -0.767086200000E+02  0.347125400000E+02  0.404500000000E+01
   14928 -0.767166200000E+02  0.347125900000E+02  0.388200000000E+01
   14946 -0.767101600000E+02  0.347126300000E+02  0.440300000000E+01
   14947 -0.767160300000E+02  0.347126600000E+02  0.377100000000E+01
   14954 -0.767116200000E+02  0.347126500000E+02  0.403300000000E+01
   14957 -0.767080600000E+02  0.347126900000E+02  0.414100000000E+01
   14959 -0.767131900000E+02  0.347127100000E+02  0.306700000000E+01
   14963 -0.767027600000E+02  0.347127400000E+02  0.759600000000E+01
   14967 -0.767154500000E+02  0.347127400000E+02  0.358600000000E+01
   14971 -0.767096300000E+02  0.347127500000E+02  0.447500000000E+01
   14972 -0.767005200000E+02  0.347127400000E+02  0.400800000000E+01
   14979 -0.767126000000E+02  0.347127600000E+02  0.307400000000E+01
   14983 -0.767065500000E+02  0.347127800000E+02  0.341200000000E+01
   14989 -0.767111000000E+02  0.347128000000E+02  0.393700000000E+01
   14990 -0.767148200000E+02  0.347128300000E+02  0.254200000000E+01
   15002 -0.767142600000E+02  0.347128500000E+02  0.268900000000E+01
   15014 -0.767075300000E+02  0.347128600000E+02  0.412700000000E+01
   15015 -0.767090600000E+02  0.347128800000E+02  0.469400000000E+01
   15023 -0.767043500000E+02  0.347128800000E+02  0.107650000000E+02
   15033 -0.767059600000E+02  0.347129300000E+02  0.748400000000E+01
   15034 -0.767175400000E+02  0.347129600000E+02  0.386000000000E+01
   15036 -0.767105700000E+02  0.347129500000E+02  0.387300000000E+01
   15045 -0.767169600000E+02  0.347130100000E+02  0.352600000000E+01
   15047 -0.767120800000E+02  0.347130000000E+02  0.324000000000E+01
   15050 -0.767085000000E+02  0.347130200000E+02  0.485800000000E+01
   15058 -0.767070000000E+02  0.347130400000E+02  0.416700000000E+01
   15063 -0.767163800000E+02  0.347131000000E+02  0.318400000000E+01
   15065 -0.767100400000E+02  0.347130800000E+02  0.389400000000E+01
   15067 -0.767115200000E+02  0.347130900000E+02  0.343700000000E+01
   15069 -0.767158400000E+02  0.347131200000E+02  0.323600000000E+01
   15073 -0.767019400000E+02  0.347131300000E+02  0.108200000000E+02
   15084 -0.767137400000E+02  0.347131400000E+02  0.186400000000E+01
   15086 -0.767079500000E+02  0.347131700000E+02  0.493300000000E+01
   15094 -0.767095000000E+02  0.347132100000E+02  0.395400000000E+01
   15106 -0.767034500000E+02  0.347132900000E+02  0.108650000000E+02
   15108 -0.767064700000E+02  0.347132500000E+02  0.416900000000E+01
   15109 -0.767152700000E+02  0.347133000000E+02  0.219400000000E+01
   15114 -0.767110100000E+02  0.347133000000E+02  0.330700000000E+01
   15117 -0.767144900000E+02  0.347133500000E+02  0.118000000000E+01
   15121 -0.767074500000E+02  0.347133300000E+02  0.494200000000E+01
   15123 -0.767128400000E+02  0.347133800000E+02  0.163900000000E+01
   15124 -0.767089400000E+02  0.347133600000E+02  0.416700000000E+01
   15127 -0.767104500000E+02  0.347133700000E+02  0.341400000000E+01
   15140 -0.767011100000E+02  0.347134200000E+02  0.109180000000E+02
   15141 -0.767173000000E+02  0.347134400000E+02  0.291500000000E+01
   15146 -0.767167500000E+02  0.347134600000E+02  0.268700000000E+01
   15150 -0.767052200000E+02  0.347134300000E+02  0.108430000000E+02
   15166 -0.767059800000E+02  0.347134700000E+02  0.805300000000E+01
   15168 -0.767083500000E+02  0.347135200000E+02  0.437400000000E+01
   15175 -0.767069500000E+02  0.347135300000E+02  0.432900000000E+01
   15177 -0.767078500000E+02  0.347135700000E+02  0.459400000000E+01
   15179 -0.767099500000E+02  0.347135800000E+02  0.335300000000E+01
   15193 -0.767002500000E+02  0.347136400000E+02  0.109180000000E+02
   15195 -0.767093700000E+02  0.347136500000E+02  0.349000000000E+01
   15197 -0.767117600000E+02  0.347136800000E+02  0.163100000000E+01
   15217 -0.767025800000E+02  0.347137800000E+02  0.109050000000E+02
   15218 -0.767064200000E+02  0.347137500000E+02  0.378000000000E+01
   15219 -0.767160600000E+02  0.347137800000E+02  0.246600000000E+01
   15230 -0.767074300000E+02  0.347137900000E+02  0.427600000000E+01
   15242 -0.767041700000E+02  0.347138600000E+02  0.109180000000E+02
   15254 -0.767088400000E+02  0.347139000000E+02  0.348400000000E+01
   15259 -0.767106800000E+02  0.347139400000E+02  0.165300000000E+01
   15262 -0.767170300000E+02  0.347139600000E+02  0.216700000000E+01
   15268 -0.767149800000E+02  0.347139800000E+02  0.734000000000E+00
   15287 -0.767138300000E+02  0.347140000000E+02  0.430000000000E+00
   15297 -0.767069000000E+02  0.347140200000E+02  0.368900000000E+01
   15298 -0.767058200000E+02  0.347140000000E+02  0.109180000000E+02
   15300 -0.767080400000E+02  0.347140700000E+02  0.372700000000E+01
   15315 -0.767017100000E+02  0.347141600000E+02  0.109180000000E+02
   15326 -0.767096300000E+02  0.347142100000E+02  0.202400000000E+01
   15331 -0.767032600000E+02  0.347142000000E+02  0.109180000000E+02
   15343 -0.767063900000E+02  0.347142200000E+02  0.329600000000E+01
   15345 -0.767073900000E+02  0.347142600000E+02  0.353100000000E+01
   15357 -0.767008700000E+02  0.347143500000E+02  0.109190000000E+02
   15365 -0.767049700000E+02  0.347143800000E+02  0.109180000000E+02
   15368 -0.767126800000E+02  0.347143500000E+02  0.282000000000E+01
   15380 -0.767000400000E+02  0.347145000000E+02  0.109180000000E+02
   15396 -0.767068600000E+02  0.347145600000E+02  0.314600000000E+01
   15405 -0.767087000000E+02  0.347145700000E+02  0.220800000000E+01
   15431 -0.767156400000E+02  0.347146900000E+02  0.135700000000E+01
   15435 -0.767166400000E+02  0.347146700000E+02  0.142500000000E+01
   15456 -0.767115400000E+02  0.347146900000E+02  0.267800000000E+01
   15464 -0.767145800000E+02  0.347147400000E+02  0.420000000000E+00
   15466 -0.767059400000E+02  0.347147600000E+02  0.109180000000E+02
   15473 -0.767103900000E+02  0.347147800000E+02  0.257900000000E+01
   15481 -0.767077100000E+02  0.347148400000E+02  0.304700000000E+01
   15497 -0.767037800000E+02  0.347149500000E+02  0.109180000000E+02
   15524 -0.767094400000E+02  0.347150300000E+02  0.276200000000E+01
   15532 -0.767134900000E+02  0.347151100000E+02  0.142100000000E+01
   15534 -0.767023500000E+02  0.347151300000E+02  0.109180000000E+02
   15540 -0.767014300000E+02  0.347151600000E+02  0.112470000000E+02
   15559 -0.767006900000E+02  0.347152200000E+02  0.117350000000E+02
   15568 -0.767109500000E+02  0.347153000000E+02  0.203800000000E+01
   15571 -0.767152500000E+02  0.347153000000E+02  0.402000000000E+00
   15586 -0.767125900000E+02  0.347152400000E+02  0.142700000000E+01
   15589 -0.767170900000E+02  0.347153800000E+02  0.579000000000E+00
   15590 -0.767067800000E+02  0.347152700000E+02  0.282600000000E+01
   15596 -0.767142900000E+02  0.347153600000E+02  0.733000000000E+00
   15600 -0.767049100000E+02  0.347152700000E+02  0.109180000000E+02
   15607 -0.767085600000E+02  0.347153900000E+02  0.240100000000E+01
   15621 -0.767101000000E+02  0.347155100000E+02  0.190800000000E+01
   15646 -0.767117700000E+02  0.347155700000E+02  0.122800000000E+01
   15656 -0.767163000000E+02  0.347156600000E+02  0.462000000000E+00
   15668 -0.767058700000E+02  0.347156400000E+02  0.109080000000E+02
   15670 -0.767092700000E+02  0.347157300000E+02  0.164300000000E+01
   15680 -0.767076300000E+02  0.347157600000E+02  0.213100000000E+01
   15695 -0.767038800000E+02  0.347157700000E+02  0.109180000000E+02
   15724 -0.767109100000E+02  0.347159300000E+02  0.812000000000E+00
   15742 -0.767066800000E+02  0.347160600000E+02  0.153000000000E+01
   15754 -0.767050000000E+02  0.347161300000E+02  0.109180000000E+02
   15765 -0.767096500000E+02  0.347162800000E+02  0.655000000000E+00
   15798 -0.767086200000E+02  0.347164300000E+02  0.893000000000E+00
   15802 -0.767059100000E+02  0.347163500000E+02  0.575100000000E+01
   15845 -0.767074400000E+02  0.347165400000E+02  0.956000000000E+00
   15887 -0.767064500000E+02  0.347168200000E+02  0.102700000000E+01
   15894 -0.767038800000E+02  0.347166500000E+02  0.109180000000E+02
   15937 -0.767055600000E+02  0.347170800000E+02  0.393300000000E+01
   16101 -0.767039400000E+02  0.347176900000E+02  0.958600000000E+01
   16160 -0.767053200000E+02  0.347181200000E+02  0.268700000000E+01
   16187 -0.767065700000E+02  0.347178100000E+02  0.201900000000E+01
   16236 -0.767064700000E+02  0.347185400000E+02  0.268400000000E+01
   16237 -0.767071600000E+02  0.347180000000E+02  0.200600000000E+01
   16279 -0.767075400000E+02  0.347188300000E+02  0.268100000000E+01
   16280 -0.767083800000E+02  0.347183800000E+02  0.213300000000E+01
   16294 -0.767039200000E+02  0.347186100000E+02  0.139000000000E+01
   16330 -0.767054500000E+02  0.347190000000E+02  0.158600000000E+01
   16343 -0.767084600000E+02  0.347190200000E+02  0.268800000000E+01
   16344 -0.767093800000E+02  0.347188100000E+02  0.268800000000E+01
   16353 -0.767104000000E+02  0.347186900000E+02  0.205300000000E+01
   16402 -0.767068200000E+02  0.347195000000E+02  0.106000000000E+01
   16403 -0.767090100000E+02  0.347195100000E+02  0.233400000000E+01
   16411 -0.767079700000E+02  0.347195600000E+02  0.132100000000E+01
   16420 -0.767102100000E+02  0.347195200000E+02  0.268800000000E+01
       1 3    13468    13469    13470
       2 3    13489    13490    13469
       3 3    13468    13524    13525
       4 3    13468    13470    13524
       5 3    13469    13539    13470
       6 3    13469    13490    13539
       7 3    13470    13634    13524
       8 3    13470    13539    13634
       9 3    13525    13524    13644
      10 3    13525    13644    13653
      11 3    13490    13691    13539
      12 3    13653    13692    13693
      13 3    13710    13719    13720
      14 3    13524    13723    13644
      15 3    13524    13634    13723
      16 3    13539    13735    13634
      17 3    13653    13644    13756
      18 3    13539    13691    13735
      19 3    13719    13693    13758
      20 3    13653    13756    13692
      21 3    13693    13692    13799
      22 3    13710    13720    13711
      23 3    13634    13815    13723
      24 3    13634    13735    13815
      25 3    13693    13799    13758
      26 3    13644    13723    13827
      27 3    13691    13829    13735
      28 3    13719    13758    13720
      29 3    13644    13827    13756
      30 3    13711    13720    13871
      31 3    13692    13756    13880
      32 3    13735    13889    13815
      33 3    13720    13758    13892
      34 3    13692    13880    13799
      35 3    13723    13815    13902
      36 3    13723    13902    13827
      37 3    13735    13829    13889
      38 3    13756    13827    13926
      39 3    13758    13799    13929
      40 3    13756    13926    13880
      41 3    13829    13947    13889
      42 3    13720    13892    13871
      43 3    13815    13967    13902
      44 3    13815    13889    13967
      45 3    13758    13929    13892
      46 3    13799    13880    13975
      47 3    13827    13902    13990
      48 3    13827    13990    13926
      49 3    13799    13975    13929
      50 3    13871    13892    14039
      51 3    13880    13926    14049
      52 3    13889    13947    14052
      53 3    13889    14052    13967
      54 3    13880    14049    13975
      55 3    13892    13929    14088
      56 3    13902    13967    14095
      57 3    13902    14095    13990
      58 3    13871    14039    14009
      59 3    13926    13990    14134
      60 3    13947    14137    14052
      61 3    13929    13975    14140
      62 3    13926    14134    14049
      63 3    13892    14088    14039
      64 3    13967    14052    14173
      65 3    13967    14173    14095
      66 3    13929    14140    14088
      67 3    13975    14049    14184
      68 3    13990    14095    14194
      69 3    14009    14039    14202
      70 3    13990    14194    14134
      71 3    13975    14184    14140
      72 3    14039    14088    14223
      73 3    14052    14137    14235
      74 3    14049    14134    14237
      75 3    14052    14235    14173
      76 3    14049    14237    14184
      77 3    14088    14140    14260
      78 3    14095    14173    14266
      79 3    14095    14266    14194
      80 3    14039    14223    14202
      81 3    14134    14194    14290
      82 3    14140    14184    14295
      83 3    14088    14260    14223
      84 3    14134    14290    14237
      85 3    14173    14235    14328
      86 3    14173    14328    14266
      87 3    14140    14295    14260
      88 3    14184    14237    14341
      89 3    14137    14345    14235
      90 3    14194    14266    14360
      91 3    14202    14223    14361
      92 3    14194    14360    14290
      93 3    14184    14341    14295
      94 3    14223    14260    14388
      95 3    14237    14290    14395
      96 3    14235    14403    14328
      97 3    14202    14361    14335
      98 3    14237    14395    14341
      99 3    14260    14295    14420
     100 3    14266    14328    14422
     101 3    14235    14345    14403
     102 3    14266    14422    14360
     103 3    14223    14388    14361
     104 3    14290    14360    14446
     105 3    14345    14447    14403
     106 3    14295    14341    14453
     107 3    14260    14420    14388
     108 3    14290    14446    14395
     109 3    14328    14403    14477
     110 3    14328    14477    14422
     111 3    14335    14361    14483
     112 3    14341    14395    14484
     113 3    14295    14453    14420
     114 3    14345    14500    14447
     115 3    14361    14388    14501
     116 3    14360    14422    14506
     117 3    14341    14484    14453
     118 3    14360    14506    14446
     119 3    14395    14446    14533
     120 3    14403    14539    14477
     121 3    14403    14447    14539
     122 3    14388    14420    14540
     123 3    14335    14483    14469
     124 3    14395    14533    14484
     125 3    14361    14501    14483
     126 3    14422    14477    14564
     127 3    14420    14453    14565
     128 3    14388    14540    14501
     129 3    14422    14564    14506
     130 3    14447    14596    14539
     131 3    14453    14484    14607
     132 3    14447    14500    14596
     133 3    14446    14506    14624
     134 3    14420    14565    14540
     135 3    14446    14624    14533
     136 3    14484    14533    14632
     137 3    14501    14540    14638
     138 3    14477    14539    14642
     139 3    14469    14483    14643
     140 3    14500    14645    14646
     141 3    14500    14646    14596
     142 3    14477    14642    14564
     143 3    14540    14565    14660
     144 3    14483    14501    14662
     145 3    14453    14607    14565
     146 3    14540    14669    14638
     147 3    14484    14632    14607
     148 3    14540    14660    14669
     149 3    14506    14564    14685
     150 3    14533    14692    14632
     151 3    14533    14624    14692
     152 3    14565    14696    14660
     153 3    14565    14607    14697
     154 3    14501    14638    14662
     155 3    14539    14596    14711
     156 3    14506    14685    14624
     157 3    14539    14711    14642
     158 3    14565    14697    14696
     159 3    14723    14724    14645
     160 3    14638    14669    14726
     161 3    14638    14728    14662
     162 3    14645    14724    14646
     163 3    14483    14662    14643
     164 3    14624    14739    14692
     165 3    14607    14741    14697
     166 3    14632    14743    14607
     167 3    14669    14660    14751
     168 3    14632    14692    14752
     169 3    14624    14685    14757
     170 3    14564    14642    14759
     171 3    14638    14726    14728
     172 3    14660    14696    14761
     173 3    14643    14662    14770
     174 3    14596    14646    14779
     175 3    14607    14743    14741
     176 3    14564    14759    14685
     177 3    14596    14779    14711
     178 3    14624    14757    14739
     179 3    14669    14751    14726
     180 3    14696    14697    14793
     181 3    14660    14761    14751
     182 3    14632    14752    14743
     183 3    14728    14801    14662
     184 3    14685    14809    14757
     185 3    14692    14813    14752
     186 3    14692    14739    14813
     187 3    14662    14820    14770
     188 3    14697    14741    14829
     189 3    14723    14830    14831
     190 3    14728    14726    14832
     191 3    14662    14801    14820
     192 3    14696    14793    14761
     193 3    14685    14759    14837
     194 3    14752    14839    14743
     195 3    14723    14831    14724
     196 3    14726    14751    14847
     197 3    14685    14837    14809
     198 3    14642    14711    14849
     199 3    14739    14853    14813
     200 3    14697    14829    14793
     201 3    14739    14757    14857
     202 3    14741    14743    14872
     203 3    14646    14724    14874
     204 3    14751    14761    14875
     205 3    14642    14849    14759
     206 3    14728    14832    14801
     207 3    14752    14813    14877
     208 3    14646    14874    14779
     209 3    14739    14857    14853
     210 3    14726    14847    14832
     211 3    14757    14809    14882
     212 3    14759    14885    14837
     213 3    14752    14877    14839
     214 3    14761    14793    14886
     215 3    14741    14872    14829
     216 3    14743    14839    14900
     217 3    14770    14820    14901
     218 3    14751    14875    14847
     219 3    14757    14882    14857
     220 3    14830    14911    14912
     221 3    14813    14853    14913
     222 3    14743    14900    14872
     223 3    14820    14801    14916
     224 3    14711    14779    14918
     225 3    14793    14829    14921
     226 3    14759    14849    14922
     227 3    14761    14886    14875
     228 3    14809    14837    14925
     229 3    14813    14913    14877
     230 3    14801    14832    14928
     231 3    14759    14922    14885
     232 3    14830    14912    14831
     233 3    14711    14918    14849
     234 3    14853    14857    14946
     235 3    14832    14847    14947
     236 3    14809    14925    14882
     237 3    14793    14921    14886
     238 3    14839    14877    14954
     239 3    14820    14916    14901
     240 3    14837    14885    14957
     241 3    14829    14872    14959
     242 3    14801    14928    14916
     243 3    14724    14831    14963
     244 3    14847    14875    14967
     245 3    14839    14954    14900
     246 3    14853    14946    14913
     247 3    14857    14882    14971
     248 3    14837    14957    14925
     249 3    14872    14900    14979
     250 3    14849    14983    14922
     251 3    14724    14963    14874
     252 3    14832    14947    14928
     253 3    14877    14913    14989
     254 3    14875    14886    14990
     255 3    14829    14959    14921
     256 3    14857    14971    14946
     257 3    14886    14921    15002
     258 3    14847    14967    14947
     259 3    14877    14989    14954
     260 3    14885    14922    15014
     261 3    14882    14925    15015
     262 3    14872    14979    14959
     263 3    14779    14874    15023
     264 3    14911    14972    14912
     265 3    14849    14918    15033
     266 3    14901    14916    15034
     267 3    14885    15014    14957
     268 3    14913    14946    15036
     269 3    14779    15023    14918
     270 3    14875    14990    14967
     271 3    14849    15033    14983
     272 3    14882    15015    14971
     273 3    14916    14928    15045
     274 3    14886    15002    14990
     275 3    14900    14954    15047
     276 3    14925    14957    15050
     277 3    14913    15036    14989
     278 3    14900    15047    14979
     279 3    14922    14983    15058
     280 3    14928    14947    15063
     281 3    14946    14971    15065
     282 3    14954    14989    15067
     283 3    14922    15058    15014
     284 3    14947    14967    15069
     285 3    14831    14912    15073
     286 3    14925    15050    15015
     287 3    14916    15045    15034
     288 3    14921    14959    15084
     289 3    14957    15014    15086
     290 3    14921    15084    15002
     291 3    14946    15065    15036
     292 3    14831    15073    14963
     293 3    14954    15067    15047
     294 3    14971    15015    15094
     295 3    14928    15063    15045
     296 3    14947    15069    15063
     297 3    14957    15086    15050
     298 3    14874    14963    15106
     299 3    14983    15033    15108
     300 3    14967    14990    15109
     301 3    14989    15036    15114
     302 3    14971    15094    15065
     303 3    14983    15108    15058
     304 3    15002    15117    14990
     305 3    15014    15058    15121
     306 3    14989    15114    15067
     307 3    14979    15123    14959
     308 3    15015    15050    15124
     309 3    15036    15065    15127
     310 3    14874    15106    15023
     311 3    14967    15109    15069
     312 3    15014    15121    15086
     313 3    14912    14972    15140
     314 3    15034    15045    15141
     315 3    15045    15063    15146
     316 3    14918    15150    15033
     317 3    15015    15124    15094
     318 3    14918    15023    15150
     319 3    15033    15166    15108
     320 3    15036    15127    15114
     321 3    15050    15086    15168
     322 3    14912    15140    15073
     323 3    15058    15108    15175
     324 3    14979    15047    15123
     325 3    15086    15121    15177
     326 3    15002    15084    15117
     327 3    15065    15094    15179
     328 3    15058    15175    15121
     329 3    15045    15146    15141
     330 3    14990    15117    15109
     331 3    14959    15123    15084
     332 3    15050    15168    15124
     333 3    15065    15179    15127
     334 3    15033    15150    15166
     335 3    15094    15124    15195
     336 3    15067    15197    15047
     337 3    15086    15177    15168
     338 3    14963    15073    15217
     339 3    15108    15166    15218
     340 3    15069    15219    15063
     341 3    14972    15193    15140
     342 3    15094    15195    15179
     343 3    15108    15218    15175
     344 3    15121    15230    15177
     345 3    15121    15175    15230
     346 3    14963    15217    15106
     347 3    15023    15106    15242
     348 3    15063    15219    15146
     349 3    15067    15114    15197
     350 3    15124    15168    15254
     351 3    15127    15259    15114
     352 3    15146    15262    15141
     353 3    15124    15254    15195
     354 3    15109    15117    15268
     355 3    15069    15109    15219
     356 3    15023    15242    15150
     357 3    15084    15287    15117
     358 3    15175    15218    15297
     359 3    15166    15150    15298
     360 3    15047    15197    15123
     361 3    15177    15300    15168
     362 3    15175    15297    15230
     363 3    15166    15298    15218
     364 3    15127    15179    15259
     365 3    15073    15140    15315
     366 3    15084    15123    15287
     367 3    15195    15326    15179
     368 3    15106    15217    15331
     369 3    15177    15230    15300
     370 3    15073    15315    15217
     371 3    15218    15343    15297
     372 3    15218    15298    15343
     373 3    15230    15297    15345
     374 3    15168    15300    15254
     375 3    15106    15331    15242
     376 3    15109    15268    15219
     377 3    15140    15193    15357
     378 3    15146    15219    15262
     379 3    15114    15259    15197
     380 3    15230    15345    15300
     381 3    15150    15242    15365
     382 3    15123    15197    15368
     383 3    15195    15254    15326
     384 3    15140    15357    15315
     385 3    15150    15365    15298
     386 3    15117    15287    15268
     387 3    15123    15368    15287
     388 3    15297    15343    15396
     389 3    15179    15326    15259
     390 3    15254    15300    15405
     391 3    15297    15396    15345
     392 3    15193    15380    15357
     393 3    15219    15268    15431
     394 3    15262    15219    15435
     395 3    15197    15259    15456
     396 3    15268    15287    15464
     397 3    15298    15466    15343
     398 3    15254    15405    15326
     399 3    15259    15326    15473
     400 3    15345    15481    15300
     401 3    15197    15456    15368
     402 3    15331    15497    15242
     403 3    15219    15431    15435
     404 3    15298    15365    15466
     405 3    15326    15405    15524
     406 3    15268    15464    15431
     407 3    15300    15481    15405
     408 3    15287    15368    15532
     409 3    15259    15473    15456
     410 3    15315    15534    15217
     411 3    15345    15396    15481
     412 3    15343    15466    15396
     413 3    15315    15357    15540
     414 3    15217    15534    15331
     415 3    15242    15497    15365
     416 3    15326    15524    15473
     417 3    15357    15380    15559
     418 3    15287    15532    15464
     419 3    15473    15568    15456
     420 3    15431    15464    15571
     421 3    15357    15559    15540
     422 3    15315    15540    15534
     423 3    15368    15456    15586
     424 3    15396    15466    15590
     425 3    15368    15586    15532
     426 3    15464    15532    15596
     427 3    15365    15600    15466
     428 3    15365    15497    15600
     429 3    15396    15590    15481
     430 3    15405    15481    15607
     431 3    15473    15524    15621
     432 3    15405    15607    15524
     433 3    15456    15646    15586
     434 3    15331    15534    15497
     435 3    15435    15431    15656
     436 3    15456    15568    15646
     437 3    15464    15596    15571
     438 3    15473    15621    15568
     439 3    15435    15656    15589
     440 3    15466    15600    15668
     441 3    15466    15668    15590
     442 3    15524    15607    15670
     443 3    15481    15590    15680
     444 3    15431    15571    15656
     445 3    15481    15680    15607
     446 3    15524    15670    15621
     447 3    15497    15695    15600
     448 3    15568    15621    15724
     449 3    15568    15724    15646
     450 3    15590    15668    15742
     451 3    15600    15754    15668
     452 3    15590    15742    15680
     453 3    15670    15765    15621
     454 3    15600    15695    15754
     455 3    15607    15798    15670
     456 3    15668    15802    15742
     457 3    15668    15754    15802
     458 3    15607    15680    15798
     459 3    15680    15742    15845
     460 3    15670    15798    15765
     461 3    15621    15765    15724
     462 3    15742    15802    15887
     463 3    15695    15894    15754
     464 3    15680    15845    15798
     465 3    15742    15887    15845
     466 3    15802    15754    15937
     467 3    15802    15937    15887
     468 3    15754    15894    15937
     469 3    15894    16101    15937
     470 3    15937    16101    16160
     471 3    15937    16160    16187
     472 3    16187    16236    16237
     473 3    16187    16160    16236
     474 3    16237    16279    16280
     475 3    16101    16294    16160
     476 3    16237    16236    16279
     477 3    16160    16330    16236
     478 3    16280    16343    16344
     479 3    16280    16279    16343
     480 3    16160    16294    16330
     481 3    16236    16402    16279
     482 3    16344    16343    16403
     483 3    16279    16411    16343
     484 3    16353    16344    16420
     485 3    16236    16330    16402
     486 3    16279    16402    16411
     487 3    16344    16403    16420
     488 3    16343    16411    16403
 0                                                                              
 0                                                                              
 3                                                                              
 52                                                                             
      13       0                                                                
   15559
   15540
   15534
   15497
   15695
   15894
   16101
   16294
   16330
   16402
   16411
   16403
   16420
      19       1                                                                
   13710
   13719
   13693
   13653
   13525
   13468
   13469
   13489
   13490
   13691
   13829
   13947
   14137
   14345
   14500
   14645
   14723
   14830
   14911
      19       1                                                                
   15532
   15596
   15571
   15656
   15589
   16353
   16344
   16280
   16237
   16187
   15937
   15887
   15845
   15798
   15765
   15724
   15646
   15586
   15532
