FileFmt      1050624           0           0
NELG           58641         560         509
      -45036
      -45038
      -45054
      -45058
      -45076
      -45078
      -45081
       45103
       45110
      -45127
      -45131
       45132
       45135
       45143
       45144
       45146
       45147
      -45159
      -45160
       45166
       45171
       45175
      -45176
      -45180
       45181
       45189
       45192
       45193
       45197
      -45207
      -45208
       45211
       45212
       45216
       45219
       45222
       45226
       45231
       45234
       45236
       45239
       45240
       45242
       45243
       45249
       45250
       45251
       45252
       45254
       45256
       45258
       45263
       45266
       45270
       45273
       45274
       45275
       45277
       45278
       45282
       45283
       45284
       45287
       45291
       45292
       45294
       45296
       45297
       45298
       45300
       45302
       45306
       45308
       45309
       45316
       45319
       45320
       45321
       45322
       45325
       45326
       45329
       45330
       45332
       45333
       45334
       45336
       45339
       45341
       45344
       45347
       45351
       45352
       45354
       45355
       45356
       45361
       45362
       45363
       45365
       45368
       45369
       45373
       45376
       45381
       45384
       45385
       45386
       45388
       45391
       45393
       45394
       45395
       45397
       45399
       45403
       45404
       45407
      -45408
       45409
       45415
       45418
       45420
       45421
       45423
       45425
       45427
       45433
       45435
       45437
       45438
       45439
       45441
       45442
       45443
       45446
       45447
       45449
       45450
       45451
       45452
       45453
       45455
      -45456
       45457
       45461
       45462
       45463
       45466
       45469
       45470
       45473
       45474
      -45475
       45477
       45478
       45479
       45481
       45482
       45485
       45488
       45489
       45491
       45492
       45495
       45498
       45500
       45504
       45508
       45510
       45515
       45519
       45522
      -45523
       45524
       45525
       45526
       45528
       45529
       45530
       45531
       45532
       45534
       45536
       45537
       45540
       45542
       45543
       45544
       45547
       45551
       45554
       45555
       45559
       45560
       45561
      -45563
       45564
       45566
       45571
       45575
       45577
       45578
       45579
       45580
       45583
       45584
       45585
       45587
       45589
       45591
       45593
       45594
       45596
       45597
       45601
       45604
       45606
       45607
       45608
       45609
       45613
       45614
       45615
       45617
       45621
       45622
       45624
       45625
       45628
       45630
       45631
       45632
       45633
       45635
       45639
       45640
       45643
       45646
       45647
      -45648
       45651
       45652
       45653
       45657
       45658
       45659
       45660
       45661
       45666
       45667
       45668
       45670
       45671
       45672
       45673
       45675
       45676
       45677
       45679
       45680
       45681
       45684
       45685
       45688
       45689
       45690
       45691
      -45692
       45694
       45699
       45700
       45703
       45707
       45708
       45709
       45710
       45712
       45713
       45714
       45717
       45718
       45719
       45721
       45723
       45724
       45725
       45726
       45727
       45729
       45730
       45731
       45732
       45735
       45738
       45739
       45740
      -45741
       45744
       45745
       45747
       45750
       45753
       45754
       45758
       45759
       45761
       45766
       45769
       45770
       45771
       45773
       45774
       45775
       45777
       45778
       45779
       45781
       45782
       45785
       45786
       45788
       45794
       45795
       45797
       45799
       45800
       45801
       45802
       45803
       45805
       45809
       45813
       45814
       45815
       45816
       45819
       45820
       45824
       45825
       45826
       45829
       45832
       45833
       45835
       45836
       45838
       45839
       45840
      -45841
       45843
       45846
       45848
       45849
       45850
       45851
       45852
       45853
       45855
       45858
       45859
       45862
       45864
       45865
       45867
       45869
       45870
       45872
       45873
       45874
       45876
       45877
       45883
       45884
       45885
       45887
       45888
       45889
       45891
       45892
       45893
       45894
       45896
       45897
       45899
       45900
       45903
       45905
       45906
       45907
       45912
       45916
       45917
       45918
       45920
       45921
       45924
       45928
       45929
       45931
       45932
       45936
       45940
       45942
       45943
       45947
       45948
       45951
       45952
       45953
       45956
       45957
      -45960
       45962
       45963
       45964
       45969
       45974
       45975
       45977
       45978
       45979
       45980
       45981
       45982
       45985
       45989
       45990
       45992
       46001
       46002
       46005
       46006
       46007
       46008
       46009
       46011
       46014
       46015
       46016
      -46018
      -46021
      -46023
       46026
       46027
       46028
      -46029
       46030
       46032
       46035
      -46039
       46041
       46042
       46043
      -46044
       46045
       46047
      -46048
       46049
       46051
       46056
      -46057
      -46058
       46060
      -46062
       46064
      -46065
       46069
      -46071
       46072
       46076
      -46077
       46082
      -46083
       46084
      -46086
      -46089
      -46091
       46092
      -46093
       46099
      -46103
      -46114
      -46116
       46122
       46124
       46127
       46128
       46132
       46136
       46142
      -46153
       46163
      -46167
      -46176
       46182
       46201
       46219
      -46222
       46240
      -46257
      -46263
      -46273
      -46276
      -46321
      -46329
      -46354
      -46364
      -46386
NNODG          32218         319         280
      -24848
      -24860
      -24867
      -24870
       24877
       24889
      -24890
       24904
       24905
      -24915
       24917
      -24919
       24929
       24933
      -24935
       24936
       24937
       24938
       24948
       24952
       24956
       24957
       24958
       24960
       24965
       24966
       24971
       24973
       24974
       24975
       24979
       24986
       24987
       24988
       24989
       24990
       24991
       24996
       24997
       24998
       25002
       25006
       25007
       25010
       25011
       25013
       25017
       25018
       25022
       25023
       25026
       25027
       25028
       25030
       25032
       25036
       25039
       25040
       25043
       25044
       25046
       25047
       25049
       25051
       25053
       25055
       25057
       25059
       25062
       25063
       25065
       25071
       25075
       25076
       25077
      -25078
       25080
       25081
       25082
       25083
       25087
       25089
       25092
       25094
       25096
       25097
       25098
       25099
      -25100
       25101
       25102
       25104
       25106
       25107
       25109
       25110
       25111
       25114
       25115
       25118
       25120
       25121
       25122
       25123
       25126
       25128
       25129
       25133
       25138
       25143
       25144
       25145
       25146
       25147
       25148
       25150
       25151
      -25152
       25154
       25155
       25157
       25160
       25162
       25166
       25167
       25168
       25175
       25176
       25177
       25180
       25182
       25183
       25185
       25187
       25188
       25191
       25192
       25193
       25194
       25195
       25198
       25201
       25203
       25204
       25209
       25211
       25214
       25215
       25217
       25218
      -25219
       25221
       25222
       25225
       25226
       25227
       25228
       25229
       25230
       25231
       25233
       25236
       25237
       25239
       25242
       25243
       25245
       25246
       25247
       25249
       25251
       25252
       25253
       25255
       25256
       25259
       25261
       25262
       25266
       25268
       25270
       25271
       25272
       25275
       25276
      -25277
       25278
       25279
       25281
       25282
       25283
       25286
       25287
       25291
       25292
       25293
       25295
       25298
       25300
       25301
       25305
       25307
       25311
       25312
       25313
       25314
       25316
       25317
       25319
       25322
       25323
       25324
       25326
       25327
       25328
       25334
       25335
       25336
       25338
       25339
       25340
       25341
       25342
       25345
       25348
       25349
       25351
       25354
       25356
       25358
       25359
       25361
       25366
       25372
       25373
       25375
       25376
       25377
       25384
       25385
       25386
       25387
       25390
       25392
       25395
       25397
       25398
       25399
       25401
      -25403
      -25405
       25407
       25408
      -25409
       25412
       25415
       25416
       25417
       25419
      -25420
       25421
       25425
      -25426
      -25428
      -25431
      -25433
      -25436
      -25439
       25442
      -25445
       25455
       25457
       25458
      -25477
       25483
       25495
      -25505
      -25526
      -25560
      -25578
NFLUXF             0
NETA             128          29           0
NSTAE              0           0           0
NSTAV              0           0           0
NSTAM              0           0           0
NSTAC              0           0           0
RES NODE          93         251
                   5           6           8           9          11          13
                  14          16          17          18          19          20
                  21          22          23          24          25          26
                  27          28          29          30          31          32
                  33          34          35          36          37          38
                  39          40          41          42          43          44
                  45          46          47          48          49          50
                  51          52          53          54          55          56
                  57          58          59          60          61          62
                  63          64          65          66          67          68
                  69          70          71          72          73          74
                  75          77          78          79          80          81
                  82          83          84          85          86          87
                  88          90          91          92          93          94
                  95          96          97          98          99         100
                 101         102         103         104         105         106
                 107         108         109         110         111         112
                 113         114         115         116         117         119
                 120         121         122         123         124         125
                 126         127         128         129         130         131
                 132         133         134         135         136         137
                 138         139         140         141         142         143
                 144         145         146         147         148         149
                 150         152         153         154         155         156
                 157         158         159         160         161         162
                 163         164         165         166         167         168
                 169         170         171         172         173         174
                 175         176         177         178         179         180
                 181         182         183         184         185         187
                 188         189         190         191         192         193
                 194         195         196         197         198         199
                 200         201         202         203         204         205
                 206         207         208         209         210         211
                 212         213         214         215         216         217
                 218         219         220         221         222         223
                 224         225         226         227         228         229
                 230         231         232         233         234         235
                 236         237         238         239         240         241
                 242         243         244         245         246         247
                 248         249         252         253         255         256
                 257         258         259         261         262         269
                 271         272         273         275         276
COMM PE            3
RECV PE           14           8
                   1           2           3           4           7          10
                  12          15
RECV PE           91           6
                  76          89         118         151         186         267
RECV PE           92          15
                 250         251         254         260         263         264
                 265         266         268         270         274         277
                 278         279         280
SEND PE           14           9
                   5           6           8           9          13          19
                  23          24          27
SEND PE           91           8
                  63          80          96         112         148         178
                 220         257
SEND PE           92          18
                 224         232         234         236         241         243
                 245         249         252         255         257         258
                 269         271         272         273         275         276
