bi_1997_v2.grd                                                                  
     509     280
   24848 -0.760306000000E+02  0.350592900000E+02  0.231600000000E+01
   24860 -0.760337900000E+02  0.350602100000E+02  0.228400000000E+01
   24867 -0.760367900000E+02  0.350607000000E+02  0.119700000000E+01
   24870 -0.760276800000E+02  0.350613100000E+02  0.139300000000E+01
   24877 -0.760308300000E+02  0.350623500000E+02  0.129400000000E+01
   24889 -0.760340000000E+02  0.350632600000E+02  0.258900000000E+01
   24890 -0.760248000000E+02  0.350633300000E+02  0.116700000000E+01
   24904 -0.760372900000E+02  0.350640400000E+02  0.981000000000E+00
   24905 -0.760279200000E+02  0.350644800000E+02  0.116400000000E+01
   24915 -0.760219600000E+02  0.350653300000E+02  0.116400000000E+01
   24917 -0.760310800000E+02  0.350655900000E+02  0.126000000000E+01
   24919 -0.760161300000E+02  0.350656600000E+02  0.631500000000E+01
   24929 -0.760250600000E+02  0.350665800000E+02  0.116400000000E+01
   24933 -0.760342500000E+02  0.350666900000E+02  0.311100000000E+01
   24935 -0.760191700000E+02  0.350673500000E+02  0.576200000000E+01
   24936 -0.760282000000E+02  0.350677800000E+02  0.116300000000E+01
   24937 -0.760373300000E+02  0.350680200000E+02  0.312100000000E+01
   24938 -0.760398900000E+02  0.350657700000E+02  0.812000000000E+00
   24948 -0.760222400000E+02  0.350686900000E+02  0.428900000000E+01
   24952 -0.760313600000E+02  0.350690000000E+02  0.120300000000E+01
   24956 -0.760403900000E+02  0.350696300000E+02  0.141100000000E+01
   24957 -0.760426900000E+02  0.350677100000E+02  0.353400000000E+01
   24958 -0.760163700000E+02  0.350696200000E+02  0.483800000000E+01
   24960 -0.760134100000E+02  0.350683100000E+02  0.235800000000E+01
   24965 -0.760253500000E+02  0.350699400000E+02  0.114600000000E+01
   24966 -0.760345200000E+02  0.350703000000E+02  0.100900000000E+01
   24971 -0.760194500000E+02  0.350708900000E+02  0.639700000000E+01
   24973 -0.760437700000E+02  0.350712200000E+02  0.272100000000E+01
   24974 -0.760464500000E+02  0.350691100000E+02  0.849000000000E+00
   24975 -0.760285000000E+02  0.350712000000E+02  0.124600000000E+01
   24979 -0.760377000000E+02  0.350717500000E+02  0.879000000000E+00
   24986 -0.760225500000E+02  0.350721200000E+02  0.688000000000E+01
   24987 -0.760134900000E+02  0.350723100000E+02  0.121900000000E+01
   24988 -0.760316700000E+02  0.350725100000E+02  0.364000000000E+01
   24989 -0.760475300000E+02  0.350727300000E+02  0.692700000000E+01
   24990 -0.760502900000E+02  0.350706300000E+02  0.755000000000E+00
   24991 -0.760099500000E+02  0.350718500000E+02  0.283800000000E+01
   24996 -0.760410200000E+02  0.350733000000E+02  0.934000000000E+00
   24997 -0.760166600000E+02  0.350732700000E+02  0.428100000000E+01
   24998 -0.760256800000E+02  0.350733800000E+02  0.103600000000E+01
   25002 -0.760348800000E+02  0.350739100000E+02  0.135800000000E+01
   25006 -0.760517700000E+02  0.350741600000E+02  0.325700000000E+01
   25007 -0.760556000000E+02  0.350715100000E+02  0.610000000000E+00
   25010 -0.760197900000E+02  0.350743900000E+02  0.448300000000E+01
   25011 -0.760288400000E+02  0.350746800000E+02  0.733000000000E+00
   25013 -0.760445700000E+02  0.350748700000E+02  0.994000000000E+00
   25017 -0.760106600000E+02  0.350750800000E+02  0.115700000000E+01
   25018 -0.760381700000E+02  0.350754100000E+02  0.128400000000E+01
   25022 -0.760073900000E+02  0.350745500000E+02  0.750100000000E+01
   25023 -0.760229100000E+02  0.350755800000E+02  0.529200000000E+01
   25026 -0.760139000000E+02  0.350758000000E+02  0.108100000000E+01
   25027 -0.760563600000E+02  0.350756000000E+02  0.765000000000E+00
   25028 -0.760609100000E+02  0.350723900000E+02  0.572000000000E+00
   25030 -0.760320400000E+02  0.350760600000E+02  0.130300000000E+01
   25032 -0.760484000000E+02  0.350764400000E+02  0.114000000000E+01
   25036 -0.760170600000E+02  0.350767500000E+02  0.116200000000E+01
   25039 -0.760260500000E+02  0.350768500000E+02  0.123300000000E+01
   25040 -0.760415900000E+02  0.350769700000E+02  0.124300000000E+01
   25043 -0.760352900000E+02  0.350775200000E+02  0.373100000000E+01
   25044 -0.760080300000E+02  0.350776900000E+02  0.110600000000E+01
   25046 -0.760608200000E+02  0.350776100000E+02  0.827000000000E+00
   25047 -0.760201900000E+02  0.350778500000E+02  0.200900000000E+01
   25049 -0.760654800000E+02  0.350754700000E+02  0.718000000000E+00
   25051 -0.760047700000E+02  0.350771700000E+02  0.474200000000E+01
   25053 -0.760292200000E+02  0.350782000000E+02  0.639000000000E+00
   25055 -0.760524700000E+02  0.350780500000E+02  0.333700000000E+01
   25057 -0.760112200000E+02  0.350783500000E+02  0.975000000000E+00
   25059 -0.760451800000E+02  0.350785800000E+02  0.867000000000E+00
   25062 -0.760233200000E+02  0.350790600000E+02  0.250100000000E+01
   25063 -0.760386200000E+02  0.350790500000E+02  0.102600000000E+01
   25065 -0.760143700000E+02  0.350791900000E+02  0.976000000000E+00
   25071 -0.760324300000E+02  0.350796200000E+02  0.119500000000E+01
   25075 -0.760055500000E+02  0.350801900000E+02  0.134200000000E+01
   25076 -0.760175100000E+02  0.350801800000E+02  0.101300000000E+01
   25077 -0.760566000000E+02  0.350798800000E+02  0.931000000000E+00
   25078 -0.760700600000E+02  0.350785600000E+02  0.186500000000E+01
   25080 -0.760264600000E+02  0.350803600000E+02  0.349400000000E+01
   25081 -0.760489400000E+02  0.350802500000E+02  0.989000000000E+00
   25082 -0.760028000000E+02  0.350793000000E+02  0.117300000000E+01
   25083 -0.760650300000E+02  0.350802600000E+02  0.220400000000E+01
   25087 -0.760420600000E+02  0.350806500000E+02  0.101300000000E+01
   25089 -0.760086300000E+02  0.350808800000E+02  0.972000000000E+00
   25092 -0.760357000000E+02  0.350811200000E+02  0.120600000000E+01
   25094 -0.760206300000E+02  0.350813100000E+02  0.775000000000E+00
   25096 -0.760117500000E+02  0.350816500000E+02  0.804000000000E+00
   25097 -0.760296300000E+02  0.350817400000E+02  0.117500000000E+01
   25098 -0.760528000000E+02  0.350820200000E+02  0.248700000000E+01
   25099 -0.760606000000E+02  0.350820600000E+02  0.193800000000E+01
   25100 -0.760738800000E+02  0.350825200000E+02  0.142900000000E+01
   25101 -0.760456100000E+02  0.350823200000E+02  0.737000000000E+00
   25102 -0.760237600000E+02  0.350825500000E+02  0.784000000000E+00
   25104 -0.760148800000E+02  0.350825700000E+02  0.703000000000E+00
   25106 -0.760390200000E+02  0.350826800000E+02  0.101800000000E+01
   25107 -0.760030200000E+02  0.350828200000E+02  0.412400000000E+01
   25109 -0.760328400000E+02  0.350832000000E+02  0.340100000000E+01
   25110 -0.760688800000E+02  0.350832400000E+02  0.224200000000E+01
   25111 -0.759996700000E+02  0.350826200000E+02  0.781000000000E+00
   25114 -0.760060700000E+02  0.350833900000E+02  0.111000000000E+01
   25115 -0.760180000000E+02  0.350836100000E+02  0.634000000000E+00
   25118 -0.760269000000E+02  0.350838800000E+02  0.110300000000E+01
   25120 -0.760091600000E+02  0.350841300000E+02  0.889000000000E+00
   25121 -0.760566300000E+02  0.350839500000E+02  0.120200000000E+01
   25122 -0.760492600000E+02  0.350840800000E+02  0.922000000000E+00
   25123 -0.760424300000E+02  0.350843200000E+02  0.792000000000E+00
   25126 -0.760643500000E+02  0.350846100000E+02  0.253000000000E+01
   25128 -0.760361000000E+02  0.350847200000E+02  0.328700000000E+01
   25129 -0.760211200000E+02  0.350847900000E+02  0.825000000000E+00
   25133 -0.760122800000E+02  0.350850000000E+02  0.696000000000E+00
   25138 -0.760300700000E+02  0.350852900000E+02  0.134800000000E+01
   25143 -0.760004800000E+02  0.350856300000E+02  0.323700000000E+01
   25144 -0.760035300000E+02  0.350859000000E+02  0.356200000000E+01
   25145 -0.760720100000E+02  0.350860300000E+02  0.917000000000E+00
   25146 -0.760154100000E+02  0.350859900000E+02  0.630000000000E+00
   25147 -0.760242400000E+02  0.350860600000E+02  0.143500000000E+01
   25148 -0.760529700000E+02  0.350859300000E+02  0.351600000000E+01
   25150 -0.760459000000E+02  0.350860600000E+02  0.618000000000E+00
   25151 -0.760602200000E+02  0.350860500000E+02  0.186800000000E+01
   25152 -0.760766800000E+02  0.350864200000E+02  0.115500000000E+01
   25154 -0.760393900000E+02  0.350862900000E+02  0.117200000000E+01
   25155 -0.759970900000E+02  0.350858500000E+02  0.654000000000E+00
   25157 -0.760065300000E+02  0.350866100000E+02  0.999000000000E+00
   25160 -0.760332700000E+02  0.350867600000E+02  0.342500000000E+01
   25162 -0.760185300000E+02  0.350870900000E+02  0.803000000000E+00
   25166 -0.760273800000E+02  0.350874200000E+02  0.103700000000E+01
   25167 -0.760096600000E+02  0.350874700000E+02  0.784000000000E+00
   25168 -0.760679900000E+02  0.350874700000E+02  0.218000000000E+01
   25175 -0.760566300000E+02  0.350877800000E+02  0.119100000000E+01
   25176 -0.760012700000E+02  0.350880600000E+02  0.452800000000E+01
   25177 -0.760427100000E+02  0.350879500000E+02  0.707000000000E+00
   25180 -0.760494500000E+02  0.350879100000E+02  0.875000000000E+00
   25182 -0.760216500000E+02  0.350883000000E+02  0.113900000000E+01
   25183 -0.760365100000E+02  0.350882800000E+02  0.142900000000E+01
   25185 -0.760128300000E+02  0.350884200000E+02  0.596000000000E+00
   25187 -0.759982600000E+02  0.350886200000E+02  0.346500000000E+01
   25188 -0.760634200000E+02  0.350886000000E+02  0.295400000000E+01
   25191 -0.760305400000E+02  0.350888400000E+02  0.151000000000E+01
   25192 -0.760037800000E+02  0.350890200000E+02  0.109000000000E+01
   25193 -0.760159900000E+02  0.350894700000E+02  0.764000000000E+00
   25194 -0.760597800000E+02  0.350892800000E+02  0.193700000000E+01
   25195 -0.760247700000E+02  0.350896000000E+02  0.105600000000E+01
   25198 -0.760397400000E+02  0.350898200000E+02  0.123400000000E+01
   25201 -0.760460400000E+02  0.350897600000E+02  0.564000000000E+00
   25203 -0.760069600000E+02  0.350899600000E+02  0.866000000000E+00
   25204 -0.760531500000E+02  0.350898400000E+02  0.199800000000E+01
   25209 -0.760337400000E+02  0.350903100000E+02  0.484900000000E+01
   25211 -0.759937700000E+02  0.350896100000E+02  0.679000000000E+00
   25214 -0.760191300000E+02  0.350906100000E+02  0.945000000000E+00
   25215 -0.760726700000E+02  0.350904800000E+02  0.785000000000E+00
   25217 -0.760102100000E+02  0.350909200000E+02  0.657000000000E+00
   25218 -0.760279100000E+02  0.350909600000E+02  0.996000000000E+00
   25219 -0.760788000000E+02  0.350907700000E+02  0.148700000000E+01
   25221 -0.760002700000E+02  0.350912700000E+02  0.150400000000E+01
   25222 -0.759966300000E+02  0.350913200000E+02  0.312900000000E+01
   25225 -0.760571100000E+02  0.350916100000E+02  0.389800000000E+01
   25226 -0.760428800000E+02  0.350914200000E+02  0.157700000000E+01
   25227 -0.760222500000E+02  0.350918400000E+02  0.110600000000E+01
   25228 -0.760369600000E+02  0.350917700000E+02  0.115300000000E+01
   25229 -0.760667000000E+02  0.350918500000E+02  0.906000000000E+00
   25230 -0.760134400000E+02  0.350919500000E+02  0.569000000000E+00
   25231 -0.760495100000E+02  0.350917900000E+02  0.662000000000E+00
   25233 -0.760615800000E+02  0.350923400000E+02  0.442800000000E+01
   25236 -0.760310600000E+02  0.350923800000E+02  0.127500000000E+01
   25237 -0.760040400000E+02  0.350924600000E+02  0.924000000000E+00
   25239 -0.759939800000E+02  0.350926400000E+02  0.786000000000E+00
   25242 -0.760166400000E+02  0.350930300000E+02  0.703000000000E+00
   25243 -0.760253600000E+02  0.350931300000E+02  0.114300000000E+01
   25245 -0.760401300000E+02  0.350931900000E+02  0.131300000000E+01
   25246 -0.760074800000E+02  0.350934900000E+02  0.691000000000E+00
   25247 -0.760459100000E+02  0.350934100000E+02  0.158500000000E+01
   25249 -0.759895900000E+02  0.350927500000E+02  0.582000000000E+00
   25251 -0.760342600000E+02  0.350938100000E+02  0.141900000000E+01
   25252 -0.760198000000E+02  0.350941700000E+02  0.848000000000E+00
   25253 -0.760533700000E+02  0.350939800000E+02  0.815000000000E+00
   25255 -0.760284700000E+02  0.350944800000E+02  0.147600000000E+01
   25256 -0.760108400000E+02  0.350945100000E+02  0.646000000000E+00
   25259 -0.760429500000E+02  0.350943600000E+02  0.298200000000E+01
   25261 -0.759968300000E+02  0.350944800000E+02  0.333100000000E+01
   25262 -0.760762800000E+02  0.350948300000E+02  0.641000000000E+01
   25266 -0.760010000000E+02  0.350950900000E+02  0.994000000000E+00
   25268 -0.760375200000E+02  0.350952200000E+02  0.104100000000E+01
   25270 -0.760229200000E+02  0.350953700000E+02  0.974000000000E+00
   25271 -0.759930400000E+02  0.350950600000E+02  0.824000000000E+00
   25272 -0.760141400000E+02  0.350955500000E+02  0.607000000000E+00
   25275 -0.760703400000E+02  0.350959200000E+02  0.128000000000E+01
   25276 -0.760316100000E+02  0.350958700000E+02  0.588400000000E+01
   25277 -0.760845400000E+02  0.350959700000E+02  0.108600000000E+01
   25278 -0.760492400000E+02  0.350958100000E+02  0.141200000000E+01
   25279 -0.760046300000E+02  0.350961200000E+02  0.740000000000E+00
   25281 -0.760642500000E+02  0.350963000000E+02  0.896000000000E+00
   25282 -0.760409200000E+02  0.350964800000E+02  0.284500000000E+01
   25283 -0.760582400000E+02  0.350963900000E+02  0.797000000000E+00
   25286 -0.760173800000E+02  0.350966200000E+02  0.629000000000E+00
   25287 -0.760260000000E+02  0.350966200000E+02  0.870000000000E+00
   25291 -0.759904200000E+02  0.350969500000E+02  0.747000000000E+00
   25292 -0.760081600000E+02  0.350971500000E+02  0.622000000000E+00
   25293 -0.760449800000E+02  0.350973000000E+02  0.356300000000E+01
   25295 -0.760348300000E+02  0.350973100000E+02  0.289900000000E+01
   25298 -0.759984400000E+02  0.350975900000E+02  0.136500000000E+01
   25300 -0.760205500000E+02  0.350977100000E+02  0.652000000000E+00
   25301 -0.760290800000E+02  0.350979300000E+02  0.162200000000E+01
   25305 -0.760116000000E+02  0.350981800000E+02  0.724000000000E+00
   25307 -0.759854700000E+02  0.350974800000E+02  0.572000000000E+00
   25311 -0.759943800000E+02  0.350985000000E+02  0.399800000000E+01
   25312 -0.760530600000E+02  0.350984300000E+02  0.648000000000E+00
   25313 -0.760382200000E+02  0.350987300000E+02  0.155100000000E+01
   25314 -0.760236600000E+02  0.350988400000E+02  0.242100000000E+01
   25316 -0.760016800000E+02  0.350987600000E+02  0.103700000000E+01
   25317 -0.760149500000E+02  0.350991900000E+02  0.655000000000E+00
   25319 -0.760321700000E+02  0.350993300000E+02  0.566100000000E+01
   25322 -0.760053500000E+02  0.350998800000E+02  0.591000000000E+00
   25323 -0.760266900000E+02  0.351000100000E+02  0.788000000000E+00
   25324 -0.760418900000E+02  0.351000000000E+02  0.319800000000E+01
   25326 -0.760616400000E+02  0.351001700000E+02  0.562000000000E+00
   25327 -0.760182300000E+02  0.351001900000E+02  0.790000000000E+00
   25328 -0.760487700000E+02  0.350998900000E+02  0.199000000000E+01
   25334 -0.760089600000E+02  0.351008900000E+02  0.824000000000E+00
   25335 -0.760353700000E+02  0.351008500000E+02  0.172500000000E+01
   25336 -0.760671200000E+02  0.351010800000E+02  0.565000000000E+00
   25338 -0.760214200000E+02  0.351011800000E+02  0.557000000000E+00
   25339 -0.760751000000E+02  0.351009600000E+02  0.755000000000E+00
   25340 -0.760296600000E+02  0.351012700000E+02  0.295800000000E+01
   25341 -0.759895900000E+02  0.351009700000E+02  0.595000000000E+00
   25342 -0.760453300000E+02  0.351010500000E+02  0.247700000000E+01
   25345 -0.759982500000E+02  0.351011800000E+02  0.312400000000E+01
   25348 -0.760567800000E+02  0.351018700000E+02  0.733000000000E+00
   25349 -0.760124700000E+02  0.351018900000E+02  0.806000000000E+00
   25351 -0.760244900000E+02  0.351021700000E+02  0.564000000000E+00
   25354 -0.760389200000E+02  0.351024700000E+02  0.180600000000E+01
   25356 -0.760520900000E+02  0.351025600000E+02  0.851000000000E+00
   25358 -0.760326200000E+02  0.351026800000E+02  0.440300000000E+01
   25359 -0.760159100000E+02  0.351028100000E+02  0.922000000000E+00
   25361 -0.760023100000E+02  0.351027700000E+02  0.702000000000E+00
   25366 -0.760274100000E+02  0.351031800000E+02  0.108400000000E+01
   25372 -0.759940300000E+02  0.351032500000E+02  0.390000000000E+01
   25373 -0.760192300000E+02  0.351036700000E+02  0.249600000000E+01
   25375 -0.760062600000E+02  0.351036900000E+02  0.897000000000E+00
   25376 -0.760430900000E+02  0.351038900000E+02  0.123400000000E+01
   25377 -0.760480300000E+02  0.351041200000E+02  0.806000000000E+00
   25384 -0.760224200000E+02  0.351045200000E+02  0.584000000000E+00
   25385 -0.760301700000E+02  0.351044500000E+02  0.626200000000E+01
   25386 -0.760098800000E+02  0.351046600000E+02  0.986000000000E+00
   25387 -0.760356600000E+02  0.351044700000E+02  0.123100000000E+01
   25390 -0.759897800000E+02  0.351045100000E+02  0.673000000000E+00
   25392 -0.760254900000E+02  0.351053000000E+02  0.631000000000E+00
   25395 -0.760135200000E+02  0.351056600000E+02  0.994000000000E+00
   25397 -0.760327900000E+02  0.351056100000E+02  0.256000000000E+01
   25398 -0.760618700000E+02  0.351051500000E+02  0.896000000000E+00
   25399 -0.760281100000E+02  0.351058500000E+02  0.249800000000E+01
   25401 -0.760170700000E+02  0.351063200000E+02  0.332500000000E+01
   25403 -0.759985800000E+02  0.351062700000E+02  0.220800000000E+01
   25405 -0.760036500000E+02  0.351068700000E+02  0.935000000000E+00
   25407 -0.760203600000E+02  0.351069900000E+02  0.751000000000E+00
   25408 -0.760394200000E+02  0.351067500000E+02  0.818000000000E+00
   25409 -0.760073200000E+02  0.351070700000E+02  0.114900000000E+01
   25412 -0.760236500000E+02  0.351077700000E+02  0.585000000000E+00
   25415 -0.760305900000E+02  0.351080200000E+02  0.429700000000E+01
   25416 -0.760696100000E+02  0.351079200000E+02  0.558000000000E+00
   25417 -0.760269600000E+02  0.351081900000E+02  0.201800000000E+01
   25419 -0.760349800000E+02  0.351083200000E+02  0.110000000000E+01
   25420 -0.759935500000E+02  0.351081000000E+02  0.531100000000E+01
   25421 -0.760538600000E+02  0.351084400000E+02  0.136200000000E+01
   25425 -0.760450700000E+02  0.351088000000E+02  0.155000000000E+01
   25426 -0.760107000000E+02  0.351087800000E+02  0.123500000000E+01
   25428 -0.760184100000E+02  0.351092100000E+02  0.991000000000E+00
   25431 -0.760150400000E+02  0.351095300000E+02  0.280800000000E+01
   25433 -0.759902200000E+02  0.351096900000E+02  0.988000000000E+00
   25436 -0.760827600000E+02  0.351100300000E+02  0.690000000000E+00
   25439 -0.760214400000E+02  0.351104000000E+02  0.717000000000E+00
   25442 -0.760286900000E+02  0.351109800000E+02  0.429200000000E+01
   25445 -0.760252800000E+02  0.351111200000E+02  0.199100000000E+01
   25455 -0.760623100000E+02  0.351113500000E+02  0.558000000000E+00
   25457 -0.760325800000E+02  0.351125500000E+02  0.115500000000E+01
   25458 -0.760389000000E+02  0.351124000000E+02  0.725000000000E+00
   25477 -0.760281200000E+02  0.351148100000E+02  0.249200000000E+01
   25483 -0.760576200000E+02  0.351163200000E+02  0.106800000000E+01
   25495 -0.760472100000E+02  0.351171500000E+02  0.688000000000E+00
   25505 -0.760686000000E+02  0.351188600000E+02  0.104700000000E+01
   25526 -0.760341900000E+02  0.351206300000E+02  0.707000000000E+00
   25560 -0.760562100000E+02  0.351257000000E+02  0.154400000000E+01
   25578 -0.760446700000E+02  0.351276000000E+02  0.780000000000E+00
       1 3    24848    24877    24860
       2 3    24848    24870    24877
       3 3    24860    24889    24867
       4 3    24860    24877    24889
       5 3    24867    24889    24904
       6 3    24870    24905    24877
       7 3    24870    24890    24905
       8 3    24877    24917    24889
       9 3    24877    24905    24917
      10 3    24890    24929    24905
      11 3    24890    24915    24929
      12 3    24889    24933    24904
      13 3    24889    24917    24933
      14 3    24905    24936    24917
      15 3    24904    24937    24938
      16 3    24905    24929    24936
      17 3    24904    24933    24937
      18 3    24915    24948    24929
      19 3    24915    24935    24948
      20 3    24917    24952    24933
      21 3    24917    24936    24952
      22 3    24938    24956    24957
      23 3    24919    24958    24935
      24 3    24919    24960    24958
      25 3    24938    24937    24956
      26 3    24929    24965    24936
      27 3    24929    24948    24965
      28 3    24933    24966    24937
      29 3    24933    24952    24966
      30 3    24935    24971    24948
      31 3    24935    24958    24971
      32 3    24957    24973    24974
      33 3    24936    24975    24952
      34 3    24936    24965    24975
      35 3    24957    24956    24973
      36 3    24937    24979    24956
      37 3    24937    24966    24979
      38 3    24948    24986    24965
      39 3    24960    24987    24958
      40 3    24948    24971    24986
      41 3    24952    24988    24966
      42 3    24974    24989    24990
      43 3    24960    24991    24987
      44 3    24952    24975    24988
      45 3    24956    24996    24973
      46 3    24974    24973    24989
      47 3    24958    24997    24971
      48 3    24965    24998    24975
      49 3    24958    24987    24997
      50 3    24956    24979    24996
      51 3    24965    24986    24998
      52 3    24966    25002    24979
      53 3    24966    24988    25002
      54 3    24990    25006    25007
      55 3    24971    25010    24986
      56 3    24971    24997    25010
      57 3    24975    25011    24988
      58 3    24973    25013    24989
      59 3    24975    24998    25011
      60 3    24990    24989    25006
      61 3    24991    25017    24987
      62 3    24973    24996    25013
      63 3    24979    25018    24996
      64 3    24991    25022    25017
      65 3    24986    25023    24998
      66 3    24979    25002    25018
      67 3    24986    25010    25023
      68 3    24987    25026    24997
      69 3    25007    25027    25028
      70 3    24988    25030    25002
      71 3    24987    25017    25026
      72 3    24988    25011    25030
      73 3    25007    25006    25027
      74 3    24989    25032    25006
      75 3    24997    25036    25010
      76 3    24998    25039    25011
      77 3    24989    25013    25032
      78 3    24996    25040    25013
      79 3    24997    25026    25036
      80 3    24998    25023    25039
      81 3    24996    25018    25040
      82 3    25002    25043    25018
      83 3    25022    25044    25017
      84 3    25002    25030    25043
      85 3    25028    25027    25046
      86 3    25010    25047    25023
      87 3    25028    25046    25049
      88 3    25010    25036    25047
      89 3    25022    25051    25044
      90 3    25011    25053    25030
      91 3    25006    25055    25027
      92 3    25017    25057    25026
      93 3    25011    25039    25053
      94 3    25006    25032    25055
      95 3    25013    25059    25032
      96 3    25017    25044    25057
      97 3    25013    25040    25059
      98 3    25023    25062    25039
      99 3    25018    25063    25040
     100 3    25026    25065    25036
     101 3    25023    25047    25062
     102 3    25018    25043    25063
     103 3    25026    25057    25065
     104 3    25030    25071    25043
     105 3    25030    25053    25071
     106 3    25051    25075    25044
     107 3    25036    25076    25047
     108 3    25027    25077    25046
     109 3    25027    25055    25077
     110 3    25039    25080    25053
     111 3    25032    25081    25055
     112 3    25051    25082    25075
     113 3    25049    25046    25083
     114 3    25036    25065    25076
     115 3    25039    25062    25080
     116 3    25032    25059    25081
     117 3    25040    25087    25059
     118 3    25044    25089    25057
     119 3    25049    25083    25078
     120 3    25040    25063    25087
     121 3    25043    25092    25063
     122 3    25044    25075    25089
     123 3    25047    25094    25062
     124 3    25043    25071    25092
     125 3    25047    25076    25094
     126 3    25057    25096    25065
     127 3    25053    25097    25071
     128 3    25053    25080    25097
     129 3    25057    25089    25096
     130 3    25055    25098    25077
     131 3    25046    25077    25099
     132 3    25055    25081    25098
     133 3    25059    25101    25081
     134 3    25046    25099    25083
     135 3    25062    25102    25080
     136 3    25065    25104    25076
     137 3    25059    25087    25101
     138 3    25063    25106    25087
     139 3    25062    25094    25102
     140 3    25082    25107    25075
     141 3    25065    25096    25104
     142 3    25063    25092    25106
     143 3    25071    25109    25092
     144 3    25078    25083    25110
     145 3    25082    25111    25107
     146 3    25075    25114    25089
     147 3    25071    25097    25109
     148 3    25076    25115    25094
     149 3    25075    25107    25114
     150 3    25080    25118    25097
     151 3    25076    25104    25115
     152 3    25080    25102    25118
     153 3    25089    25120    25096
     154 3    25078    25110    25100
     155 3    25077    25098    25121
     156 3    25081    25122    25098
     157 3    25077    25121    25099
     158 3    25081    25101    25122
     159 3    25087    25123    25101
     160 3    25089    25114    25120
     161 3    25087    25106    25123
     162 3    25083    25099    25126
     163 3    25092    25128    25106
     164 3    25094    25129    25102
     165 3    25092    25109    25128
     166 3    25096    25133    25104
     167 3    25094    25115    25129
     168 3    25083    25126    25110
     169 3    25097    25138    25109
     170 3    25096    25120    25133
     171 3    25097    25118    25138
     172 3    25111    25143    25107
     173 3    25107    25144    25114
     174 3    25100    25110    25145
     175 3    25104    25146    25115
     176 3    25102    25147    25118
     177 3    25098    25148    25121
     178 3    25101    25150    25122
     179 3    25099    25121    25151
     180 3    25098    25122    25148
     181 3    25104    25133    25146
     182 3    25102    25129    25147
     183 3    25101    25123    25150
     184 3    25106    25154    25123
     185 3    25107    25143    25144
     186 3    25111    25155    25143
     187 3    25106    25128    25154
     188 3    25099    25151    25126
     189 3    25114    25157    25120
     190 3    25109    25160    25128
     191 3    25114    25144    25157
     192 3    25109    25138    25160
     193 3    25115    25162    25129
     194 3    25115    25146    25162
     195 3    25118    25166    25138
     196 3    25120    25167    25133
     197 3    25100    25145    25152
     198 3    25110    25126    25168
     199 3    25118    25147    25166
     200 3    25120    25157    25167
     201 3    25110    25168    25145
     202 3    25121    25175    25151
     203 3    25121    25148    25175
     204 3    25143    25176    25144
     205 3    25123    25177    25150
     206 3    25122    25180    25148
     207 3    25122    25150    25180
     208 3    25123    25154    25177
     209 3    25129    25182    25147
     210 3    25128    25183    25154
     211 3    25133    25185    25146
     212 3    25128    25160    25183
     213 3    25129    25162    25182
     214 3    25155    25187    25143
     215 3    25126    25151    25188
     216 3    25133    25167    25185
     217 3    25138    25191    25160
     218 3    25143    25187    25176
     219 3    25138    25166    25191
     220 3    25144    25176    25192
     221 3    25144    25192    25157
     222 3    25126    25188    25168
     223 3    25146    25193    25162
     224 3    25151    25175    25194
     225 3    25147    25195    25166
     226 3    25146    25185    25193
     227 3    25147    25182    25195
     228 3    25151    25194    25188
     229 3    25154    25198    25177
     230 3    25150    25201    25180
     231 3    25150    25177    25201
     232 3    25157    25203    25167
     233 3    25148    25204    25175
     234 3    25154    25183    25198
     235 3    25148    25180    25204
     236 3    25157    25192    25203
     237 3    25160    25209    25183
     238 3    25155    25211    25187
     239 3    25160    25191    25209
     240 3    25162    25214    25182
     241 3    25145    25215    25152
     242 3    25162    25193    25214
     243 3    25167    25217    25185
     244 3    25166    25218    25191
     245 3    25176    25187    25221
     246 3    25166    25195    25218
     247 3    25145    25168    25215
     248 3    25167    25203    25217
     249 3    25187    25211    25222
     250 3    25175    25225    25194
     251 3    25177    25226    25201
     252 3    25177    25198    25226
     253 3    25182    25227    25195
     254 3    25183    25228    25198
     255 3    25168    25188    25229
     256 3    25185    25230    25193
     257 3    25176    25221    25192
     258 3    25180    25201    25231
     259 3    25183    25209    25228
     260 3    25180    25231    25204
     261 3    25182    25214    25227
     262 3    25175    25204    25225
     263 3    25194    25233    25188
     264 3    25185    25217    25230
     265 3    25191    25236    25209
     266 3    25187    25222    25221
     267 3    25192    25237    25203
     268 3    25191    25218    25236
     269 3    25152    25215    25219
     270 3    25211    25239    25222
     271 3    25192    25221    25237
     272 3    25193    25242    25214
     273 3    25195    25243    25218
     274 3    25198    25245    25226
     275 3    25193    25230    25242
     276 3    25168    25229    25215
     277 3    25195    25227    25243
     278 3    25198    25228    25245
     279 3    25203    25246    25217
     280 3    25201    25226    25247
     281 3    25194    25225    25233
     282 3    25201    25247    25231
     283 3    25211    25249    25239
     284 3    25209    25251    25228
     285 3    25188    25233    25229
     286 3    25203    25237    25246
     287 3    25209    25236    25251
     288 3    25214    25252    25227
     289 3    25204    25253    25225
     290 3    25204    25231    25253
     291 3    25214    25242    25252
     292 3    25218    25255    25236
     293 3    25217    25256    25230
     294 3    25226    25245    25259
     295 3    25226    25259    25247
     296 3    25222    25239    25261
     297 3    25218    25243    25255
     298 3    25219    25215    25262
     299 3    25217    25246    25256
     300 3    25222    25261    25221
     301 3    25221    25266    25237
     302 3    25228    25268    25245
     303 3    25227    25270    25243
     304 3    25239    25249    25271
     305 3    25230    25272    25242
     306 3    25228    25251    25268
     307 3    25227    25252    25270
     308 3    25215    25229    25275
     309 3    25221    25261    25266
     310 3    25236    25276    25251
     311 3    25230    25256    25272
     312 3    25231    25247    25278
     313 3    25236    25255    25276
     314 3    25237    25279    25246
     315 3    25233    25281    25229
     316 3    25239    25271    25261
     317 3    25231    25278    25253
     318 3    25245    25282    25259
     319 3    25225    25283    25233
     320 3    25242    25286    25252
     321 3    25243    25287    25255
     322 3    25237    25266    25279
     323 3    25249    25291    25271
     324 3    25243    25270    25287
     325 3    25242    25272    25286
     326 3    25245    25268    25282
     327 3    25225    25253    25283
     328 3    25215    25275    25262
     329 3    25246    25292    25256
     330 3    25247    25259    25293
     331 3    25251    25295    25268
     332 3    25261    25298    25266
     333 3    25246    25279    25292
     334 3    25251    25276    25295
     335 3    25252    25300    25270
     336 3    25255    25301    25276
     337 3    25247    25293    25278
     338 3    25252    25286    25300
     339 3    25256    25305    25272
     340 3    25229    25281    25275
     341 3    25255    25287    25301
     342 3    25249    25307    25291
     343 3    25259    25282    25293
     344 3    25233    25283    25281
     345 3    25271    25311    25261
     346 3    25256    25292    25305
     347 3    25253    25278    25312
     348 3    25268    25313    25282
     349 3    25270    25314    25287
     350 3    25219    25262    25277
     351 3    25266    25316    25279
     352 3    25266    25298    25316
     353 3    25268    25295    25313
     354 3    25272    25317    25286
     355 3    25270    25300    25314
     356 3    25261    25311    25298
     357 3    25253    25312    25283
     358 3    25271    25291    25311
     359 3    25276    25319    25295
     360 3    25272    25305    25317
     361 3    25276    25301    25319
     362 3    25279    25322    25292
     363 3    25287    25323    25301
     364 3    25282    25324    25293
     365 3    25281    25283    25326
     366 3    25286    25327    25300
     367 3    25278    25293    25328
     368 3    25287    25314    25323
     369 3    25279    25316    25322
     370 3    25278    25328    25312
     371 3    25286    25317    25327
     372 3    25282    25313    25324
     373 3    25292    25334    25305
     374 3    25295    25335    25313
     375 3    25281    25336    25275
     376 3    25300    25338    25314
     377 3    25262    25275    25339
     378 3    25295    25319    25335
     379 3    25301    25340    25319
     380 3    25291    25307    25341
     381 3    25293    25342    25328
     382 3    25292    25322    25334
     383 3    25293    25324    25342
     384 3    25301    25323    25340
     385 3    25300    25327    25338
     386 3    25298    25345    25316
     387 3    25298    25311    25345
     388 3    25283    25312    25348
     389 3    25305    25349    25317
     390 3    25291    25341    25311
     391 3    25314    25351    25323
     392 3    25281    25326    25336
     393 3    25305    25334    25349
     394 3    25283    25348    25326
     395 3    25313    25354    25324
     396 3    25314    25338    25351
     397 3    25312    25328    25356
     398 3    25319    25358    25335
     399 3    25317    25359    25327
     400 3    25316    25361    25322
     401 3    25313    25335    25354
     402 3    25319    25340    25358
     403 3    25323    25366    25340
     404 3    25317    25349    25359
     405 3    25316    25345    25361
     406 3    25323    25351    25366
     407 3    25312    25356    25348
     408 3    25311    25341    25372
     409 3    25327    25373    25338
     410 3    25311    25372    25345
     411 3    25322    25375    25334
     412 3    25324    25376    25342
     413 3    25262    25339    25277
     414 3    25275    25336    25339
     415 3    25328    25342    25377
     416 3    25327    25359    25373
     417 3    25322    25361    25375
     418 3    25338    25384    25351
     419 3    25340    25385    25358
     420 3    25324    25354    25376
     421 3    25328    25377    25356
     422 3    25334    25386    25349
     423 3    25335    25387    25354
     424 3    25335    25358    25387
     425 3    25340    25366    25385
     426 3    25338    25373    25384
     427 3    25341    25390    25372
     428 3    25334    25375    25386
     429 3    25351    25392    25366
     430 3    25349    25395    25359
     431 3    25351    25384    25392
     432 3    25358    25385    25397
     433 3    25326    25348    25398
     434 3    25366    25399    25385
     435 3    25358    25397    25387
     436 3    25326    25398    25336
     437 3    25342    25376    25377
     438 3    25349    25386    25395
     439 3    25366    25392    25399
     440 3    25359    25401    25373
     441 3    25345    25403    25361
     442 3    25345    25372    25403
     443 3    25361    25405    25375
     444 3    25373    25407    25384
     445 3    25359    25395    25401
     446 3    25354    25408    25376
     447 3    25375    25409    25386
     448 3    25354    25387    25408
     449 3    25373    25401    25407
     450 3    25384    25412    25392
     451 3    25375    25405    25409
     452 3    25385    25415    25397
     453 3    25385    25399    25415
     454 3    25336    25416    25339
     455 3    25361    25403    25405
     456 3    25399    25392    25417
     457 3    25387    25397    25419
     458 3    25372    25390    25420
     459 3    25384    25407    25412
     460 3    25356    25421    25348
     461 3    25376    25425    25377
     462 3    25386    25426    25395
     463 3    25372    25420    25403
     464 3    25392    25412    25417
     465 3    25386    25409    25426
     466 3    25387    25419    25408
     467 3    25401    25428    25407
     468 3    25399    25417    25415
     469 3    25395    25431    25401
     470 3    25336    25398    25416
     471 3    25356    25377    25421
     472 3    25390    25433    25420
     473 3    25397    25415    25419
     474 3    25277    25339    25436
     475 3    25376    25408    25425
     476 3    25401    25431    25428
     477 3    25407    25439    25412
     478 3    25395    25426    25431
     479 3    25348    25421    25398
     480 3    25407    25428    25439
     481 3    25417    25442    25415
     482 3    25417    25412    25445
     483 3    25412    25439    25445
     484 3    25417    25445    25442
     485 3    25398    25455    25416
     486 3    25415    25457    25419
     487 3    25408    25419    25458
     488 3    25377    25425    25421
     489 3    25415    25442    25457
     490 3    25398    25421    25455
     491 3    25408    25458    25425
     492 3    25339    25416    25436
     493 3    25419    25457    25458
     494 3    25442    25445    25477
     495 3    25442    25477    25457
     496 3    25455    25421    25483
     497 3    25425    25495    25421
     498 3    25425    25458    25495
     499 3    25416    25455    25505
     500 3    25421    25495    25483
     501 3    25457    25526    25458
     502 3    25457    25477    25526
     503 3    25416    25505    25436
     504 3    25455    25483    25505
     505 3    25458    25526    25495
     506 3    25483    25495    25560
     507 3    25495    25526    25578
     508 3    25483    25560    25505
     509 3    25495    25578    25560
 0                                                                              
 0                                                                              
 2                                                                              
 26                                                                             
      10       1                                                                
   25078
   25049
   25028
   25007
   24990
   24974
   24957
   24938
   24904
   24867
      14       1                                                                
   24919
   24960
   24991
   25022
   25051
   25082
   25111
   25155
   25211
   25249
   25307
   25341
   25390
   25433
