bi_1997_v2.grd                                                                  
     466     291
   22367 -0.763560300000E+02  0.348310700000E+02  0.410000000000E+00
   22373 -0.763485900000E+02  0.348286500000E+02  0.544000000000E+00
   22391 -0.763510100000E+02  0.348337000000E+02  0.408000000000E+00
   22398 -0.763613900000E+02  0.348335500000E+02  0.103100000000E+01
   22405 -0.763454100000E+02  0.348312900000E+02  0.524000000000E+00
   22421 -0.763473100000E+02  0.348363800000E+02  0.570000000000E+00
   22422 -0.763661000000E+02  0.348359100000E+02  0.102100000000E+01
   22424 -0.763565400000E+02  0.348360700000E+02  0.542000000000E+00
   22427 -0.763432200000E+02  0.348335300000E+02  0.511000000000E+00
   22454 -0.763615300000E+02  0.348383900000E+02  0.739000000000E+00
   22456 -0.763522200000E+02  0.348387500000E+02  0.670000000000E+00
   22461 -0.763436700000E+02  0.348393900000E+02  0.865000000000E+00
   22467 -0.763390200000E+02  0.348372300000E+02  0.508000000000E+00
   22482 -0.763661800000E+02  0.348406700000E+02  0.154200000000E+01
   22484 -0.763571300000E+02  0.348410000000E+02  0.115200000000E+01
   22489 -0.763482900000E+02  0.348416200000E+02  0.141200000000E+01
   22505 -0.763397400000E+02  0.348428300000E+02  0.609000000000E+00
   22511 -0.763348200000E+02  0.348409200000E+02  0.539000000000E+00
   22512 -0.763706800000E+02  0.348429500000E+02  0.243300000000E+01
   22516 -0.763618300000E+02  0.348432000000E+02  0.268300000000E+01
   22522 -0.763530000000E+02  0.348437600000E+02  0.197100000000E+01
   22531 -0.763444400000E+02  0.348447600000E+02  0.101300000000E+01
   22543 -0.763663400000E+02  0.348454100000E+02  0.216200000000E+01
   22546 -0.763576600000E+02  0.348458400000E+02  0.268700000000E+01
   22555 -0.763358800000E+02  0.348465100000E+02  0.543000000000E+00
   22560 -0.763490800000E+02  0.348467100000E+02  0.153000000000E+01
   22565 -0.763307300000E+02  0.348447300000E+02  0.540000000000E+00
   22576 -0.763707100000E+02  0.348477000000E+02  0.192700000000E+01
   22578 -0.763621700000E+02  0.348479200000E+02  0.252300000000E+01
   22579 -0.763406300000E+02  0.348481600000E+02  0.932000000000E+00
   22586 -0.763536700000E+02  0.348486400000E+02  0.234500000000E+01
   22602 -0.763452500000E+02  0.348498700000E+02  0.116800000000E+01
   22605 -0.763665200000E+02  0.348500300000E+02  0.214500000000E+01
   22608 -0.763749100000E+02  0.348502200000E+02  0.189800000000E+01
   22610 -0.763324400000E+02  0.348506400000E+02  0.101900000000E+01
   22612 -0.763581500000E+02  0.348505700000E+02  0.260000000000E+01
   22618 -0.763286300000E+02  0.348505800000E+02  0.125800000000E+01
   22626 -0.763498100000E+02  0.348516200000E+02  0.143800000000E+01
   22627 -0.763369300000E+02  0.348518000000E+02  0.111100000000E+01
   22638 -0.763706800000E+02  0.348522300000E+02  0.173100000000E+01
   22640 -0.763625100000E+02  0.348525000000E+02  0.231600000000E+01
   22646 -0.763783600000E+02  0.348531600000E+02  0.156400000000E+01
   22649 -0.763414900000E+02  0.348532100000E+02  0.158500000000E+01
   22652 -0.763542900000E+02  0.348533800000E+02  0.194700000000E+01
   22666 -0.763667100000E+02  0.348544600000E+02  0.234300000000E+01
   22667 -0.763745200000E+02  0.348545400000E+02  0.130800000000E+01
   22668 -0.763460400000E+02  0.348547600000E+02  0.125900000000E+01
   22670 -0.763291100000E+02  0.348547000000E+02  0.185600000000E+01
   22673 -0.763249900000E+02  0.348538900000E+02  0.134000000000E+01
   22674 -0.763586500000E+02  0.348551400000E+02  0.242100000000E+01
   22677 -0.763333400000E+02  0.348555400000E+02  0.857000000000E+00
   22686 -0.763807600000E+02  0.348564000000E+02  0.665000000000E+00
   22688 -0.763505200000E+02  0.348563600000E+02  0.142500000000E+01
   22693 -0.763707600000E+02  0.348564600000E+02  0.215100000000E+01
   22695 -0.763377900000E+02  0.348566900000E+02  0.139800000000E+01
   22696 -0.763776400000E+02  0.348566600000E+02  0.824000000000E+00
   22699 -0.763628600000E+02  0.348569000000E+02  0.238400000000E+01
   22708 -0.763549200000E+02  0.348579800000E+02  0.207700000000E+01
   22709 -0.763423100000E+02  0.348580200000E+02  0.158500000000E+01
   22713 -0.763255100000E+02  0.348583300000E+02  0.204100000000E+01
   22714 -0.763747800000E+02  0.348585000000E+02  0.147700000000E+01
   22717 -0.763215300000E+02  0.348576300000E+02  0.132500000000E+01
   22718 -0.763669400000E+02  0.348586500000E+02  0.238000000000E+01
   22725 -0.763297200000E+02  0.348591900000E+02  0.124200000000E+01
   22728 -0.763468200000E+02  0.348594600000E+02  0.187700000000E+01
   22732 -0.763591600000E+02  0.348595500000E+02  0.238300000000E+01
   22739 -0.763340800000E+02  0.348601900000E+02  0.104500000000E+01
   22742 -0.763797800000E+02  0.348606800000E+02  0.118200000000E+01
   22744 -0.763709400000E+02  0.348604300000E+02  0.212800000000E+01
   22748 -0.763512800000E+02  0.348609700000E+02  0.174900000000E+01
   22752 -0.763632300000E+02  0.348610900000E+02  0.238200000000E+01
   22754 -0.763385600000E+02  0.348613500000E+02  0.188400000000E+01
   22762 -0.763217500000E+02  0.348618300000E+02  0.169500000000E+01
   22767 -0.763176300000E+02  0.348613000000E+02  0.138100000000E+01
   22769 -0.763556000000E+02  0.348624500000E+02  0.218800000000E+01
   22772 -0.763431200000E+02  0.348626300000E+02  0.237900000000E+01
   22774 -0.763750400000E+02  0.348622200000E+02  0.190700000000E+01
   22776 -0.763671600000E+02  0.348626000000E+02  0.205800000000E+01
   22778 -0.763259600000E+02  0.348626800000E+02  0.192700000000E+01
   22786 -0.763302900000E+02  0.348636500000E+02  0.879000000000E+00
   22787 -0.763597000000E+02  0.348638000000E+02  0.229300000000E+01
   22790 -0.763476800000E+02  0.348640300000E+02  0.198500000000E+01
   22793 -0.763126200000E+02  0.348613800000E+02  0.111000000000E+01
   22794 -0.763140300000E+02  0.348641100000E+02  0.996000000000E+00
   22796 -0.763790800000E+02  0.348639900000E+02  0.765000000000E+00
   22800 -0.763709700000E+02  0.348641300000E+02  0.220900000000E+01
   22805 -0.763347500000E+02  0.348647000000E+02  0.136800000000E+01
   22811 -0.763635600000E+02  0.348650300000E+02  0.229000000000E+01
   22814 -0.763178300000E+02  0.348650100000E+02  0.139700000000E+01
   22815 -0.763521500000E+02  0.348655600000E+02  0.179700000000E+01
   22820 -0.763393200000E+02  0.348658300000E+02  0.181600000000E+01
   22821 -0.763746600000E+02  0.348656300000E+02  0.232700000000E+01
   22826 -0.763220600000E+02  0.348660000000E+02  0.171600000000E+01
   22832 -0.763672800000E+02  0.348662600000E+02  0.208400000000E+01
   22833 -0.763085800000E+02  0.348651600000E+02  0.591000000000E+00
   22836 -0.763563900000E+02  0.348668600000E+02  0.194500000000E+01
   22839 -0.763784300000E+02  0.348666100000E+02  0.820000000000E+00
   22840 -0.763439900000E+02  0.348670600000E+02  0.221000000000E+01
   22842 -0.763264100000E+02  0.348670200000E+02  0.152000000000E+01
   22848 -0.763602400000E+02  0.348677900000E+02  0.225000000000E+01
   22849 -0.763707700000E+02  0.348676300000E+02  0.211100000000E+01
   22855 -0.763308500000E+02  0.348680500000E+02  0.185000000000E+01
   22857 -0.763135100000E+02  0.348676500000E+02  0.729000000000E+00
   22860 -0.763487100000E+02  0.348685000000E+02  0.181500000000E+01
   22863 -0.763638000000E+02  0.348686300000E+02  0.190300000000E+01
   22866 -0.763737100000E+02  0.348692200000E+02  0.751000000000E+00
   22869 -0.763353900000E+02  0.348690900000E+02  0.129000000000E+01
   22871 -0.763179900000E+02  0.348690900000E+02  0.170400000000E+01
   22876 -0.763674200000E+02  0.348695800000E+02  0.191700000000E+01
   22880 -0.763400900000E+02  0.348701300000E+02  0.210300000000E+01
   22884 -0.763532300000E+02  0.348705700000E+02  0.115200000000E+01
   22885 -0.763224300000E+02  0.348702900000E+02  0.161200000000E+01
   22887 -0.763088800000E+02  0.348704000000E+02  0.437000000000E+00
   22890 -0.763574600000E+02  0.348710100000E+02  0.129200000000E+01
   22893 -0.763705400000E+02  0.348709700000E+02  0.680000000000E+00
   22895 -0.763032800000E+02  0.348688100000E+02  0.542000000000E+00
   22897 -0.763450200000E+02  0.348712200000E+02  0.171000000000E+01
   22900 -0.763604900000E+02  0.348714100000E+02  0.117400000000E+01
   22901 -0.763268700000E+02  0.348713900000E+02  0.110900000000E+01
   22906 -0.763683400000E+02  0.348722400000E+02  0.675000000000E+00
   22907 -0.763638200000E+02  0.348717300000E+02  0.111500000000E+01
   22910 -0.763137700000E+02  0.348720700000E+02  0.737000000000E+00
   22912 -0.763501900000E+02  0.348725300000E+02  0.714000000000E+00
   22914 -0.763313700000E+02  0.348724200000E+02  0.149600000000E+01
   22921 -0.763045600000E+02  0.348735200000E+02  0.520000000000E+00
   22922 -0.763359800000E+02  0.348733700000E+02  0.160800000000E+01
   22925 -0.763183700000E+02  0.348734700000E+02  0.783000000000E+00
   22930 -0.762993500000E+02  0.348721400000E+02  0.555000000000E+00
   22931 -0.763408300000E+02  0.348742100000E+02  0.177000000000E+01
   22937 -0.763228600000E+02  0.348746900000E+02  0.145900000000E+01
   22938 -0.763463000000E+02  0.348748900000E+02  0.925000000000E+00
   22941 -0.763095600000E+02  0.348751000000E+02  0.520000000000E+00
   22950 -0.763273200000E+02  0.348757900000E+02  0.175200000000E+01
   22954 -0.763007000000E+02  0.348764400000E+02  0.555000000000E+00
   22957 -0.763143100000E+02  0.348766200000E+02  0.838000000000E+00
   22960 -0.763318000000E+02  0.348767600000E+02  0.148400000000E+01
   22963 -0.762960000000E+02  0.348742400000E+02  0.555000000000E+00
   22972 -0.763364000000E+02  0.348775500000E+02  0.128600000000E+01
   22974 -0.763188700000E+02  0.348779700000E+02  0.141200000000E+01
   22975 -0.763055700000E+02  0.348781700000E+02  0.551000000000E+00
   22982 -0.763411800000E+02  0.348780900000E+02  0.123400000000E+01
   22986 -0.762970000000E+02  0.348793000000E+02  0.555000000000E+00
   22988 -0.763233200000E+02  0.348791700000E+02  0.246700000000E+01
   22994 -0.762922600000E+02  0.348771300000E+02  0.555000000000E+00
   22996 -0.763103300000E+02  0.348797600000E+02  0.788000000000E+00
   23007 -0.763276900000E+02  0.348802500000E+02  0.160000000000E+01
   23014 -0.763017700000E+02  0.348812100000E+02  0.555000000000E+00
   23017 -0.763149400000E+02  0.348812400000E+02  0.108600000000E+01
   23021 -0.763320500000E+02  0.348811800000E+02  0.976000000000E+00
   23030 -0.763365700000E+02  0.348816900000E+02  0.803000000000E+00
   23031 -0.762932000000E+02  0.348824000000E+02  0.555000000000E+00
   23035 -0.763194300000E+02  0.348825400000E+02  0.249200000000E+01
   23036 -0.762884200000E+02  0.348799700000E+02  0.555000000000E+00
   23037 -0.763065000000E+02  0.348829100000E+02  0.615000000000E+00
   23052 -0.763237500000E+02  0.348836900000E+02  0.225700000000E+01
   23058 -0.762980700000E+02  0.348843500000E+02  0.555000000000E+00
   23066 -0.763111100000E+02  0.348844800000E+02  0.981000000000E+00
   23073 -0.763279000000E+02  0.348848300000E+02  0.995000000000E+00
   23082 -0.763156400000E+02  0.348859600000E+02  0.264700000000E+01
   23084 -0.763028000000E+02  0.348860700000E+02  0.763000000000E+00
   23088 -0.763319700000E+02  0.348860100000E+02  0.637000000000E+00
   23100 -0.763200500000E+02  0.348871400000E+02  0.248300000000E+01
   23109 -0.763073900000E+02  0.348876800000E+02  0.126400000000E+01
   23117 -0.763241400000E+02  0.348882000000E+02  0.102800000000E+01
   23128 -0.763118700000E+02  0.348892700000E+02  0.275400000000E+01
   23135 -0.763277800000E+02  0.348896600000E+02  0.676000000000E+00
   23148 -0.763038500000E+02  0.348908900000E+02  0.110000000000E+01
   23150 -0.763164600000E+02  0.348910600000E+02  0.221800000000E+01
   23155 -0.763208700000E+02  0.348913600000E+02  0.179800000000E+01
   23165 -0.763082400000E+02  0.348924100000E+02  0.265500000000E+01
   23168 -0.763245100000E+02  0.348925200000E+02  0.829000000000E+00
   23181 -0.763185900000E+02  0.348940100000E+02  0.167800000000E+01
   23185 -0.763123900000E+02  0.348939700000E+02  0.213200000000E+01
   23195 -0.763214800000E+02  0.348952200000E+02  0.110900000000E+01
   23201 -0.763158200000E+02  0.348956200000E+02  0.160100000000E+01
   23216 -0.763183100000E+02  0.348967900000E+02  0.121900000000E+01
   23217 -0.763090700000E+02  0.348970100000E+02  0.210100000000E+01
   23238 -0.763129000000E+02  0.348984000000E+02  0.151900000000E+01
   23264 -0.763162800000E+02  0.348994800000E+02  0.103200000000E+01
   23277 -0.763193700000E+02  0.348996200000E+02  0.701000000000E+00
   23673 -0.767780700000E+02  0.349233400000E+02  0.555000000000E+00
   23674 -0.767614200000E+02  0.349172900000E+02  0.135800000000E+01
   23675 -0.767711100000E+02  0.349363400000E+02  0.328500000000E+01
   23677 -0.767893000000E+02  0.349274400000E+02  0.555000000000E+00
   23678 -0.767864400000E+02  0.349357800000E+02  0.307700000000E+01
   23685 -0.766564300000E+02  0.349379100000E+02  0.390800000000E+01
   23693 -0.766598800000E+02  0.349380000000E+02  0.169900000000E+01
   23700 -0.767362000000E+02  0.349267000000E+02  0.640000000000E+00
   23701 -0.767526600000E+02  0.349405000000E+02  0.471700000000E+01
   23704 -0.766546500000E+02  0.349408300000E+02  0.120300000000E+01
   23708 -0.766577000000E+02  0.349409500000E+02  0.390800000000E+01
   23711 -0.768011600000E+02  0.349339800000E+02  0.741000000000E+00
   23715 -0.766617000000E+02  0.349404200000E+02  0.152700000000E+01
   23723 -0.766610800000E+02  0.349434200000E+02  0.390800000000E+01
   23724 -0.766641300000E+02  0.349419400000E+02  0.144400000000E+01
   23726 -0.766576200000E+02  0.349439500000E+02  0.117300000000E+01
   23732 -0.766641700000E+02  0.349453900000E+02  0.390800000000E+01
   23733 -0.766668500000E+02  0.349432900000E+02  0.135100000000E+01
   23734 -0.767969400000E+02  0.349451100000E+02  0.475300000000E+01
   23744 -0.766600500000E+02  0.349465800000E+02  0.176000000000E+01
   23745 -0.766675100000E+02  0.349471500000E+02  0.390800000000E+01
   23746 -0.766699100000E+02  0.349447300000E+02  0.834000000000E+00
   23755 -0.768113200000E+02  0.349409800000E+02  0.104700000000E+01
   23757 -0.766702300000E+02  0.349489100000E+02  0.390800000000E+01
   23758 -0.767820700000E+02  0.349484400000E+02  0.503500000000E+01
   23765 -0.766750300000E+02  0.349470700000E+02  0.808000000000E+00
   23769 -0.766626300000E+02  0.349501100000E+02  0.113700000000E+01
   23774 -0.768269300000E+02  0.349393500000E+02  0.659000000000E+00
   23775 -0.768342400000E+02  0.349506600000E+02  0.421200000000E+01
   23776 -0.768421700000E+02  0.349365800000E+02  0.671000000000E+00
   23781 -0.768207100000E+02  0.349511500000E+02  0.476100000000E+01
   23782 -0.766734000000E+02  0.349513000000E+02  0.390800000000E+01
   23789 -0.766773100000E+02  0.349500700000E+02  0.142000000000E+01
   23790 -0.767133600000E+02  0.349453800000E+02  0.835000000000E+00
   23791 -0.767327000000E+02  0.349503900000E+02  0.441600000000E+01
   23795 -0.768474700000E+02  0.349526900000E+02  0.390700000000E+01
   23799 -0.767659800000E+02  0.349526800000E+02  0.508100000000E+01
   23803 -0.766649200000E+02  0.349534300000E+02  0.126500000000E+01
   23806 -0.768071500000E+02  0.349534900000E+02  0.641600000000E+01
   23808 -0.766766900000E+02  0.349545600000E+02  0.390800000000E+01
   23813 -0.766817200000E+02  0.349537800000E+02  0.145000000000E+01
   23814 -0.766694000000E+02  0.349556000000E+02  0.947000000000E+00
   23821 -0.766727300000E+02  0.349568300000E+02  0.114800000000E+01
   23837 -0.767934800000E+02  0.349579800000E+02  0.625800000000E+01
   23839 -0.766810600000E+02  0.349585200000E+02  0.390800000000E+01
   23846 -0.766879200000E+02  0.349558100000E+02  0.119700000000E+01
   23847 -0.767486000000E+02  0.349595900000E+02  0.506700000000E+01
   23850 -0.766765600000E+02  0.349605300000E+02  0.976000000000E+00
   23852 -0.768281900000E+02  0.349611100000E+02  0.512200000000E+01
   23858 -0.768164100000E+02  0.349613300000E+02  0.533400000000E+01
   23867 -0.768399800000E+02  0.349630800000E+02  0.451500000000E+01
   23870 -0.766995500000E+02  0.349560700000E+02  0.707000000000E+00
   23871 -0.767146800000E+02  0.349614800000E+02  0.363300000000E+01
   23872 -0.767784800000E+02  0.349627800000E+02  0.486000000000E+01
   23877 -0.766824900000E+02  0.349636800000E+02  0.390800000000E+01
   23880 -0.768040700000E+02  0.349644000000E+02  0.152700000000E+01
   23902 -0.766874000000E+02  0.349671600000E+02  0.390800000000E+01
   23917 -0.768238200000E+02  0.349688900000E+02  0.282900000000E+01
   23920 -0.766778300000E+02  0.349693500000E+02  0.170900000000E+01
   23921 -0.767629200000E+02  0.349684600000E+02  0.441000000000E+01
   23926 -0.767306500000E+02  0.349687200000E+02  0.535600000000E+01
   23929 -0.768145000000E+02  0.349689500000E+02  0.102700000000E+01
   23941 -0.768340200000E+02  0.349715200000E+02  0.416700000000E+01
   23942 -0.766981400000E+02  0.349708700000E+02  0.477800000000E+01
   23965 -0.768213400000E+02  0.349738700000E+02  0.604000000000E+00
   23966 -0.767921800000E+02  0.349736400000E+02  0.594000000000E+00
   23979 -0.767742400000E+02  0.349754600000E+02  0.126100000000E+01
   23987 -0.768284700000E+02  0.349766000000E+02  0.709000000000E+00
   23998 -0.767467000000E+02  0.349767600000E+02  0.487400000000E+01
   24007 -0.767127500000E+02  0.349782000000E+02  0.607600000000E+01
   24024 -0.766812700000E+02  0.349806300000E+02  0.299400000000E+01
   24054 -0.767635600000E+02  0.349834900000E+02  0.978000000000E+00
   24062 -0.766653300000E+02  0.349757500000E+02  0.112000000000E+01
   24082 -0.767284900000E+02  0.349859200000E+02  0.515400000000E+01
   24090 -0.766953600000E+02  0.349872700000E+02  0.600800000000E+01
   24116 -0.765868500000E+02  0.349716600000E+02  0.308500000000E+01
   24117 -0.765918200000E+02  0.349903900000E+02  0.465600000000E+01
   24118 -0.766050000000E+02  0.349827600000E+02  0.690000000000E+00
   24121 -0.765798300000E+02  0.349856800000E+02  0.626000000000E+00
   24165 -0.766643600000E+02  0.349923500000E+02  0.218100000000E+01
   24171 -0.766442500000E+02  0.349845100000E+02  0.634000000000E+00
   24173 -0.767092100000E+02  0.349949400000E+02  0.486300000000E+01
   24179 -0.767459600000E+02  0.349943800000E+02  0.996000000000E+00
   24189 -0.766801000000E+02  0.349951800000E+02  0.627500000000E+01
   24191 -0.766080100000E+02  0.349965900000E+02  0.381800000000E+01
   24192 -0.766219900000E+02  0.349868400000E+02  0.794000000000E+00
   24220 -0.765781200000E+02  0.349997700000E+02  0.112600000000E+01
   24239 -0.766263500000E+02  0.350010600000E+02  0.390900000000E+01
   24241 -0.766906700000E+02  0.350038000000E+02  0.578100000000E+01
   24243 -0.767257000000E+02  0.350025100000E+02  0.764000000000E+00
   24267 -0.765930900000E+02  0.350058900000E+02  0.540400000000E+01
   24268 -0.766463600000E+02  0.350061600000E+02  0.526400000000E+01
   24304 -0.767022800000E+02  0.350119500000E+02  0.144900000000E+01
   24305 -0.766688600000E+02  0.350118600000E+02  0.614600000000E+01
   24326 -0.766097900000E+02  0.350126200000E+02  0.553000000000E+01
   24342 -0.765774100000E+02  0.350140100000E+02  0.469200000000E+01
   24391 -0.766277200000E+02  0.350196700000E+02  0.624700000000E+01
   24403 -0.766881700000E+02  0.350216000000E+02  0.224200000000E+01
   24416 -0.765934000000E+02  0.350219600000E+02  0.672700000000E+01
   24437 -0.767018700000E+02  0.350246100000E+02  0.240600000000E+01
   24467 -0.766466100000E+02  0.350274800000E+02  0.683000000000E+01
   24491 -0.765767100000E+02  0.350295900000E+02  0.642600000000E+01
   24500 -0.766101500000E+02  0.350305200000E+02  0.618300000000E+01
   24563 -0.766657900000E+02  0.350364700000E+02  0.679000000000E+00
   24604 -0.765932600000E+02  0.350391400000E+02  0.653000000000E+01
   24613 -0.766271000000E+02  0.350401600000E+02  0.633200000000E+01
   24732 -0.766096400000E+02  0.350495800000E+02  0.567900000000E+01
   24737 -0.766438100000E+02  0.350505900000E+02  0.631000000000E+00
   24835 -0.765934800000E+02  0.350567600000E+02  0.549800000000E+01
   24885 -0.766246300000E+02  0.350631300000E+02  0.663000000000E+00
   24950 -0.766092400000E+02  0.350677800000E+02  0.619000000000E+00
       1 3    22373    22391    22367
       2 3    22373    22405    22391
       3 3    22405    22421    22391
       4 3    22367    22424    22398
       5 3    22405    22427    22421
       6 3    22367    22391    22424
       7 3    22398    22454    22422
       8 3    22391    22456    22424
       9 3    22398    22424    22454
      10 3    22427    22461    22421
      11 3    22391    22421    22456
      12 3    22427    22467    22461
      13 3    22422    22454    22482
      14 3    22424    22484    22454
      15 3    22424    22456    22484
      16 3    22421    22489    22456
      17 3    22421    22461    22489
      18 3    22467    22505    22461
      19 3    22467    22511    22505
      20 3    22454    22516    22482
      21 3    22454    22484    22516
      22 3    22456    22522    22484
      23 3    22456    22489    22522
      24 3    22461    22531    22489
      25 3    22461    22505    22531
      26 3    22482    22543    22512
      27 3    22482    22516    22543
      28 3    22484    22546    22516
      29 3    22484    22522    22546
      30 3    22511    22555    22505
      31 3    22489    22560    22522
      32 3    22511    22565    22555
      33 3    22489    22531    22560
      34 3    22512    22543    22576
      35 3    22516    22578    22543
      36 3    22505    22579    22531
      37 3    22516    22546    22578
      38 3    22505    22555    22579
      39 3    22522    22586    22546
      40 3    22522    22560    22586
      41 3    22531    22602    22560
      42 3    22543    22605    22576
      43 3    22531    22579    22602
      44 3    22543    22578    22605
      45 3    22565    22610    22555
      46 3    22546    22612    22578
      47 3    22546    22586    22612
      48 3    22565    22618    22610
      49 3    22560    22626    22586
      50 3    22555    22627    22579
      51 3    22560    22602    22626
      52 3    22555    22610    22627
      53 3    22576    22605    22638
      54 3    22576    22638    22608
      55 3    22578    22640    22605
      56 3    22578    22612    22640
      57 3    22579    22649    22602
      58 3    22586    22652    22612
      59 3    22579    22627    22649
      60 3    22586    22626    22652
      61 3    22605    22666    22638
      62 3    22608    22638    22667
      63 3    22602    22668    22626
      64 3    22605    22640    22666
      65 3    22608    22667    22646
      66 3    22618    22670    22610
      67 3    22602    22649    22668
      68 3    22618    22673    22670
      69 3    22612    22674    22640
      70 3    22610    22677    22627
      71 3    22612    22652    22674
      72 3    22610    22670    22677
      73 3    22626    22688    22652
      74 3    22638    22693    22667
      75 3    22627    22695    22649
      76 3    22646    22667    22696
      77 3    22638    22666    22693
      78 3    22626    22668    22688
      79 3    22640    22699    22666
      80 3    22646    22696    22686
      81 3    22627    22677    22695
      82 3    22640    22674    22699
      83 3    22652    22708    22674
      84 3    22649    22709    22668
      85 3    22652    22688    22708
      86 3    22673    22713    22670
      87 3    22667    22714    22696
      88 3    22649    22695    22709
      89 3    22673    22717    22713
      90 3    22666    22718    22693
      91 3    22667    22693    22714
      92 3    22666    22699    22718
      93 3    22670    22725    22677
      94 3    22668    22728    22688
      95 3    22674    22732    22699
      96 3    22670    22713    22725
      97 3    22668    22709    22728
      98 3    22674    22708    22732
      99 3    22677    22739    22695
     100 3    22686    22696    22742
     101 3    22693    22744    22714
     102 3    22677    22725    22739
     103 3    22693    22718    22744
     104 3    22688    22748    22708
     105 3    22699    22752    22718
     106 3    22695    22754    22709
     107 3    22688    22728    22748
     108 3    22699    22732    22752
     109 3    22695    22739    22754
     110 3    22696    22714    22742
     111 3    22717    22762    22713
     112 3    22717    22767    22762
     113 3    22708    22769    22732
     114 3    22709    22772    22728
     115 3    22714    22744    22774
     116 3    22718    22776    22744
     117 3    22714    22774    22742
     118 3    22713    22778    22725
     119 3    22708    22748    22769
     120 3    22718    22752    22776
     121 3    22713    22762    22778
     122 3    22709    22754    22772
     123 3    22725    22786    22739
     124 3    22732    22787    22752
     125 3    22728    22790    22748
     126 3    22725    22778    22786
     127 3    22793    22794    22767
     128 3    22732    22769    22787
     129 3    22742    22774    22796
     130 3    22744    22776    22800
     131 3    22744    22800    22774
     132 3    22728    22772    22790
     133 3    22739    22805    22754
     134 3    22752    22811    22776
     135 3    22739    22786    22805
     136 3    22752    22787    22811
     137 3    22767    22794    22814
     138 3    22767    22814    22762
     139 3    22748    22815    22769
     140 3    22754    22820    22772
     141 3    22774    22800    22821
     142 3    22748    22790    22815
     143 3    22762    22826    22778
     144 3    22774    22821    22796
     145 3    22754    22805    22820
     146 3    22762    22814    22826
     147 3    22776    22832    22800
     148 3    22793    22833    22794
     149 3    22776    22811    22832
     150 3    22769    22836    22787
     151 3    22796    22821    22839
     152 3    22772    22840    22790
     153 3    22778    22842    22786
     154 3    22769    22815    22836
     155 3    22778    22826    22842
     156 3    22772    22820    22840
     157 3    22787    22848    22811
     158 3    22800    22832    22849
     159 3    22800    22849    22821
     160 3    22787    22836    22848
     161 3    22786    22855    22805
     162 3    22794    22833    22857
     163 3    22790    22860    22815
     164 3    22794    22857    22814
     165 3    22786    22842    22855
     166 3    22811    22863    22832
     167 3    22811    22848    22863
     168 3    22821    22849    22866
     169 3    22790    22840    22860
     170 3    22805    22869    22820
     171 3    22814    22871    22826
     172 3    22814    22857    22871
     173 3    22805    22855    22869
     174 3    22832    22876    22849
     175 3    22832    22863    22876
     176 3    22820    22880    22840
     177 3    22815    22884    22836
     178 3    22821    22866    22839
     179 3    22826    22885    22842
     180 3    22833    22887    22857
     181 3    22826    22871    22885
     182 3    22820    22869    22880
     183 3    22836    22890    22848
     184 3    22815    22860    22884
     185 3    22849    22876    22893
     186 3    22833    22895    22887
     187 3    22849    22893    22866
     188 3    22840    22897    22860
     189 3    22848    22900    22863
     190 3    22842    22901    22855
     191 3    22848    22890    22900
     192 3    22836    22884    22890
     193 3    22842    22885    22901
     194 3    22876    22906    22893
     195 3    22840    22880    22897
     196 3    22863    22907    22876
     197 3    22863    22900    22907
     198 3    22857    22910    22871
     199 3    22860    22912    22884
     200 3    22855    22914    22869
     201 3    22857    22887    22910
     202 3    22855    22901    22914
     203 3    22895    22921    22887
     204 3    22869    22922    22880
     205 3    22876    22907    22906
     206 3    22871    22925    22885
     207 3    22860    22897    22912
     208 3    22871    22910    22925
     209 3    22869    22914    22922
     210 3    22895    22930    22921
     211 3    22880    22931    22897
     212 3    22885    22937    22901
     213 3    22897    22938    22912
     214 3    22880    22922    22931
     215 3    22885    22925    22937
     216 3    22887    22941    22910
     217 3    22887    22921    22941
     218 3    22901    22950    22914
     219 3    22901    22937    22950
     220 3    22930    22954    22921
     221 3    22897    22931    22938
     222 3    22910    22957    22925
     223 3    22914    22960    22922
     224 3    22910    22941    22957
     225 3    22930    22963    22954
     226 3    22914    22950    22960
     227 3    22922    22972    22931
     228 3    22925    22974    22937
     229 3    22921    22975    22941
     230 3    22922    22960    22972
     231 3    22925    22957    22974
     232 3    22921    22954    22975
     233 3    22931    22982    22938
     234 3    22931    22972    22982
     235 3    22963    22986    22954
     236 3    22937    22988    22950
     237 3    22937    22974    22988
     238 3    22963    22994    22986
     239 3    22941    22996    22957
     240 3    22941    22975    22996
     241 3    22950    23007    22960
     242 3    22950    22988    23007
     243 3    22954    23014    22975
     244 3    22957    23017    22974
     245 3    22960    23021    22972
     246 3    22960    23007    23021
     247 3    22957    22996    23017
     248 3    22954    22986    23014
     249 3    22972    23030    22982
     250 3    22994    23031    22986
     251 3    22972    23021    23030
     252 3    22974    23035    22988
     253 3    22994    23036    23031
     254 3    22975    23037    22996
     255 3    22974    23017    23035
     256 3    22975    23014    23037
     257 3    22988    23052    23007
     258 3    22988    23035    23052
     259 3    22986    23058    23014
     260 3    22996    23066    23017
     261 3    22986    23031    23058
     262 3    22996    23037    23066
     263 3    23007    23073    23021
     264 3    23007    23052    23073
     265 3    23017    23082    23035
     266 3    23014    23084    23037
     267 3    23021    23073    23088
     268 3    23017    23066    23082
     269 3    23014    23058    23084
     270 3    23021    23088    23030
     271 3    23035    23100    23052
     272 3    23035    23082    23100
     273 3    23037    23109    23066
     274 3    23037    23084    23109
     275 3    23052    23117    23073
     276 3    23052    23100    23117
     277 3    23066    23128    23082
     278 3    23066    23109    23128
     279 3    23073    23117    23135
     280 3    23073    23135    23088
     281 3    23084    23148    23109
     282 3    23082    23150    23100
     283 3    23100    23155    23117
     284 3    23082    23128    23150
     285 3    23100    23150    23155
     286 3    23109    23165    23128
     287 3    23117    23168    23135
     288 3    23117    23155    23168
     289 3    23109    23148    23165
     290 3    23150    23181    23155
     291 3    23128    23185    23150
     292 3    23128    23165    23185
     293 3    23155    23195    23168
     294 3    23155    23181    23195
     295 3    23150    23201    23181
     296 3    23150    23185    23201
     297 3    23181    23201    23216
     298 3    23165    23217    23185
     299 3    23181    23216    23195
     300 3    23185    23238    23201
     301 3    23185    23217    23238
     302 3    23201    23264    23216
     303 3    23201    23238    23264
     304 3    23216    23277    23195
     305 3    23216    23264    23277
     306 3    23673    23674    23675
     307 3    23677    23673    23678
     308 3    23674    23700    23701
     309 3    23673    23675    23678
     310 3    23685    23708    23693
     311 3    23677    23678    23711
     312 3    23685    23704    23708
     313 3    23693    23708    23715
     314 3    23674    23701    23675
     315 3    23715    23708    23723
     316 3    23715    23723    23724
     317 3    23708    23704    23726
     318 3    23708    23726    23723
     319 3    23724    23732    23733
     320 3    23711    23678    23734
     321 3    23724    23723    23732
     322 3    23723    23726    23744
     323 3    23733    23745    23746
     324 3    23733    23732    23745
     325 3    23723    23744    23732
     326 3    23711    23734    23755
     327 3    23746    23745    23757
     328 3    23678    23675    23758
     329 3    23746    23757    23765
     330 3    23732    23744    23769
     331 3    23774    23775    23776
     332 3    23732    23769    23745
     333 3    23774    23755    23781
     334 3    23765    23757    23782
     335 3    23765    23782    23789
     336 3    23678    23758    23734
     337 3    23700    23790    23791
     338 3    23700    23791    23701
     339 3    23675    23701    23799
     340 3    23769    23803    23745
     341 3    23755    23734    23806
     342 3    23745    23803    23757
     343 3    23776    23775    23795
     344 3    23789    23782    23808
     345 3    23774    23781    23775
     346 3    23675    23799    23758
     347 3    23789    23808    23813
     348 3    23757    23814    23782
     349 3    23757    23803    23814
     350 3    23755    23806    23781
     351 3    23782    23814    23821
     352 3    23782    23821    23808
     353 3    23734    23758    23837
     354 3    23813    23808    23839
     355 3    23813    23839    23846
     356 3    23701    23791    23847
     357 3    23734    23837    23806
     358 3    23808    23821    23850
     359 3    23808    23850    23839
     360 3    23775    23781    23852
     361 3    23781    23806    23858
     362 3    23701    23847    23799
     363 3    23775    23867    23795
     364 3    23790    23870    23871
     365 3    23758    23799    23872
     366 3    23790    23871    23791
     367 3    23781    23858    23852
     368 3    23839    23877    23846
     369 3    23839    23850    23877
     370 3    23806    23837    23880
     371 3    23775    23852    23867
     372 3    23758    23872    23837
     373 3    23806    23880    23858
     374 3    23877    23902    23846
     375 3    23852    23858    23917
     376 3    23850    23920    23877
     377 3    23799    23847    23921
     378 3    23846    23902    23870
     379 3    23791    23871    23926
     380 3    23858    23880    23929
     381 3    23799    23921    23872
     382 3    23791    23926    23847
     383 3    23867    23852    23941
     384 3    23858    23929    23917
     385 3    23870    23902    23942
     386 3    23852    23917    23941
     387 3    23877    23920    23902
     388 3    23870    23942    23871
     389 3    23917    23929    23965
     390 3    23837    23966    23880
     391 3    23837    23872    23966
     392 3    23872    23921    23979
     393 3    23917    23987    23941
     394 3    23917    23965    23987
     395 3    23847    23926    23998
     396 3    23847    23998    23921
     397 3    23871    23942    24007
     398 3    23872    23979    23966
     399 3    23920    24024    23902
     400 3    23871    24007    23926
     401 3    23921    24054    23979
     402 3    23920    24062    24024
     403 3    23921    23998    24054
     404 3    23902    24024    23942
     405 3    23926    24007    24082
     406 3    23942    24024    24090
     407 3    23926    24082    23998
     408 3    23942    24090    24007
     409 3    24116    24117    24118
     410 3    24116    24121    24117
     411 3    24062    24165    24024
     412 3    24062    24171    24165
     413 3    24007    24090    24173
     414 3    23998    24082    24179
     415 3    23998    24179    24054
     416 3    24024    24189    24090
     417 3    24024    24165    24189
     418 3    24118    24191    24192
     419 3    24007    24173    24082
     420 3    24118    24117    24191
     421 3    24121    24220    24117
     422 3    24192    24239    24171
     423 3    24090    24189    24241
     424 3    24082    24173    24243
     425 3    24192    24191    24239
     426 3    24082    24243    24179
     427 3    24117    24267    24191
     428 3    24171    24268    24165
     429 3    24090    24241    24173
     430 3    24117    24220    24267
     431 3    24171    24239    24268
     432 3    24173    24241    24304
     433 3    24165    24305    24189
     434 3    24191    24326    24239
     435 3    24191    24267    24326
     436 3    24220    24342    24267
     437 3    24165    24268    24305
     438 3    24189    24305    24241
     439 3    24173    24304    24243
     440 3    24239    24391    24268
     441 3    24239    24326    24391
     442 3    24241    24403    24304
     443 3    24241    24305    24403
     444 3    24267    24342    24416
     445 3    24267    24416    24326
     446 3    24304    24403    24437
     447 3    24268    24391    24467
     448 3    24268    24467    24305
     449 3    24342    24491    24416
     450 3    24326    24416    24500
     451 3    24326    24500    24391
     452 3    24305    24467    24563
     453 3    24305    24563    24403
     454 3    24416    24491    24604
     455 3    24416    24604    24500
     456 3    24391    24500    24613
     457 3    24391    24613    24467
     458 3    24500    24604    24732
     459 3    24467    24613    24737
     460 3    24500    24732    24613
     461 3    24467    24737    24563
     462 3    24604    24835    24732
     463 3    24613    24732    24885
     464 3    24613    24885    24737
     465 3    24732    24835    24950
     466 3    24732    24950    24885
 0                                                                              
 0                                                                              
 3                                                                              
 89                                                                             
      35       0                                                                
   24950
   24885
   24737
   24563
   24403
   24437
   24304
   24243
   24179
   24054
   23979
   23966
   23880
   23929
   23965
   23987
   23776
   23774
   23755
   23711
   23677
   23673
   23674
   23700
   23790
   23870
   23846
   23813
   23789
   23765
   23746
   23733
   23724
   23715
   23693
      17       1                                                                
   22373
   22405
   22427
   22467
   22511
   22565
   22618
   22673
   22717
   22767
   22793
   22833
   22895
   22930
   22963
   22994
   23036
      35       1                                                                
   23704
   23726
   23744
   23769
   23803
   23814
   23821
   23850
   23920
   24062
   24171
   24192
   24118
   24116
   24121
   23277
   23195
   23168
   23135
   23088
   23030
   22982
   22938
   22912
   22884
   22890
   22900
   22907
   22906
   22893
   22866
   22839
   22796
   22742
   22686
