FileFmt      1050624           0           0
NELG           58641         560         466
       40811
       40832
       40859
       40863
       40867
       40872
       40906
       40908
       40911
       40917
       40918
       40927
       40950
       40953
       40958
       40960
       40968
       40983
       40991
       40999
       41007
       41012
       41018
       41025
       41038
       41046
       41050
       41054
       41060
       41065
       41072
       41079
       41081
       41097
       41100
       41102
       41105
       41114
       41117
       41125
       41142
       41147
       41149
       41151
       41155
       41159
       41167
       41168
       41179
       41180
       41189
       41191
       41198
       41199
       41202
       41208
       41215
       41220
       41223
       41230
       41243
       41244
       41245
       41246
       41247
       41251
       41254
       41255
       41256
       41261
       41262
       41268
       41276
       41282
       41284
       41285
       41289
       41291
       41293
       41295
       41297
       41301
       41311
       41312
       41316
       41318
       41319
       41321
       41325
       41327
       41329
       41333
       41339
       41342
       41346
       41349
       41354
       41355
       41361
       41366
       41369
       41370
       41372
       41375
       41381
       41384
       41386
       41387
       41391
       41395
       41399
       41404
       41409
       41413
       41415
       41417
       41420
       41421
       41422
       41424
       41428
       41429
       41439
       41440
       41443
       41446
       41447
       41449
       41451
       41456
       41457
       41458
       41465
       41473
       41476
       41480
       41481
       41483
       41484
       41490
       41491
       41494
       41499
       41503
       41504
       41506
       41509
       41510
       41512
       41516
       41520
       41522
       41526
       41528
       41532
       41534
       41536
       41537
       41542
       41545
       41546
       41549
       41552
       41554
       41555
       41559
       41562
       41565
       41568
       41569
       41572
       41575
       41578
       41581
       41584
       41587
       41593
       41594
       41595
       41598
       41601
       41604
       41605
       41606
       41609
       41611
       41613
       41614
       41618
       41619
       41622
       41624
       41627
       41629
       41631
       41632
       41633
       41636
       41639
       41641
       41642
       41646
       41653
       41654
       41656
       41659
       41660
       41665
       41666
       41670
       41671
       41678
       41679
       41682
       41683
       41684
       41694
       41698
       41702
       41704
       41705
       41709
       41713
       41718
       41720
       41723
       41732
       41735
       41736
       41738
       41743
       41747
       41748
       41751
       41754
       41758
       41763
       41765
       41768
       41778
       41783
       41791
       41798
       41801
       41807
       41808
       41810
       41812
       41826
      -41827
       41828
       41833
      -41835
       41836
       41842
       41851
       41857
       41863
      -41865
       41878
      -41883
       41884
       41888
       41891
       41904
      -41906
       41912
       41916
      -41918
       41919
       41930
       41939
       41942
      -41949
       41954
       41958
       41970
       41979
       41980
       41985
      -41999
       42002
       42010
       42016
       42023
      -42027
       42030
       42034
      -42036
       42050
       42056
      -42061
       42074
       42078
       42082
       42084
       42105
      -42106
       42114
      -42139
      -42146
      -42169
      -42183
      -42189
      -42205
       42885
       42889
       42929
       42930
      -42937
       42941
      -42946
      -42952
       42954
       42966
       42967
      -42971
       42972
       42981
       42982
       42983
       42997
       43000
       43004
       43005
       43019
       43021
       43022
       43031
       43038
      -43049
       43055
       43058
       43059
       43068
       43069
       43073
       43077
       43086
       43093
       43096
       43101
      -43102
       43103
       43106
       43112
       43115
       43116
       43117
       43126
       43133
       43136
       43152
       43155
       43169
       43171
       43172
       43175
       43177
       43178
       43188
       43189
      -43203
       43208
       43209
       43212
       43218
       43221
       43223
       43225
      -43230
       43234
       43254
       43260
       43287
       43291
       43292
       43302
       43303
       43309
       43318
       43326
      -43329
       43330
       43331
      -43359
       43362
       43366
       43371
       43372
       43380
       43393
      -43407
      -43419
       43432
       43442
       43446
       43472
       43475
       43476
       43524
       43544
       43567
       43569
       43581
       43594
       43607
       43626
       43636
       43641
       43717
       43728
       43730
       43742
       43751
       43761
       43764
       43766
       43783
       43789
       43821
       43847
       43852
       43857
       43876
       43885
       43893
       43894
       43897
       43899
       43926
       43957
       43958
       43993
       44004
       44026
       44027
       44064
       44081
       44113
       44116
       44131
       44150
       44154
       44155
       44196
       44250
       44276
       44302
       44308
       44313
       44434
       44465
       44512
       44516
       44524
       44550
       44758
       44765
       44774
       44825
       44949
       45050
       45084
       45162
       45172
NNODG          32218         319         291
      -22367
      -22373
       22391
      -22398
       22405
       22421
      -22422
       22424
       22427
       22454
       22456
       22461
       22467
      -22482
       22484
       22489
       22505
       22511
      -22512
       22516
       22522
       22531
       22543
       22546
       22555
       22560
       22565
      -22576
       22578
       22579
       22586
       22602
       22605
      -22608
       22610
       22612
       22618
       22626
       22627
       22638
       22640
      -22646
       22649
       22652
       22666
       22667
       22668
       22670
       22673
       22674
       22677
      -22686
       22688
       22693
       22695
       22696
       22699
       22708
       22709
       22713
       22714
       22717
       22718
       22725
       22728
       22732
       22739
       22742
       22744
       22748
       22752
       22754
       22762
       22767
       22769
       22772
       22774
       22776
       22778
       22786
       22787
       22790
       22793
       22794
       22796
       22800
       22805
       22811
       22814
       22815
       22820
       22821
       22826
       22832
       22833
       22836
       22839
       22840
       22842
       22848
       22849
       22855
       22857
       22860
       22863
       22866
       22869
       22871
       22876
       22880
       22884
       22885
       22887
       22890
       22893
       22895
       22897
       22900
       22901
       22906
       22907
       22910
       22912
       22914
       22921
       22922
       22925
       22930
       22931
       22937
       22938
       22941
       22950
       22954
       22957
       22960
       22963
       22972
       22974
       22975
       22982
       22986
       22988
       22994
       22996
       23007
       23014
       23017
       23021
       23030
      -23031
       23035
      -23036
       23037
       23052
      -23058
       23066
       23073
       23082
      -23084
       23088
       23100
       23109
       23117
       23128
       23135
      -23148
       23150
       23155
      -23165
       23168
       23181
       23185
       23195
       23201
       23216
      -23217
      -23238
      -23264
      -23277
       23673
       23674
       23675
       23677
       23678
      -23685
      -23693
       23700
       23701
      -23704
       23708
       23711
       23715
       23723
       23724
       23726
       23732
       23733
       23734
       23744
       23745
       23746
       23755
       23757
       23758
       23765
       23769
       23774
       23775
      -23776
       23781
       23782
       23789
       23790
       23791
      -23795
       23799
       23803
       23806
       23808
       23813
       23814
       23821
       23837
       23839
       23846
       23847
       23850
       23852
       23858
      -23867
       23870
       23871
       23872
       23877
       23880
       23902
       23917
       23920
       23921
       23926
       23929
      -23941
       23942
       23965
       23966
       23979
      -23987
       23998
       24007
       24024
       24054
       24062
       24082
       24090
       24116
       24117
       24118
      -24121
       24165
       24171
       24173
       24179
       24189
       24191
       24192
      -24220
       24239
       24241
       24243
       24267
       24268
       24304
       24305
       24326
      -24342
       24391
       24403
       24416
       24437
       24467
      -24491
       24500
       24563
      -24604
       24613
       24732
       24737
      -24835
       24885
      -24950
NFLUXF             0
NETA             128          29           0
NSTAE              0           0           0
NSTAV              0           0           0
NSTAM              0           0           0
NSTAC              0           0           0
RES NODE          70         256
                   3           5           6           8           9          10
                  11          12          13          15          16          17
                  18          20          21          22          23          24
                  25          26          27          29          30          31
                  32          33          35          36          37          38
                  39          40          41          43          44          45
                  46          47          48          49          50          51
                  53          54          55          56          57          58
                  59          60          61          62          63          64
                  65          66          67          68          69          70
                  71          72          73          74          75          76
                  77          78          79          80          81          82
                  83          84          85          86          87          88
                  89          90          91          92          93          94
                  95          96          97          98          99         100
                 101         102         103         104         105         106
                 107         108         109         110         111         112
                 113         114         115         116         117         118
                 119         120         121         122         123         124
                 125         126         127         128         129         130
                 131         132         133         134         135         136
                 137         138         139         140         141         142
                 143         144         145         146         147         148
                 149         150         152         154         155         157
                 158         159         161         162         163         164
                 165         166         168         169         171         172
                 173         174         175         176         181         182
                 183         184         185         188         189         191
                 192         193         194         195         196         197
                 198         199         200         201         202         203
                 204         205         206         207         208         209
                 211         212         213         214         215         217
                 218         219         220         221         222         223
                 224         225         226         227         228         229
                 230         232         233         234         235         236
                 237         238         239         240         241         242
                 244         245         246         247         249         250
                 251         252         253         254         255         256
                 257         258         260         261         262         263
                 264         265         266         268         269         270
                 271         272         273         274         275         277
                 278         279         280         281         283         284
                 286         287         288         290
COMM PE            5
RECV PE           65           5
                 210         216         231         243         248
RECV PE           67           3
                 186         187         190
RECV PE           69          10
                 151         153         156         160         167         170
                 177         178         179         180
RECV PE           71           7
                 259         267         276         282         285         289
                 291
RECV PE           74          10
                   1           2           4           7          14          19
                  28          34          42          52
SEND PE           65           5
                 208         209         229         238         245
SEND PE           67           3
                 191         193         196
SEND PE           69          10
                 142         144         147         154         163         165
                 173         174         175         176
SEND PE           71           7
                 256         257         271         279         283         287
                 290
SEND PE           74          11
                   3           5           8          10          20          23
                  33          40          46          56          68
