FileFmt      1050624           0           0
NELG           58641         560         460
      -43641
       43815
      -43821
       43883
      -43899
       43909
       43913
       43923
       43949
       43973
       43995
       44012
       44016
      -44026
       44042
       44052
       44084
       44095
       44120
       44147
      -44154
       44164
       44192
       44229
       44252
       44293
      -44302
       44303
       44311
       44384
       44433
       44460
       44493
      -44512
       44515
      -44516
       44590
       44593
       44658
       44677
       44691
       44700
       44725
      -44758
       44766
       44798
       44850
       44871
       44908
       44910
      -44949
       44958
       44979
       44983
       44985
       44999
       45025
       45066
       45087
       45102
       45106
       45112
       45137
       45154
      -45162
      -45172
       45195
       45196
       45205
       45217
       45225
       45255
       45259
       45260
       45280
       45293
       45311
       45315
       45323
       45338
       45360
       45380
       45382
       45390
       45392
       45416
       45419
       45458
       45487
       45502
       45505
       45527
       45550
       45556
       45567
       45568
       45569
       45600
       45616
       45626
       45638
       45644
       45655
       45674
       45693
       45696
       45698
       45704
       45711
       45734
       45742
       45752
       45756
       45780
       45783
       45804
       45808
       45817
       45828
       45842
       45845
       45856
       45886
       45890
       45911
       45914
       45925
       45927
       45935
       45937
       45991
       45999
       46004
       46019
       46020
       46025
       46037
       46038
       46052
       46055
       46074
       46104
       46106
       46108
       46138
       46140
       46152
       46157
       46159
       46161
       46181
       46184
       46190
       46200
       46206
       46220
       46223
       46226
       46244
       46275
       46278
       46282
       46290
       46293
       46302
       46303
       46308
       46309
       46314
       46320
       46344
       46351
       46366
       46384
       46388
       46390
       46395
       46399
       46402
       46404
       46406
       46411
       46428
       46443
       46448
       46462
       46466
       46475
       46487
       46496
       46499
       46500
       46507
       46513
       46535
       46539
       46552
       46573
       46582
       46588
       46589
       46590
       46617
       46618
       46632
       46637
       46645
       46653
       46668
       46695
       46696
       46699
       46726
       46728
       46730
       46737
       46740
       46748
       46750
       46759
       46760
       46774
       46775
       46799
       46804
       46808
       46815
       46816
       46819
       46824
       46829
       46838
       46864
       46867
       46868
       46870
       46873
       46874
       46883
       46889
       46898
       46910
       46913
       46918
       46919
       46925
       46926
       46932
       46935
       46937
       46949
       46953
       46971
       46990
       46994
       46999
       47001
       47004
       47017
       47029
       47035
       47049
       47050
       47055
       47067
       47068
       47076
       47084
       47086
       47087
       47090
       47092
       47094
       47097
       47100
       47102
       47106
       47113
       47115
       47120
       47125
       47128
       47130
       47135
       47138
       47139
       47144
       47151
       47152
       47154
       47174
       47175
       47182
       47190
       47200
       47212
       47215
       47219
       47220
       47235
       47241
       47242
       47245
       47249
       47252
       47255
       47257
       47262
       47267
       47270
       47271
       47274
       47277
       47278
       47280
       47281
       47291
       47296
       47300
       47311
       47313
       47315
       47319
       47320
       47322
       47325
       47335
       47343
       47344
       47346
       47350
       47361
       47372
       47374
       47376
       47380
       47381
       47390
       47393
       47402
       47406
       47410
       47411
       47416
       47424
       47433
       47439
       47447
       47448
       47452
       47453
       47462
       47470
       47472
       47474
       47480
       47482
       47488
       47492
       47494
       47498
       47499
       47502
       47511
       47518
       47532
       47539
       47552
       47553
       47555
       47557
       47565
       47570
       47571
       47572
       47576
       47583
       47590
       47603
       47616
       47625
       47641
       47645
       47648
       47651
       47652
       47662
       47673
       47680
       47685
       47695
       47707
       47714
       47718
       47724
       47728
       47732
       47758
       47766
       47770
       47772
       47780
       47782
       47783
       47795
       47798
       47810
       47820
       47837
       47850
       47859
       47863
       47865
       47867
       47886
       47891
       47895
       47901
       47912
       47917
       47925
       47959
       47963
       47979
       47980
       47993
       48004
       48008
       48023
       48039
       48051
       48062
       48069
       48094
       48100
       48108
       48192
       48254
       48257
       48310
       48342
       48383
       48401
       48427
       48493
       48507
       48529
       48554
       48569
       48586
       48595
       48607
       48612
       48651
       48672
       48675
       48687
       48695
       48699
       48728
NNODG          32218         319         297
      -24116
      -24117
       24121
       24219
       24220
       24259
       24260
       24261
      -24267
       24277
       24281
       24286
       24287
       24314
       24315
       24339
       24342
       24354
       24378
       24394
      -24416
       24434
       24469
       24491
      -24500
       24501
       24562
       24594
       24604
       24607
       24647
       24688
       24698
      -24732
       24738
       24739
       24784
       24795
       24815
       24835
       24850
       24853
      -24885
       24898
       24909
       24920
       24923
       24945
       24950
      -24955
       24967
       24977
       24981
       25000
       25015
       25024
       25033
       25061
       25072
       25073
       25079
       25112
       25135
       25149
       25161
       25163
       25170
      -25171
       25172
       25199
       25208
       25212
       25220
       25238
       25241
       25258
       25263
       25269
       25284
       25294
       25302
       25306
       25315
       25337
       25350
       25357
       25364
       25391
      -25396
       25404
       25414
       25422
       25424
       25446
       25448
       25462
       25471
       25473
       25485
       25494
       25499
       25506
       25518
      -25534
       25537
       25544
       25550
       25551
       25556
       25572
       25577
       25594
       25596
       25598
       25603
       25617
       25622
       25627
       25634
       25642
       25649
      -25654
       25677
       25687
       25702
       25703
       25704
       25709
       25713
       25714
       25727
       25733
       25740
       25749
       25762
       25779
       25781
       25784
       25786
       25787
       25788
       25793
       25801
      -25812
       25813
       25824
       25828
       25829
       25830
       25835
       25836
       25838
       25844
       25850
       25862
       25865
       25869
       25873
       25876
       25882
       25889
       25890
       25894
      -25895
       25901
       25903
       25921
       25929
       25930
       25933
       25942
       25949
       25954
       25964
       25965
       25966
       25967
       25969
       25970
       25980
       25981
       25987
       25988
       25994
       25995
       25996
       25998
       25999
      -26001
       26002
       26003
       26007
       26010
       26014
       26015
       26020
       26023
       26027
       26040
       26051
       26057
       26058
       26060
       26061
       26062
       26069
       26073
       26074
       26079
       26082
       26088
       26090
       26092
       26093
       26098
       26102
       26112
       26114
       26116
       26117
       26119
       26129
       26140
       26146
       26151
       26152
       26159
       26160
       26167
       26181
       26184
       26185
       26188
       26191
       26198
       26204
       26205
       26207
       26208
       26213
       26215
       26216
      -26240
       26241
       26242
       26253
       26254
       26268
       26278
       26289
       26292
       26295
       26296
       26311
       26316
       26324
       26327
      -26335
       26347
       26354
       26360
       26362
       26375
       26382
       26397
       26404
       26406
       26408
       26419
       26421
       26456
       26465
       26466
       26476
       26478
       26495
       26501
       26506
      -26521
       26575
       26605
       26638
      -26673
       26683
       26696
       26697
       26735
       26736
       26750
       26760
       26761
       26785
       26789
       26812
       26824
       26839
       26840
NFLUXF             0
NETA             128          29           0
NSTAE              0           0           0
NSTAV              0           0           0
NSTAM              0           0           0
NSTAC              0           0           0
RES NODE          71         278
                   3           4           5           6           7           8
                  10          11          12          13          14          15
                  16          17          18          19          20          22
                  23          24          26          27          28          29
                  30          31          32          33          35          36
                  37          38          39          40          41          42
                  44          45          46          47          48          49
                  51          52          53          54          55          56
                  57          58          59          60          61          62
                  63          64          65          66          67          69
                  70          71          72          73          74          75
                  76          77          78          79          80          81
                  82          83          84          85          86          87
                  88          90          91          92          93          94
                  95          96          97          98          99         100
                 101         102         103         105         106         107
                 108         109         110         111         112         113
                 114         115         116         117         118         119
                 120         121         123         124         125         126
                 127         128         129         130         131         132
                 133         134         135         136         137         138
                 139         140         141         142         143         145
                 146         147         148         149         150         151
                 152         153         154         155         156         157
                 158         159         160         161         162         163
                 165         166         167         168         169         170
                 171         172         173         174         175         176
                 177         178         179         180         181         182
                 183         184         185         186         187         188
                 190         191         192         193         194         195
                 196         197         198         199         200         201
                 202         203         204         205         206         207
                 208         209         210         211         212         213
                 214         215         216         217         218         219
                 220         221         222         223         224         225
                 226         227         228         229         230         231
                 232         233         234         235         236         237
                 238         239         240         241         242         244
                 245         246         247         248         249         250
                 251         252         253         254         255         256
                 257         259         260         261         262         263
                 264         265         266         267         268         269
                 270         271         272         273         274         275
                 276         277         278         280         281         282
                 284         285         286         287         288         289
                 290         291         292         293         294         295
                 296         297
COMM PE            3
RECV PE           70           7
                   1           2           9          21          25          34
                  43
RECV PE           88           8
                 122         144         164         189         243         258
                 279         283
RECV PE           89           4
                  50          68          89         104
SEND PE           70           7
                   3           5          17          24          29          40
                  49
SEND PE           88           8
                 113         131         138         158         213         234
                 267         280
SEND PE           89           4
                  69          80          97         113
