bi_1997_v2.grd                                                                  
     460     297
   24116 -0.765868500000E+02  0.349716600000E+02  0.308500000000E+01
   24117 -0.765918200000E+02  0.349903900000E+02  0.465600000000E+01
   24121 -0.765798300000E+02  0.349856800000E+02  0.626000000000E+00
   24219 -0.765642900000E+02  0.349960700000E+02  0.555000000000E+00
   24220 -0.765781200000E+02  0.349997700000E+02  0.112600000000E+01
   24259 -0.765019300000E+02  0.349926800000E+02  0.255800000000E+01
   24260 -0.764884600000E+02  0.349961900000E+02  0.153900000000E+01
   24261 -0.765001700000E+02  0.350055000000E+02  0.304700000000E+01
   24267 -0.765930900000E+02  0.350058900000E+02  0.540400000000E+01
   24277 -0.764890400000E+02  0.350061100000E+02  0.799000000000E+00
   24281 -0.765151400000E+02  0.350018700000E+02  0.142500000000E+01
   24286 -0.765475800000E+02  0.349984900000E+02  0.585000000000E+00
   24287 -0.765623200000E+02  0.350065700000E+02  0.172500000000E+01
   24314 -0.765308700000E+02  0.350009000000E+02  0.604000000000E+00
   24315 -0.765456800000E+02  0.350108100000E+02  0.352100000000E+01
   24339 -0.765289200000E+02  0.350138900000E+02  0.499600000000E+01
   24342 -0.765774100000E+02  0.350140100000E+02  0.469200000000E+01
   24354 -0.765121700000E+02  0.350167300000E+02  0.400000000000E+01
   24378 -0.764942900000E+02  0.350194500000E+02  0.103800000000E+01
   24394 -0.765608100000E+02  0.350202600000E+02  0.613800000000E+01
   24416 -0.765934000000E+02  0.350219600000E+02  0.672700000000E+01
   24434 -0.765435900000E+02  0.350247900000E+02  0.593900000000E+01
   24469 -0.765261000000E+02  0.350282000000E+02  0.616900000000E+01
   24491 -0.765767100000E+02  0.350295900000E+02  0.642600000000E+01
   24500 -0.766101500000E+02  0.350305200000E+02  0.618300000000E+01
   24501 -0.765083700000E+02  0.350314700000E+02  0.587100000000E+01
   24562 -0.765591800000E+02  0.350357800000E+02  0.659300000000E+01
   24594 -0.764891700000E+02  0.350360800000E+02  0.118600000000E+01
   24604 -0.765932600000E+02  0.350391400000E+02  0.653000000000E+01
   24607 -0.765408000000E+02  0.350398200000E+02  0.662300000000E+01
   24647 -0.765227500000E+02  0.350424800000E+02  0.695200000000E+01
   24688 -0.765057600000E+02  0.350458900000E+02  0.570800000000E+01
   24698 -0.765761800000E+02  0.350464100000E+02  0.684900000000E+01
   24732 -0.766096400000E+02  0.350495800000E+02  0.567900000000E+01
   24738 -0.764808400000E+02  0.350452400000E+02  0.675000000000E+00
   24739 -0.764909700000E+02  0.350507700000E+02  0.246000000000E+01
   24784 -0.765361600000E+02  0.350538800000E+02  0.670600000000E+01
   24795 -0.765570200000E+02  0.350537900000E+02  0.714800000000E+01
   24815 -0.765193100000E+02  0.350556600000E+02  0.688300000000E+01
   24835 -0.765934800000E+02  0.350567600000E+02  0.549800000000E+01
   24850 -0.764767500000E+02  0.350557500000E+02  0.878000000000E+00
   24853 -0.765039800000E+02  0.350588500000E+02  0.657900000000E+01
   24885 -0.766246300000E+02  0.350631300000E+02  0.663000000000E+00
   24898 -0.764893300000E+02  0.350627900000E+02  0.304300000000E+01
   24909 -0.765774400000E+02  0.350634300000E+02  0.377600000000E+01
   24920 -0.765308200000E+02  0.350654300000E+02  0.671800000000E+01
   24923 -0.765462400000E+02  0.350660800000E+02  0.693100000000E+01
   24945 -0.765164000000E+02  0.350674500000E+02  0.666400000000E+01
   24950 -0.766092400000E+02  0.350677800000E+02  0.619000000000E+00
   24955 -0.764287200000E+02  0.350668500000E+02  0.978000000000E+00
   24967 -0.764744000000E+02  0.350668500000E+02  0.780000000000E+00
   24977 -0.765631600000E+02  0.350711200000E+02  0.540200000000E+01
   24981 -0.765021100000E+02  0.350705500000E+02  0.654700000000E+01
   25000 -0.765390500000E+02  0.350737600000E+02  0.669000000000E+01
   25015 -0.765950900000E+02  0.350742000000E+02  0.844000000000E+00
   25024 -0.764877900000E+02  0.350739500000E+02  0.408100000000E+01
   25033 -0.765277300000E+02  0.350757200000E+02  0.687700000000E+01
   25061 -0.765512300000E+02  0.350785200000E+02  0.578800000000E+01
   25072 -0.765144400000E+02  0.350785000000E+02  0.641000000000E+01
   25073 -0.765796700000E+02  0.350783000000E+02  0.387800000000E+01
   25079 -0.764732300000E+02  0.350767700000E+02  0.174500000000E+01
   25112 -0.765007400000E+02  0.350817400000E+02  0.580100000000E+01
   25135 -0.765392200000E+02  0.350830300000E+02  0.665000000000E+01
   25149 -0.765923700000E+02  0.350849600000E+02  0.664000000000E+00
   25161 -0.765673900000E+02  0.350866100000E+02  0.375900000000E+01
   25163 -0.764869500000E+02  0.350850300000E+02  0.329100000000E+01
   25170 -0.765264400000E+02  0.350861500000E+02  0.595300000000E+01
   25171 -0.764294400000E+02  0.350868900000E+02  0.967000000000E+00
   25172 -0.764451200000E+02  0.350767700000E+02  0.224500000000E+01
   25199 -0.765826100000E+02  0.350894700000E+02  0.251500000000E+01
   25208 -0.764734400000E+02  0.350878800000E+02  0.220800000000E+01
   25212 -0.764615200000E+02  0.350767700000E+02  0.139200000000E+01
   25220 -0.765132400000E+02  0.350894100000E+02  0.682900000000E+01
   25238 -0.765523300000E+02  0.350905300000E+02  0.171900000000E+01
   25241 -0.764594100000E+02  0.350908800000E+02  0.217000000000E+01
   25258 -0.765928800000E+02  0.350924100000E+02  0.272900000000E+01
   25263 -0.764999200000E+02  0.350929800000E+02  0.521200000000E+01
   25269 -0.765385800000E+02  0.350935300000E+02  0.372900000000E+01
   25284 -0.765872700000E+02  0.350966500000E+02  0.111100000000E+01
   25294 -0.764444900000E+02  0.350964500000E+02  0.479600000000E+01
   25302 -0.765760700000E+02  0.350979200000E+02  0.555000000000E+00
   25306 -0.765254100000E+02  0.350967000000E+02  0.649100000000E+01
   25315 -0.764865600000E+02  0.350968200000E+02  0.412600000000E+01
   25337 -0.765666600000E+02  0.351004100000E+02  0.555000000000E+00
   25350 -0.765124600000E+02  0.351003500000E+02  0.706500000000E+01
   25357 -0.765508700000E+02  0.351010700000E+02  0.361100000000E+01
   25364 -0.764729800000E+02  0.351010400000E+02  0.406800000000E+01
   25391 -0.765372400000E+02  0.351036800000E+02  0.407300000000E+01
   25396 -0.764295700000E+02  0.351046400000E+02  0.561800000000E+01
   25404 -0.764995700000E+02  0.351045700000E+02  0.765500000000E+01
   25414 -0.764589200000E+02  0.351063300000E+02  0.492200000000E+01
   25422 -0.765620700000E+02  0.351079300000E+02  0.175300000000E+01
   25424 -0.765244900000E+02  0.351071000000E+02  0.607700000000E+01
   25446 -0.764865000000E+02  0.351093900000E+02  0.577900000000E+01
   25448 -0.765483300000E+02  0.351103700000E+02  0.421200000000E+01
   25462 -0.765121500000E+02  0.351113600000E+02  0.694300000000E+01
   25471 -0.764444700000E+02  0.351131600000E+02  0.568100000000E+01
   25473 -0.765357300000E+02  0.351133000000E+02  0.494600000000E+01
   25485 -0.764730500000E+02  0.351149600000E+02  0.531000000000E+01
   25494 -0.765582100000E+02  0.351170800000E+02  0.100100000000E+01
   25499 -0.764998000000E+02  0.351164900000E+02  0.730100000000E+01
   25506 -0.765239700000E+02  0.351172200000E+02  0.584700000000E+01
   25518 -0.765459000000E+02  0.351191500000E+02  0.432300000000E+01
   25534 -0.764298200000E+02  0.351211300000E+02  0.690700000000E+01
   25537 -0.764591500000E+02  0.351214900000E+02  0.605900000000E+01
   25544 -0.765344300000E+02  0.351222400000E+02  0.543100000000E+01
   25550 -0.765126300000E+02  0.351224200000E+02  0.628500000000E+01
   25551 -0.764870500000E+02  0.351224300000E+02  0.756200000000E+01
   25556 -0.765556700000E+02  0.351246000000E+02  0.555000000000E+00
   25572 -0.765430400000E+02  0.351273200000E+02  0.436300000000E+01
   25577 -0.765244000000E+02  0.351269000000E+02  0.597800000000E+01
   25594 -0.765009100000E+02  0.351287800000E+02  0.647500000000E+01
   25596 -0.764448600000E+02  0.351289300000E+02  0.674200000000E+01
   25598 -0.764737200000E+02  0.351290900000E+02  0.662600000000E+01
   25603 -0.765335300000E+02  0.351295700000E+02  0.408500000000E+01
   25617 -0.765501300000E+02  0.351330600000E+02  0.555000000000E+00
   25622 -0.765145800000E+02  0.351337800000E+02  0.484700000000E+01
   25627 -0.765385600000E+02  0.351352800000E+02  0.213100000000E+01
   25634 -0.765272400000E+02  0.351361200000E+02  0.337500000000E+01
   25642 -0.764882900000E+02  0.351358400000E+02  0.645000000000E+01
   25649 -0.764598700000E+02  0.351364200000E+02  0.612700000000E+01
   25654 -0.764302900000E+02  0.351370300000E+02  0.665200000000E+01
   25677 -0.765441900000E+02  0.351412000000E+02  0.555000000000E+00
   25687 -0.765031000000E+02  0.351417000000E+02  0.427100000000E+01
   25702 -0.766942300000E+02  0.351368900000E+02  0.140600000000E+01
   25703 -0.766961700000E+02  0.351438900000E+02  0.244700000000E+01
   25704 -0.767006800000E+02  0.351390300000E+02  0.224900000000E+01
   25709 -0.765332300000E+02  0.351444300000E+02  0.869000000000E+00
   25713 -0.766901800000E+02  0.351411000000E+02  0.123600000000E+01
   25714 -0.764749000000E+02  0.351433600000E+02  0.627000000000E+01
   25727 -0.764456000000E+02  0.351443400000E+02  0.605400000000E+01
   25733 -0.765191900000E+02  0.351467600000E+02  0.429600000000E+01
   25740 -0.767037200000E+02  0.351461000000E+02  0.134900000000E+01
   25749 -0.766903100000E+02  0.351480400000E+02  0.183900000000E+01
   25762 -0.764900800000E+02  0.351496600000E+02  0.526400000000E+01
   25779 -0.765398600000E+02  0.351522600000E+02  0.709000000000E+00
   25781 -0.766979000000E+02  0.351522100000E+02  0.144300000000E+01
   25784 -0.764609800000E+02  0.351513200000E+02  0.634600000000E+01
   25786 -0.766742300000E+02  0.351471600000E+02  0.975000000000E+00
   25787 -0.766701800000E+02  0.351496800000E+02  0.108600000000E+01
   25788 -0.766750300000E+02  0.351520600000E+02  0.299300000000E+01
   25793 -0.766818200000E+02  0.351481700000E+02  0.171700000000E+01
   25801 -0.766859400000E+02  0.351535600000E+02  0.324600000000E+01
   25812 -0.764309900000E+02  0.351526700000E+02  0.646900000000E+01
   25813 -0.765490900000E+02  0.351521600000E+02  0.555000000000E+00
   25824 -0.766804100000E+02  0.351550500000E+02  0.328300000000E+01
   25828 -0.765878100000E+02  0.351479100000E+02  0.174300000000E+01
   25829 -0.765810900000E+02  0.351489300000E+02  0.165400000000E+01
   25830 -0.765873000000E+02  0.351548500000E+02  0.791000000000E+00
   25835 -0.765943800000E+02  0.351517000000E+02  0.106600000000E+01
   25836 -0.765303100000E+02  0.351549500000E+02  0.291600000000E+01
   25838 -0.766689200000E+02  0.351546000000E+02  0.109000000000E+01
   25844 -0.765055300000E+02  0.351553800000E+02  0.595300000000E+01
   25850 -0.765792000000E+02  0.351535900000E+02  0.239900000000E+01
   25862 -0.766923300000E+02  0.351582600000E+02  0.105600000000E+01
   25865 -0.766746400000E+02  0.351577100000E+02  0.359500000000E+01
   25869 -0.766848600000E+02  0.351582600000E+02  0.151700000000E+01
   25873 -0.764764800000E+02  0.351578300000E+02  0.474400000000E+01
   25876 -0.765936100000E+02  0.351589400000E+02  0.368400000000E+01
   25882 -0.766000900000E+02  0.351549800000E+02  0.105100000000E+01
   25889 -0.765374500000E+02  0.351601000000E+02  0.139300000000E+01
   25890 -0.765449100000E+02  0.351607300000E+02  0.197100000000E+01
   25894 -0.766801800000E+02  0.351605300000E+02  0.121900000000E+01
   25895 -0.764466100000E+02  0.351596400000E+02  0.566300000000E+01
   25901 -0.765203300000E+02  0.351609500000E+02  0.512200000000E+01
   25903 -0.766689200000E+02  0.351607900000E+02  0.219300000000E+01
   25921 -0.765866500000E+02  0.351617700000E+02  0.100700000000E+01
   25929 -0.765998400000E+02  0.351635100000E+02  0.216900000000E+01
   25930 -0.766048900000E+02  0.351596500000E+02  0.916000000000E+00
   25933 -0.766744000000E+02  0.351632000000E+02  0.291700000000E+01
   25942 -0.765542100000E+02  0.351633300000E+02  0.167500000000E+01
   25949 -0.764922000000E+02  0.351638500000E+02  0.572100000000E+01
   25954 -0.765318200000E+02  0.351652000000E+02  0.534800000000E+01
   25964 -0.766798000000E+02  0.351652000000E+02  0.103100000000E+01
   25965 -0.766302000000E+02  0.351599000000E+02  0.236500000000E+01
   25966 -0.766229900000E+02  0.351607900000E+02  0.110700000000E+01
   25967 -0.766273400000E+02  0.351659600000E+02  0.421100000000E+01
   25969 -0.766370300000E+02  0.351620500000E+02  0.105300000000E+01
   25970 -0.766337200000E+02  0.351661600000E+02  0.421000000000E+01
   25980 -0.766170300000E+02  0.351618000000E+02  0.793000000000E+00
   25981 -0.766210600000E+02  0.351666700000E+02  0.378700000000E+01
   25987 -0.766422200000E+02  0.351621700000E+02  0.115700000000E+01
   25988 -0.766397200000E+02  0.351669400000E+02  0.331000000000E+01
   25994 -0.765933500000E+02  0.351668200000E+02  0.291700000000E+01
   25995 -0.766688900000E+02  0.351667800000E+02  0.343300000000E+01
   25996 -0.765403500000E+02  0.351673600000E+02  0.477600000000E+01
   25998 -0.766112100000E+02  0.351623000000E+02  0.886000000000E+00
   25999 -0.766147600000E+02  0.351674900000E+02  0.283700000000E+01
   26001 -0.764623800000E+02  0.351662800000E+02  0.592200000000E+01
   26002 -0.766485400000E+02  0.351630600000E+02  0.191800000000E+01
   26003 -0.766455800000E+02  0.351676500000E+02  0.335800000000E+01
   26007 -0.766071900000E+02  0.351678300000E+02  0.435300000000E+01
   26010 -0.766617100000E+02  0.351648200000E+02  0.171400000000E+01
   26014 -0.766534800000E+02  0.351644400000E+02  0.913000000000E+00
   26015 -0.766522100000E+02  0.351678500000E+02  0.782000000000E+00
   26020 -0.766739800000E+02  0.351682300000E+02  0.943000000000E+00
   26023 -0.765485200000E+02  0.351691600000E+02  0.392900000000E+01
   26027 -0.765875200000E+02  0.351689000000E+02  0.115900000000E+01
   26040 -0.765083000000E+02  0.351693600000E+02  0.352200000000E+01
   26051 -0.766310200000E+02  0.351708600000E+02  0.280800000000E+01
   26057 -0.765563400000E+02  0.351711600000E+02  0.231000000000E+01
   26058 -0.765608300000E+02  0.351656000000E+02  0.706000000000E+00
   26060 -0.766370400000E+02  0.351712700000E+02  0.177300000000E+01
   26061 -0.766640100000E+02  0.351713700000E+02  0.339200000000E+01
   26062 -0.766250700000E+02  0.351714000000E+02  0.328700000000E+01
   26069 -0.766581600000E+02  0.351688600000E+02  0.352600000000E+01
   26073 -0.766426900000E+02  0.351723200000E+02  0.263400000000E+01
   26074 -0.766703100000E+02  0.351722700000E+02  0.119900000000E+01
   26079 -0.766192000000E+02  0.351725600000E+02  0.319800000000E+01
   26082 -0.765999100000E+02  0.351728100000E+02  0.438200000000E+01
   26088 -0.765631000000E+02  0.351720300000E+02  0.687000000000E+00
   26090 -0.766481300000E+02  0.351735600000E+02  0.337500000000E+01
   26092 -0.764783400000E+02  0.351725100000E+02  0.588400000000E+01
   26093 -0.765356600000E+02  0.351737900000E+02  0.470500000000E+01
   26098 -0.766128800000E+02  0.351738000000E+02  0.216200000000E+01
   26102 -0.765268200000E+02  0.351740200000E+02  0.406200000000E+01
   26112 -0.766342500000E+02  0.351750400000E+02  0.660000000000E+00
   26114 -0.765926000000E+02  0.351749900000E+02  0.398400000000E+01
   26116 -0.765437500000E+02  0.351751900000E+02  0.605100000000E+01
   26117 -0.766537600000E+02  0.351751300000E+02  0.345200000000E+01
   26119 -0.766286800000E+02  0.351753000000E+02  0.663000000000E+00
   26129 -0.766067900000E+02  0.351752200000E+02  0.301000000000E+01
   26140 -0.766408200000E+02  0.351763000000E+02  0.555000000000E+00
   26146 -0.766595000000E+02  0.351769300000E+02  0.323300000000E+01
   26151 -0.766231100000E+02  0.351770600000E+02  0.639000000000E+00
   26152 -0.765515400000E+02  0.351771800000E+02  0.547200000000E+01
   26159 -0.765824700000E+02  0.351723800000E+02  0.617000000000E+00
   26160 -0.765865800000E+02  0.351776000000E+02  0.369500000000E+01
   26167 -0.766448700000E+02  0.351782000000E+02  0.708000000000E+00
   26181 -0.766655000000E+02  0.351785800000E+02  0.112900000000E+01
   26184 -0.765676900000E+02  0.351787200000E+02  0.277100000000E+01
   26185 -0.765758400000E+02  0.351734200000E+02  0.640000000000E+00
   26188 -0.766183000000E+02  0.351789600000E+02  0.773000000000E+00
   26191 -0.764944500000E+02  0.351783100000E+02  0.516500000000E+01
   26198 -0.765598300000E+02  0.351796700000E+02  0.444900000000E+01
   26204 -0.765803400000E+02  0.351800000000E+02  0.322800000000E+01
   26205 -0.765316800000E+02  0.351800700000E+02  0.612000000000E+00
   26207 -0.766496800000E+02  0.351802200000E+02  0.109400000000E+01
   26208 -0.765967900000E+02  0.351803700000E+02  0.379400000000E+01
   26213 -0.766110900000E+02  0.351807200000E+02  0.146900000000E+01
   26215 -0.765395400000E+02  0.351809200000E+02  0.154300000000E+01
   26216 -0.766028700000E+02  0.351809600000E+02  0.220600000000E+01
   26240 -0.764640400000E+02  0.351813900000E+02  0.547900000000E+01
   26241 -0.765468700000E+02  0.351827200000E+02  0.288800000000E+01
   26242 -0.765734300000E+02  0.351827500000E+02  0.448400000000E+01
   26253 -0.766548800000E+02  0.351833700000E+02  0.968000000000E+00
   26254 -0.765914200000E+02  0.351834500000E+02  0.352600000000E+01
   26268 -0.766606900000E+02  0.351842500000E+02  0.254600000000E+01
   26278 -0.765539200000E+02  0.351851700000E+02  0.348000000000E+01
   26289 -0.765104800000E+02  0.351836900000E+02  0.140200000000E+01
   26292 -0.765851100000E+02  0.351858900000E+02  0.443700000000E+01
   26295 -0.765662200000E+02  0.351857100000E+02  0.582700000000E+01
   26296 -0.765365400000E+02  0.351861200000E+02  0.783000000000E+00
   26311 -0.766055200000E+02  0.351870300000E+02  0.883000000000E+00
   26316 -0.765427500000E+02  0.351876200000E+02  0.717000000000E+00
   26324 -0.765785800000E+02  0.351879900000E+02  0.430100000000E+01
   26327 -0.765600100000E+02  0.351877400000E+02  0.364400000000E+01
   26335 -0.764805000000E+02  0.351874100000E+02  0.453100000000E+01
   26347 -0.765971200000E+02  0.351896100000E+02  0.167000000000E+01
   26354 -0.765497100000E+02  0.351902600000E+02  0.100500000000E+01
   26360 -0.765242200000E+02  0.351898000000E+02  0.961000000000E+00
   26362 -0.765719200000E+02  0.351906700000E+02  0.288600000000E+01
   26375 -0.765386200000E+02  0.351918100000E+02  0.915000000000E+00
   26382 -0.765903500000E+02  0.351922500000E+02  0.334700000000E+01
   26397 -0.765556000000E+02  0.351934300000E+02  0.146400000000E+01
   26404 -0.765452000000E+02  0.351938900000E+02  0.136400000000E+01
   26406 -0.764969200000E+02  0.351930000000E+02  0.424800000000E+01
   26408 -0.765834400000E+02  0.351940300000E+02  0.198200000000E+01
   26419 -0.765644600000E+02  0.351947400000E+02  0.588000000000E+00
   26421 -0.765772400000E+02  0.351945900000E+02  0.197400000000E+01
   26456 -0.765407000000E+02  0.351975100000E+02  0.786000000000E+00
   26465 -0.765121900000E+02  0.351976500000E+02  0.134800000000E+01
   26466 -0.765716200000E+02  0.351982100000E+02  0.699000000000E+00
   26476 -0.765962800000E+02  0.351991400000E+02  0.174600000000E+01
   26478 -0.766038700000E+02  0.351962400000E+02  0.150600000000E+01
   26495 -0.765227900000E+02  0.351994900000E+02  0.826000000000E+00
   26501 -0.765886900000E+02  0.352014100000E+02  0.177200000000E+01
   26506 -0.765806400000E+02  0.352020400000E+02  0.153500000000E+01
   26521 -0.764832600000E+02  0.352025800000E+02  0.275800000000E+01
   26575 -0.765006000000E+02  0.352083500000E+02  0.360800000000E+01
   26605 -0.765181400000E+02  0.352115700000E+02  0.184500000000E+01
   26638 -0.765306900000E+02  0.352104600000E+02  0.145300000000E+01
   26673 -0.764875800000E+02  0.352177700000E+02  0.123400000000E+01
   26683 -0.765063100000E+02  0.352187800000E+02  0.158400000000E+01
   26696 -0.765320500000E+02  0.352200500000E+02  0.343400000000E+01
   26697 -0.765407300000E+02  0.352167500000E+02  0.125700000000E+01
   26735 -0.765433000000E+02  0.352247400000E+02  0.329700000000E+01
   26736 -0.765494600000E+02  0.352201600000E+02  0.141500000000E+01
   26750 -0.765223800000E+02  0.352261900000E+02  0.745000000000E+00
   26760 -0.765524600000E+02  0.352273200000E+02  0.159700000000E+01
   26761 -0.765576900000E+02  0.352215500000E+02  0.140000000000E+01
   26785 -0.765370600000E+02  0.352306100000E+02  0.913000000000E+00
   26789 -0.765609700000E+02  0.352288700000E+02  0.301400000000E+01
   26812 -0.765480700000E+02  0.352335400000E+02  0.830000000000E+00
   26824 -0.765552800000E+02  0.352350500000E+02  0.844000000000E+00
   26839 -0.765636400000E+02  0.352366900000E+02  0.789000000000E+00
   26840 -0.765683100000E+02  0.352316400000E+02  0.199500000000E+01
       1 3    24116    24121    24117
       2 3    24121    24219    24220
       3 3    24121    24220    24117
       4 3    24259    24260    24261
       5 3    24117    24220    24267
       6 3    24260    24277    24261
       7 3    24259    24261    24281
       8 3    24219    24286    24287
       9 3    24219    24287    24220
      10 3    24286    24314    24315
      11 3    24286    24315    24287
      12 3    24314    24281    24339
      13 3    24220    24287    24342
      14 3    24220    24342    24267
      15 3    24281    24261    24354
      16 3    24314    24339    24315
      17 3    24277    24378    24261
      18 3    24281    24354    24339
      19 3    24287    24315    24394
      20 3    24287    24394    24342
      21 3    24267    24342    24416
      22 3    24261    24378    24354
      23 3    24315    24339    24434
      24 3    24315    24434    24394
      25 3    24339    24354    24469
      26 3    24342    24394    24491
      27 3    24342    24491    24416
      28 3    24339    24469    24434
      29 3    24354    24378    24501
      30 3    24354    24501    24469
      31 3    24394    24434    24562
      32 3    24394    24562    24491
      33 3    24378    24594    24501
      34 3    24416    24491    24604
      35 3    24434    24469    24607
      36 3    24416    24604    24500
      37 3    24469    24501    24647
      38 3    24434    24607    24562
      39 3    24469    24647    24607
      40 3    24501    24594    24688
      41 3    24491    24562    24698
      42 3    24491    24698    24604
      43 3    24501    24688    24647
      44 3    24500    24604    24732
      45 3    24594    24738    24739
      46 3    24594    24739    24688
      47 3    24607    24647    24784
      48 3    24562    24607    24795
      49 3    24647    24688    24815
      50 3    24562    24795    24698
      51 3    24604    24835    24732
      52 3    24604    24698    24835
      53 3    24738    24850    24739
      54 3    24647    24815    24784
      55 3    24688    24739    24853
      56 3    24607    24784    24795
      57 3    24688    24853    24815
      58 3    24739    24850    24898
      59 3    24698    24909    24835
      60 3    24739    24898    24853
      61 3    24784    24815    24920
      62 3    24784    24923    24795
      63 3    24698    24795    24909
      64 3    24815    24853    24945
      65 3    24732    24835    24950
      66 3    24732    24950    24885
      67 3    24850    24967    24898
      68 3    24784    24920    24923
      69 3    24815    24945    24920
      70 3    24795    24977    24909
      71 3    24853    24898    24981
      72 3    24853    24981    24945
      73 3    24923    24920    25000
      74 3    24795    24923    24977
      75 3    24835    25015    24950
      76 3    24898    24967    25024
      77 3    24920    24945    25033
      78 3    24835    24909    25015
      79 3    24898    25024    24981
      80 3    24920    25033    25000
      81 3    24923    25061    24977
      82 3    24945    24981    25072
      83 3    24909    25073    25015
      84 3    24967    25079    25024
      85 3    24923    25000    25061
      86 3    24909    24977    25073
      87 3    24945    25072    25033
      88 3    24981    25024    25112
      89 3    24981    25112    25072
      90 3    25000    25135    25061
      91 3    25000    25033    25135
      92 3    25015    25073    25149
      93 3    24977    25161    25073
      94 3    25024    25079    25163
      95 3    25033    25072    25170
      96 3    25024    25163    25112
      97 3    24955    25171    25172
      98 3    25033    25170    25135
      99 3    24977    25061    25161
     100 3    25073    25199    25149
     101 3    25079    25208    25163
     102 3    25079    25212    25208
     103 3    25072    25112    25220
     104 3    25072    25220    25170
     105 3    25061    25135    25238
     106 3    25212    25172    25241
     107 3    25061    25238    25161
     108 3    25212    25241    25208
     109 3    25073    25161    25199
     110 3    25149    25199    25258
     111 3    25112    25163    25263
     112 3    25135    25170    25269
     113 3    25112    25263    25220
     114 3    25135    25269    25238
     115 3    25199    25284    25258
     116 3    25172    25171    25294
     117 3    25172    25294    25241
     118 3    25199    25161    25302
     119 3    25170    25220    25306
     120 3    25163    25208    25315
     121 3    25163    25315    25263
     122 3    25170    25306    25269
     123 3    25161    25337    25302
     124 3    25199    25302    25284
     125 3    25220    25263    25350
     126 3    25161    25238    25337
     127 3    25238    25269    25357
     128 3    25220    25350    25306
     129 3    25208    25241    25364
     130 3    25208    25364    25315
     131 3    25269    25306    25391
     132 3    25238    25357    25337
     133 3    25171    25396    25294
     134 3    25263    25315    25404
     135 3    25263    25404    25350
     136 3    25269    25391    25357
     137 3    25241    25294    25414
     138 3    25241    25414    25364
     139 3    25337    25357    25422
     140 3    25306    25350    25424
     141 3    25306    25424    25391
     142 3    25315    25446    25404
     143 3    25315    25364    25446
     144 3    25357    25391    25448
     145 3    25350    25404    25462
     146 3    25350    25462    25424
     147 3    25357    25448    25422
     148 3    25294    25471    25414
     149 3    25294    25396    25471
     150 3    25391    25424    25473
     151 3    25391    25473    25448
     152 3    25364    25485    25446
     153 3    25364    25414    25485
     154 3    25422    25448    25494
     155 3    25404    25499    25462
     156 3    25404    25446    25499
     157 3    25424    25462    25506
     158 3    25424    25506    25473
     159 3    25448    25473    25518
     160 3    25396    25534    25471
     161 3    25448    25518    25494
     162 3    25414    25537    25485
     163 3    25414    25471    25537
     164 3    25473    25506    25544
     165 3    25462    25550    25506
     166 3    25446    25551    25499
     167 3    25446    25485    25551
     168 3    25462    25499    25550
     169 3    25473    25544    25518
     170 3    25494    25518    25556
     171 3    25518    25544    25572
     172 3    25506    25577    25544
     173 3    25506    25550    25577
     174 3    25499    25594    25550
     175 3    25471    25596    25537
     176 3    25485    25598    25551
     177 3    25471    25534    25596
     178 3    25544    25577    25603
     179 3    25485    25537    25598
     180 3    25499    25551    25594
     181 3    25518    25572    25556
     182 3    25544    25603    25572
     183 3    25556    25572    25617
     184 3    25550    25622    25577
     185 3    25603    25627    25572
     186 3    25577    25634    25603
     187 3    25550    25594    25622
     188 3    25551    25642    25594
     189 3    25537    25649    25598
     190 3    25551    25598    25642
     191 3    25537    25596    25649
     192 3    25534    25654    25596
     193 3    25572    25627    25617
     194 3    25577    25622    25634
     195 3    25603    25634    25627
     196 3    25627    25677    25617
     197 3    25594    25687    25622
     198 3    25702    25703    25704
     199 3    25627    25634    25709
     200 3    25702    25713    25703
     201 3    25594    25642    25687
     202 3    25598    25714    25642
     203 3    25598    25649    25714
     204 3    25596    25727    25649
     205 3    25596    25654    25727
     206 3    25622    25733    25634
     207 3    25627    25709    25677
     208 3    25704    25703    25740
     209 3    25713    25749    25703
     210 3    25642    25762    25687
     211 3    25622    25687    25733
     212 3    25634    25733    25709
     213 3    25677    25709    25779
     214 3    25642    25714    25762
     215 3    25703    25781    25740
     216 3    25649    25784    25714
     217 3    25786    25787    25788
     218 3    25786    25788    25793
     219 3    25703    25749    25781
     220 3    25793    25801    25749
     221 3    25649    25727    25784
     222 3    25654    25812    25727
     223 3    25677    25779    25813
     224 3    25793    25788    25824
     225 3    25828    25829    25830
     226 3    25793    25824    25801
     227 3    25828    25830    25835
     228 3    25709    25733    25836
     229 3    25787    25838    25788
     230 3    25709    25836    25779
     231 3    25687    25844    25733
     232 3    25829    25850    25830
     233 3    25749    25862    25781
     234 3    25687    25762    25844
     235 3    25788    25838    25865
     236 3    25749    25801    25862
     237 3    25788    25865    25824
     238 3    25801    25824    25869
     239 3    25714    25873    25762
     240 3    25835    25830    25876
     241 3    25835    25876    25882
     242 3    25714    25784    25873
     243 3    25779    25836    25889
     244 3    25801    25869    25862
     245 3    25813    25779    25890
     246 3    25824    25894    25869
     247 3    25727    25895    25784
     248 3    25824    25865    25894
     249 3    25733    25901    25836
     250 3    25838    25903    25865
     251 3    25727    25812    25895
     252 3    25779    25889    25890
     253 3    25830    25921    25876
     254 3    25733    25844    25901
     255 3    25882    25929    25930
     256 3    25882    25876    25929
     257 3    25865    25903    25933
     258 3    25865    25933    25894
     259 3    25813    25890    25942
     260 3    25762    25949    25844
     261 3    25836    25954    25889
     262 3    25894    25933    25964
     263 3    25965    25966    25967
     264 3    25969    25965    25970
     265 3    25762    25873    25949
     266 3    25966    25980    25981
     267 3    25987    25969    25988
     268 3    25836    25901    25954
     269 3    25876    25994    25929
     270 3    25903    25995    25933
     271 3    25876    25921    25994
     272 3    25889    25996    25890
     273 3    25980    25998    25999
     274 3    25784    26001    25873
     275 3    26002    25987    26003
     276 3    25965    25967    25970
     277 3    25998    25930    26007
     278 3    25903    26010    25995
     279 3    25966    25981    25967
     280 3    26014    26002    26015
     281 3    25969    25970    25988
     282 3    25784    25895    26001
     283 3    25930    25929    26007
     284 3    25933    25995    26020
     285 3    25980    25999    25981
     286 3    25987    25988    26003
     287 3    25890    26023    25942
     288 3    25933    26020    25964
     289 3    25921    26027    25994
     290 3    25889    25954    25996
     291 3    25844    26040    25901
     292 3    26002    26003    26015
     293 3    25998    26007    25999
     294 3    25890    25996    26023
     295 3    25970    25967    26051
     296 3    25942    26057    26058
     297 3    25988    25970    26060
     298 3    26010    26061    25995
     299 3    25967    25981    26062
     300 3    26010    26069    26061
     301 3    26003    25988    26073
     302 3    25995    26074    26020
     303 3    25942    26023    26057
     304 3    25844    25949    26040
     305 3    25981    25999    26079
     306 3    25967    26062    26051
     307 3    25970    26051    26060
     308 3    25929    25994    26082
     309 3    25929    26082    26007
     310 3    25988    26060    26073
     311 3    26058    26057    26088
     312 3    26003    26090    26015
     313 3    25981    26079    26062
     314 3    25995    26061    26074
     315 3    25873    26092    25949
     316 3    25996    25954    26093
     317 3    25999    26007    26098
     318 3    25954    25901    26102
     319 3    26003    26073    26090
     320 3    25999    26098    26079
     321 3    26060    26051    26112
     322 3    25994    26027    26114
     323 3    25996    26116    26023
     324 3    26015    26117    26069
     325 3    25873    26001    26092
     326 3    26051    26062    26119
     327 3    26015    26090    26117
     328 3    25994    26114    26082
     329 3    26007    26129    26098
     330 3    26007    26082    26129
     331 3    25954    26102    26093
     332 3    26073    26060    26140
     333 3    25996    26093    26116
     334 3    26069    26146    26061
     335 3    26051    26119    26112
     336 3    26062    26079    26151
     337 3    26023    26152    26057
     338 3    26069    26117    26146
     339 3    26159    26160    26027
     340 3    26027    26160    26114
     341 3    26062    26151    26119
     342 3    26060    26112    26140
     343 3    26073    26167    26090
     344 3    26073    26140    26167
     345 3    26023    26116    26152
     346 3    26061    26181    26074
     347 3    26088    26184    26185
     348 3    26061    26146    26181
     349 3    26079    26188    26151
     350 3    26079    26098    26188
     351 3    25949    26191    26040
     352 3    26088    26057    26198
     353 3    25901    26040    26102
     354 3    26159    26185    26204
     355 3    26093    26102    26205
     356 3    26090    26207    26117
     357 3    26114    26208    26082
     358 3    26090    26167    26207
     359 3    26159    26204    26160
     360 3    26098    26129    26213
     361 3    26116    26093    26215
     362 3    26129    26082    26216
     363 3    26057    26152    26198
     364 3    25949    26092    26191
     365 3    26088    26198    26184
     366 3    26082    26208    26216
     367 3    26098    26213    26188
     368 3    26001    26240    26092
     369 3    26116    26241    26152
     370 3    26185    26184    26242
     371 3    26093    26205    26215
     372 3    26185    26242    26204
     373 3    26117    26253    26146
     374 3    26114    26160    26254
     375 3    26117    26207    26253
     376 3    26114    26254    26208
     377 3    26129    26216    26213
     378 3    26116    26215    26241
     379 3    26146    26268    26181
     380 3    26146    26253    26268
     381 3    26152    26278    26198
     382 3    26040    26289    26102
     383 3    26160    26204    26292
     384 3    26152    26241    26278
     385 3    26184    26198    26295
     386 3    26215    26205    26296
     387 3    26160    26292    26254
     388 3    26040    26191    26289
     389 3    26184    26295    26242
     390 3    26216    26311    26213
     391 3    26215    26316    26241
     392 3    26204    26242    26324
     393 3    26198    26278    26327
     394 3    26198    26327    26295
     395 3    26092    26335    26191
     396 3    26215    26296    26316
     397 3    26204    26324    26292
     398 3    26208    26254    26347
     399 3    26208    26347    26216
     400 3    26278    26241    26354
     401 3    26092    26240    26335
     402 3    26102    26289    26360
     403 3    26242    26295    26362
     404 3    26216    26347    26311
     405 3    26241    26316    26354
     406 3    26242    26362    26324
     407 3    26296    26375    26316
     408 3    26254    26292    26382
     409 3    26254    26382    26347
     410 3    26278    26397    26327
     411 3    26278    26354    26397
     412 3    26316    26404    26354
     413 3    26191    26406    26289
     414 3    26292    26324    26408
     415 3    26295    26327    26419
     416 3    26324    26362    26421
     417 3    26292    26408    26382
     418 3    26316    26375    26404
     419 3    26295    26419    26362
     420 3    26324    26421    26408
     421 3    26191    26335    26406
     422 3    26327    26397    26419
     423 3    26375    26456    26404
     424 3    26289    26465    26360
     425 3    26362    26466    26421
     426 3    26362    26419    26466
     427 3    26347    26382    26476
     428 3    26347    26476    26478
     429 3    26289    26406    26465
     430 3    26360    26465    26495
     431 3    26382    26408    26501
     432 3    26408    26421    26506
     433 3    26382    26501    26476
     434 3    26335    26521    26406
     435 3    26408    26506    26501
     436 3    26421    26466    26506
     437 3    26406    26575    26465
     438 3    26495    26465    26605
     439 3    26406    26521    26575
     440 3    26495    26605    26638
     441 3    26465    26575    26605
     442 3    26521    26673    26575
     443 3    26575    26683    26605
     444 3    26638    26696    26697
     445 3    26638    26605    26696
     446 3    26697    26735    26736
     447 3    26605    26750    26696
     448 3    26736    26760    26761
     449 3    26697    26696    26735
     450 3    26605    26683    26750
     451 3    26736    26735    26760
     452 3    26735    26696    26785
     453 3    26761    26760    26789
     454 3    26760    26735    26812
     455 3    26760    26824    26789
     456 3    26696    26750    26785
     457 3    26760    26812    26824
     458 3    26735    26785    26812
     459 3    26789    26839    26840
     460 3    26789    26824    26839
 0                                                                              
 0                                                                              
 2                                                                              
 118                                                                            
      99       0                                                                
   26673
   26575
   26683
   26750
   26785
   26812
   26824
   26839
   26840
   26789
   26761
   26736
   26697
   26638
   26495
   26360
   26102
   26205
   26296
   26375
   26456
   26404
   26354
   26397
   26419
   26466
   26506
   26501
   26476
   26478
   26347
   26311
   26213
   26188
   26151
   26119
   26112
   26140
   26167
   26207
   26253
   26268
   26181
   26074
   26020
   25964
   25894
   25869
   25862
   25781
   25740
   25704
   25702
   25713
   25749
   25793
   25786
   25787
   25838
   25903
   26010
   26069
   26015
   26014
   26002
   25987
   25969
   25965
   25966
   25980
   25998
   25930
   25882
   25835
   25828
   25829
   25850
   25830
   25921
   26027
   26159
   26185
   26088
   26058
   25942
   25813
   25677
   25617
   25556
   25494
   25422
   25337
   25302
   25284
   25258
   25149
   25015
   24950
   24885
      18       1                                                                
   24116
   24121
   24219
   24286
   24314
   24281
   24259
   24260
   24277
   24378
   24594
   24738
   24850
   24967
   25079
   25212
   25172
   24955
