bi_1997_v2.grd                                                                  
     504     281
    5095 -0.768752700000E+02  0.345985000000E+02  0.173160000000E+02
    5127 -0.768543500000E+02  0.346006100000E+02  0.172040000000E+02
    5261 -0.768301200000E+02  0.346068600000E+02  0.167220000000E+02
    5385 -0.768918200000E+02  0.346120400000E+02  0.164790000000E+02
    5524 -0.768691000000E+02  0.346162800000E+02  0.165910000000E+02
    5713 -0.769118700000E+02  0.346206400000E+02  0.156630000000E+02
    5748 -0.768475300000E+02  0.346234500000E+02  0.162010000000E+02
    5934 -0.768809200000E+02  0.346288200000E+02  0.162300000000E+02
    5988 -0.768254900000E+02  0.346287500000E+02  0.156690000000E+02
    6018 -0.769243300000E+02  0.346310400000E+02  0.151500000000E+02
    6051 -0.768972200000E+02  0.346316600000E+02  0.158230000000E+02
    6151 -0.768647800000E+02  0.346341400000E+02  0.159950000000E+02
    6164 -0.769111600000E+02  0.346337000000E+02  0.153480000000E+02
    6183 -0.768386300000E+02  0.346361800000E+02  0.157590000000E+02
    6251 -0.768863000000E+02  0.346383600000E+02  0.158160000000E+02
    6315 -0.768764300000E+02  0.346402700000E+02  0.156900000000E+02
    6334 -0.769172300000E+02  0.346413900000E+02  0.150120000000E+02
    6345 -0.768502500000E+02  0.346411300000E+02  0.159090000000E+02
    6372 -0.768185700000E+02  0.346424200000E+02  0.152340000000E+02
    6378 -0.768302500000E+02  0.346425600000E+02  0.154210000000E+02
    6415 -0.769052400000E+02  0.346437400000E+02  0.151290000000E+02
    6425 -0.768934200000E+02  0.346441700000E+02  0.153990000000E+02
    6434 -0.768684600000E+02  0.346441600000E+02  0.154870000000E+02
    6481 -0.768609100000E+02  0.346446900000E+02  0.156770000000E+02
    6522 -0.768396800000E+02  0.346448800000E+02  0.156500000000E+02
    6555 -0.768836100000E+02  0.346467700000E+02  0.154350000000E+02
    6649 -0.769228100000E+02  0.346487100000E+02  0.146050000000E+02
    6688 -0.768746500000E+02  0.346492600000E+02  0.153000000000E+02
    6740 -0.769137600000E+02  0.346498600000E+02  0.146630000000E+02
    6817 -0.768246500000E+02  0.346513200000E+02  0.152380000000E+02
    6820 -0.768982800000E+02  0.346513100000E+02  0.149800000000E+02
    6840 -0.768554800000E+02  0.346516100000E+02  0.155010000000E+02
    6841 -0.768344400000E+02  0.346516600000E+02  0.154200000000E+02
    6882 -0.768148000000E+02  0.346521800000E+02  0.152150000000E+02
    6891 -0.768656000000E+02  0.346523100000E+02  0.153120000000E+02
    6932 -0.768448300000E+02  0.346527700000E+02  0.155300000000E+02
    6951 -0.768900000000E+02  0.346530800000E+02  0.150710000000E+02
    7037 -0.769058100000E+02  0.346539700000E+02  0.146720000000E+02
    7043 -0.769188200000E+02  0.346545300000E+02  0.144170000000E+02
    7118 -0.768809900000E+02  0.346553500000E+02  0.151420000000E+02
    7196 -0.768953700000E+02  0.346565400000E+02  0.146350000000E+02
    7197 -0.769000500000E+02  0.346562300000E+02  0.147240000000E+02
    7233 -0.768728700000E+02  0.346565700000E+02  0.151530000000E+02
    7255 -0.769128300000E+02  0.346567600000E+02  0.143030000000E+02
    7324 -0.768914600000E+02  0.346582500000E+02  0.145720000000E+02
    7386 -0.768378400000E+02  0.346589500000E+02  0.154310000000E+02
    7392 -0.768869900000E+02  0.346590500000E+02  0.149030000000E+02
    7401 -0.768515900000E+02  0.346591700000E+02  0.153500000000E+02
    7404 -0.768294300000E+02  0.346593400000E+02  0.153590000000E+02
    7411 -0.768597600000E+02  0.346594200000E+02  0.152740000000E+02
    7427 -0.768203700000E+02  0.346595600000E+02  0.152550000000E+02
    7428 -0.769027000000E+02  0.346595200000E+02  0.145680000000E+02
    7445 -0.768982000000E+02  0.346597400000E+02  0.146180000000E+02
    7466 -0.769176900000E+02  0.346596800000E+02  0.141090000000E+02
    7495 -0.769079300000E+02  0.346602600000E+02  0.143220000000E+02
    7507 -0.768671300000E+02  0.346603000000E+02  0.151460000000E+02
    7510 -0.768115000000E+02  0.346604200000E+02  0.153730000000E+02
    7522 -0.768943900000E+02  0.346605200000E+02  0.144180000000E+02
    7542 -0.768767900000E+02  0.346608000000E+02  0.149760000000E+02
    7643 -0.768821600000E+02  0.346617700000E+02  0.148540000000E+02
    7649 -0.768721800000E+02  0.346613000000E+02  0.150240000000E+02
    7677 -0.768906700000E+02  0.346619300000E+02  0.144440000000E+02
    7679 -0.768445100000E+02  0.346618700000E+02  0.153110000000E+02
    7712 -0.769130600000E+02  0.346622000000E+02  0.140330000000E+02
    7716 -0.768967600000E+02  0.346625700000E+02  0.143600000000E+02
    7763 -0.769000500000E+02  0.346630000000E+02  0.144590000000E+02
    7778 -0.768632600000E+02  0.346631400000E+02  0.151160000000E+02
    7829 -0.768248400000E+02  0.346637400000E+02  0.152720000000E+02
    7855 -0.769043200000E+02  0.346638300000E+02  0.143070000000E+02
    7868 -0.768345400000E+02  0.346640500000E+02  0.153300000000E+02
    7872 -0.768867300000E+02  0.346638300000E+02  0.146670000000E+02
    7880 -0.768939700000E+02  0.346639900000E+02  0.141480000000E+02
    7881 -0.768393200000E+02  0.346638000000E+02  0.153280000000E+02
    7886 -0.768700100000E+02  0.346642600000E+02  0.148900000000E+02
    7909 -0.768601200000E+02  0.346644100000E+02  0.150910000000E+02
    7916 -0.768741200000E+02  0.346645200000E+02  0.147720000000E+02
    7923 -0.768497400000E+02  0.346643200000E+02  0.152120000000E+02
    7926 -0.768164000000E+02  0.346646700000E+02  0.152580000000E+02
    7937 -0.769175400000E+02  0.346643800000E+02  0.137870000000E+02
    7945 -0.768552800000E+02  0.346648500000E+02  0.151920000000E+02
    7958 -0.768663400000E+02  0.346649300000E+02  0.149620000000E+02
    7975 -0.768785400000E+02  0.346651300000E+02  0.146990000000E+02
    7980 -0.768209400000E+02  0.346650600000E+02  0.152090000000E+02
    7991 -0.769089700000E+02  0.346652000000E+02  0.140580000000E+02
    8028 -0.768973100000E+02  0.346655000000E+02  0.142230000000E+02
    8046 -0.768121800000E+02  0.346656100000E+02  0.153150000000E+02
    8052 -0.768293000000E+02  0.346659300000E+02  0.152640000000E+02
    8054 -0.768905900000E+02  0.346658200000E+02  0.142350000000E+02
    8103 -0.768829900000E+02  0.346663700000E+02  0.145730000000E+02
    8117 -0.768629900000E+02  0.346665100000E+02  0.150340000000E+02
    8118 -0.768419300000E+02  0.346667100000E+02  0.152240000000E+02
    8134 -0.769010800000E+02  0.346667500000E+02  0.140880000000E+02
    8143 -0.768686600000E+02  0.346669500000E+02  0.147730000000E+02
    8165 -0.768463600000E+02  0.346671600000E+02  0.150700000000E+02
    8168 -0.769135100000E+02  0.346669000000E+02  0.135750000000E+02
    8185 -0.768717200000E+02  0.346674000000E+02  0.146730000000E+02
    8193 -0.768377800000E+02  0.346673600000E+02  0.152830000000E+02
    8219 -0.768942000000E+02  0.346675500000E+02  0.138720000000E+02
    8263 -0.768755700000E+02  0.346681200000E+02  0.145850000000E+02
    8264 -0.768871100000E+02  0.346679600000E+02  0.143390000000E+02
    8276 -0.769053000000E+02  0.346682200000E+02  0.137420000000E+02
    8291 -0.768593400000E+02  0.346680100000E+02  0.150030000000E+02
    8292 -0.768660700000E+02  0.346683400000E+02  0.149070000000E+02
    8301 -0.768145100000E+02  0.346686000000E+02  0.151550000000E+02
    8305 -0.768188700000E+02  0.346686000000E+02  0.150890000000E+02
    8326 -0.768510100000E+02  0.346684200000E+02  0.150400000000E+02
    8327 -0.768241700000E+02  0.346686600000E+02  0.151660000000E+02
    8338 -0.768105000000E+02  0.346688300000E+02  0.152710000000E+02
    8348 -0.768335700000E+02  0.346687500000E+02  0.152230000000E+02
    8366 -0.768796800000E+02  0.346691100000E+02  0.145470000000E+02
    8385 -0.768978700000E+02  0.346691200000E+02  0.136500000000E+02
    8416 -0.768401800000E+02  0.346696400000E+02  0.152220000000E+02
    8428 -0.768909400000E+02  0.346695900000E+02  0.138400000000E+02
    8437 -0.768692400000E+02  0.346697200000E+02  0.147160000000E+02
    8439 -0.769097500000E+02  0.346697100000E+02  0.132130000000E+02
    8483 -0.768554200000E+02  0.346700700000E+02  0.149900000000E+02
    8488 -0.768434800000E+02  0.346702600000E+02  0.150360000000E+02
    8501 -0.768628700000E+02  0.346701000000E+02  0.148480000000E+02
    8509 -0.768837800000E+02  0.346703600000E+02  0.142420000000E+02
    8543 -0.768727900000E+02  0.346707300000E+02  0.144810000000E+02
    8562 -0.769017400000E+02  0.346707900000E+02  0.131310000000E+02
    8597 -0.768292300000E+02  0.346709400000E+02  0.150870000000E+02
    8600 -0.768371400000E+02  0.346710700000E+02  0.151390000000E+02
    8609 -0.769140200000E+02  0.346711500000E+02  0.108000000000E+02
    8612 -0.768946300000E+02  0.346711900000E+02  0.132980000000E+02
    8614 -0.768475300000E+02  0.346713100000E+02  0.148710000000E+02
    8650 -0.768126400000E+02  0.346717600000E+02  0.150610000000E+02
    8675 -0.768766500000E+02  0.346717500000E+02  0.142970000000E+02
    8687 -0.768877100000E+02  0.346717500000E+02  0.136520000000E+02
    8692 -0.768663400000E+02  0.346717500000E+02  0.145780000000E+02
    8702 -0.768164400000E+02  0.346719800000E+02  0.149720000000E+02
    8738 -0.768091400000E+02  0.346721000000E+02  0.151340000000E+02
    8789 -0.768593900000E+02  0.346720700000E+02  0.146730000000E+02
    8866 -0.768207300000E+02  0.346725400000E+02  0.149240000000E+02
    8932 -0.768517400000E+02  0.346727000000E+02  0.146160000000E+02
    8950 -0.768806500000E+02  0.346728600000E+02  0.139670000000E+02
    8951 -0.768405800000E+02  0.346727000000E+02  0.148540000000E+02
    8983 -0.768982900000E+02  0.346728700000E+02  0.112020000000E+02
    8985 -0.769060600000E+02  0.346729800000E+02  0.106970000000E+02
    9011 -0.768699200000E+02  0.346730900000E+02  0.143030000000E+02
    9041 -0.768334400000E+02  0.346730400000E+02  0.149600000000E+02
    9058 -0.768914600000E+02  0.346732100000E+02  0.128320000000E+02
    9156 -0.768252700000E+02  0.346737100000E+02  0.148830000000E+02
    9176 -0.769107100000E+02  0.346737800000E+02  0.102160000000E+02
    9216 -0.768631400000E+02  0.346738300000E+02  0.142630000000E+02
    9229 -0.768443100000E+02  0.346739500000E+02  0.146550000000E+02
    9240 -0.768111700000E+02  0.346741700000E+02  0.149560000000E+02
    9241 -0.768846100000E+02  0.346740300000E+02  0.132420000000E+02
    9292 -0.768736700000E+02  0.346742500000E+02  0.138520000000E+02
    9320 -0.768558400000E+02  0.346743100000E+02  0.143610000000E+02
    9372 -0.768140700000E+02  0.346747500000E+02  0.148300000000E+02
    9452 -0.768950900000E+02  0.346747900000E+02  0.106730000000E+02
    9468 -0.768372800000E+02  0.346748400000E+02  0.146590000000E+02
    9479 -0.769018900000E+02  0.346747700000E+02  0.103220000000E+02
    9480 -0.769145600000E+02  0.346749300000E+02  0.960400000000E+01
    9548 -0.768884100000E+02  0.346752700000E+02  0.112050000000E+02
    9558 -0.768483000000E+02  0.346752700000E+02  0.142870000000E+02
    9568 -0.768084700000E+02  0.346753000000E+02  0.149440000000E+02
    9569 -0.768775900000E+02  0.346753700000E+02  0.121030000000E+02
    9574 -0.768668700000E+02  0.346753500000E+02  0.137430000000E+02
    9601 -0.768177700000E+02  0.346755500000E+02  0.147600000000E+02
    9607 -0.768296500000E+02  0.346754200000E+02  0.147450000000E+02
    9744 -0.768597800000E+02  0.346760100000E+02  0.138710000000E+02
    9812 -0.769082100000E+02  0.346765900000E+02  0.926600000000E+01
    9813 -0.768410700000E+02  0.346763400000E+02  0.144700000000E+02
    9820 -0.768816200000E+02  0.346764900000E+02  0.112980000000E+02
    9853 -0.768218300000E+02  0.346766300000E+02  0.145400000000E+02
    9857 -0.768985900000E+02  0.346765100000E+02  0.997300000000E+01
    9863 -0.768706500000E+02  0.346766700000E+02  0.120600000000E+02
    9869 -0.768920500000E+02  0.346766700000E+02  0.102750000000E+02
    9888 -0.768523600000E+02  0.346767100000E+02  0.118520000000E+02
    9908 -0.769048700000E+02  0.346769800000E+02  0.955100000000E+01
    9927 -0.768114900000E+02  0.346768800000E+02  0.143930000000E+02
    9966 -0.768337600000E+02  0.346771300000E+02  0.118640000000E+02
    9974 -0.769116800000E+02  0.346773300000E+02  0.902500000000E+01
   10001 -0.768855400000E+02  0.346774400000E+02  0.105790000000E+02
   10061 -0.768636600000E+02  0.346776200000E+02  0.117100000000E+02
   10088 -0.768449500000E+02  0.346777400000E+02  0.118210000000E+02
   10099 -0.768745100000E+02  0.346778500000E+02  0.112110000000E+02
   10135 -0.768148900000E+02  0.346780700000E+02  0.142250000000E+02
   10138 -0.768260100000E+02  0.346780300000E+02  0.118990000000E+02
   10179 -0.768955600000E+02  0.346782200000E+02  0.945000000000E+01
   10183 -0.768563600000E+02  0.346782500000E+02  0.112650000000E+02
   10191 -0.769150800000E+02  0.346783000000E+02  0.528600000000E+01
   10229 -0.768891400000E+02  0.346785000000E+02  0.974400000000E+01
   10233 -0.769018200000E+02  0.346784600000E+02  0.860700000000E+01
   10280 -0.768377300000E+02  0.346786900000E+02  0.112660000000E+02
   10289 -0.769067400000E+02  0.346789800000E+02  0.551500000000E+01
   10294 -0.768084300000E+02  0.346786800000E+02  0.141790000000E+02
   10326 -0.768785000000E+02  0.346789900000E+02  0.102750000000E+02
   10352 -0.768675500000E+02  0.346790900000E+02  0.110920000000E+02
   10383 -0.768489400000E+02  0.346791500000E+02  0.112340000000E+02
   10396 -0.768186200000E+02  0.346792800000E+02  0.117720000000E+02
   10413 -0.769092300000E+02  0.346794700000E+02  0.404900000000E+01
   10468 -0.768301700000E+02  0.346796000000E+02  0.113470000000E+02
   10528 -0.768603100000E+02  0.346799200000E+02  0.109090000000E+02
   10531 -0.768866400000E+02  0.346800600000E+02  0.886800000000E+01
   10535 -0.768989300000E+02  0.346799700000E+02  0.501300000000E+01
   10539 -0.768926600000E+02  0.346800200000E+02  0.884900000000E+01
   10542 -0.769045100000E+02  0.346801000000E+02  0.434400000000E+01
   10555 -0.768828800000E+02  0.346802500000E+02  0.930700000000E+01
   10562 -0.768416100000E+02  0.346800700000E+02  0.110690000000E+02
   10591 -0.768118600000E+02  0.346802500000E+02  0.116710000000E+02
   10600 -0.768714300000E+02  0.346803700000E+02  0.103950000000E+02
   10635 -0.768530000000E+02  0.346805200000E+02  0.106450000000E+02
   10665 -0.768225500000E+02  0.346806400000E+02  0.112860000000E+02
   10684 -0.769123200000E+02  0.346808900000E+02  0.114300000000E+01
   10702 -0.769153400000E+02  0.346804500000E+02  0.166900000000E+01
   10755 -0.768342800000E+02  0.346811400000E+02  0.107830000000E+02
   10788 -0.768960600000E+02  0.346813500000E+02  0.448200000000E+01
   10801 -0.768752800000E+02  0.346814300000E+02  0.948100000000E+01
   10810 -0.768643100000E+02  0.346814900000E+02  0.101380000000E+02
   10850 -0.768895700000E+02  0.346815600000E+02  0.623400000000E+01
   10851 -0.769095200000E+02  0.346813200000E+02  0.123700000000E+01
   10852 -0.768454400000E+02  0.346815900000E+02  0.107140000000E+02
   10857 -0.768154300000E+02  0.346816800000E+02  0.112110000000E+02
   10876 -0.769069000000E+02  0.346817400000E+02  0.736000000000E+00
   10910 -0.768569300000E+02  0.346819500000E+02  0.102340000000E+02
   10941 -0.768265800000E+02  0.346821300000E+02  0.107900000000E+02
   10952 -0.769021600000E+02  0.346824000000E+02  0.142800000000E+01
   10965 -0.769045600000E+02  0.346820400000E+02  0.115800000000E+01
   10981 -0.768086200000E+02  0.346823000000E+02  0.112270000000E+02
   11009 -0.768383800000E+02  0.346825500000E+02  0.102460000000E+02
   11038 -0.768791500000E+02  0.346825300000E+02  0.672700000000E+01
   11051 -0.768860900000E+02  0.346825400000E+02  0.556100000000E+01
   11077 -0.768683800000E+02  0.346830100000E+02  0.928200000000E+01
   11096 -0.768993400000E+02  0.346828700000E+02  0.137500000000E+01
   11099 -0.768495900000E+02  0.346830300000E+02  0.101200000000E+02
   11114 -0.768191500000E+02  0.346831300000E+02  0.107350000000E+02
   11170 -0.768421000000E+02  0.346834300000E+02  0.100240000000E+02
   11179 -0.768935900000E+02  0.346837700000E+02  0.980000000000E+00
   11200 -0.768963200000E+02  0.346832800000E+02  0.120200000000E+01
   11208 -0.768307000000E+02  0.346837000000E+02  0.100860000000E+02
   11235 -0.768826500000E+02  0.346837100000E+02  0.450900000000E+01
   11241 -0.768121600000E+02  0.346839000000E+02  0.106100000000E+02
   11243 -0.768538400000E+02  0.346840200000E+02  0.799300000000E+01
   11255 -0.768722200000E+02  0.346841200000E+02  0.475600000000E+01
   11278 -0.768608300000E+02  0.346841700000E+02  0.689100000000E+01
   11364 -0.768893200000E+02  0.346844900000E+02  0.180700000000E+01
   11366 -0.768230100000E+02  0.346846700000E+02  0.100690000000E+02
   11381 -0.768758900000E+02  0.346847100000E+02  0.312100000000E+01
   11424 -0.768651800000E+02  0.346851100000E+02  0.510000000000E+01
   11441 -0.768349500000E+02  0.346851300000E+02  0.722700000000E+01
   11451 -0.768854700000E+02  0.346852000000E+02  0.128600000000E+01
   11452 -0.768572200000E+02  0.346848100000E+02  0.664400000000E+01
   11510 -0.768157600000E+02  0.346855200000E+02  0.991900000000E+01
   11582 -0.768796900000E+02  0.346860800000E+02  0.138100000000E+01
   11586 -0.768826400000E+02  0.346856400000E+02  0.151600000000E+01
   11591 -0.768454800000E+02  0.346861200000E+02  0.664700000000E+01
   11592 -0.768088600000E+02  0.346860400000E+02  0.102550000000E+02
   11613 -0.768269900000E+02  0.346861500000E+02  0.731300000000E+01
   11653 -0.768396100000E+02  0.346868200000E+02  0.638600000000E+01
   11654 -0.768508500000E+02  0.346867600000E+02  0.485000000000E+01
   11662 -0.768590500000E+02  0.346869000000E+02  0.336300000000E+01
   11684 -0.768554500000E+02  0.346870000000E+02  0.402300000000E+01
   11730 -0.768194600000E+02  0.346870300000E+02  0.720000000000E+01
   11747 -0.768762100000E+02  0.346867500000E+02  0.753000000000E+00
   11771 -0.768727700000E+02  0.346873400000E+02  0.833000000000E+00
   11805 -0.768695800000E+02  0.346878900000E+02  0.111300000000E+01
   11813 -0.768123600000E+02  0.346876600000E+02  0.749600000000E+01
   11868 -0.768312000000E+02  0.346880400000E+02  0.585700000000E+01
   11944 -0.768628200000E+02  0.346889900000E+02  0.674000000000E+00
   11955 -0.768355600000E+02  0.346885300000E+02  0.477200000000E+01
   11981 -0.768232900000E+02  0.346889200000E+02  0.549100000000E+01
   12077 -0.768158800000E+02  0.346897300000E+02  0.536300000000E+01
   12079 -0.768527500000E+02  0.346900100000E+02  0.827000000000E+00
   12080 -0.768091500000E+02  0.346898200000E+02  0.651400000000E+01
   12087 -0.768271500000E+02  0.346894300000E+02  0.453900000000E+01
   12113 -0.768589500000E+02  0.346895200000E+02  0.723000000000E+00
   12125 -0.768480200000E+02  0.346903700000E+02  0.741000000000E+00
   12182 -0.768427500000E+02  0.346908000000E+02  0.121500000000E+01
   12183 -0.768196100000E+02  0.346902800000E+02  0.405000000000E+01
   12219 -0.768380100000E+02  0.346911800000E+02  0.124900000000E+01
   12236 -0.768122400000E+02  0.346909700000E+02  0.451900000000E+01
   12268 -0.768340200000E+02  0.346914900000E+02  0.132500000000E+01
   12309 -0.768290300000E+02  0.346918500000E+02  0.128600000000E+01
   12346 -0.768252400000E+02  0.346922100000E+02  0.105500000000E+01
   12408 -0.768215400000E+02  0.346926600000E+02  0.826000000000E+00
   12453 -0.768178800000E+02  0.346930400000E+02  0.890000000000E+00
   12539 -0.768138400000E+02  0.346936200000E+02  0.107000000000E+01
   12574 -0.768099700000E+02  0.346940300000E+02  0.913000000000E+00
       1 3     5095     5127     5524
       2 3     5095     5524     5385
       3 3     5127     5261     5748
       4 3     5127     5748     5524
       5 3     5524     5934     5385
       6 3     5385     6051     5713
       7 3     5261     5988     5748
       8 3     5385     5934     6051
       9 3     5524     5748     6151
      10 3     5713     6164     6018
      11 3     5713     6051     6164
      12 3     5524     6151     5934
      13 3     5748     5988     6183
      14 3     5934     6251     6051
      15 3     5934     6151     6315
      16 3     6164     6334     6018
      17 3     5748     6183     6345
      18 3     5934     6315     6251
      19 3     5748     6345     6151
      20 3     5988     6378     6183
      21 3     6164     6051     6415
      22 3     6051     6251     6425
      23 3     6151     6434     6315
      24 3     5988     6372     6378
      25 3     6151     6345     6481
      26 3     6151     6481     6434
      27 3     6183     6522     6345
      28 3     6183     6378     6522
      29 3     6051     6425     6415
      30 3     6164     6415     6334
      31 3     6251     6315     6555
      32 3     6251     6555     6425
      33 3     6315     6434     6688
      34 3     6334     6415     6740
      35 3     6315     6688     6555
      36 3     6378     6372     6817
      37 3     6425     6820     6415
      38 3     6481     6345     6840
      39 3     6522     6378     6841
      40 3     6334     6740     6649
      41 3     6434     6481     6891
      42 3     6522     6932     6345
      43 3     6425     6555     6951
      44 3     6378     6817     6841
      45 3     6434     6891     6688
      46 3     6372     6882     6817
      47 3     6415     7037     6740
      48 3     6425     6951     6820
      49 3     6415     6820     7037
      50 3     6649     6740     7043
      51 3     6345     6932     6840
      52 3     6481     6840     6891
      53 3     6555     6688     7118
      54 3     6522     6841     6932
      55 3     6820     6951     7196
      56 3     6820     7197     7037
      57 3     6555     7118     6951
      58 3     6688     6891     7233
      59 3     6740     7255     7043
      60 3     6820     7196     7197
      61 3     6740     7037     7255
      62 3     6688     7233     7118
      63 3     6951     7324     7196
      64 3     6841     7386     6932
      65 3     6951     7118     7392
      66 3     6840     6932     7401
      67 3     6817     7404     6841
      68 3     6840     7411     6891
      69 3     6951     7392     7324
      70 3     6817     6882     7427
      71 3     7197     7428     7037
      72 3     7197     7196     7445
      73 3     7043     7255     7466
      74 3     7037     7495     7255
      75 3     6891     7507     7233
      76 3     7196     7324     7522
      77 3     7233     7542     7118
      78 3     7037     7428     7495
      79 3     7197     7445     7428
      80 3     7196     7522     7445
      81 3     6840     7401     7411
      82 3     6841     7404     7386
      83 3     6891     7411     7507
      84 3     7118     7643     7392
      85 3     6817     7427     7404
      86 3     7233     7507     7649
      87 3     7233     7649     7542
      88 3     7324     7392     7677
      89 3     6932     7386     7679
      90 3     6932     7679     7401
      91 3     6882     7510     7427
      92 3     7324     7677     7522
      93 3     7118     7542     7643
      94 3     7255     7712     7466
      95 3     7445     7522     7716
      96 3     7255     7495     7712
      97 3     7445     7763     7428
      98 3     7411     7778     7507
      99 3     7445     7716     7763
     100 3     7427     7829     7404
     101 3     7428     7855     7495
     102 3     7386     7404     7868
     103 3     7392     7872     7677
     104 3     7522     7880     7716
     105 3     7386     7881     7679
     106 3     7522     7677     7880
     107 3     7649     7507     7886
     108 3     7392     7643     7872
     109 3     7411     7909     7778
     110 3     7649     7916     7542
     111 3     7428     7763     7855
     112 3     7401     7679     7923
     113 3     7427     7510     7926
     114 3     7401     7945     7411
     115 3     7466     7712     7937
     116 3     7507     7778     7958
     117 3     7386     7868     7881
     118 3     7542     7975     7643
     119 3     7427     7980     7829
     120 3     7495     7991     7712
     121 3     7507     7958     7886
     122 3     7411     7945     7909
     123 3     7716     8028     7763
     124 3     7649     7886     7916
     125 3     7427     7926     7980
     126 3     7495     7855     7991
     127 3     7401     7923     7945
     128 3     7510     8046     7926
     129 3     7542     7916     7975
     130 3     7404     7829     8052
     131 3     7677     8054     7880
     132 3     7716     7880     8028
     133 3     7677     7872     8054
     134 3     7404     8052     7868
     135 3     7643     8103     7872
     136 3     7778     7909     8117
     137 3     7881     8118     7679
     138 3     7763     8134     7855
     139 3     7778     8117     7958
     140 3     7886     7958     8143
     141 3     7643     7975     8103
     142 3     7679     8165     7923
     143 3     7712     8168     7937
     144 3     7763     8028     8134
     145 3     7886     8185     7916
     146 3     7881     7868     8193
     147 3     7712     7991     8168
     148 3     7880     8219     8028
     149 3     7679     8118     8165
     150 3     7886     8143     8185
     151 3     7880     8054     8219
     152 3     7916     8263     7975
     153 3     7872     8264     8054
     154 3     7881     8193     8118
     155 3     7855     8276     7991
     156 3     7909     7945     8291
     157 3     7958     8292     8143
     158 3     7872     8103     8264
     159 3     8046     8301     7926
     160 3     7958     8117     8292
     161 3     7909     8291     8117
     162 3     7980     7926     8305
     163 3     7923     8326     7945
     164 3     7829     7980     8327
     165 3     7855     8134     8276
     166 3     7916     8185     8263
     167 3     7868     8052     8348
     168 3     7975     8366     8103
     169 3     7868     8348     8193
     170 3     8028     8385     8134
     171 3     7923     8165     8326
     172 3     7829     8327     8052
     173 3     8118     8193     8416
     174 3     8028     8219     8385
     175 3     7926     8301     8305
     176 3     8054     8428     8219
     177 3     7975     8263     8366
     178 3     8143     8437     8185
     179 3     7991     8439     8168
     180 3     8046     8338     8301
     181 3     8054     8264     8428
     182 3     7945     8483     8291
     183 3     8118     8488     8165
     184 3     8143     8292     8437
     185 3     7991     8276     8439
     186 3     8117     8501     8292
     187 3     7945     8326     8483
     188 3     8117     8291     8501
     189 3     8103     8509     8264
     190 3     7980     8305     8327
     191 3     8118     8416     8488
     192 3     8185     8543     8263
     193 3     8134     8562     8276
     194 3     8103     8366     8509
     195 3     8134     8385     8562
     196 3     8052     8597     8348
     197 3     8193     8600     8416
     198 3     8193     8348     8600
     199 3     8185     8437     8543
     200 3     8219     8612     8385
     201 3     8165     8614     8326
     202 3     8052     8327     8597
     203 3     8219     8428     8612
     204 3     8301     8338     8650
     205 3     8168     8439     8609
     206 3     8263     8675     8366
     207 3     8264     8687     8428
     208 3     8292     8692     8437
     209 3     8301     8702     8305
     210 3     8165     8488     8614
     211 3     8292     8501     8692
     212 3     8291     8789     8501
     213 3     8264     8509     8687
     214 3     8263     8543     8675
     215 3     8291     8483     8789
     216 3     8305     8866     8327
     217 3     8326     8932     8483
     218 3     8338     8738     8650
     219 3     8301     8650     8702
     220 3     8366     8950     8509
     221 3     8416     8951     8488
     222 3     8385     8983     8562
     223 3     8276     8985     8439
     224 3     8437     9011     8543
     225 3     8416     8600     8951
     226 3     8326     8614     8932
     227 3     8385     8612     8983
     228 3     8348     9041     8600
     229 3     8428     9058     8612
     230 3     8276     8562     8985
     231 3     8348     8597     9041
     232 3     8305     8702     8866
     233 3     8366     8675     8950
     234 3     8437     8692     9011
     235 3     8428     8687     9058
     236 3     8327     9156     8597
     237 3     8439     9176     8609
     238 3     8501     9216     8692
     239 3     8488     9229     8614
     240 3     8650     8738     9240
     241 3     8509     9241     8687
     242 3     8501     8789     9216
     243 3     8327     8866     9156
     244 3     8543     9292     8675
     245 3     8483     9320     8789
     246 3     8488     8951     9229
     247 3     8509     8950     9241
     248 3     8650     9372     8702
     249 3     8439     8985     9176
     250 3     8483     8932     9320
     251 3     8543     9011     9292
     252 3     8612     9452     8983
     253 3     8600     9468     8951
     254 3     8562     8983     9479
     255 3     8650     9240     9372
     256 3     8562     9479     8985
     257 3     8612     9058     9452
     258 3     8600     9041     9468
     259 3     8687     9548     9058
     260 3     8614     9558     8932
     261 3     8675     9569     8950
     262 3     8692     9574     9011
     263 3     8609     9176     9480
     264 3     8738     9568     9240
     265 3     8702     9601     8866
     266 3     8597     9607     9041
     267 3     8614     9229     9558
     268 3     8692     9216     9574
     269 3     8687     9241     9548
     270 3     8597     9156     9607
     271 3     8675     9292     9569
     272 3     8789     9744     9216
     273 3     8702     9372     9601
     274 3     8789     9320     9744
     275 3     8985     9812     9176
     276 3     8951     9813     9229
     277 3     8950     9820     9241
     278 3     8866     9853     9156
     279 3     8983     9857     9479
     280 3     9011     9863     9292
     281 3     9058     9869     9452
     282 3     8932     9888     9320
     283 3     8951     9468     9813
     284 3     8983     9452     9857
     285 3     8985     9479     9908
     286 3     9240     9927     9372
     287 3     9058     9548     9869
     288 3     8950     9569     9820
     289 3     8866     9601     9853
     290 3     9011     9574     9863
     291 3     8932     9558     9888
     292 3     9041     9966     9468
     293 3     9240     9568     9927
     294 3     9176     9974     9480
     295 3     8985     9908     9812
     296 3     9241    10001     9548
     297 3     9041     9607     9966
     298 3     9216    10061     9574
     299 3     9176     9812     9974
     300 3     9229    10088     9558
     301 3     9292    10099     9569
     302 3     9216     9744    10061
     303 3     9372    10135     9601
     304 3     9156    10138     9607
     305 3     9241     9820    10001
     306 3     9229     9813    10088
     307 3     9452    10179     9857
     308 3     9320    10183     9744
     309 3     9292     9863    10099
     310 3     9372     9927    10135
     311 3     9156     9853    10138
     312 3     9548    10229     9869
     313 3     9479    10233     9908
     314 3     9479     9857    10233
     315 3     9452     9869    10179
     316 3     9480     9974    10191
     317 3     9320     9888    10183
     318 3     9468    10280     9813
     319 3     9812     9908    10289
     320 3     9568    10294     9927
     321 3     9569    10326     9820
     322 3     9548    10001    10229
     323 3     9574    10352     9863
     324 3     9468     9966    10280
     325 3     9558    10383     9888
     326 3     9601    10396     9853
     327 3     9812    10413     9974
     328 3     9574    10061    10352
     329 3     9569    10099    10326
     330 3     9558    10088    10383
     331 3     9607    10468     9966
     332 3     9812    10289    10413
     333 3     9601    10135    10396
     334 3     9744    10528    10061
     335 3    10001    10531    10229
     336 3     9857    10535    10233
     337 3     9869    10539    10179
     338 3     9607    10138    10468
     339 3     9908    10542    10289
     340 3     9908    10233    10542
     341 3     9820    10555    10001
     342 3     9813    10562    10088
     343 3     9857    10179    10535
     344 3     9927    10591    10135
     345 3     9744    10183    10528
     346 3     9863    10600    10099
     347 3     9869    10229    10539
     348 3     9813    10280    10562
     349 3     9888    10635    10183
     350 3     9927    10294    10591
     351 3     9853    10665    10138
     352 3     9974    10684    10191
     353 3     9863    10352    10600
     354 3     9888    10383    10635
     355 3     9974    10413    10684
     356 3     9853    10396    10665
     357 3     9820    10326    10555
     358 3     9966    10755    10280
     359 3    10001    10555    10531
     360 3    10191    10684    10702
     361 3    10179    10788    10535
     362 3    10099    10801    10326
     363 3    10061    10810    10352
     364 3     9966    10468    10755
     365 3    10229    10850    10539
     366 3    10413    10851    10684
     367 3    10088    10852    10383
     368 3    10135    10857    10396
     369 3    10179    10539    10788
     370 3    10229    10531    10850
     371 3    10289    10542    10876
     372 3    10289    10876    10413
     373 3    10061    10528    10810
     374 3    10099    10600    10801
     375 3    10088    10562    10852
     376 3    10135    10591    10857
     377 3    10183    10910    10528
     378 3    10413    10876    10851
     379 3    10138    10941    10468
     380 3    10233    10952    10542
     381 3    10542    10965    10876
     382 3    10294    10981    10591
     383 3    10183    10635    10910
     384 3    10233    10535    10952
     385 3    10138    10665    10941
     386 3    10280    11009    10562
     387 3    10542    10952    10965
     388 3    10326    11038    10555
     389 3    10531    10555    11051
     390 3    10352    11077    10600
     391 3    10535    11096    10952
     392 3    10326    10801    11038
     393 3    10280    10755    11009
     394 3    10383    11099    10635
     395 3    10396    11114    10665
     396 3    10531    11051    10850
     397 3    10535    10788    11096
     398 3    10396    10857    11114
     399 3    10352    10810    11077
     400 3    10562    11170    10852
     401 3    10383    10852    11099
     402 3    10539    11179    10788
     403 3    10788    11200    11096
     404 3    10468    11208    10755
     405 3    10562    11009    11170
     406 3    10555    11038    11235
     407 3    10591    11241    10857
     408 3    10635    11243    10910
     409 3    10555    11235    11051
     410 3    10788    11179    11200
     411 3    10600    11255    10801
     412 3    10468    10941    11208
     413 3    10591    10981    11241
     414 3    10528    11278    10810
     415 3    10539    10850    11179
     416 3    10528    10910    11278
     417 3    10600    11077    11255
     418 3    10850    11051    11364
     419 3    10665    11366    10941
     420 3    10635    11099    11243
     421 3    10801    11381    11038
     422 3    10665    11114    11366
     423 3    10810    11424    11077
     424 3    10755    11441    11009
     425 3    11051    11235    11451
     426 3    10910    11452    11278
     427 3    10910    11243    11452
     428 3    10801    11255    11381
     429 3    10850    11364    11179
     430 3    10857    11510    11114
     431 3    10755    11208    11441
     432 3    10857    11241    11510
     433 3    10810    11278    11424
     434 3    11038    11582    11235
     435 3    11051    11451    11364
     436 3    11235    11586    11451
     437 3    10852    11170    11591
     438 3    10981    11592    11241
     439 3    10941    11613    11208
     440 3    10852    11591    11099
     441 3    11235    11582    11586
     442 3    10941    11366    11613
     443 3    11038    11381    11582
     444 3    11009    11653    11170
     445 3    11099    11654    11243
     446 3    11452    11662    11278
     447 3    11452    11243    11684
     448 3    11114    11730    11366
     449 3    11381    11747    11582
     450 3    11114    11510    11730
     451 3    11255    11771    11381
     452 3    11009    11441    11653
     453 3    11077    11805    11255
     454 3    11241    11813    11510
     455 3    11381    11771    11747
     456 3    11241    11592    11813
     457 3    11255    11805    11771
     458 3    11208    11868    11441
     459 3    11099    11591    11654
     460 3    11452    11684    11662
     461 3    11077    11424    11805
     462 3    11208    11613    11868
     463 3    11243    11654    11684
     464 3    11424    11278    11944
     465 3    11441    11955    11653
     466 3    11366    11981    11613
     467 3    11278    11662    11944
     468 3    11170    11653    11591
     469 3    11366    11730    11981
     470 3    11441    11868    11955
     471 3    11510    11813    12077
     472 3    11510    12077    11730
     473 3    11654    12079    11684
     474 3    11592    12080    11813
     475 3    11613    12087    11868
     476 3    11613    11981    12087
     477 3    11662    11684    12113
     478 3    11591    12125    11654
     479 3    11662    12113    11944
     480 3    11591    11653    12182
     481 3    11730    12183    11981
     482 3    11730    12077    12183
     483 3    11955    12219    11653
     484 3    11813    12080    12236
     485 3    11813    12236    12077
     486 3    11955    11868    12268
     487 3    11654    12125    12079
     488 3    11424    11944    11805
     489 3    12087    12309    11868
     490 3    11591    12182    12125
     491 3    12087    11981    12346
     492 3    11653    12219    12182
     493 3    12183    12408    11981
     494 3    11955    12268    12219
     495 3    12183    12077    12453
     496 3    11684    12079    12113
     497 3    11868    12309    12268
     498 3    12087    12346    12309
     499 3    11981    12408    12346
     500 3    12236    12539    12077
     501 3    12080    12574    12236
     502 3    12183    12453    12408
     503 3    12077    12539    12453
     504 3    12236    12574    12539
 0                                                                              
 0                                                                              
 1                                                                              
 30                                                                             
      29       1                                                                
   12574
   12539
   12453
   12408
   12346
   12309
   12268
   12219
   12182
   12125
   12079
   12113
   11944
   11805
   11771
   11747
   11582
   11586
   11451
   11364
   11179
   11200
   11096
   10952
   10965
   10876
   10851
   10684
   10702
