FileFmt      1050624           0           0
NELG           58641         560         534
       11493
       11495
       11545
       11609
       11656
       11668
       11722
       11728
       11766
       11770
       11800
       11835
       11859
       11881
       11904
       11916
       11928
       11948
       11958
       11997
       12012
       12041
       12044
       12077
       12096
       12098
       12113
       12118
       12129
       12166
       12182
       12198
       12213
       12224
       12248
       12260
       12265
       12269
       12285
       12287
       12307
       12330
       12360
       12374
       12384
       12389
       12398
       12411
       12421
       12429
       12446
       12454
       12456
       12483
       12516
       12526
       12548
       12564
       12567
       12581
       12599
       12600
       12603
       12604
       12609
       12628
       12659
       12661
       12669
       12672
       12685
       12698
       12701
       12702
       12718
       12741
       12746
       12751
       12758
       12762
       12772
       12775
       12778
       12787
       12802
       12817
       12820
       12821
       12846
       12853
       12859
       12864
       12865
       12869
       12874
       12891
       12901
       12903
       12916
       12921
       12926
       12927
       12932
       12940
       12952
       12961
       12964
       12976
       13004
       13010
       13015
       13020
       13021
       13027
       13028
       13031
       13035
       13041
       13054
       13061
       13063
       13079
       13080
       13089
       13106
       13125
       13127
       13131
       13134
       13138
       13140
       13143
       13156
       13162
       13164
       13167
       13173
       13178
       13179
       13184
       13191
       13208
       13209
       13223
       13226
       13243
       13247
       13252
       13253
       13256
       13262
       13276
       13277
       13280
       13290
       13292
       13293
       13301
       13308
       13309
       13316
       13327
       13336
       13340
       13341
       13347
       13348
       13349
       13351
       13356
       13359
       13362
       13364
       13369
       13379
       13380
       13386
       13395
       13406
       13411
       13415
       13417
       13422
       13425
       13435
       13440
       13445
       13446
       13449
       13466
       13469
       13476
       13483
       13485
       13489
       13490
       13493
       13495
       13496
       13499
       13501
       13504
       13527
       13528
       13529
       13533
       13544
       13546
       13547
       13555
       13556
       13560
       13562
       13570
       13576
       13580
       13582
       13585
       13595
       13597
       13601
       13604
       13606
       13615
       13616
       13619
       13625
       13636
       13637
       13638
       13646
       13648
       13656
       13659
       13660
       13666
       13669
       13677
       13682
       13690
       13692
       13695
       13696
       13708
       13709
       13718
       13719
       13721
       13728
       13730
       13731
       13733
       13740
       13743
       13745
       13751
       13752
       13754
       13755
       13763
       13767
       13769
       13785
       13792
       13793
       13795
       13796
       13798
       13807
       13812
       13821
       13823
       13825
       13826
       13828
       13833
       13837
       13846
       13848
       13851
       13853
       13857
       13858
       13866
       13868
       13883
       13885
       13886
       13888
       13893
       13897
       13904
       13906
       13907
       13914
       13920
       13921
       13923
       13925
       13928
       13929
       13932
       13935
       13936
       13939
       13940
       13954
       13961
       13964
       13971
       13978
       13981
       13990
       13991
       13995
       13999
       14003
       14006
       14011
       14013
       14016
       14022
       14025
       14029
       14031
       14032
       14036
       14042
       14043
       14049
       14051
       14060
       14067
       14068
       14071
       14072
       14087
       14088
       14089
       14093
       14096
       14104
       14106
       14111
       14118
       14119
       14124
       14131
       14138
       14139
       14147
       14160
       14161
       14163
       14164
       14165
       14166
       14172
       14173
       14179
       14180
       14185
       14196
       14204
       14205
       14208
       14212
       14219
       14226
       14229
       14230
       14233
       14236
       14244
       14250
       14257
       14265
       14271
       14279
       14281
       14293
       14299
       14304
       14308
       14313
       14314
       14315
       14316
       14317
       14328
       14329
       14331
       14332
       14338
       14339
       14349
       14354
       14360
       14363
       14372
       14381
       14382
       14388
       14392
       14401
       14403
       14406
       14413
       14424
       14426
       14436
       14445
       14449
       14450
       14452
       14454
       14456
       14458
       14459
       14463
       14466
       14469
       14470
       14487
       14488
       14501
       14505
       14507
       14520
       14525
       14538
       14543
       14550
       14557
       14576
       14577
       14591
       14593
       14594
       14595
       14598
       14601
       14602
       14604
       14608
       14619
       14625
       14627
       14637
       14659
       14677
       14704
       14718
       14739
       14758
       14765
       14767
       14769
       14773
       14777
       14784
       14799
       14801
       14808
       14824
       14842
       14852
       14865
       14916
       14922
       14923
       14924
       14926
       14934
       14939
       14941
       14942
       14954
       14961
       14964
       14974
       15053
       15054
       15062
       15063
       15064
       15074
       15075
       15077
       15083
       15099
       15104
       15106
       15192
       15194
       15199
       15201
       15202
       15204
       15205
       15211
       15234
       15238
       15262
       15324
       15325
       15332
       15335
       15341
       15343
       15358
       15361
       15390
       15398
       15457
       15462
       15467
       15473
       15492
       15494
       15519
       15522
       15597
       15598
       15612
       15613
       15634
       15639
       15738
       15739
       15769
       15771
       15900
       15901
NNODG          32218         319         299
       -5760
       -5869
       -5913
        5969
        5971
       -5998
        6032
       -6044
        6062
        6090
        6111
        6149
       -6153
        6160
        6185
       -6192
        6212
        6234
       -6242
       -6248
        6253
        6272
       -6282
        6300
        6327
        6338
       -6342
        6346
        6366
       -6373
        6395
        6422
       -6424
        6429
        6439
       -6442
        6443
        6449
        6480
        6514
        6521
       -6533
        6541
       -6542
        6554
        6563
        6564
        6574
       -6577
        6598
        6601
        6608
        6617
        6630
        6653
        6657
        6662
        6663
        6666
        6672
        6687
        6698
       -6701
        6706
        6710
        6730
       -6731
        6739
        6746
        6747
        6751
        6757
       -6767
        6772
        6777
        6790
        6796
        6800
        6801
        6806
        6828
        6833
        6842
        6855
        6860
        6865
        6866
        6873
        6876
        6880
        6883
       -6899
        6905
        6917
        6918
        6922
        6924
        6939
        6945
        6947
        6948
       -6953
        6960
        6964
        6968
        6973
        6977
        6978
        6985
        6992
        6996
        7009
        7012
        7015
        7018
        7027
        7030
       -7031
        7040
       -7044
        7050
        7054
        7056
        7057
        7059
        7077
        7078
        7080
        7087
        7089
       -7102
        7106
        7107
        7109
        7116
        7120
        7124
        7125
        7133
        7134
        7139
       -7145
        7147
        7150
        7153
       -7159
        7162
        7166
        7167
        7177
        7183
        7185
        7187
        7190
        7191
        7195
        7201
        7211
       -7214
        7215
        7216
        7218
        7219
        7221
        7229
        7241
        7247
       -7248
        7250
        7251
        7257
        7264
        7269
       -7274
        7276
        7277
        7281
        7285
        7286
        7287
        7290
        7295
        7308
        7315
        7321
        7327
        7329
        7332
        7336
        7340
        7343
       -7344
       -7345
        7347
        7352
        7358
        7368
        7370
        7371
        7383
        7385
        7388
        7395
        7402
        7413
        7417
        7429
        7430
        7431
        7435
        7438
        7443
        7452
        7456
        7459
        7462
       -7467
        7473
        7480
        7483
       -7498
        7501
        7504
        7508
        7513
        7514
       -7519
       -7521
        7524
        7535
        7537
        7543
       -7552
       -7559
        7560
       -7564
       -7581
        7582
        7583
        7584
        7585
        7586
        7598
       -7599
       -7608
        7618
       -7631
        7635
       -7652
        7662
        7664
       -7665
        7669
        7673
       -7682
        7686
        7709
       -7733
        7753
        7757
        7760
        7770
        7777
        7787
       -7799
        7833
        7837
        7838
        7845
        7849
       -7859
       -7861
        7917
        7918
        7921
        7925
       -7931
        7940
        7988
        7990
       -7994
        7996
        8015
       -8030
        8061
       -8062
        8073
        8081
       -8098
       -8135
        8141
        8153
       -8170
       -8212
        8221
       -8234
       -8293
       -8313
       -8387
NFLUXF             0
NETA             128          29           0
NSTAE              0           0           0
NSTAV              0           0           0
NSTAM              0           0           0
NSTAC              0           0           0
RES NODE          32         237
                   4           5           7           9          10          11
                  12          14          15          17          18          21
                  22          24          25          26          28          29
                  31          32          34          35          37          38
                  39          40          41          43          45          46
                  47          48          50          51          52          53
                  54          55          56          57          58          59
                  60          61          62          64          65          66
                  68          69          70          71          72          74
                  75          76          77          78          79          80
                  81          82          83          84          85          86
                  87          88          89          90          91          93
                  94          95          96          97          98          99
                 100         101         103         104         105         106
                 107         108         109         110         111         112
                 113         114         115         116         117         119
                 121         122         123         124         125         126
                 127         128         129         130         132         133
                 134         135         136         137         138         139
                 140         141         143         144         145         147
                 148         149         150         151         152         153
                 154         155         156         157         158         160
                 161         162         163         164         165         166
                 167         169         170         171         172         173
                 175         176         177         178         179         180
                 181         182         183         184         185         186
                 187         188         189         190         191         194
                 195         196         197         198         199         200
                 201         202         203         204         205         206
                 207         208         209         210         211         212
                 213         214         215         216         218         219
                 220         222         223         224         225         226
                 229         230         231         232         235         238
                 239         240         241         242         243         246
                 248         250         251         253         254         256
                 257         259         260         261         262         263
                 264         266         267         268         269         270
                 273         274         275         276         278         279
                 280         282         283         285         287         288
                 291         292         295
COMM PE            6
RECV PE           33          20
                 221         228         233         234         236         237
                 244         245         247         249         252         258
                 265         271         277         281         286         290
                 294         297
RECV PE           34           5
                 289         293         296         298         299
RECV PE           37          11
                  16          23          30          42          67         102
                 120         142         168         193         217
RECV PE           39           2
                   2           6
RECV PE           42          20
                   1           3           8          13          19          20
                  27          33          36          44          49          63
                  73          92         118         131         146         159
                 174         192
RECV PE           43           4
                 227         255         272         284
SEND PE           33          21
                 200         203         210         211         213         216
                 219         220         225         230         231         239
                 248         257         264         269         275         279
                 285         291         295
SEND PE           34           5
                 278         283         288         292         295
SEND PE           37          11
                  12          18          25          35          48          72
                  97         125         151         179         203
SEND PE           39           3
                   5           7          12
SEND PE           42          21
                   4           5           9          14          21          26
                  28          32          40          41          53          56
                  76          83         107         133         148         163
                 176         191         208
SEND PE           43           4
                 208         242         263         278
