Nodal attrs for bi_1997_v2.grd - 10/24/2013                                     
         275
           1
primitive_weighting_in_continuity_equation                                      
1                                                                               
           1
  0.300000000E-01
primitive_weighting_in_continuity_equation                                      
          21
     24745    0.50000000E-02
     24940    0.50000000E-02
     24943    0.50000000E-02
     25117    0.50000000E-02
     25137    0.50000000E-02
     25142    0.50000000E-02
     25347    0.50000000E-02
     25363    0.50000000E-02
     25365    0.50000000E-02
     25427    0.50000000E-02
     25527    0.50000000E-02
     25528    0.50000000E-02
     25530    0.50000000E-02
     25536    0.50000000E-02
     25569    0.50000000E-02
     25588    0.50000000E-02
     25660    0.50000000E-02
     25670    0.50000000E-02
     25672    0.50000000E-02
     25676    0.50000000E-02
     25872    0.50000000E-02
