FileFmt      1050624           0           0
NELG           58641         560         527
      -43300
      -43317
      -43392
      -43435
      -43484
      -43504
      -43537
      -43546
      -43575
      -43583
       43586
       43638
       43668
       43675
       43681
       43693
       43701
       43709
       43719
       43735
      -43749
       43776
       43784
      -43812
      -43817
       43828
       43835
       43837
       43845
       43849
       43856
       43862
       43864
       43870
       43875
       43882
      -43890
       43895
       43896
       43919
       43924
       43933
       43934
       43942
       43950
       43956
       43979
       43986
       43988
       43997
       43998
       44002
       44015
       44022
      -44041
       44046
       44048
       44054
       44062
      -44067
       44074
       44087
       44088
       44096
       44098
       44102
       44106
       44121
       44134
       44145
       44146
       44148
       44166
       44173
       44177
       44200
      -44207
       44213
       44219
       44221
       44232
       44234
       44235
       44236
       44237
       44242
       44249
       44251
       44266
       44277
       44279
       44294
       44331
       44349
      -44360
       44363
       44367
      -44368
       44369
       44370
       44376
      -44383
       44388
       44394
       44416
       44436
       44441
       44454
       44485
       44496
       44501
       44503
       44510
       44531
       44537
       44541
       44547
       44572
       44586
       44588
       44605
       44625
       44656
       44685
       44692
       44710
       44712
       44719
       44755
       44759
       44760
      -44783
      -44789
       44801
       44803
       44814
       44818
       44820
       44834
       44841
       44847
       44860
       44877
       44888
       44895
       44897
       44914
       44917
       44933
       44946
       44981
       45021
       45024
       45045
       45052
       45070
       45092
       45093
       45114
       45116
       45124
       45125
       45136
       45138
      -45153
      -45163
       45167
       45169
       45177
       45185
       45186
       45194
       45200
       45204
       45221
       45227
       45267
       45281
       45286
       45310
       45328
       45331
       45335
       45358
       45364
       45370
       45387
       45432
       45436
       45459
       45464
       45468
       45472
       45476
       45486
      -45506
      -45507
      -45511
       45513
       45516
       45552
       45553
       45557
       45576
       45618
       45619
       45634
       45637
       45650
       45663
       45678
       45682
       45683
       45695
       45736
       45749
       45762
       45791
       45812
       45830
       45831
      -45847
       45854
       45857
       45860
       45861
       45866
       45868
      -45902
       45904
       45908
       45913
       45926
       45933
       45965
       45966
       45968
       45993
       45998
       46013
       46022
       46024
       46046
       46067
       46070
       46088
       46090
       46101
       46112
       46118
       46123
       46148
       46151
       46160
       46162
      -46180
       46183
       46189
       46192
      -46197
       46211
       46217
       46218
       46221
       46227
       46239
       46262
      -46266
       46268
       46269
       46272
       46284
       46287
       46288
       46291
       46299
       46311
       46322
       46324
       46335
       46342
       46356
       46358
       46359
       46368
       46375
      -46376
       46391
       46396
       46400
       46414
       46421
      -46426
       46429
       46430
       46432
       46437
       46449
       46460
       46489
       46493
       46494
       46509
       46519
       46523
       46532
      -46534
       46540
       46546
       46564
       46576
       46597
       46627
       46628
       46634
       46635
       46647
       46649
       46659
      -46660
       46661
       46663
       46667
      -46669
       46672
       46675
       46704
       46711
       46714
       46723
       46735
       46743
       46745
       46749
       46768
       46787
       46813
       46814
      -46818
       46821
       46839
       46842
       46844
       46850
       46851
       46871
       46894
       46901
       46911
       46942
       46967
       46972
       46977
      -46995
       47008
      -47018
       47020
       47027
       47028
       47038
      -47054
       47061
       47063
       47077
       47078
       47093
       47127
       47132
       47142
       47166
       47167
       47170
      -47179
       47195
       47197
       47205
       47214
       47224
       47240
       47254
       47273
      -47293
       47306
       47327
      -47331
       47345
       47354
       47363
       47375
       47377
       47383
       47414
       47425
       47430
       47457
       47471
       47485
       47490
       47495
      -47501
       47510
       47513
      -47526
       47534
       47540
       47556
       47562
      -47575
       47599
       47618
       47632
       47635
       47636
       47647
       47654
       47679
       47711
       47715
       47734
      -47737
       47746
       47748
       47752
       47753
       47791
       47807
      -47814
       47817
       47821
       47831
       47845
       47851
       47871
      -47890
      -47900
      -47902
       47934
       47937
       47946
       47950
       47955
       47967
       47968
       47970
      -47982
      -47984
       48007
       48009
       48030
      -48031
       48036
       48042
       48056
      -48059
       48060
       48068
      -48070
       48077
       48089
      -48125
       48134
      -48142
       48157
       48162
       48177
       48186
       48195
      -48196
       48202
       48205
      -48206
      -48210
       48218
       48232
       48233
       48234
       48235
      -48251
      -48259
      -48276
       48287
       48304
      -48328
       48337
       48343
       48344
       48348
       48353
       48358
       48365
      -48382
       48384
       48397
       48402
       48418
       48422
       48424
       48430
      -48431
       48463
       48472
       48483
      -48488
       48506
      -48514
       48522
       48523
       48527
       48541
      -48543
      -48558
      -48567
       48576
       48596
      -48603
       48604
      -48618
      -48627
       48649
      -48656
       48657
      -48660
       48665
      -48700
      -48707
      -48739
      -48819
NNODG          32218         319         289
      -23638
      -23716
      -23730
      -23749
      -23785
      -23910
       23925
      -23940
       23978
       24001
       24031
      -24055
       24078
       24086
       24119
       24136
       24141
       24146
       24152
       24167
       24184
       24198
       24201
      -24210
       24218
       24227
       24232
       24233
      -24238
       24247
       24249
       24256
       24258
       24269
       24292
       24300
       24319
       24323
       24328
       24331
       24341
       24353
       24357
      -24360
       24361
       24365
       24372
       24380
       24395
       24405
       24410
       24411
       24412
       24424
       24440
       24448
       24452
       24454
       24458
       24459
       24468
       24481
       24482
       24520
       24527
      -24538
       24540
       24554
       24565
       24576
       24590
       24598
       24600
       24617
       24623
       24645
       24694
       24709
       24714
       24730
       24733
       24734
      -24747
       24752
       24758
       24764
       24767
       24781
       24788
       24800
       24871
       24873
       24883
       24887
      -24891
       24902
       24913
       24914
       24924
       24926
       24928
      -24943
       24944
       24978
       24982
       25005
       25016
       25042
       25045
       25048
       25060
       25064
       25116
       25119
       25125
       25137
       25141
       25164
       25174
       25196
       25205
       25207
       25232
       25240
       25260
       25290
       25299
       25308
       25309
      -25310
       25318
       25320
       25321
       25325
      -25347
       25352
       25362
       25379
       25406
       25418
       25430
       25438
       25444
       25453
       25456
       25474
      -25482
       25484
       25488
       25490
       25504
       25509
       25528
       25529
       25532
       25540
       25553
       25557
       25558
       25567
       25580
       25581
       25587
      -25588
       25599
       25613
       25616
       25632
       25651
       25652
       25666
      -25670
       25674
       25676
       25678
       25683
       25695
       25728
       25729
       25731
      -25738
       25744
       25748
       25751
       25776
       25783
       25790
       25792
       25794
       25808
       25834
      -25837
       25851
       25855
       25867
       25879
       25888
       25919
       25938
      -25943
       25945
       25947
       25948
       25956
       25974
       25976
       25989
       25997
       26038
      -26042
       26063
       26080
      -26099
       26120
       26130
       26142
       26147
       26148
       26154
       26169
       26173
       26177
       26194
       26203
      -26217
       26224
       26247
      -26257
       26282
       26284
       26294
       26307
       26326
       26328
       26337
       26367
      -26378
       26380
       26383
       26398
      -26420
      -26425
       26440
       26443
       26448
       26452
       26458
       26467
      -26490
       26493
       26505
       26510
      -26536
       26542
      -26546
       26552
       26555
       26562
       26572
       26576
      -26577
      -26585
       26598
       26624
      -26642
       26645
       26649
       26650
       26652
       26654
       26658
       26664
       26680
      -26698
       26714
       26720
       26734
      -26742
       26746
       26747
      -26756
      -26766
       26781
      -26791
       26810
      -26815
       26817
      -26841
      -26896
NFLUXF             0
NETA             128          29           0
NSTAE              0           0           0
NSTAV              0           0           0
NSTAM              0           0           0
NSTAC              0           0           0
RES NODE          31         245
                   7           9          10          11          13          14
                  15          16          17          18          19          20
                  21          22          23          25          26          27
                  28          30          31          32          33          34
                  35          36          37          38          39          40
                  41          42          43          45          46          47
                  48          49          50          51          52          53
                  54          55          56          57          58          59
                  60          61          62          63          64          65
                  67          68          69          70          71          72
                  73          74          75          76          77          78
                  79          80          81          82          84          85
                  86          87          88          89          90          91
                  92          93          94          96          97          98
                  99         100         101         103         104         105
                 106         107         108         109         110         111
                 112         113         114         115         116         117
                 118         119         120         121         122         123
                 124         125         126         127         128         129
                 131         132         133         134         136         137
                 138         139         140         141         142         143
                 144         145         146         148         149         150
                 151         152         153         154         155         156
                 157         158         159         160         161         162
                 163         165         166         167         168         169
                 170         171         173         174         175         176
                 177         178         179         180         182         183
                 184         185         186         187         188         189
                 190         191         193         194         195         196
                 197         198         199         201         202         203
                 204         205         206         207         208         209
                 211         212         214         215         216         217
                 218         219         220         221         222         223
                 224         226         227         229         230         231
                 232         233         234         235         236         238
                 239         240         243         244         245         246
                 247         248         250         251         252         254
                 256         257         258         259         260         263
                 264         266         267         268         269         270
                 271         272         273         275         276         277
                 279         280         283         285         287
COMM PE            4
RECV PE           13          12
                 135         164         172         192         210         213
                 228         242         253         265         278         286
RECV PE           15          11
                   1           2           3           4           5           6
                  12          24          44          83         102
RECV PE           26           7
                   8          29          66          95         130         147
                 181
RECV PE           27          14
                 200         225         237         241         249         255
                 261         262         274         281         282         284
                 288         289
SEND PE           13          11
                 116         153         174         196         212         231
                 248         257         267         277         285
SEND PE           15          10
                   7           9          10          11          13          25
                  42          65         103         116
SEND PE           26           7
                  10          21          50          84         115         129
                 167
SEND PE           27          15
                 167         183         208         220         221         235
                 238         243         247         254         266         270
                 271         280         287
