bi_1997_v2.grd                                                                  
     472     276
    9013 -0.770304900000E+02  0.346724800000E+02  0.693000000000E+00
    9014 -0.770312200000E+02  0.346732600000E+02  0.101400000000E+01
    9086 -0.770295900000E+02  0.346726800000E+02  0.628000000000E+00
    9087 -0.770301400000E+02  0.346735700000E+02  0.944000000000E+00
    9184 -0.770319400000E+02  0.346739300000E+02  0.105400000000E+01
    9205 -0.770273200000E+02  0.346731600000E+02  0.649000000000E+00
    9206 -0.770286900000E+02  0.346740200000E+02  0.854000000000E+00
    9212 -0.770150800000E+02  0.346722600000E+02  0.619000000000E+00
    9213 -0.770121800000E+02  0.346727000000E+02  0.680000000000E+00
    9214 -0.770142300000E+02  0.346739400000E+02  0.992000000000E+00
    9273 -0.770310000000E+02  0.346742600000E+02  0.971000000000E+00
    9303 -0.770094200000E+02  0.346731100000E+02  0.721000000000E+00
    9304 -0.770113400000E+02  0.346743600000E+02  0.962000000000E+00
    9316 -0.770325300000E+02  0.346745100000E+02  0.853000000000E+00
    9381 -0.770298400000E+02  0.346747400000E+02  0.856000000000E+00
    9384 -0.770250500000E+02  0.346736500000E+02  0.780000000000E+00
    9385 -0.770269300000E+02  0.346746000000E+02  0.690000000000E+00
    9387 -0.770318100000E+02  0.346747600000E+02  0.930000000000E+00
    9391 -0.770071200000E+02  0.346734300000E+02  0.935000000000E+00
    9392 -0.770086700000E+02  0.346748000000E+02  0.128400000000E+01
    9466 -0.770323800000E+02  0.346750700000E+02  0.773000000000E+00
    9471 -0.770052800000E+02  0.346736800000E+02  0.103600000000E+01
    9472 -0.770062300000E+02  0.346751300000E+02  0.121400000000E+01
    9512 -0.770310200000E+02  0.346752800000E+02  0.825000000000E+00
    9519 -0.770027000000E+02  0.346735800000E+02  0.691000000000E+00
    9520 -0.770037100000E+02  0.346753300000E+02  0.936000000000E+00
    9555 -0.770283700000E+02  0.346753500000E+02  0.773000000000E+00
    9560 -0.770254300000E+02  0.346754000000E+02  0.693000000000E+00
    9565 -0.770000500000E+02  0.346735100000E+02  0.555000000000E+00
    9566 -0.770009500000E+02  0.346754400000E+02  0.609000000000E+00
    9571 -0.770319700000E+02  0.346755300000E+02  0.762000000000E+00
    9572 -0.770326200000E+02  0.346755400000E+02  0.628000000000E+00
    9576 -0.770132500000E+02  0.346754800000E+02  0.959000000000E+00
    9579 -0.769965400000E+02  0.346734300000E+02  0.555000000000E+00
    9580 -0.769978700000E+02  0.346755300000E+02  0.555000000000E+00
    9615 -0.769921700000E+02  0.346733600000E+02  0.555000000000E+00
    9616 -0.769944400000E+02  0.346757100000E+02  0.557000000000E+00
    9682 -0.770222500000E+02  0.346741700000E+02  0.129400000000E+01
    9683 -0.770233900000E+02  0.346759400000E+02  0.640000000000E+00
    9709 -0.770298200000E+02  0.346759600000E+02  0.691000000000E+00
    9711 -0.770323400000E+02  0.346761300000E+02  0.569000000000E+00
    9718 -0.770267300000E+02  0.346760400000E+02  0.640000000000E+00
    9729 -0.770102900000E+02  0.346761800000E+02  0.770000000000E+00
    9755 -0.770193900000E+02  0.346745500000E+02  0.575000000000E+00
    9756 -0.770206700000E+02  0.346763000000E+02  0.557000000000E+00
    9771 -0.769885100000E+02  0.346748500000E+02  0.609000000000E+00
    9772 -0.769909600000E+02  0.346763100000E+02  0.663000000000E+00
    9788 -0.770316800000E+02  0.346764200000E+02  0.649000000000E+00
    9819 -0.770075900000E+02  0.346766100000E+02  0.969000000000E+00
    9868 -0.770281700000E+02  0.346767000000E+02  0.654000000000E+00
    9873 -0.770163900000E+02  0.346749800000E+02  0.100900000000E+01
    9874 -0.770178400000E+02  0.346768900000E+02  0.102000000000E+01
    9885 -0.770250300000E+02  0.346767600000E+02  0.630000000000E+00
    9895 -0.770049400000E+02  0.346769600000E+02  0.830000000000E+00
    9947 -0.770021400000E+02  0.346772500000E+02  0.684000000000E+00
    9969 -0.770147900000E+02  0.346774200000E+02  0.115200000000E+01
    9982 -0.769991600000E+02  0.346774700000E+02  0.558000000000E+00
   10004 -0.770264200000E+02  0.346774600000E+02  0.555000000000E+00
   10010 -0.769847800000E+02  0.346764100000E+02  0.655000000000E+00
   10011 -0.769876600000E+02  0.346773200000E+02  0.892000000000E+00
   10013 -0.770298400000E+02  0.346773000000E+02  0.585000000000E+00
   10028 -0.770235500000E+02  0.346775200000E+02  0.878000000000E+00
   10029 -0.769960600000E+02  0.346776500000E+02  0.560000000000E+00
   10046 -0.770118000000E+02  0.346777600000E+02  0.665000000000E+00
   10058 -0.770217700000E+02  0.346777900000E+02  0.966000000000E+00
   10097 -0.769929700000E+02  0.346779900000E+02  0.656000000000E+00
   10118 -0.770090400000E+02  0.346781200000E+02  0.595000000000E+00
   10140 -0.770247000000E+02  0.346782000000E+02  0.589000000000E+00
   10142 -0.770278600000E+02  0.346781200000E+02  0.555000000000E+00
   10180 -0.770193600000E+02  0.346784500000E+02  0.615000000000E+00
   10196 -0.770063500000E+02  0.346785300000E+02  0.575000000000E+00
   10230 -0.769822900000E+02  0.346773900000E+02  0.712000000000E+00
   10231 -0.769846700000E+02  0.346782800000E+02  0.102000000000E+01
   10240 -0.769899500000E+02  0.346786300000E+02  0.100600000000E+01
   10262 -0.769744600000E+02  0.346769300000E+02  0.701000000000E+00
   10263 -0.769725700000E+02  0.346771400000E+02  0.781000000000E+00
   10264 -0.769739500000E+02  0.346788000000E+02  0.148800000000E+01
   10276 -0.770228600000E+02  0.346789000000E+02  0.892000000000E+00
   10285 -0.769703400000E+02  0.346773800000E+02  0.755000000000E+00
   10286 -0.769719300000E+02  0.346788900000E+02  0.146500000000E+01
   10288 -0.770035400000E+02  0.346789700000E+02  0.642000000000E+00
   10292 -0.770260300000E+02  0.346789100000E+02  0.555000000000E+00
   10322 -0.769773100000E+02  0.346772700000E+02  0.765000000000E+00
   10323 -0.769763800000E+02  0.346790300000E+02  0.146800000000E+01
   10327 -0.769802000000E+02  0.346776100000E+02  0.838000000000E+00
   10328 -0.769820000000E+02  0.346789200000E+02  0.152100000000E+01
   10353 -0.769792400000E+02  0.346791700000E+02  0.148700000000E+01
   10367 -0.769682800000E+02  0.346776100000E+02  0.634000000000E+00
   10368 -0.769699100000E+02  0.346792200000E+02  0.108700000000E+01
   10385 -0.770005000000E+02  0.346794000000E+02  0.692000000000E+00
   10419 -0.769973900000E+02  0.346795900000E+02  0.559000000000E+00
   10423 -0.770207700000E+02  0.346796200000E+02  0.865000000000E+00
   10427 -0.769945000000E+02  0.346796500000E+02  0.678000000000E+00
   10428 -0.770164000000E+02  0.346796500000E+02  0.107300000000E+01
   10429 -0.769870400000E+02  0.346794500000E+02  0.142900000000E+01
   10430 -0.770103500000E+02  0.346796600000E+02  0.556000000000E+00
   10437 -0.769661500000E+02  0.346778700000E+02  0.647000000000E+00
   10438 -0.769677900000E+02  0.346796100000E+02  0.950000000000E+00
   10446 -0.770242800000E+02  0.346796600000E+02  0.555000000000E+00
   10451 -0.770130600000E+02  0.346797500000E+02  0.593000000000E+00
   10505 -0.770078000000E+02  0.346800200000E+02  0.590000000000E+00
   10514 -0.769918400000E+02  0.346800100000E+02  0.973000000000E+00
   10517 -0.769640700000E+02  0.346781400000E+02  0.645000000000E+00
   10518 -0.769655600000E+02  0.346800200000E+02  0.110200000000E+01
   10537 -0.769732100000E+02  0.346801500000E+02  0.168900000000E+01
   10579 -0.769619800000E+02  0.346783400000E+02  0.626000000000E+00
   10580 -0.769632000000E+02  0.346804200000E+02  0.106100000000E+01
   10583 -0.769842200000E+02  0.346802200000E+02  0.179200000000E+01
   10602 -0.770051000000E+02  0.346805500000E+02  0.743000000000E+00
   10617 -0.770220700000E+02  0.346806000000E+02  0.635000000000E+00
   10620 -0.769751400000E+02  0.346806500000E+02  0.153500000000E+01
   10625 -0.770187100000E+02  0.346804500000E+02  0.767000000000E+00
   10641 -0.769715700000E+02  0.346806300000E+02  0.160300000000E+01
   10649 -0.769589500000E+02  0.346787400000E+02  0.611000000000E+00
   10650 -0.769605300000E+02  0.346808100000E+02  0.912000000000E+00
   10658 -0.769891900000E+02  0.346807100000E+02  0.972000000000E+00
   10682 -0.769813800000E+02  0.346808400000E+02  0.168900000000E+01
   10700 -0.770111500000E+02  0.346809700000E+02  0.555000000000E+00
   10710 -0.770143500000E+02  0.346811000000E+02  0.562000000000E+00
   10715 -0.769932300000E+02  0.346811700000E+02  0.983000000000E+00
   10716 -0.770021400000E+02  0.346811800000E+02  0.815000000000E+00
   10718 -0.769559100000E+02  0.346790700000E+02  0.613000000000E+00
   10719 -0.769575700000E+02  0.346812000000E+02  0.872000000000E+00
   10745 -0.769695400000E+02  0.346811900000E+02  0.125000000000E+01
   10751 -0.770091700000E+02  0.346813500000E+02  0.558000000000E+00
   10754 -0.770172900000E+02  0.346813500000E+02  0.815000000000E+00
   10759 -0.769781400000E+02  0.346813600000E+02  0.129400000000E+01
   10778 -0.770198900000E+02  0.346815300000E+02  0.657000000000E+00
   10783 -0.769954200000E+02  0.346814700000E+02  0.640000000000E+00
   10787 -0.769544700000E+02  0.346815800000E+02  0.114000000000E+01
   10814 -0.769864700000E+02  0.346815100000E+02  0.112300000000E+01
   10819 -0.770125700000E+02  0.346816800000E+02  0.555000000000E+00
   10841 -0.770157200000E+02  0.346818200000E+02  0.572000000000E+00
   10844 -0.769672900000E+02  0.346817600000E+02  0.128600000000E+01
   10865 -0.770067200000E+02  0.346819400000E+02  0.638000000000E+00
   10869 -0.769734300000E+02  0.346817700000E+02  0.152200000000E+01
   10875 -0.769986000000E+02  0.346819300000E+02  0.572000000000E+00
   10881 -0.769911400000E+02  0.346818900000E+02  0.100900000000E+01
   10900 -0.770185200000E+02  0.346821000000E+02  0.630000000000E+00
   10940 -0.769648600000E+02  0.346823200000E+02  0.101400000000E+01
   10964 -0.770106000000E+02  0.346824200000E+02  0.555000000000E+00
   10970 -0.769837100000E+02  0.346822900000E+02  0.142900000000E+01
   10998 -0.770140000000E+02  0.346825800000E+02  0.555000000000E+00
   11002 -0.770040100000E+02  0.346826700000E+02  0.916000000000E+00
   11016 -0.769714200000E+02  0.346825800000E+02  0.149300000000E+01
   11029 -0.769622000000E+02  0.346828500000E+02  0.112000000000E+01
   11035 -0.770171100000E+02  0.346827400000E+02  0.618000000000E+00
   11040 -0.769886200000E+02  0.346827400000E+02  0.727000000000E+00
   11053 -0.769757000000E+02  0.346827800000E+02  0.130600000000E+01
   11083 -0.769931800000E+02  0.346828300000E+02  0.109800000000E+01
   11084 -0.770083600000E+02  0.346831300000E+02  0.559000000000E+00
   11104 -0.769593000000E+02  0.346833000000E+02  0.105400000000E+01
   11121 -0.769809000000E+02  0.346830600000E+02  0.123600000000E+01
   11124 -0.770122000000E+02  0.346832900000E+02  0.555000000000E+00
   11128 -0.769691900000E+02  0.346833200000E+02  0.144000000000E+01
   11133 -0.770152100000E+02  0.346834800000E+02  0.555000000000E+00
   11153 -0.770010500000E+02  0.346835600000E+02  0.956000000000E+00
   11160 -0.769562500000E+02  0.346836900000E+02  0.113400000000E+01
   11181 -0.769859600000E+02  0.346836100000E+02  0.789000000000E+00
   11216 -0.770058500000E+02  0.346839300000E+02  0.685000000000E+00
   11221 -0.769955700000E+02  0.346836400000E+02  0.773000000000E+00
   11224 -0.769907200000E+02  0.346838700000E+02  0.610000000000E+00
   11228 -0.769735000000E+02  0.346838200000E+02  0.131300000000E+01
   11239 -0.769667800000E+02  0.346840600000E+02  0.112300000000E+01
   11248 -0.770100900000E+02  0.346841100000E+02  0.557000000000E+00
   11249 -0.770139200000E+02  0.346841200000E+02  0.555000000000E+00
   11256 -0.769782000000E+02  0.346839900000E+02  0.106400000000E+01
   11324 -0.769832700000E+02  0.346844700000E+02  0.855000000000E+00
   11355 -0.769980300000E+02  0.346847000000E+02  0.564000000000E+00
   11357 -0.769641100000E+02  0.346848300000E+02  0.852000000000E+00
   11363 -0.769712400000E+02  0.346847100000E+02  0.130000000000E+01
   11371 -0.770031400000E+02  0.346848700000E+02  0.102100000000E+01
   11386 -0.769881400000E+02  0.346848300000E+02  0.570000000000E+00
   11400 -0.770077100000E+02  0.346850100000E+02  0.663000000000E+00
   11405 -0.769929000000E+02  0.346849100000E+02  0.661000000000E+00
   11406 -0.770120400000E+02  0.346848500000E+02  0.555000000000E+00
   11433 -0.769757500000E+02  0.346850400000E+02  0.111100000000E+01
   11450 -0.769611600000E+02  0.346854200000E+02  0.954000000000E+00
   11480 -0.769806100000E+02  0.346853600000E+02  0.833000000000E+00
   11504 -0.769688800000E+02  0.346855800000E+02  0.114200000000E+01
   11511 -0.769580600000E+02  0.346858100000E+02  0.108200000000E+01
   11534 -0.769855000000E+02  0.346857600000E+02  0.574000000000E+00
   11554 -0.770051400000E+02  0.346859900000E+02  0.622000000000E+00
   11558 -0.770003200000E+02  0.346859800000E+02  0.896000000000E+00
   11560 -0.770096400000E+02  0.346859600000E+02  0.555000000000E+00
   11565 -0.769951800000E+02  0.346859600000E+02  0.651000000000E+00
   11566 -0.769902800000E+02  0.346859900000E+02  0.556000000000E+00
   11579 -0.769734000000E+02  0.346860100000E+02  0.111600000000E+01
   11625 -0.769780500000E+02  0.346863100000E+02  0.905000000000E+00
   11640 -0.769663300000E+02  0.346865300000E+02  0.747000000000E+00
   11660 -0.769828800000E+02  0.346866800000E+02  0.700000000000E+00
   11694 -0.770071600000E+02  0.346869600000E+02  0.121100000000E+01
   11701 -0.769876600000E+02  0.346869900000E+02  0.555000000000E+00
   11702 -0.769710400000E+02  0.346869400000E+02  0.110800000000E+01
   11710 -0.770024800000E+02  0.346871000000E+02  0.902000000000E+00
   11714 -0.769924400000E+02  0.346871100000E+02  0.557000000000E+00
   11718 -0.769974500000E+02  0.346871400000E+02  0.559000000000E+00
   11755 -0.769756000000E+02  0.346872800000E+02  0.102300000000E+01
   11790 -0.769803000000E+02  0.346876100000E+02  0.702000000000E+00
   11791 -0.769633300000E+02  0.346877700000E+02  0.597000000000E+00
   11816 -0.769599000000E+02  0.346879700000E+02  0.645000000000E+00
   11835 -0.769850500000E+02  0.346879500000E+02  0.575000000000E+00
   11840 -0.769686400000E+02  0.346879100000E+02  0.785000000000E+00
   11851 -0.770044900000E+02  0.346880900000E+02  0.597000000000E+00
   11860 -0.769568000000E+02  0.346882800000E+02  0.808000000000E+00
   11867 -0.769897700000E+02  0.346881700000E+02  0.555000000000E+00
   11876 -0.769946100000E+02  0.346882500000E+02  0.556000000000E+00
   11883 -0.769732100000E+02  0.346882300000E+02  0.954000000000E+00
   11908 -0.769997600000E+02  0.346885000000E+02  0.659000000000E+00
   11924 -0.769778000000E+02  0.346885600000E+02  0.808000000000E+00
   11962 -0.769824800000E+02  0.346888900000E+02  0.572000000000E+00
   11994 -0.769662200000E+02  0.346890100000E+02  0.556000000000E+00
   11996 -0.769871400000E+02  0.346891700000E+02  0.556000000000E+00
   12007 -0.769708300000E+02  0.346891900000E+02  0.797000000000E+00
   12012 -0.770020200000E+02  0.346891800000E+02  0.610000000000E+00
   12016 -0.769918600000E+02  0.346893400000E+02  0.555000000000E+00
   12028 -0.769967800000E+02  0.346894300000E+02  0.555000000000E+00
   12040 -0.769753600000E+02  0.346895100000E+02  0.922000000000E+00
   12076 -0.769799500000E+02  0.346898300000E+02  0.592000000000E+00
   12096 -0.769614600000E+02  0.346901800000E+02  0.556000000000E+00
   12111 -0.769845700000E+02  0.346901400000E+02  0.556000000000E+00
   12124 -0.769585500000E+02  0.346903600000E+02  0.558000000000E+00
   12131 -0.769685000000E+02  0.346901700000E+02  0.613000000000E+00
   12134 -0.769641300000E+02  0.346904200000E+02  0.555000000000E+00
   12136 -0.769892000000E+02  0.346903800000E+02  0.555000000000E+00
   12150 -0.769989000000E+02  0.346904600000E+02  0.555000000000E+00
   12158 -0.769939300000E+02  0.346905200000E+02  0.555000000000E+00
   12160 -0.769729600000E+02  0.346904400000E+02  0.823000000000E+00
   12195 -0.769774900000E+02  0.346907700000E+02  0.763000000000E+00
   12228 -0.769820400000E+02  0.346910900000E+02  0.556000000000E+00
   12253 -0.769663500000E+02  0.346912200000E+02  0.555000000000E+00
   12257 -0.769865900000E+02  0.346913800000E+02  0.555000000000E+00
   12266 -0.769706000000E+02  0.346913900000E+02  0.700000000000E+00
   12278 -0.769912000000E+02  0.346915800000E+02  0.555000000000E+00
   12292 -0.769960000000E+02  0.346916800000E+02  0.555000000000E+00
   12308 -0.769750600000E+02  0.346917000000E+02  0.796000000000E+00
   12338 -0.769626900000E+02  0.346921800000E+02  0.555000000000E+00
   12342 -0.769795700000E+02  0.346920300000E+02  0.606000000000E+00
   12352 -0.769646800000E+02  0.346921600000E+02  0.555000000000E+00
   12364 -0.769601400000E+02  0.346923500000E+02  0.555000000000E+00
   12376 -0.769840600000E+02  0.346923400000E+02  0.555000000000E+00
   12381 -0.769683200000E+02  0.346923300000E+02  0.555000000000E+00
   12411 -0.769885600000E+02  0.346926100000E+02  0.555000000000E+00
   12426 -0.769726600000E+02  0.346926300000E+02  0.698000000000E+00
   12434 -0.769931500000E+02  0.346928200000E+02  0.555000000000E+00
   12462 -0.769771300000E+02  0.346929600000E+02  0.770000000000E+00
   12477 -0.769661900000E+02  0.346931800000E+02  0.555000000000E+00
   12506 -0.769816000000E+02  0.346932900000E+02  0.556000000000E+00
   12538 -0.769859900000E+02  0.346936000000E+02  0.555000000000E+00
   12540 -0.769703100000E+02  0.346935500000E+02  0.579000000000E+00
   12555 -0.769640400000E+02  0.346937800000E+02  0.555000000000E+00
   12562 -0.769904800000E+02  0.346938200000E+02  0.555000000000E+00
   12575 -0.769747200000E+02  0.346938800000E+02  0.672000000000E+00
   12608 -0.769791700000E+02  0.346942200000E+02  0.629000000000E+00
   12626 -0.769679900000E+02  0.346944200000E+02  0.555000000000E+00
   12636 -0.769835600000E+02  0.346945400000E+02  0.555000000000E+00
   12669 -0.769723100000E+02  0.346947900000E+02  0.574000000000E+00
   12671 -0.769879100000E+02  0.346948700000E+02  0.555000000000E+00
   12704 -0.769656800000E+02  0.346951900000E+02  0.555000000000E+00
   12708 -0.769767600000E+02  0.346951400000E+02  0.646000000000E+00
   12739 -0.769811800000E+02  0.346954700000E+02  0.556000000000E+00
   12756 -0.769699200000E+02  0.346956900000E+02  0.555000000000E+00
   12767 -0.769852800000E+02  0.346958800000E+02  0.555000000000E+00
   12796 -0.769743400000E+02  0.346960400000E+02  0.556000000000E+00
   12825 -0.769787700000E+02  0.346964100000E+02  0.618000000000E+00
   12839 -0.769675100000E+02  0.346965900000E+02  0.555000000000E+00
   12859 -0.769832500000E+02  0.346966700000E+02  0.555000000000E+00
   12873 -0.769719100000E+02  0.346969300000E+02  0.555000000000E+00
   12906 -0.769764000000E+02  0.346973200000E+02  0.555000000000E+00
   12940 -0.769807200000E+02  0.346976600000E+02  0.555000000000E+00
   12953 -0.769694600000E+02  0.346978800000E+02  0.555000000000E+00
   12977 -0.769739600000E+02  0.346981600000E+02  0.555000000000E+00
   13022 -0.769783800000E+02  0.346986600000E+02  0.555000000000E+00
   13052 -0.769714500000E+02  0.346990200000E+02  0.555000000000E+00
   13102 -0.769762000000E+02  0.346994800000E+02  0.555000000000E+00
   13150 -0.769734600000E+02  0.347001700000E+02  0.555000000000E+00
       1 3     9013     9086     9087
       2 3     9013     9087     9014
       3 3     9086     9205     9206
       4 3     9212     9213     9214
       5 3     9086     9206     9087
       6 3     9014     9087     9273
       7 3     9014     9273     9184
       8 3     9213     9303     9304
       9 3     9087     9206     9381
      10 3     9205     9384     9385
      11 3     9184     9273     9387
      12 3     9303     9391     9392
      13 3     9184     9387     9316
      14 3     9087     9381     9273
      15 3     9205     9385     9206
      16 3     9316     9387     9466
      17 3     9471     9472     9391
      18 3     9273     9512     9387
      19 3     9519     9520     9471
      20 3     9206     9385     9555
      21 3     9273     9381     9512
      22 3     9384     9560     9385
      23 3     9565     9566     9519
      24 3     9213     9304     9214
      25 3     9387     9571     9466
      26 3     9214     9304     9576
      27 3     9579     9580     9565
      28 3     9206     9555     9381
      29 3     9579     9615     9616
      30 3     9303     9392     9304
      31 3     9387     9512     9571
      32 3     9466     9571     9572
      33 3     9391     9472     9392
      34 3     9682     9683     9384
      35 3     9381     9709     9512
      36 3     9572     9571     9711
      37 3     9385     9560     9718
      38 3     9384     9683     9560
      39 3     9381     9555     9709
      40 3     9304     9392     9729
      41 3     9471     9520     9472
      42 3     9755     9756     9682
      43 3     9385     9718     9555
      44 3     9615     9771     9772
      45 3     9519     9566     9520
      46 3     9571     9788     9711
      47 3     9571     9512     9788
      48 3     9565     9580     9566
      49 3     9392     9472     9819
      50 3     9555     9718     9868
      51 3     9873     9874     9755
      52 3     9560     9683     9885
      53 3     9579     9616     9580
      54 3     9520     9895     9472
      55 3     9555     9868     9709
      56 3     9682     9756     9683
      57 3     9512     9709     9788
      58 3     9615     9772     9616
      59 3     9560     9885     9718
      60 3     9566     9947     9520
      61 3     9304     9729     9576
      62 3     9576     9969     9873
      63 3     9580     9982     9566
      64 3     9392     9819     9729
      65 3     9718     9885    10004
      66 3     9771    10010    10011
      67 3     9709     9868    10013
      68 3     9755     9874     9756
      69 3     9683    10028     9885
      70 3     9616    10029     9580
      71 3     9709    10013     9788
      72 3     9729    10046     9576
      73 3     9756    10058     9683
      74 3     9718    10004     9868
      75 3     9472     9895     9819
      76 3     9616     9772    10097
      77 3     9683    10058    10028
      78 3     9729     9819    10118
      79 3     9520     9947     9895
      80 3     9771    10011     9772
      81 3     9885    10028    10140
      82 3     9868    10004    10142
      83 3     9873     9969     9874
      84 3     9756     9874    10180
      85 3     9566     9982     9947
      86 3     9819     9895    10196
      87 3     9885    10140    10004
      88 3     9576    10046     9969
      89 3     9868    10142    10013
      90 3    10010    10230    10231
      91 3     9772    10011    10240
      92 3     9580    10029     9982
      93 3    10262    10263    10264
      94 3    10028    10058    10276
      95 3    10263    10285    10286
      96 3     9947    10288     9895
      97 3     9616    10097    10029
      98 3     9756    10180    10058
      99 3    10004    10140    10292
     100 3    10010    10231    10011
     101 3     9729    10118    10046
     102 3    10322    10262    10323
     103 3    10230    10327    10328
     104 3    10327    10322    10353
     105 3    10285    10367    10368
     106 3    10004    10292    10142
     107 3     9982    10385     9947
     108 3     9819    10196    10118
     109 3    10263    10286    10264
     110 3    10028    10276    10140
     111 3     9772    10240    10097
     112 3    10262    10264    10323
     113 3    10029    10419     9982
     114 3    10058    10180    10423
     115 3    10285    10368    10286
     116 3    10097    10427    10029
     117 3     9969    10428     9874
     118 3    10011    10231    10429
     119 3    10118    10430    10046
     120 3    10367    10437    10438
     121 3    10140    10276    10446
     122 3    10230    10328    10231
     123 3    10046    10451     9969
     124 3     9895    10288    10196
     125 3    10118    10196    10505
     126 3    10367    10438    10368
     127 3    10097    10240    10514
     128 3    10437    10517    10518
     129 3    10140    10446    10292
     130 3    10058    10423    10276
     131 3    10322    10323    10353
     132 3    10264    10286    10537
     133 3    10011    10429    10240
     134 3     9874    10428    10180
     135 3    10327    10353    10328
     136 3     9947    10385    10288
     137 3    10517    10579    10580
     138 3    10231    10328    10583
     139 3    10437    10518    10438
     140 3    10196    10288    10602
     141 3    10276    10423    10617
     142 3    10046    10430    10451
     143 3    10323    10264    10620
     144 3    10180    10428    10625
     145 3    10029    10427    10419
     146 3     9982    10419    10385
     147 3    10286    10368    10641
     148 3    10097    10514    10427
     149 3    10118    10505    10430
     150 3    10649    10650    10579
     151 3    10180    10625    10423
     152 3    10240    10429    10658
     153 3    10286    10641    10537
     154 3    10517    10580    10518
     155 3     9969    10451    10428
     156 3    10231    10583    10429
     157 3    10264    10537    10620
     158 3    10328    10353    10682
     159 3    10430    10700    10451
     160 3    10451    10710    10428
     161 3    10427    10514    10715
     162 3    10288    10385    10716
     163 3    10649    10718    10719
     164 3    10276    10617    10446
     165 3    10368    10438    10745
     166 3    10430    10505    10751
     167 3    10196    10602    10505
     168 3    10428    10754    10625
     169 3    10353    10323    10759
     170 3    10240    10658    10514
     171 3    10579    10650    10580
     172 3    10423    10625    10778
     173 3    10368    10745    10641
     174 3    10427    10783    10419
     175 3    10429    10583    10814
     176 3    10328    10682    10583
     177 3    10451    10700    10819
     178 3    10430    10751    10700
     179 3    10428    10710    10841
     180 3    10438    10518    10844
     181 3    10451    10819    10710
     182 3    10505    10602    10865
     183 3    10428    10841    10754
     184 3    10537    10869    10620
     185 3    10419    10875    10385
     186 3    10649    10719    10650
     187 3    10514    10658    10881
     188 3    10423    10778    10617
     189 3    10427    10715    10783
     190 3    10288    10716    10602
     191 3    10625    10754    10900
     192 3    10537    10641    10869
     193 3    10438    10844    10745
     194 3    10323    10620    10759
     195 3    10429    10814    10658
     196 3    10625    10900    10778
     197 3    10514    10881    10715
     198 3    10518    10580    10940
     199 3    10718    10787    10719
     200 3    10353    10759    10682
     201 3    10700    10751    10964
     202 3    10583    10682    10970
     203 3    10505    10865    10751
     204 3    10710    10819    10998
     205 3    10602    10716    11002
     206 3    10641    10745    11016
     207 3    10518    10940    10844
     208 3    10580    10650    11029
     209 3    10641    11016    10869
     210 3    10754    10841    11035
     211 3    10419    10783    10875
     212 3    10658    10814    11040
     213 3    10754    11035    10900
     214 3    10710    10998    10841
     215 3    10583    10970    10814
     216 3    10700    10964    10819
     217 3    10620    11053    10759
     218 3    10385    10875    10716
     219 3    10715    10881    11083
     220 3    10751    10865    11084
     221 3    10620    10869    11053
     222 3    10650    10719    11104
     223 3    10658    11040    10881
     224 3    10715    11083    10783
     225 3    10682    10759    11121
     226 3    10602    11002    10865
     227 3    10819    10964    11124
     228 3    10580    11029    10940
     229 3    10745    10844    11128
     230 3    10841    10998    11133
     231 3    10819    11124    10998
     232 3    10716    10875    11153
     233 3    10745    11128    11016
     234 3    10719    10787    11160
     235 3    10682    11121    10970
     236 3    10751    11084    10964
     237 3    10814    10970    11181
     238 3    10841    11133    11035
     239 3    10865    11002    11216
     240 3    10650    11104    11029
     241 3    10783    11083    11221
     242 3    10881    11040    11224
     243 3    10869    11016    11228
     244 3    10869    11228    11053
     245 3    10844    10940    11239
     246 3    10964    11084    11248
     247 3    10998    11249    11133
     248 3    10814    11181    11040
     249 3    10783    11221    10875
     250 3    10759    11053    11256
     251 3    10716    11153    11002
     252 3    10759    11256    11121
     253 3    10998    11124    11249
     254 3    10881    11224    11083
     255 3    10844    11239    11128
     256 3    10719    11160    11104
     257 3    10865    11216    11084
     258 3    10964    11248    11124
     259 3    10970    11121    11324
     260 3    10875    11221    11355
     261 3    10940    11029    11357
     262 3    11016    11128    11363
     263 3    11002    11153    11371
     264 3    11040    11181    11386
     265 3    11016    11363    11228
     266 3    10970    11324    11181
     267 3    11084    11216    11400
     268 3    11083    11224    11405
     269 3    11124    11248    11406
     270 3    11124    11406    11249
     271 3    10875    11355    11153
     272 3    11053    11228    11433
     273 3    10940    11357    11239
     274 3    11053    11433    11256
     275 3    11040    11386    11224
     276 3    11029    11104    11450
     277 3    11083    11405    11221
     278 3    11002    11371    11216
     279 3    11121    11256    11480
     280 3    11084    11400    11248
     281 3    11128    11239    11504
     282 3    11104    11160    11511
     283 3    11121    11480    11324
     284 3    11181    11324    11534
     285 3    11128    11504    11363
     286 3    11216    11371    11554
     287 3    11153    11355    11558
     288 3    11029    11450    11357
     289 3    11248    11400    11560
     290 3    11221    11405    11565
     291 3    11224    11386    11566
     292 3    11228    11363    11579
     293 3    11181    11534    11386
     294 3    11228    11579    11433
     295 3    11256    11433    11625
     296 3    11221    11565    11355
     297 3    11224    11566    11405
     298 3    11248    11560    11406
     299 3    11153    11558    11371
     300 3    11216    11554    11400
     301 3    11104    11511    11450
     302 3    11239    11357    11640
     303 3    11256    11625    11480
     304 3    11324    11480    11660
     305 3    11239    11640    11504
     306 3    11400    11554    11694
     307 3    11386    11534    11701
     308 3    11363    11504    11702
     309 3    11324    11660    11534
     310 3    11371    11558    11710
     311 3    11405    11566    11714
     312 3    11355    11565    11718
     313 3    11363    11702    11579
     314 3    11433    11579    11755
     315 3    11386    11701    11566
     316 3    11400    11694    11560
     317 3    11433    11755    11625
     318 3    11371    11710    11554
     319 3    11405    11714    11565
     320 3    11355    11718    11558
     321 3    11480    11625    11790
     322 3    11357    11450    11791
     323 3    11450    11511    11816
     324 3    11480    11790    11660
     325 3    11534    11660    11835
     326 3    11504    11640    11840
     327 3    11554    11710    11851
     328 3    11504    11840    11702
     329 3    11357    11791    11640
     330 3    11566    11701    11867
     331 3    11565    11714    11876
     332 3    11579    11702    11883
     333 3    11534    11835    11701
     334 3    11579    11883    11755
     335 3    11558    11718    11908
     336 3    11625    11755    11924
     337 3    11566    11867    11714
     338 3    11554    11851    11694
     339 3    11565    11876    11718
     340 3    11625    11924    11790
     341 3    11558    11908    11710
     342 3    11450    11816    11791
     343 3    11660    11790    11962
     344 3    11511    11860    11816
     345 3    11640    11994    11840
     346 3    11701    11835    11996
     347 3    11702    11840    12007
     348 3    11660    11962    11835
     349 3    11710    11908    12012
     350 3    11640    11791    11994
     351 3    11714    11867    12016
     352 3    11718    11876    12028
     353 3    11702    12007    11883
     354 3    11755    11883    12040
     355 3    11710    12012    11851
     356 3    11701    11996    11867
     357 3    11755    12040    11924
     358 3    11714    12016    11876
     359 3    11790    11924    12076
     360 3    11816    12096    11791
     361 3    11718    12028    11908
     362 3    11835    11962    12111
     363 3    11790    12076    11962
     364 3    11816    11860    12124
     365 3    11840    11994    12131
     366 3    11791    12134    11994
     367 3    11867    11996    12136
     368 3    11840    12131    12007
     369 3    11908    12028    12150
     370 3    11876    12016    12158
     371 3    11883    12007    12160
     372 3    11835    12111    11996
     373 3    11883    12160    12040
     374 3    11924    12040    12195
     375 3    11867    12136    12016
     376 3    11791    12096    12134
     377 3    11816    12124    12096
     378 3    11924    12195    12076
     379 3    11876    12158    12028
     380 3    11962    12076    12228
     381 3    11994    12253    12131
     382 3    11996    12111    12257
     383 3    11994    12134    12253
     384 3    12007    12131    12266
     385 3    11962    12228    12111
     386 3    12016    12136    12278
     387 3    12007    12266    12160
     388 3    12028    12158    12292
     389 3    12040    12160    12308
     390 3    11996    12257    12136
     391 3    12040    12308    12195
     392 3    12096    12338    12134
     393 3    12076    12195    12342
     394 3    12016    12278    12158
     395 3    12134    12352    12253
     396 3    12096    12124    12364
     397 3    12111    12228    12376
     398 3    12028    12292    12150
     399 3    12076    12342    12228
     400 3    12131    12253    12381
     401 3    12131    12381    12266
     402 3    12136    12257    12411
     403 3    12134    12338    12352
     404 3    12160    12266    12426
     405 3    12111    12376    12257
     406 3    12158    12278    12434
     407 3    12160    12426    12308
     408 3    12096    12364    12338
     409 3    12195    12308    12462
     410 3    12136    12411    12278
     411 3    12253    12352    12477
     412 3    12195    12462    12342
     413 3    12228    12342    12506
     414 3    12253    12477    12381
     415 3    12158    12434    12292
     416 3    12257    12376    12538
     417 3    12266    12381    12540
     418 3    12228    12506    12376
     419 3    12352    12338    12555
     420 3    12278    12411    12562
     421 3    12266    12540    12426
     422 3    12308    12426    12575
     423 3    12257    12538    12411
     424 3    12308    12575    12462
     425 3    12342    12462    12608
     426 3    12352    12555    12477
     427 3    12278    12562    12434
     428 3    12381    12477    12626
     429 3    12376    12506    12636
     430 3    12342    12608    12506
     431 3    12381    12626    12540
     432 3    12426    12540    12669
     433 3    12411    12538    12671
     434 3    12376    12636    12538
     435 3    12426    12669    12575
     436 3    12477    12555    12704
     437 3    12462    12575    12708
     438 3    12411    12671    12562
     439 3    12462    12708    12608
     440 3    12506    12608    12739
     441 3    12477    12704    12626
     442 3    12540    12626    12756
     443 3    12506    12739    12636
     444 3    12538    12636    12767
     445 3    12540    12756    12669
     446 3    12575    12669    12796
     447 3    12538    12767    12671
     448 3    12575    12796    12708
     449 3    12608    12708    12825
     450 3    12626    12704    12839
     451 3    12608    12825    12739
     452 3    12636    12739    12859
     453 3    12636    12859    12767
     454 3    12626    12839    12756
     455 3    12669    12756    12873
     456 3    12669    12873    12796
     457 3    12708    12796    12906
     458 3    12708    12906    12825
     459 3    12739    12825    12940
     460 3    12756    12839    12953
     461 3    12739    12940    12859
     462 3    12796    12873    12977
     463 3    12756    12953    12873
     464 3    12796    12977    12906
     465 3    12825    12906    13022
     466 3    12825    13022    12940
     467 3    12873    12953    13052
     468 3    12873    13052    12977
     469 3    12906    12977    13102
     470 3    12906    13102    13022
     471 3    12977    13052    13150
     472 3    12977    13150    13102
 0                                                                              
 0                                                                              
 2                                                                              
 63                                                                             
      32       1                                                                
    9013
    9086
    9205
    9384
    9682
    9755
    9873
    9576
    9214
    9212
    9213
    9303
    9391
    9471
    9519
    9565
    9579
    9615
    9771
   10010
   10230
   10327
   10322
   10262
   10263
   10285
   10367
   10437
   10517
   10579
   10649
   10718
      29       1                                                                
   13150
   13102
   13022
   12940
   12859
   12767
   12671
   12562
   12434
   12292
   12150
   11908
   12012
   11851
   11694
   11560
   11406
   11249
   11133
   11035
   10900
   10778
   10617
   10446
   10292
   10142
   10013
    9788
    9711
