FileFmt      1050624           0           0
NELG           58641         560         473
      -34660
      -34681
      -34690
      -34691
      -34724
      -34725
       34727
       34730
       34753
      -34754
      -34758
       34761
       34768
       34772
       34773
       34785
      -34787
      -34797
       34801
       34807
       34809
       34810
       34813
       34820
       34826
      -34831
      -34836
       34838
       34841
       34844
       34846
       34848
       34850
       34851
       34858
      -34866
       34869
       34871
       34874
       34880
       34883
       34889
       34891
       34892
       34893
       34895
       34896
       34906
       34911
       34915
       34916
       34921
       34923
       34925
       34928
       34930
       34931
       34934
       34939
       34940
       34944
       34958
       34959
       34964
       34967
       34968
       34971
       34972
       34976
       34981
       34986
       34989
       34990
       34992
       34995
       34998
       35001
       35013
       35016
       35021
       35024
       35028
       35030
       35031
       35038
       35041
       35044
       35046
       35048
       35053
       35057
       35063
       35064
       35069
       35072
       35073
       35086
       35087
       35088
       35089
       35090
       35094
       35097
       35099
       35104
       35106
       35122
       35126
       35128
       35129
       35130
       35131
       35132
       35137
       35140
       35141
       35142
       35146
       35147
       35151
       35157
       35164
       35166
       35168
       35169
       35170
       35174
       35177
       35180
       35181
       35184
       35188
       35193
       35194
       35200
       35201
       35202
       35205
       35207
       35208
       35210
       35213
       35220
       35221
       35222
       35232
       35233
       35234
       35236
       35239
       35240
       35241
       35245
       35246
       35248
       35252
       35253
       35255
       35259
       35261
       35262
       35266
       35268
       35269
       35270
       35275
       35276
       35280
       35285
       35286
       35288
       35291
       35292
       35294
       35299
       35302
       35305
       35307
       35310
       35317
       35318
       35320
       35321
       35324
       35325
       35326
       35329
       35330
       35334
       35340
       35341
       35342
       35345
       35347
       35349
       35352
       35353
       35356
       35357
       35358
       35360
       35368
       35372
       35373
       35376
       35377
       35378
       35379
       35384
       35386
       35391
       35392
       35393
       35394
       35399
       35401
       35402
       35405
       35409
       35410
       35411
       35413
       35419
       35424
       35426
       35428
       35429
       35437
       35438
       35443
       35444
       35445
       35449
       35451
       35453
       35454
       35455
       35456
       35460
       35461
       35463
       35467
       35468
       35472
       35473
       35474
       35476
       35478
       35482
       35485
       35486
       35487
       35488
       35489
       35490
       35491
       35501
       35506
       35507
       35508
       35511
       35512
       35513
       35515
       35516
       35517
       35519
       35521
       35522
       35525
       35527
       35528
       35531
       35539
       35545
       35546
       35549
       35550
       35551
       35552
       35554
       35558
       35559
       35561
       35564
       35568
       35573
       35574
       35575
       35576
       35577
       35579
       35580
       35581
       35588
       35589
       35592
       35594
       35597
       35598
       35600
       35601
       35605
       35607
       35608
       35610
       35615
       35616
       35618
       35619
       35622
       35627
       35630
       35631
       35633
       35634
       35635
       35641
       35642
       35645
       35649
       35651
       35652
       35653
       35654
       35657
       35658
       35660
       35663
       35667
       35669
       35671
       35676
       35681
       35687
       35690
       35694
       35697
       35702
       35708
       35709
       35714
       35720
       35721
       35723
       35724
       35727
       35735
       35740
       35743
       35747
       35749
       35755
       35759
       35765
       35767
       35769
       35770
       35778
       35780
       35786
       35790
       35795
       35799
       35803
       35806
       35813
       35817
       35818
       35826
       35832
       35836
       35838
       35839
       35842
       35847
       35850
       35851
       35853
       35854
       35868
       35874
       35875
       35887
       35892
       35893
       35894
       35898
       35903
       35905
       35909
       35910
       35915
       35920
       35922
       35924
       35928
       35933
       35938
       35940
       35942
       35945
       35949
       35953
       35955
       35956
       35957
       35965
       35967
       35972
       35976
       35980
       35983
       35986
       35988
       35990
       35993
       35995
       35997
       36000
       36001
       36014
       36017
       36018
       36019
       36025
       36028
       36032
       36038
       36043
       36052
       36053
       36055
       36056
       36059
       36067
       36069
       36079
       36081
       36085
       36087
      -36091
       36098
       36099
       36104
       36110
       36116
       36125
      -36133
       36138
       36144
       36146
       36155
       36156
       36160
       36162
       36177
       36184
       36192
      -36194
      -36217
       36226
       36229
      -36240
       36246
      -36253
      -36307
      -36315
      -36326
      -36358
       58620
       58621
       58622
NNODG          32218         319         283
      -18874
      -18898
       18912
      -18920
       18924
       18929
      -18933
       18950
       18952
      -18956
       18963
       18964
       18973
       18975
      -18977
       18982
       18984
       18992
       18995
       18996
      -19002
       19007
       19011
       19013
       19016
       19017
       19019
       19027
       19029
       19031
       19036
       19041
       19042
       19043
       19047
       19053
       19054
       19057
       19059
       19060
       19062
       19067
       19076
       19080
       19082
       19084
       19085
       19088
       19093
       19098
       19108
       19110
       19112
       19114
       19116
       19118
       19125
       19127
       19133
       19140
       19142
       19143
       19152
       19153
       19154
       19157
       19159
       19168
       19171
       19172
       19173
       19174
       19175
       19176
       19182
       19183
       19184
       19188
       19191
       19196
       19198
       19199
       19200
       19205
       19207
       19208
       19210
       19218
       19219
       19220
       19221
       19222
       19223
       19224
       19225
       19227
       19231
       19237
       19238
       19239
       19240
       19241
       19242
       19244
       19245
       19252
       19255
       19259
       19263
       19266
       19267
       19268
       19272
       19274
       19277
       19281
       19282
       19283
       19285
       19286
       19287
       19289
       19292
       19296
       19297
       19301
       19303
       19305
       19311
       19313
       19316
       19317
       19321
       19322
       19325
       19326
       19329
       19334
       19335
       19339
       19343
       19345
       19350
       19354
       19355
       19357
       19359
       19360
       19361
       19362
       19364
       19365
       19366
       19370
       19371
       19373
       19377
       19378
       19379
       19385
       19387
       19388
       19390
       19391
       19392
       19393
       19394
       19395
       19396
       19397
       19406
       19408
       19409
       19410
       19411
       19413
       19414
       19416
       19418
       19425
       19426
       19428
       19432
       19434
       19436
       19438
       19439
       19442
       19443
       19445
       19447
       19451
       19454
       19455
       19456
       19460
       19462
       19466
       19467
       19469
       19474
       19479
       19487
       19489
       19493
       19496
       19499
       19502
       19503
       19508
       19515
       19518
       19523
       19526
       19529
       19532
       19538
       19540
       19541
       19548
       19550
       19553
       19554
       19561
       19569
       19572
       19573
       19576
       19578
       19586
       19591
       19597
       19600
       19601
       19605
       19607
       19608
       19612
       19614
       19623
       19629
       19630
       19633
       19635
       19636
       19637
       19638
       19647
       19654
       19656
      -19658
      -19659
       19661
       19663
       19665
       19678
       19681
       19683
       19686
       19689
       19693
       19697
       19699
       19700
      -19713
       19716
      -19717
      -19718
       19723
       19732
       19736
       19744
       19748
       19754
       19755
      -19758
      -19780
      -19794
       19799
      -19809
      -19812
      -19817
      -19884
NFLUXF             0
NETA             128          29           0
NSTAE              0           0           0
NSTAV              0           0           0
NSTAM              0           0           0
NSTAC              0           0           0
RES NODE         125         264
                   3           5           6           8           9          11
                  12          13          14          16          17          18
                  19          20          22          23          24          25
                  26          27          28          29          30          31
                  32          33          34          35          36          37
                  38          39          40          41          42          43
                  44          45          46          47          48          49
                  50          51          52          53          54          55
                  56          57          58          59          60          61
                  62          63          64          65          66          67
                  68          69          70          71          72          73
                  74          75          76          77          78          79
                  80          81          82          83          84          85
                  86          87          88          89          90          91
                  92          93          94          95          96          97
                  98          99         100         101         102         103
                 104         105         106         107         108         109
                 110         111         112         113         114         115
                 116         117         118         119         120         121
                 122         123         124         125         126         127
                 128         129         130         131         132         133
                 134         135         136         137         138         139
                 140         141         142         143         144         145
                 146         147         148         149         150         151
                 152         153         154         155         156         157
                 158         159         160         161         162         163
                 164         165         166         167         168         169
                 170         171         172         173         174         175
                 176         177         178         179         180         181
                 182         183         184         185         186         187
                 188         189         190         191         192         193
                 194         195         196         197         198         199
                 200         201         202         203         204         205
                 206         207         208         209         210         211
                 212         213         214         215         216         217
                 218         219         220         221         222         223
                 224         225         226         227         228         229
                 230         231         232         233         234         235
                 236         237         238         239         240         241
                 242         243         244         245         246         247
                 248         249         250         253         254         255
                 256         257         258         259         260         261
                 262         263         264         266         269         270
                 271         272         273         274         275         279
COMM PE            3
RECV PE          123           7
                 267         268         277         278         280         282
                 283
RECV PE          124           7
                   1           2           4           7          10          15
                  21
RECV PE          127           5
                 251         252         265         276         281
SEND PE          123           8
                 263         264         270         271         272         273
                 275         279
SEND PE          124           8
                   3           5           6           8          12          17
                  22          28
SEND PE          127           4
                 246         247         262         273
