Nodal attrs for bi_1997_v2.grd - 10/24/2013                                     
         286
           1
primitive_weighting_in_continuity_equation                                      
1                                                                               
           1
  0.300000000E-01
primitive_weighting_in_continuity_equation                                      
         285
       546    0.50000000E-02
       578    0.50000000E-02
       594    0.50000000E-02
       603    0.50000000E-02
       628    0.50000000E-02
       634    0.50000000E-02
       648    0.50000000E-02
       653    0.50000000E-02
       666    0.50000000E-02
       673    0.50000000E-02
       683    0.50000000E-02
       701    0.50000000E-02
       709    0.50000000E-02
       711    0.50000000E-02
       729    0.50000000E-02
       731    0.50000000E-02
       740    0.50000000E-02
       756    0.50000000E-02
       759    0.50000000E-02
       771    0.50000000E-02
       775    0.50000000E-02
       779    0.50000000E-02
       783    0.50000000E-02
       792    0.50000000E-02
       801    0.50000000E-02
       804    0.50000000E-02
       807    0.50000000E-02
       810    0.50000000E-02
       827    0.50000000E-02
       830    0.50000000E-02
       833    0.50000000E-02
       841    0.50000000E-02
       848    0.50000000E-02
       849    0.50000000E-02
       854    0.50000000E-02
       855    0.50000000E-02
       868    0.50000000E-02
       872    0.50000000E-02
       875    0.50000000E-02
       885    0.50000000E-02
       889    0.50000000E-02
       903    0.50000000E-02
       906    0.50000000E-02
       907    0.50000000E-02
       916    0.50000000E-02
       926    0.50000000E-02
       929    0.50000000E-02
       930    0.50000000E-02
       932    0.50000000E-02
       935    0.50000000E-02
       947    0.50000000E-02
       950    0.50000000E-02
       953    0.50000000E-02
       960    0.50000000E-02
       963    0.50000000E-02
       979    0.50000000E-02
       982    0.50000000E-02
       990    0.50000000E-02
       996    0.50000000E-02
       999    0.50000000E-02
      1001    0.50000000E-02
      1005    0.50000000E-02
      1008    0.50000000E-02
      1019    0.50000000E-02
      1020    0.50000000E-02
      1021    0.50000000E-02
      1023    0.50000000E-02
      1034    0.50000000E-02
      1035    0.50000000E-02
      1037    0.50000000E-02
      1047    0.50000000E-02
      1049    0.50000000E-02
      1059    0.50000000E-02
      1063    0.50000000E-02
      1068    0.50000000E-02
      1073    0.50000000E-02
      1075    0.50000000E-02
      1076    0.50000000E-02
      1077    0.50000000E-02
      1084    0.50000000E-02
      1085    0.50000000E-02
      1090    0.50000000E-02
      1096    0.50000000E-02
      1098    0.50000000E-02
      1102    0.50000000E-02
      1103    0.50000000E-02
      1107    0.50000000E-02
      1117    0.50000000E-02
      1119    0.20000000E-01
      1120    0.50000000E-02
      1124    0.50000000E-02
      1135    0.50000000E-02
      1139    0.50000000E-02
      1142    0.50000000E-02
      1143    0.50000000E-02
      1144    0.50000000E-02
      1150    0.50000000E-02
      1151    0.50000000E-02
      1153    0.50000000E-02
      1154    0.50000000E-02
      1155    0.20000000E-01
      1169    0.50000000E-02
      1170    0.50000000E-02
      1174    0.50000000E-02
      1175    0.50000000E-02
      1181    0.50000000E-02
      1184    0.50000000E-02
      1189    0.50000000E-02
      1191    0.50000000E-02
      1193    0.50000000E-02
      1201    0.50000000E-02
      1206    0.50000000E-02
      1208    0.50000000E-02
      1213    0.50000000E-02
      1214    0.50000000E-02
      1215    0.50000000E-02
      1216    0.50000000E-02
      1217    0.20000000E-01
      1221    0.50000000E-02
      1223    0.50000000E-02
      1231    0.50000000E-02
      1236    0.50000000E-02
      1241    0.50000000E-02
      1242    0.50000000E-02
      1244    0.50000000E-02
      1249    0.50000000E-02
      1253    0.20000000E-01
      1254    0.50000000E-02
      1255    0.50000000E-02
      1258    0.50000000E-02
      1259    0.50000000E-02
      1261    0.50000000E-02
      1265    0.50000000E-02
      1270    0.50000000E-02
      1272    0.50000000E-02
      1275    0.20000000E-01
      1280    0.50000000E-02
      1283    0.50000000E-02
      1284    0.50000000E-02
      1288    0.50000000E-02
      1299    0.50000000E-02
      1300    0.50000000E-02
      1301    0.50000000E-02
      1302    0.50000000E-02
      1303    0.50000000E-02
      1308    0.20000000E-01
      1312    0.50000000E-02
      1319    0.50000000E-02
      1321    0.50000000E-02
      1323    0.50000000E-02
      1329    0.50000000E-02
      1331    0.50000000E-02
      1334    0.20000000E-01
      1336    0.50000000E-02
      1343    0.50000000E-02
      1344    0.50000000E-02
      1349    0.50000000E-02
      1350    0.50000000E-02
      1361    0.50000000E-02
      1363    0.50000000E-02
      1364    0.50000000E-02
      1366    0.50000000E-02
      1368    0.20000000E-01
      1369    0.50000000E-02
      1373    0.50000000E-02
      1376    0.50000000E-02
      1381    0.50000000E-02
      1386    0.50000000E-02
      1387    0.50000000E-02
      1389    0.20000000E-01
      1392    0.50000000E-02
      1407    0.50000000E-02
      1409    0.50000000E-02
      1411    0.50000000E-02
      1412    0.50000000E-02
      1416    0.50000000E-02
      1418    0.50000000E-02
      1420    0.50000000E-02
      1427    0.20000000E-01
      1432    0.50000000E-02
      1436    0.50000000E-02
      1438    0.50000000E-02
      1444    0.50000000E-02
      1446    0.50000000E-02
      1449    0.50000000E-02
      1450    0.50000000E-02
      1452    0.20000000E-01
      1465    0.50000000E-02
      1469    0.50000000E-02
      1473    0.50000000E-02
      1474    0.50000000E-02
      1477    0.20000000E-01
      1478    0.50000000E-02
      1482    0.50000000E-02
      1485    0.50000000E-02
      1491    0.50000000E-02
      1494    0.50000000E-02
      1503    0.20000000E-01
      1506    0.50000000E-02
      1508    0.50000000E-02
      1511    0.50000000E-02
      1516    0.50000000E-02
      1519    0.50000000E-02
      1521    0.50000000E-02
      1525    0.20000000E-01
      1536    0.20000000E-01
      1537    0.50000000E-02
      1541    0.50000000E-02
      1547    0.50000000E-02
      1548    0.50000000E-02
      1550    0.50000000E-02
      1553    0.50000000E-02
      1556    0.20000000E-01
      1568    0.50000000E-02
      1577    0.20000000E-01
      1583    0.50000000E-02
      1584    0.50000000E-02
      1589    0.50000000E-02
      1593    0.50000000E-02
      1596    0.50000000E-02
      1598    0.20000000E-01
      1600    0.50000000E-02
      1610    0.20000000E-01
      1614    0.50000000E-02
      1622    0.50000000E-02
      1627    0.50000000E-02
      1631    0.50000000E-02
      1636    0.50000000E-02
      1639    0.50000000E-02
      1647    0.50000000E-02
      1651    0.20000000E-01
      1662    0.20000000E-01
      1663    0.50000000E-02
      1671    0.50000000E-02
      1676    0.50000000E-02
      1677    0.50000000E-02
      1679    0.50000000E-02
      1696    0.50000000E-02
      1702    0.20000000E-01
      1705    0.50000000E-02
      1710    0.20000000E-01
      1712    0.50000000E-02
      1718    0.50000000E-02
      1720    0.50000000E-02
      1725    0.50000000E-02
      1742    0.50000000E-02
      1747    0.20000000E-01
      1750    0.50000000E-02
      1757    0.20000000E-01
      1763    0.50000000E-02
      1764    0.50000000E-02
      1778    0.50000000E-02
      1784    0.50000000E-02
      1792    0.50000000E-02
      1794    0.20000000E-01
      1802    0.50000000E-02
      1803    0.20000000E-01
      1806    0.50000000E-02
      1820    0.50000000E-02
      1828    0.50000000E-02
      1840    0.50000000E-02
      1843    0.20000000E-01
      1852    0.20000000E-01
      1858    0.50000000E-02
      1862    0.50000000E-02
      1875    0.50000000E-02
      1882    0.50000000E-02
      1890    0.20000000E-01
      1897    0.20000000E-01
      1907    0.50000000E-02
      1910    0.50000000E-02
      1930    0.20000000E-01
      1933    0.50000000E-02
      1955    0.20000000E-01
      1958    0.20000000E-01
      1963    0.50000000E-02
      1986    0.20000000E-01
      1989    0.20000000E-01
      2011    0.20000000E-01
      2014    0.20000000E-01
      2035    0.20000000E-01
      2045    0.20000000E-01
      2059    0.20000000E-01
      2097    0.20000000E-01
      2122    0.20000000E-01
