bi_1997_v2.grd                                                                  
     511     286
     546 -0.785856300000E+02  0.333365100000E+02  0.206170000000E+02
     578 -0.785537800000E+02  0.333487600000E+02  0.213470000000E+02
     594 -0.786160400000E+02  0.333567300000E+02  0.199160000000E+02
     603 -0.785225200000E+02  0.333607600000E+02  0.226180000000E+02
     628 -0.785833700000E+02  0.333684300000E+02  0.207470000000E+02
     634 -0.784918600000E+02  0.333727000000E+02  0.239180000000E+02
     648 -0.786467300000E+02  0.333782000000E+02  0.188570000000E+02
     653 -0.785515300000E+02  0.333797900000E+02  0.215030000000E+02
     666 -0.784617500000E+02  0.333846900000E+02  0.251970000000E+02
     673 -0.786129100000E+02  0.333891300000E+02  0.201160000000E+02
     683 -0.785204500000E+02  0.333910700000E+02  0.230500000000E+02
     701 -0.785802800000E+02  0.333996400000E+02  0.207290000000E+02
     709 -0.786779100000E+02  0.334015400000E+02  0.182780000000E+02
     711 -0.784900700000E+02  0.334024100000E+02  0.234620000000E+02
     729 -0.785486800000E+02  0.334100800000E+02  0.209730000000E+02
     731 -0.786423100000E+02  0.334112100000E+02  0.193560000000E+02
     740 -0.784603000000E+02  0.334139200000E+02  0.234140000000E+02
     756 -0.786086400000E+02  0.334205100000E+02  0.197700000000E+02
     759 -0.785179800000E+02  0.334206400000E+02  0.210110000000E+02
     771 -0.784310600000E+02  0.334256600000E+02  0.227240000000E+02
     775 -0.787095000000E+02  0.334279300000E+02  0.181220000000E+02
     779 -0.785764500000E+02  0.334298600000E+02  0.202160000000E+02
     783 -0.784880100000E+02  0.334314300000E+02  0.214290000000E+02
     792 -0.786712600000E+02  0.334352000000E+02  0.193000000000E+02
     801 -0.784023100000E+02  0.334376600000E+02  0.230510000000E+02
     804 -0.785453900000E+02  0.334394600000E+02  0.205120000000E+02
     807 -0.786363600000E+02  0.334426700000E+02  0.196820000000E+02
     810 -0.784586800000E+02  0.334425000000E+02  0.219040000000E+02
     827 -0.785152300000E+02  0.334493900000E+02  0.208040000000E+02
     830 -0.786035200000E+02  0.334505500000E+02  0.200320000000E+02
     833 -0.783740100000E+02  0.334499600000E+02  0.233690000000E+02
     841 -0.784298900000E+02  0.334539000000E+02  0.223100000000E+02
     848 -0.787375400000E+02  0.334587200000E+02  0.170180000000E+02
     849 -0.785721200000E+02  0.334589200000E+02  0.206410000000E+02
     854 -0.784858000000E+02  0.334597000000E+02  0.210880000000E+02
     855 -0.786985300000E+02  0.334615200000E+02  0.184110000000E+02
     868 -0.786628500000E+02  0.334662900000E+02  0.191730000000E+02
     872 -0.784015900000E+02  0.334656200000E+02  0.229450000000E+02
     875 -0.785418100000E+02  0.334678300000E+02  0.208500000000E+02
     885 -0.784569900000E+02  0.334704100000E+02  0.212830000000E+02
     889 -0.786295500000E+02  0.334722200000E+02  0.195240000000E+02
     903 -0.785123400000E+02  0.334772600000E+02  0.209400000000E+02
     906 -0.785979400000E+02  0.334790700000E+02  0.206310000000E+02
     907 -0.783737300000E+02  0.334776800000E+02  0.234110000000E+02
     916 -0.784287000000E+02  0.334815000000E+02  0.220000000000E+02
     926 -0.785675800000E+02  0.334867400000E+02  0.208080000000E+02
     929 -0.784835500000E+02  0.334871900000E+02  0.210170000000E+02
     930 -0.787226600000E+02  0.334897000000E+02  0.166980000000E+02
     932 -0.787597900000E+02  0.334912200000E+02  0.154710000000E+02
     935 -0.786873300000E+02  0.334912800000E+02  0.178250000000E+02
     947 -0.786540500000E+02  0.334948500000E+02  0.179760000000E+02
     950 -0.784008900000E+02  0.334929700000E+02  0.230220000000E+02
     953 -0.785381800000E+02  0.334951600000E+02  0.207520000000E+02
     960 -0.784553100000E+02  0.334976100000E+02  0.209990000000E+02
     963 -0.786225100000E+02  0.334998700000E+02  0.194650000000E+02
     979 -0.785094800000E+02  0.335042500000E+02  0.204290000000E+02
     982 -0.785923200000E+02  0.335061000000E+02  0.202240000000E+02
     990 -0.784275500000E+02  0.335084600000E+02  0.213820000000E+02
     996 -0.785631300000E+02  0.335133600000E+02  0.200100000000E+02
     999 -0.784813500000E+02  0.335139300000E+02  0.205200000000E+02
    1001 -0.787092700000E+02  0.335171000000E+02  0.155820000000E+02
    1005 -0.787434900000E+02  0.335183100000E+02  0.151010000000E+02
    1008 -0.786765800000E+02  0.335182000000E+02  0.166260000000E+02
    1019 -0.787787200000E+02  0.335222200000E+02  0.141420000000E+02
    1020 -0.786454800000E+02  0.335211900000E+02  0.177670000000E+02
    1021 -0.784002300000E+02  0.335197300000E+02  0.224230000000E+02
    1023 -0.785346800000E+02  0.335215100000E+02  0.195300000000E+02
    1034 -0.784537000000E+02  0.335241400000E+02  0.203810000000E+02
    1035 -0.786157200000E+02  0.335257800000E+02  0.193440000000E+02
    1037 -0.788141900000E+02  0.335287000000E+02  0.134010000000E+02
    1047 -0.785067800000E+02  0.335304100000E+02  0.198910000000E+02
    1049 -0.785870100000E+02  0.335317400000E+02  0.194940000000E+02
    1059 -0.788492600000E+02  0.335372000000E+02  0.122330000000E+02
    1063 -0.784264700000E+02  0.335348100000E+02  0.210820000000E+02
    1068 -0.785590100000E+02  0.335388800000E+02  0.190560000000E+02
    1073 -0.786968700000E+02  0.335419600000E+02  0.150270000000E+02
    1075 -0.784793100000E+02  0.335399500000E+02  0.199170000000E+02
    1076 -0.787287000000E+02  0.335431400000E+02  0.146620000000E+02
    1077 -0.786664900000E+02  0.335428300000E+02  0.162080000000E+02
    1084 -0.787617600000E+02  0.335464900000E+02  0.139650000000E+02
    1085 -0.786374800000E+02  0.335456100000E+02  0.176140000000E+02
    1090 -0.788836600000E+02  0.335471500000E+02  0.111650000000E+02
    1096 -0.783996400000E+02  0.335459100000E+02  0.219360000000E+02
    1098 -0.785315000000E+02  0.335469700000E+02  0.191280000000E+02
    1102 -0.786095400000E+02  0.335501400000E+02  0.187250000000E+02
    1103 -0.787956300000E+02  0.335520000000E+02  0.133240000000E+02
    1107 -0.784522100000E+02  0.335500300000E+02  0.199880000000E+02
    1117 -0.785822900000E+02  0.335561900000E+02  0.186530000000E+02
    1119 -0.789173400000E+02  0.335582000000E+02  0.981700000000E+01
    1120 -0.785043400000E+02  0.335558400000E+02  0.195460000000E+02
    1124 -0.788298000000E+02  0.335594400000E+02  0.123870000000E+02
    1135 -0.784254700000E+02  0.335605700000E+02  0.205200000000E+02
    1139 -0.786852800000E+02  0.335646000000E+02  0.151180000000E+02
    1142 -0.785554300000E+02  0.335634700000E+02  0.187680000000E+02
    1143 -0.787148600000E+02  0.335658600000E+02  0.146300000000E+02
    1144 -0.786572300000E+02  0.335653900000E+02  0.157820000000E+02
    1150 -0.784774600000E+02  0.335653400000E+02  0.197840000000E+02
    1151 -0.788639100000E+02  0.335684600000E+02  0.112170000000E+02
    1153 -0.787459100000E+02  0.335690900000E+02  0.140990000000E+02
    1154 -0.786304100000E+02  0.335683100000E+02  0.167340000000E+02
    1155 -0.789502800000E+02  0.335701800000E+02  0.818900000000E+01
    1169 -0.787781400000E+02  0.335741800000E+02  0.131430000000E+02
    1170 -0.785287600000E+02  0.335717000000E+02  0.192970000000E+02
    1174 -0.783991000000E+02  0.335715100000E+02  0.212160000000E+02
    1175 -0.786043200000E+02  0.335732100000E+02  0.177770000000E+02
    1181 -0.784508600000E+02  0.335753500000E+02  0.196090000000E+02
    1184 -0.788977800000E+02  0.335787700000E+02  0.102990000000E+02
    1189 -0.788111600000E+02  0.335809800000E+02  0.122320000000E+02
    1191 -0.785784500000E+02  0.335797000000E+02  0.184980000000E+02
    1193 -0.785022400000E+02  0.335806700000E+02  0.191830000000E+02
    1201 -0.786745400000E+02  0.335850300000E+02  0.155400000000E+02
    1206 -0.787016900000E+02  0.335865000000E+02  0.145720000000E+02
    1208 -0.786491500000E+02  0.335859600000E+02  0.163160000000E+02
    1213 -0.784245500000E+02  0.335857800000E+02  0.204780000000E+02
    1214 -0.788446400000E+02  0.335892900000E+02  0.112520000000E+02
    1215 -0.785525400000E+02  0.335873600000E+02  0.188990000000E+02
    1216 -0.787307100000E+02  0.335899000000E+02  0.138430000000E+02
    1217 -0.789313700000E+02  0.335901300000E+02  0.886200000000E+01
    1221 -0.786247700000E+02  0.335895600000E+02  0.169650000000E+02
    1223 -0.784758400000E+02  0.335901900000E+02  0.192370000000E+02
    1231 -0.787612800000E+02  0.335949600000E+02  0.134720000000E+02
    1236 -0.786004300000E+02  0.335953400000E+02  0.178510000000E+02
    1241 -0.785265400000E+02  0.335958800000E+02  0.185160000000E+02
    1242 -0.788783300000E+02  0.335989200000E+02  0.104400000000E+02
    1244 -0.783985900000E+02  0.335965700000E+02  0.200400000000E+02
    1249 -0.787930500000E+02  0.336015200000E+02  0.128120000000E+02
    1253 -0.789646600000E+02  0.336019400000E+02  0.771700000000E+01
    1254 -0.784496200000E+02  0.336001700000E+02  0.191300000000E+02
    1255 -0.786648800000E+02  0.336028700000E+02  0.158120000000E+02
    1258 -0.786889800000E+02  0.336048300000E+02  0.151600000000E+02
    1259 -0.785756500000E+02  0.336025900000E+02  0.181960000000E+02
    1261 -0.786430500000E+02  0.336045800000E+02  0.166530000000E+02
    1265 -0.785004600000E+02  0.336050200000E+02  0.185060000000E+02
    1270 -0.787157900000E+02  0.336087700000E+02  0.142240000000E+02
    1272 -0.788257000000E+02  0.336094200000E+02  0.115310000000E+02
    1275 -0.789120600000E+02  0.336097600000E+02  0.920300000000E+01
    1280 -0.786212600000E+02  0.336099300000E+02  0.171230000000E+02
    1283 -0.785504100000E+02  0.336108100000E+02  0.178090000000E+02
    1284 -0.784236500000E+02  0.336105000000E+02  0.198090000000E+02
    1288 -0.787447100000E+02  0.336141900000E+02  0.131810000000E+02
    1298 -0.786572900000E+02  0.336165300000E+02  0.159990000000E+02
    1299 -0.784743900000E+02  0.336146200000E+02  0.183730000000E+02
    1300 -0.788589600000E+02  0.336185000000E+02  0.103450000000E+02
    1301 -0.785981500000E+02  0.336170800000E+02  0.174420000000E+02
    1302 -0.786762700000E+02  0.336203000000E+02  0.155240000000E+02
    1303 -0.787751800000E+02  0.336208900000E+02  0.127540000000E+02
    1308 -0.789460700000E+02  0.336219600000E+02  0.804700000000E+01
    1312 -0.785248000000E+02  0.336196900000E+02  0.179830000000E+02
    1319 -0.783980300000E+02  0.336211100000E+02  0.190170000000E+02
    1321 -0.786409500000E+02  0.336226200000E+02  0.162050000000E+02
    1323 -0.787006900000E+02  0.336254800000E+02  0.146370000000E+02
    1329 -0.784484300000E+02  0.336245600000E+02  0.187900000000E+02
    1331 -0.785739600000E+02  0.336252500000E+02  0.173760000000E+02
    1334 -0.788925900000E+02  0.336287000000E+02  0.907300000000E+01
    1336 -0.788068700000E+02  0.336287200000E+02  0.116740000000E+02
    1343 -0.787279900000E+02  0.336317100000E+02  0.131750000000E+02
    1344 -0.784989500000E+02  0.336290400000E+02  0.180530000000E+02
    1349 -0.786202200000E+02  0.336303800000E+02  0.164170000000E+02
    1350 -0.786612900000E+02  0.336322600000E+02  0.149780000000E+02
    1361 -0.785489800000E+02  0.336340800000E+02  0.171810000000E+02
    1363 -0.788394900000E+02  0.336375300000E+02  0.102670000000E+02
    1364 -0.784227000000E+02  0.336347700000E+02  0.187860000000E+02
    1366 -0.787572500000E+02  0.336389100000E+02  0.123740000000E+02
    1368 -0.789262500000E+02  0.336400600000E+02  0.817400000000E+01
    1369 -0.786845000000E+02  0.336398500000E+02  0.143610000000E+02
    1373 -0.784730400000E+02  0.336387100000E+02  0.179530000000E+02
    1376 -0.785973700000E+02  0.336389500000E+02  0.168330000000E+02
    1381 -0.786425500000E+02  0.336420600000E+02  0.154470000000E+02
    1386 -0.785234600000E+02  0.336433300000E+02  0.170990000000E+02
    1387 -0.787879600000E+02  0.336470100000E+02  0.115410000000E+02
    1389 -0.788729600000E+02  0.336471700000E+02  0.886500000000E+01
    1392 -0.787106000000E+02  0.336474300000E+02  0.132980000000E+02
    1407 -0.785731800000E+02  0.336480000000E+02  0.175490000000E+02
    1409 -0.784471800000E+02  0.336486000000E+02  0.182520000000E+02
    1411 -0.786662200000E+02  0.336521600000E+02  0.142350000000E+02
    1412 -0.786210500000E+02  0.336516500000E+02  0.160570000000E+02
    1416 -0.787388800000E+02  0.336554800000E+02  0.121860000000E+02
    1418 -0.784976100000E+02  0.336528700000E+02  0.175180000000E+02
    1420 -0.788197900000E+02  0.336559300000E+02  0.103660000000E+02
    1427 -0.789069800000E+02  0.336578100000E+02  0.795500000000E+01
    1432 -0.785480700000E+02  0.336573800000E+02  0.168080000000E+02
    1436 -0.784215700000E+02  0.336586300000E+02  0.180120000000E+02
    1438 -0.786919200000E+02  0.336614300000E+02  0.136310000000E+02
    1444 -0.787687800000E+02  0.336641600000E+02  0.112770000000E+02
    1446 -0.785976900000E+02  0.336613000000E+02  0.168290000000E+02
    1449 -0.786455600000E+02  0.336632800000E+02  0.148440000000E+02
    1450 -0.784716400000E+02  0.336625700000E+02  0.177590000000E+02
    1452 -0.788526800000E+02  0.336654300000E+02  0.902000000000E+01
    1465 -0.785223300000E+02  0.336669300000E+02  0.168870000000E+02
    1469 -0.787196400000E+02  0.336706200000E+02  0.125620000000E+02
    1473 -0.787998800000E+02  0.336734800000E+02  0.102470000000E+02
    1474 -0.785730100000E+02  0.336710500000E+02  0.166900000000E+02
    1477 -0.788870800000E+02  0.336750200000E+02  0.807100000000E+01
    1478 -0.784457400000E+02  0.336723600000E+02  0.177790000000E+02
    1482 -0.786714900000E+02  0.336740800000E+02  0.137820000000E+02
    1485 -0.786228900000E+02  0.336739000000E+02  0.156140000000E+02
    1491 -0.784962500000E+02  0.336765900000E+02  0.173890000000E+02
    1494 -0.787490200000E+02  0.336800700000E+02  0.113150000000E+02
    1503 -0.788318900000E+02  0.336834200000E+02  0.919500000000E+01
    1506 -0.785474200000E+02  0.336808400000E+02  0.159680000000E+02
    1508 -0.784201000000E+02  0.336821600000E+02  0.178720000000E+02
    1511 -0.786990800000E+02  0.336844700000E+02  0.129640000000E+02
    1516 -0.785986200000E+02  0.336842800000E+02  0.159500000000E+02
    1519 -0.786491900000E+02  0.336858400000E+02  0.141690000000E+02
    1521 -0.784700300000E+02  0.336862700000E+02  0.174820000000E+02
    1525 -0.787797000000E+02  0.336899700000E+02  0.998600000000E+01
    1536 -0.788649000000E+02  0.336934900000E+02  0.830000000000E+01
    1537 -0.785212100000E+02  0.336906100000E+02  0.166120000000E+02
    1541 -0.787282900000E+02  0.336948100000E+02  0.117970000000E+02
    1547 -0.785731300000E+02  0.336944900000E+02  0.154570000000E+02
    1548 -0.784439100000E+02  0.336958900000E+02  0.179180000000E+02
    1550 -0.786769300000E+02  0.336973100000E+02  0.131630000000E+02
    1553 -0.786252100000E+02  0.336970500000E+02  0.144490000000E+02
    1556 -0.788111700000E+02  0.337004200000E+02  0.922500000000E+01
    1568 -0.784946500000E+02  0.337003100000E+02  0.169280000000E+02
    1577 -0.787588700000E+02  0.337053800000E+02  0.983000000000E+01
    1583 -0.784181000000E+02  0.337053900000E+02  0.176260000000E+02
    1584 -0.785467700000E+02  0.337045400000E+02  0.156820000000E+02
    1589 -0.787062100000E+02  0.337085400000E+02  0.120950000000E+02
    1593 -0.785997700000E+02  0.337078700000E+02  0.144750000000E+02
    1596 -0.786531000000E+02  0.337094200000E+02  0.129100000000E+02
    1598 -0.788429000000E+02  0.337117800000E+02  0.852100000000E+01
    1600 -0.784680000000E+02  0.337098900000E+02  0.171270000000E+02
    1610 -0.787904600000E+02  0.337163100000E+02  0.891800000000E+01
    1614 -0.785198300000E+02  0.337144200000E+02  0.161600000000E+02
    1622 -0.787369200000E+02  0.337197800000E+02  0.103790000000E+02
    1627 -0.784414900000E+02  0.337192800000E+02  0.172850000000E+02
    1631 -0.785732000000E+02  0.337183700000E+02  0.143140000000E+02
    1636 -0.786825300000E+02  0.337214900000E+02  0.120190000000E+02
    1639 -0.786276600000E+02  0.337209800000E+02  0.130730000000E+02
    1647 -0.784926000000E+02  0.337240900000E+02  0.160200000000E+02
    1651 -0.788221800000E+02  0.337275300000E+02  0.860000000000E+01
    1662 -0.787688400000E+02  0.337313000000E+02  0.906100000000E+01
    1663 -0.785458100000E+02  0.337285500000E+02  0.147220000000E+02
    1671 -0.787134900000E+02  0.337334000000E+02  0.110240000000E+02
    1676 -0.786008100000E+02  0.337320600000E+02  0.129510000000E+02
    1677 -0.784653200000E+02  0.337335000000E+02  0.157580000000E+02
    1679 -0.786571000000E+02  0.337338300000E+02  0.115050000000E+02
    1696 -0.785179400000E+02  0.337384100000E+02  0.148960000000E+02
    1702 -0.788020000000E+02  0.337432900000E+02  0.875800000000E+01
    1705 -0.784382600000E+02  0.337426000000E+02  0.158000000000E+02
    1710 -0.787458500000E+02  0.337452800000E+02  0.950500000000E+01
    1712 -0.785729000000E+02  0.337426800000E+02  0.129860000000E+02
    1718 -0.786883000000E+02  0.337464400000E+02  0.109670000000E+02
    1720 -0.786299600000E+02  0.337456300000E+02  0.116740000000E+02
    1725 -0.784898400000E+02  0.337479700000E+02  0.148150000000E+02
    1742 -0.785442700000E+02  0.337528500000E+02  0.131310000000E+02
    1747 -0.787789200000E+02  0.337577700000E+02  0.872000000000E+01
    1750 -0.784617800000E+02  0.337571800000E+02  0.143470000000E+02
    1757 -0.787211800000E+02  0.337588500000E+02  0.994600000000E+01
    1763 -0.786013900000E+02  0.337568400000E+02  0.115330000000E+02
    1764 -0.786610400000E+02  0.337590200000E+02  0.105890000000E+02
    1778 -0.785152600000E+02  0.337626100000E+02  0.134310000000E+02
    1784 -0.784339900000E+02  0.337659800000E+02  0.142200000000E+02
    1792 -0.785718800000E+02  0.337674200000E+02  0.114760000000E+02
    1794 -0.787557400000E+02  0.337705600000E+02  0.891200000000E+01
    1802 -0.784861300000E+02  0.337720100000E+02  0.130100000000E+02
    1803 -0.786944600000E+02  0.337720800000E+02  0.988100000000E+01
    1806 -0.786317400000E+02  0.337710400000E+02  0.102290000000E+02
    1820 -0.785418400000E+02  0.337774100000E+02  0.116420000000E+02
    1828 -0.784571200000E+02  0.337810400000E+02  0.128130000000E+02
    1840 -0.786010900000E+02  0.337822300000E+02  0.102980000000E+02
    1843 -0.787292200000E+02  0.337853600000E+02  0.913100000000E+01
    1852 -0.786647000000E+02  0.337850900000E+02  0.950700000000E+01
    1858 -0.785115400000E+02  0.337870000000E+02  0.121060000000E+02
    1862 -0.784284800000E+02  0.337895400000E+02  0.129890000000E+02
    1875 -0.785698200000E+02  0.337925000000E+02  0.106470000000E+02
    1882 -0.784812300000E+02  0.337962900000E+02  0.121350000000E+02
    1890 -0.787023000000E+02  0.337977000000E+02  0.908700000000E+01
    1897 -0.786323000000E+02  0.337974100000E+02  0.919300000000E+01
    1907 -0.785382600000E+02  0.338021100000E+02  0.107020000000E+02
    1910 -0.784511300000E+02  0.338052000000E+02  0.118570000000E+02
    1930 -0.785993800000E+02  0.338081900000E+02  0.908200000000E+01
    1933 -0.785065600000E+02  0.338115500000E+02  0.107990000000E+02
    1955 -0.786663400000E+02  0.338133200000E+02  0.877600000000E+01
    1958 -0.785664300000E+02  0.338176000000E+02  0.877400000000E+01
    1963 -0.784748900000E+02  0.338209500000E+02  0.108280000000E+02
    1986 -0.786305500000E+02  0.338245600000E+02  0.840300000000E+01
    1989 -0.785333700000E+02  0.338265800000E+02  0.759300000000E+01
    2011 -0.785000700000E+02  0.338363700000E+02  0.933400000000E+01
    2014 -0.785961000000E+02  0.338348500000E+02  0.808800000000E+01
    2035 -0.785616600000E+02  0.338414000000E+02  0.665900000000E+01
    2045 -0.784667700000E+02  0.338463600000E+02  0.981600000000E+01
    2059 -0.785272400000E+02  0.338504600000E+02  0.697500000000E+01
    2097 -0.784915800000E+02  0.338623200000E+02  0.901100000000E+01
    2122 -0.784564600000E+02  0.338730900000E+02  0.936800000000E+01
       1 3      546      578      628
       2 3      546      628      594
       3 3      578      603      653
       4 3      578      653      628
       5 3      594      628      673
       6 3      603      634      683
       7 3      594      673      648
       8 3      603      683      653
       9 3      628      653      701
      10 3      628      701      673
      11 3      634      666      711
      12 3      634      711      683
      13 3      653      683      729
      14 3      648      673      731
      15 3      653      729      701
      16 3      648      731      709
      17 3      666      740      711
      18 3      673      701      756
      19 3      683      711      759
      20 3      683      759      729
      21 3      673      756      731
      22 3      701      729      779
      23 3      711      740      783
      24 3      701      779      756
      25 3      711      783      759
      26 3      709      731      792
      27 3      729      759      804
      28 3      709      792      775
      29 3      731      756      807
      30 3      729      804      779
      31 3      740      771      810
      32 3      740      810      783
      33 3      731      807      792
      34 3      759      783      827
      35 3      756      779      830
      36 3      759      827      804
      37 3      756      830      807
      38 3      771      801      841
      39 3      771      841      810
      40 3      779      804      849
      41 3      783      810      854
      42 3      775      792      855
      43 3      783      854      827
      44 3      779      849      830
      45 3      792      807      868
      46 3      801      833      872
      47 3      801      872      841
      48 3      804      827      875
      49 3      775      855      848
      50 3      804      875      849
      51 3      810      841      885
      52 3      807      830      889
      53 3      792      868      855
      54 3      810      885      854
      55 3      807      889      868
      56 3      827      854      903
      57 3      830      849      906
      58 3      833      907      872
      59 3      827      903      875
      60 3      841      872      916
      61 3      830      906      889
      62 3      841      916      885
      63 3      849      875      926
      64 3      854      885      929
      65 3      848      855      930
      66 3      854      929      903
      67 3      855      868      935
      68 3      849      926      906
      69 3      868      889      947
      70 3      872      907      950
      71 3      872      950      916
      72 3      875      903      953
      73 3      875      953      926
      74 3      885      916      960
      75 3      855      935      930
      76 3      848      930      932
      77 3      889      906      963
      78 3      885      960      929
      79 3      868      947      935
      80 3      903      929      979
      81 3      889      963      947
      82 3      906      926      982
      83 3      903      979      953
      84 3      916      950      990
      85 3      906      982      963
      86 3      916      990      960
      87 3      926      953      996
      88 3      929      960      999
      89 3      930      935     1001
      90 3      929      999      979
      91 3      932      930     1005
      92 3      926      996      982
      93 3      935      947     1008
      94 3      947      963     1020
      95 3      950     1021      990
      96 3      953      979     1023
      97 3      953     1023      996
      98 3      960      990     1034
      99 3      963      982     1035
     100 3      935     1008     1001
     101 3      930     1001     1005
     102 3      960     1034      999
     103 3      947     1020     1008
     104 3      932     1005     1019
     105 3      963     1035     1020
     106 3      979      999     1047
     107 3      982      996     1049
     108 3      979     1047     1023
     109 3      982     1049     1035
     110 3      990     1021     1063
     111 3      990     1063     1034
     112 3      996     1023     1068
     113 3     1001     1008     1073
     114 3      999     1034     1075
     115 3     1005     1001     1076
     116 3     1008     1020     1077
     117 3      996     1068     1049
     118 3      999     1075     1047
     119 3     1019     1005     1084
     120 3     1020     1035     1085
     121 3     1023     1047     1098
     122 3     1021     1096     1063
     123 3     1035     1049     1102
     124 3     1008     1077     1073
     125 3     1023     1098     1068
     126 3     1037     1019     1103
     127 3     1001     1073     1076
     128 3     1034     1063     1107
     129 3     1020     1085     1077
     130 3     1034     1107     1075
     131 3     1005     1076     1084
     132 3     1035     1102     1085
     133 3     1049     1068     1117
     134 3     1047     1075     1120
     135 3     1037     1124     1059
     136 3     1019     1084     1103
     137 3     1047     1120     1098
     138 3     1049     1117     1102
     139 3     1063     1096     1135
     140 3     1063     1135     1107
     141 3     1073     1077     1139
     142 3     1068     1098     1142
     143 3     1076     1073     1143
     144 3     1077     1085     1144
     145 3     1037     1103     1124
     146 3     1075     1107     1150
     147 3     1068     1142     1117
     148 3     1059     1151     1090
     149 3     1084     1076     1153
     150 3     1085     1102     1154
     151 3     1075     1150     1120
     152 3     1077     1144     1139
     153 3     1103     1084     1169
     154 3     1098     1120     1170
     155 3     1073     1139     1143
     156 3     1102     1117     1175
     157 3     1085     1154     1144
     158 3     1096     1174     1135
     159 3     1059     1124     1151
     160 3     1098     1170     1142
     161 3     1076     1143     1153
     162 3     1107     1135     1181
     163 3     1090     1184     1119
     164 3     1102     1175     1154
     165 3     1107     1181     1150
     166 3     1103     1189     1124
     167 3     1117     1142     1191
     168 3     1084     1153     1169
     169 3     1120     1150     1193
     170 3     1117     1191     1175
     171 3     1120     1193     1170
     172 3     1139     1144     1201
     173 3     1090     1151     1184
     174 3     1143     1139     1206
     175 3     1144     1154     1208
     176 3     1103     1169     1189
     177 3     1135     1174     1213
     178 3     1124     1214     1151
     179 3     1135     1213     1181
     180 3     1142     1170     1215
     181 3     1153     1143     1216
     182 3     1155     1119     1217
     183 3     1154     1175     1221
     184 3     1142     1215     1191
     185 3     1150     1181     1223
     186 3     1144     1208     1201
     187 3     1150     1223     1193
     188 3     1139     1201     1206
     189 3     1169     1153     1231
     190 3     1154     1221     1208
     191 3     1119     1184     1217
     192 3     1124     1189     1214
     193 3     1175     1191     1236
     194 3     1143     1206     1216
     195 3     1170     1193     1241
     196 3     1151     1242     1184
     197 3     1175     1236     1221
     198 3     1174     1244     1213
     199 3     1170     1241     1215
     200 3     1169     1249     1189
     201 3     1153     1216     1231
     202 3     1181     1213     1254
     203 3     1201     1208     1255
     204 3     1181     1254     1223
     205 3     1206     1201     1258
     206 3     1191     1215     1259
     207 3     1208     1221     1261
     208 3     1151     1214     1242
     209 3     1191     1259     1236
     210 3     1193     1223     1265
     211 3     1155     1217     1253
     212 3     1216     1206     1270
     213 3     1193     1265     1241
     214 3     1169     1231     1249
     215 3     1189     1272     1214
     216 3     1184     1275     1217
     217 3     1208     1261     1255
     218 3     1201     1255     1258
     219 3     1221     1236     1280
     220 3     1215     1241     1283
     221 3     1213     1244     1284
     222 3     1221     1280     1261
     223 3     1216     1288     1231
     224 3     1213     1284     1254
     225 3     1215     1283     1259
     226 3     1206     1258     1270
     227 3     1184     1242     1275
     228 3     1255     1261     1298
     229 3     1189     1249     1272
     230 3     1223     1254     1299
     231 3     1214     1300     1242
     232 3     1223     1299     1265
     233 3     1236     1259     1301
     234 3     1255     1302     1258
     235 3     1231     1303     1249
     236 3     1236     1301     1280
     237 3     1216     1270     1288
     238 3     1253     1217     1308
     239 3     1241     1265     1312
     240 3     1241     1312     1283
     241 3     1255     1298     1302
     242 3     1261     1321     1298
     243 3     1244     1319     1284
     244 3     1261     1280     1321
     245 3     1258     1323     1270
     246 3     1214     1272     1300
     247 3     1254     1284     1329
     248 3     1259     1283     1331
     249 3     1231     1288     1303
     250 3     1254     1329     1299
     251 3     1242     1334     1275
     252 3     1217     1275     1308
     253 3     1249     1336     1272
     254 3     1259     1331     1301
     255 3     1258     1302     1323
     256 3     1270     1343     1288
     257 3     1265     1299     1344
     258 3     1265     1344     1312
     259 3     1280     1349     1321
     260 3     1298     1350     1302
     261 3     1280     1301     1349
     262 3     1242     1300     1334
     263 3     1249     1303     1336
     264 3     1283     1312     1361
     265 3     1272     1363     1300
     266 3     1298     1321     1350
     267 3     1284     1319     1364
     268 3     1283     1361     1331
     269 3     1270     1323     1343
     270 3     1284     1364     1329
     271 3     1288     1366     1303
     272 3     1275     1368     1308
     273 3     1302     1369     1323
     274 3     1299     1329     1373
     275 3     1301     1331     1376
     276 3     1301     1376     1349
     277 3     1299     1373     1344
     278 3     1321     1381     1350
     279 3     1272     1336     1363
     280 3     1302     1350     1369
     281 3     1288     1343     1366
     282 3     1321     1349     1381
     283 3     1312     1344     1386
     284 3     1303     1387     1336
     285 3     1300     1389     1334
     286 3     1275     1334     1368
     287 3     1312     1386     1361
     288 3     1323     1392     1343
     289 3     1331     1361     1407
     290 3     1329     1364     1409
     291 3     1331     1407     1376
     292 3     1329     1409     1373
     293 3     1350     1411     1369
     294 3     1323     1369     1392
     295 3     1349     1412     1381
     296 3     1303     1366     1387
     297 3     1300     1363     1389
     298 3     1349     1376     1412
     299 3     1343     1416     1366
     300 3     1344     1373     1418
     301 3     1336     1420     1363
     302 3     1344     1418     1386
     303 3     1350     1381     1411
     304 3     1334     1427     1368
     305 3     1361     1386     1432
     306 3     1361     1432     1407
     307 3     1369     1438     1392
     308 3     1343     1392     1416
     309 3     1364     1436     1409
     310 3     1336     1387     1420
     311 3     1366     1444     1387
     312 3     1376     1446     1412
     313 3     1376     1407     1446
     314 3     1381     1449     1411
     315 3     1373     1409     1450
     316 3     1363     1452     1389
     317 3     1334     1389     1427
     318 3     1373     1450     1418
     319 3     1369     1411     1438
     320 3     1381     1412     1449
     321 3     1386     1418     1465
     322 3     1386     1465     1432
     323 3     1392     1469     1416
     324 3     1366     1416     1444
     325 3     1363     1420     1452
     326 3     1387     1473     1420
     327 3     1407     1474     1446
     328 3     1407     1432     1474
     329 3     1389     1477     1427
     330 3     1409     1436     1478
     331 3     1411     1482     1438
     332 3     1412     1485     1449
     333 3     1409     1478     1450
     334 3     1392     1438     1469
     335 3     1412     1446     1485
     336 3     1418     1450     1491
     337 3     1411     1449     1482
     338 3     1416     1494     1444
     339 3     1418     1491     1465
     340 3     1387     1444     1473
     341 3     1420     1503     1452
     342 3     1389     1452     1477
     343 3     1432     1465     1506
     344 3     1432     1506     1474
     345 3     1438     1511     1469
     346 3     1436     1508     1478
     347 3     1416     1469     1494
     348 3     1446     1516     1485
     349 3     1449     1519     1482
     350 3     1446     1474     1516
     351 3     1450     1478     1521
     352 3     1444     1525     1473
     353 3     1450     1521     1491
     354 3     1438     1482     1511
     355 3     1420     1473     1503
     356 3     1449     1485     1519
     357 3     1452     1536     1477
     358 3     1465     1491     1537
     359 3     1465     1537     1506
     360 3     1469     1541     1494
     361 3     1444     1494     1525
     362 3     1474     1547     1516
     363 3     1474     1506     1547
     364 3     1478     1508     1548
     365 3     1482     1550     1511
     366 3     1485     1553     1519
     367 3     1478     1548     1521
     368 3     1473     1556     1503
     369 3     1452     1503     1536
     370 3     1469     1511     1541
     371 3     1485     1516     1553
     372 3     1491     1521     1568
     373 3     1482     1519     1550
     374 3     1491     1568     1537
     375 3     1494     1577     1525
     376 3     1473     1525     1556
     377 3     1506     1537     1584
     378 3     1506     1584     1547
     379 3     1511     1589     1541
     380 3     1508     1583     1548
     381 3     1516     1593     1553
     382 3     1519     1596     1550
     383 3     1503     1598     1536
     384 3     1516     1547     1593
     385 3     1521     1548     1600
     386 3     1494     1541     1577
     387 3     1521     1600     1568
     388 3     1519     1553     1596
     389 3     1511     1550     1589
     390 3     1525     1610     1556
     391 3     1537     1568     1614
     392 3     1503     1556     1598
     393 3     1537     1614     1584
     394 3     1541     1622     1577
     395 3     1548     1583     1627
     396 3     1547     1584     1631
     397 3     1547     1631     1593
     398 3     1550     1636     1589
     399 3     1553     1639     1596
     400 3     1548     1627     1600
     401 3     1525     1577     1610
     402 3     1553     1593     1639
     403 3     1568     1600     1647
     404 3     1541     1589     1622
     405 3     1556     1651     1598
     406 3     1550     1596     1636
     407 3     1568     1647     1614
     408 3     1577     1662     1610
     409 3     1584     1614     1663
     410 3     1584     1663     1631
     411 3     1589     1671     1622
     412 3     1556     1610     1651
     413 3     1593     1676     1639
     414 3     1600     1627     1677
     415 3     1596     1679     1636
     416 3     1593     1631     1676
     417 3     1600     1677     1647
     418 3     1577     1622     1662
     419 3     1596     1639     1679
     420 3     1589     1636     1671
     421 3     1614     1647     1696
     422 3     1614     1696     1663
     423 3     1610     1702     1651
     424 3     1622     1710     1662
     425 3     1631     1663     1712
     426 3     1631     1712     1676
     427 3     1627     1705     1677
     428 3     1636     1718     1671
     429 3     1639     1720     1679
     430 3     1647     1677     1725
     431 3     1639     1676     1720
     432 3     1610     1662     1702
     433 3     1647     1725     1696
     434 3     1622     1671     1710
     435 3     1636     1679     1718
     436 3     1663     1696     1742
     437 3     1663     1742     1712
     438 3     1662     1747     1702
     439 3     1677     1705     1750
     440 3     1671     1757     1710
     441 3     1676     1763     1720
     442 3     1676     1712     1763
     443 3     1679     1764     1718
     444 3     1677     1750     1725
     445 3     1696     1725     1778
     446 3     1679     1720     1764
     447 3     1662     1710     1747
     448 3     1671     1718     1757
     449 3     1696     1778     1742
     450 3     1712     1742     1792
     451 3     1710     1794     1747
     452 3     1705     1784     1750
     453 3     1712     1792     1763
     454 3     1725     1750     1802
     455 3     1718     1803     1757
     456 3     1720     1806     1764
     457 3     1720     1763     1806
     458 3     1725     1802     1778
     459 3     1718     1764     1803
     460 3     1742     1778     1820
     461 3     1710     1757     1794
     462 3     1750     1784     1828
     463 3     1742     1820     1792
     464 3     1763     1792     1840
     465 3     1757     1843     1794
     466 3     1750     1828     1802
     467 3     1763     1840     1806
     468 3     1764     1852     1803
     469 3     1778     1802     1858
     470 3     1764     1806     1852
     471 3     1778     1858     1820
     472 3     1757     1803     1843
     473 3     1784     1862     1828
     474 3     1792     1820     1875
     475 3     1802     1828     1882
     476 3     1792     1875     1840
     477 3     1803     1890     1843
     478 3     1806     1840     1897
     479 3     1806     1897     1852
     480 3     1802     1882     1858
     481 3     1820     1858     1907
     482 3     1828     1862     1910
     483 3     1820     1907     1875
     484 3     1803     1852     1890
     485 3     1828     1910     1882
     486 3     1840     1875     1930
     487 3     1858     1882     1933
     488 3     1840     1930     1897
     489 3     1858     1933     1907
     490 3     1852     1955     1890
     491 3     1852     1897     1955
     492 3     1875     1907     1958
     493 3     1882     1910     1963
     494 3     1875     1958     1930
     495 3     1882     1963     1933
     496 3     1897     1930     1986
     497 3     1907     1933     1989
     498 3     1897     1986     1955
     499 3     1907     1989     1958
     500 3     1933     1963     2011
     501 3     1930     1958     2014
     502 3     1930     2014     1986
     503 3     1958     1989     2035
     504 3     1933     2011     1989
     505 3     1958     2035     2014
     506 3     1989     2011     2059
     507 3     1963     2045     2011
     508 3     1989     2059     2035
     509 3     2011     2045     2097
     510 3     2011     2097     2059
     511 3     2045     2122     2097
 0                                                                              
 0                                                                              
 1                                                                              
 20                                                                             
      20       0                                                                
    2122
    2097
    2059
    2035
    2014
    1986
    1955
    1890
    1843
    1794
    1747
    1702
    1651
    1598
    1536
    1477
    1427
    1368
    1308
    1253
