bi_1997_v2.grd                                                                  
     447     264
   13379 -0.765525200000E+02  0.347008100000E+02  0.611000000000E+00
   13380 -0.765500100000E+02  0.347005800000E+02  0.555000000000E+00
   13381 -0.765513400000E+02  0.347026500000E+02  0.739000000000E+00
   13383 -0.765538100000E+02  0.347026800000E+02  0.104900000000E+01
   13384 -0.765550300000E+02  0.347005200000E+02  0.697000000000E+00
   13391 -0.765483800000E+02  0.347008100000E+02  0.555000000000E+00
   13392 -0.765487900000E+02  0.347026100000E+02  0.555000000000E+00
   13400 -0.765571800000E+02  0.347008700000E+02  0.760000000000E+00
   13401 -0.765562100000E+02  0.347027700000E+02  0.132800000000E+01
   13420 -0.765600400000E+02  0.347013300000E+02  0.751000000000E+00
   13421 -0.765586200000E+02  0.347030100000E+02  0.119600000000E+01
   13460 -0.765609200000E+02  0.347033200000E+02  0.884000000000E+00
   13461 -0.765620300000E+02  0.347014500000E+02  0.638000000000E+00
   13521 -0.765629600000E+02  0.347038900000E+02  0.636000000000E+00
   13522 -0.765643600000E+02  0.347026700000E+02  0.599000000000E+00
   13608 -0.765502400000E+02  0.347045800000E+02  0.967000000000E+00
   13615 -0.765526600000E+02  0.347046300000E+02  0.133500000000E+01
   13625 -0.765551000000E+02  0.347047000000E+02  0.126800000000E+01
   13646 -0.765575300000E+02  0.347048200000E+02  0.972000000000E+00
   13672 -0.765598800000E+02  0.347049800000E+02  0.795000000000E+00
   13690 -0.765480300000E+02  0.347044700000E+02  0.683000000000E+00
   13706 -0.765619700000E+02  0.347052300000E+02  0.624000000000E+00
   13903 -0.765491200000E+02  0.347065700000E+02  0.958000000000E+00
   13905 -0.765515000000E+02  0.347065900000E+02  0.111100000000E+01
   13914 -0.765539500000E+02  0.347066100000E+02  0.118300000000E+01
   13921 -0.765564200000E+02  0.347066900000E+02  0.759000000000E+00
   13927 -0.765613300000E+02  0.347066800000E+02  0.618000000000E+00
   13934 -0.765589100000E+02  0.347068000000E+02  0.731000000000E+00
   13984 -0.765468100000E+02  0.347064500000E+02  0.595000000000E+00
   14220 -0.765527600000E+02  0.347085300000E+02  0.934000000000E+00
   14225 -0.765552400000E+02  0.347085500000E+02  0.636000000000E+00
   14236 -0.765502200000E+02  0.347086100000E+02  0.846000000000E+00
   14244 -0.765577500000E+02  0.347086700000E+02  0.500000000000E+00
   14249 -0.765479100000E+02  0.347087200000E+02  0.670000000000E+00
   14292 -0.765605700000E+02  0.347089500000E+02  0.565000000000E+00
   14492 -0.765540800000E+02  0.347103800000E+02  0.943000000000E+00
   14499 -0.765564900000E+02  0.347104300000E+02  0.478000000000E+00
   14503 -0.765515400000E+02  0.347104800000E+02  0.884000000000E+00
   14526 -0.765588500000E+02  0.347106100000E+02  0.531000000000E+00
   14563 -0.765484900000E+02  0.347107500000E+02  0.584000000000E+00
   14653 -0.765608400000E+02  0.347110200000E+02  0.780000000000E+00
   14658 -0.765631000000E+02  0.347106900000E+02  0.669000000000E+00
   14828 -0.765553700000E+02  0.347121600000E+02  0.100800000000E+01
   14838 -0.765530400000E+02  0.347122000000E+02  0.114400000000E+01
   14844 -0.765576300000E+02  0.347122300000E+02  0.546000000000E+00
   14879 -0.765598000000E+02  0.347123900000E+02  0.857000000000E+00
   14898 -0.765619000000E+02  0.347124600000E+02  0.925000000000E+00
   14907 -0.765506600000E+02  0.347123900000E+02  0.957000000000E+00
   14939 -0.765206800000E+02  0.347124600000E+02  0.738000000000E+00
   14985 -0.765637900000E+02  0.347126100000E+02  0.935000000000E+00
   14986 -0.765659300000E+02  0.347120300000E+02  0.100000000000E+01
   15081 -0.765463300000E+02  0.347116900000E+02  0.501000000000E+00
   15082 -0.765485300000E+02  0.347128500000E+02  0.518000000000E+00
   15090 -0.765441800000E+02  0.347114500000E+02  0.520000000000E+00
   15091 -0.765452200000E+02  0.347132100000E+02  0.498000000000E+00
   15184 -0.765680300000E+02  0.347120300000E+02  0.850000000000E+00
   15185 -0.765671100000E+02  0.347136200000E+02  0.141400000000E+01
   15187 -0.765689700000E+02  0.347135400000E+02  0.970000000000E+00
   15188 -0.765709600000E+02  0.347124100000E+02  0.555000000000E+00
   15231 -0.765469700000E+02  0.347138000000E+02  0.144300000000E+01
   15235 -0.765650600000E+02  0.347138500000E+02  0.921000000000E+00
   15238 -0.765565400000E+02  0.347138700000E+02  0.586000000000E+00
   15239 -0.765543600000E+02  0.347138600000E+02  0.941000000000E+00
   15244 -0.765411500000E+02  0.347115100000E+02  0.620000000000E+00
   15245 -0.765389300000E+02  0.347118600000E+02  0.753000000000E+00
   15246 -0.765401700000E+02  0.347138900000E+02  0.525000000000E+00
   15256 -0.765430600000E+02  0.347138900000E+02  0.516000000000E+00
   15263 -0.765587100000E+02  0.347139700000E+02  0.781000000000E+00
   15265 -0.765521800000E+02  0.347139400000E+02  0.103200000000E+01
   15290 -0.765629700000E+02  0.347140400000E+02  0.705000000000E+00
   15292 -0.765608600000E+02  0.347140600000E+02  0.101500000000E+01
   15325 -0.765501400000E+02  0.347141200000E+02  0.123200000000E+01
   15333 -0.765736800000E+02  0.347127700000E+02  0.529000000000E+00
   15334 -0.765724200000E+02  0.347142300000E+02  0.484000000000E+00
   15363 -0.765191800000E+02  0.347143900000E+02  0.127500000000E+01
   15395 -0.765485600000E+02  0.347143700000E+02  0.109400000000E+01
   15397 -0.765745000000E+02  0.347145400000E+02  0.101500000000E+01
   15398 -0.765762000000E+02  0.347131400000E+02  0.690000000000E+00
   15407 -0.765703900000E+02  0.347146300000E+02  0.732000000000E+00
   15415 -0.765217100000E+02  0.347133600000E+02  0.955000000000E+00
   15416 -0.765208700000E+02  0.347146500000E+02  0.137300000000E+01
   15503 -0.765373500000E+02  0.347142400000E+02  0.860000000000E+00
   15513 -0.765763200000E+02  0.347147500000E+02  0.152600000000E+01
   15514 -0.765782300000E+02  0.347139500000E+02  0.720000000000E+00
   15515 -0.765286100000E+02  0.347134300000E+02  0.690000000000E+00
   15516 -0.765297500000E+02  0.347150400000E+02  0.737000000000E+00
   15517 -0.765310000000E+02  0.347132000000E+02  0.579000000000E+00
   15522 -0.765683500000E+02  0.347150200000E+02  0.102900000000E+01
   15530 -0.765261500000E+02  0.347141300000E+02  0.831000000000E+00
   15531 -0.765279000000E+02  0.347150200000E+02  0.809000000000E+00
   15562 -0.765318000000E+02  0.347152600000E+02  0.668000000000E+00
   15563 -0.765332100000E+02  0.347138400000E+02  0.672000000000E+00
   15567 -0.765663200000E+02  0.347152800000E+02  0.108600000000E+01
   15569 -0.765455200000E+02  0.347152400000E+02  0.470000000000E+01
   15580 -0.765227100000E+02  0.347148800000E+02  0.132400000000E+01
   15599 -0.765476600000E+02  0.347154500000E+02  0.280100000000E+01
   15606 -0.765773500000E+02  0.347154700000E+02  0.244300000000E+01
   15609 -0.765555400000E+02  0.347154900000E+02  0.667000000000E+00
   15610 -0.765783800000E+02  0.347154500000E+02  0.251700000000E+01
   15617 -0.765732000000E+02  0.347155000000E+02  0.578800000000E+01
   15618 -0.765576200000E+02  0.347155300000E+02  0.588000000000E+00
   15620 -0.765534400000E+02  0.347155200000E+02  0.881000000000E+00
   15623 -0.765642200000E+02  0.347155400000E+02  0.977000000000E+00
   15630 -0.765174300000E+02  0.347154800000E+02  0.208300000000E+01
   15633 -0.765717600000E+02  0.347155300000E+02  0.421900000000E+01
   15634 -0.765513800000E+02  0.347155800000E+02  0.113900000000E+01
   15637 -0.765494600000E+02  0.347156100000E+02  0.207400000000E+01
   15649 -0.765753500000E+02  0.347156400000E+02  0.402800000000E+01
   15653 -0.765335600000E+02  0.347156000000E+02  0.602000000000E+00
   15654 -0.765350200000E+02  0.347147700000E+02  0.849000000000E+00
   15664 -0.765620300000E+02  0.347157300000E+02  0.790000000000E+00
   15669 -0.765597700000E+02  0.347157700000E+02  0.694000000000E+00
   15682 -0.765743100000E+02  0.347157400000E+02  0.450300000000E+01
   15684 -0.765695900000E+02  0.347158400000E+02  0.333200000000E+01
   15691 -0.765415300000E+02  0.347159000000E+02  0.285900000000E+01
   15692 -0.765763500000E+02  0.347157800000E+02  0.285300000000E+01
   15697 -0.765389900000E+02  0.347159200000E+02  0.332900000000E+01
   15698 -0.765706800000E+02  0.347158400000E+02  0.400700000000E+01
   15714 -0.765368300000E+02  0.347159100000E+02  0.891000000000E+00
   15716 -0.765264500000E+02  0.347159900000E+02  0.107200000000E+01
   15743 -0.765675300000E+02  0.347161300000E+02  0.273100000000E+01
   15746 -0.765436500000E+02  0.347160500000E+02  0.165600000000E+01
   15756 -0.765685800000E+02  0.347161300000E+02  0.329800000000E+01
   15764 -0.765195100000E+02  0.347162100000E+02  0.386800000000E+01
   15774 -0.765779300000E+02  0.347163200000E+02  0.171200000000E+01
   15783 -0.765737000000E+02  0.347164000000E+02  0.252100000000E+01
   15793 -0.765654700000E+02  0.347164200000E+02  0.205800000000E+01
   15807 -0.765758300000E+02  0.347164600000E+02  0.148000000000E+01
   15812 -0.765713600000E+02  0.347164700000E+02  0.194100000000E+01
   15822 -0.765665300000E+02  0.347164100000E+02  0.273200000000E+01
   15830 -0.765725400000E+02  0.347165400000E+02  0.187800000000E+01
   15838 -0.765285400000E+02  0.347165300000E+02  0.856000000000E+00
   15841 -0.765768700000E+02  0.347165800000E+02  0.144500000000E+01
   15848 -0.765747800000E+02  0.347166000000E+02  0.130400000000E+01
   15854 -0.765214000000E+02  0.347165900000E+02  0.191100000000E+01
   15858 -0.765238300000E+02  0.347150000000E+02  0.122500000000E+01
   15866 -0.765692100000E+02  0.347167100000E+02  0.177100000000E+01
   15873 -0.765703000000E+02  0.347167300000E+02  0.128900000000E+01
   15874 -0.765468500000E+02  0.347167200000E+02  0.168400000000E+01
   15875 -0.765632700000E+02  0.347167600000E+02  0.181800000000E+01
   15884 -0.765644300000E+02  0.347167300000E+02  0.211200000000E+01
   15891 -0.765305900000E+02  0.347168400000E+02  0.804000000000E+00
   15900 -0.765231200000E+02  0.347168700000E+02  0.147200000000E+01
   15906 -0.765609500000E+02  0.347169400000E+02  0.197600000000E+01
   15911 -0.765671600000E+02  0.347169700000E+02  0.179600000000E+01
   15913 -0.765485400000E+02  0.347170000000E+02  0.256400000000E+01
   15914 -0.765682100000E+02  0.347169800000E+02  0.149300000000E+01
   15920 -0.765584600000E+02  0.347170200000E+02  0.162800000000E+01
   15923 -0.765566300000E+02  0.347170600000E+02  0.150100000000E+01
   15930 -0.765326900000E+02  0.347170700000E+02  0.841000000000E+00
   15938 -0.765350900000E+02  0.347170500000E+02  0.152300000000E+01
   15941 -0.765546000000E+02  0.347171200000E+02  0.205300000000E+01
   15942 -0.765504800000E+02  0.347171300000E+02  0.287700000000E+01
   15945 -0.765525200000E+02  0.347171500000E+02  0.224200000000E+01
   15946 -0.765621200000E+02  0.347170200000E+02  0.244800000000E+01
   15968 -0.765661800000E+02  0.347172600000E+02  0.141500000000E+01
   15971 -0.765651200000E+02  0.347172900000E+02  0.163400000000E+01
   15976 -0.765597700000E+02  0.347171900000E+02  0.270300000000E+01
   15980 -0.765250500000E+02  0.347173300000E+02  0.137400000000E+01
   16023 -0.765452000000E+02  0.347175400000E+02  0.104400000000E+01
   16030 -0.765376700000E+02  0.347175900000E+02  0.305200000000E+01
   16047 -0.765641000000E+02  0.347176700000E+02  0.110800000000E+01
   16053 -0.765429100000E+02  0.347176900000E+02  0.932000000000E+00
   16062 -0.765715200000E+02  0.347176900000E+02  0.458000000000E+00
   16063 -0.765736800000E+02  0.347176500000E+02  0.656000000000E+00
   16065 -0.765178900000E+02  0.347177700000E+02  0.139700000000E+01
   16066 -0.765615900000E+02  0.347178200000E+02  0.180200000000E+01
   16070 -0.765758100000E+02  0.347177000000E+02  0.710000000000E+00
   16074 -0.765779900000E+02  0.347177200000E+02  0.556000000000E+00
   16081 -0.765627400000E+02  0.347178900000E+02  0.123400000000E+01
   16087 -0.765272100000E+02  0.347179200000E+02  0.937000000000E+00
   16089 -0.765694100000E+02  0.347178600000E+02  0.446000000000E+00
   16098 -0.765404100000E+02  0.347179900000E+02  0.714000000000E+00
   16112 -0.765592000000E+02  0.347180900000E+02  0.183900000000E+01
   16119 -0.765604600000E+02  0.347181300000E+02  0.155100000000E+01
   16126 -0.765673800000E+02  0.347180900000E+02  0.434000000000E+00
   16177 -0.765202900000E+02  0.347183600000E+02  0.202200000000E+01
   16188 -0.765473200000E+02  0.347183600000E+02  0.130000000000E+01
   16189 -0.765293300000E+02  0.347184000000E+02  0.830000000000E+00
   16199 -0.765654100000E+02  0.347184100000E+02  0.504000000000E+00
   16212 -0.765577900000E+02  0.347185100000E+02  0.170000000000E+01
   16224 -0.765219000000E+02  0.347185700000E+02  0.252900000000E+01
   16248 -0.765494100000E+02  0.347187100000E+02  0.109100000000E+01
   16255 -0.765314500000E+02  0.347187300000E+02  0.293200000000E+01
   16257 -0.765557700000E+02  0.347187400000E+02  0.192500000000E+01
   16265 -0.765515400000E+02  0.347187800000E+02  0.158700000000E+01
   16267 -0.765536500000E+02  0.347187800000E+02  0.210200000000E+01
   16281 -0.765238300000E+02  0.347188700000E+02  0.280000000000E+01
   16296 -0.765636400000E+02  0.347189300000E+02  0.555000000000E+00
   16305 -0.765336600000E+02  0.347189600000E+02  0.519500000000E+01
   16324 -0.765442300000E+02  0.347190700000E+02  0.950000000000E+00
   16351 -0.765617100000E+02  0.347191400000E+02  0.563000000000E+00
   16358 -0.765726900000E+02  0.347192800000E+02  0.879000000000E+00
   16361 -0.765385600000E+02  0.347192200000E+02  0.721000000000E+00
   16366 -0.765747100000E+02  0.347193300000E+02  0.128800000000E+01
   16368 -0.765706400000E+02  0.347193300000E+02  0.554000000000E+00
   16370 -0.765258900000E+02  0.347193500000E+02  0.678100000000E+01
   16371 -0.765186200000E+02  0.347192700000E+02  0.103300000000E+01
   16387 -0.765361600000E+02  0.347194500000E+02  0.103400000000E+01
   16397 -0.765686100000E+02  0.347194700000E+02  0.522000000000E+00
   16409 -0.765767900000E+02  0.347195400000E+02  0.117300000000E+01
   16430 -0.765594900000E+02  0.347196100000E+02  0.681000000000E+00
   16435 -0.765458900000E+02  0.347196800000E+02  0.116900000000E+01
   16436 -0.765666700000E+02  0.347196700000E+02  0.520000000000E+00
   16441 -0.765424300000E+02  0.347195400000E+02  0.691000000000E+00
   16463 -0.765791100000E+02  0.347198700000E+02  0.649000000000E+00
   16479 -0.765280200000E+02  0.347199200000E+02  0.426700000000E+01
   16492 -0.765648300000E+02  0.347199900000E+02  0.533000000000E+00
   16530 -0.765407300000E+02  0.347200900000E+02  0.600000000000E+00
   16581 -0.765225200000E+02  0.347204000000E+02  0.178600000000E+01
   16584 -0.765526700000E+02  0.347204400000E+02  0.998000000000E+00
   16586 -0.765301400000E+02  0.347204300000E+02  0.105100000000E+01
   16587 -0.765505000000E+02  0.347204500000E+02  0.108300000000E+01
   16593 -0.765547800000E+02  0.347204700000E+02  0.955000000000E+00
   16601 -0.765630200000E+02  0.347204900000E+02  0.608000000000E+00
   16609 -0.765480200000E+02  0.347205300000E+02  0.124000000000E+01
   16613 -0.765571400000E+02  0.347205300000E+02  0.839000000000E+00
   16618 -0.765202400000E+02  0.347203500000E+02  0.872000000000E+00
   16638 -0.765322900000E+02  0.347207300000E+02  0.729000000000E+00
   16639 -0.765244700000E+02  0.347207100000E+02  0.860000000000E+00
   16657 -0.765342800000E+02  0.347207100000E+02  0.111100000000E+01
   16658 -0.765737500000E+02  0.347208400000E+02  0.113000000000E+01
   16659 -0.765718200000E+02  0.347208300000E+02  0.896000000000E+00
   16667 -0.765697900000E+02  0.347208800000E+02  0.628000000000E+00
   16678 -0.765447000000E+02  0.347209300000E+02  0.636000000000E+00
   16684 -0.765677900000E+02  0.347209700000E+02  0.555000000000E+00
   16687 -0.765755800000E+02  0.347209900000E+02  0.117900000000E+01
   16702 -0.765378200000E+02  0.347209900000E+02  0.600000000000E+00
   16720 -0.765659500000E+02  0.347211300000E+02  0.555000000000E+00
   16728 -0.765610500000E+02  0.347211200000E+02  0.673000000000E+00
   16768 -0.765267400000E+02  0.347213400000E+02  0.612000000000E+00
   16782 -0.765643200000E+02  0.347213100000E+02  0.555000000000E+00
   16892 -0.765458700000E+02  0.347216300000E+02  0.643000000000E+00
   16904 -0.765775500000E+02  0.347216500000E+02  0.125600000000E+01
   16919 -0.765360100000E+02  0.347216300000E+02  0.618000000000E+00
   16976 -0.765590600000E+02  0.347217700000E+02  0.735000000000E+00
   17042 -0.765517300000E+02  0.347220700000E+02  0.115800000000E+01
   17048 -0.765537600000E+02  0.347221000000E+02  0.115500000000E+01
   17052 -0.765287900000E+02  0.347221000000E+02  0.579000000000E+00
   17090 -0.765496400000E+02  0.347221600000E+02  0.101300000000E+01
   17096 -0.765556900000E+02  0.347222100000E+02  0.102900000000E+01
   17121 -0.765747000000E+02  0.347222800000E+02  0.659000000000E+00
   17153 -0.765688800000E+02  0.347223400000E+02  0.555000000000E+00
   17156 -0.765730400000E+02  0.347223200000E+02  0.634000000000E+00
   17160 -0.765710300000E+02  0.347223400000E+02  0.555000000000E+00
   17161 -0.765668500000E+02  0.347223600000E+02  0.555000000000E+00
   17202 -0.765652200000E+02  0.347224600000E+02  0.555000000000E+00
   17223 -0.765759300000E+02  0.347223200000E+02  0.706000000000E+00
   17226 -0.765625600000E+02  0.347224600000E+02  0.555000000000E+00
   17237 -0.765573900000E+02  0.347224200000E+02  0.893000000000E+00
   17274 -0.765309400000E+02  0.347227300000E+02  0.555000000000E+00
   17295 -0.765475000000E+02  0.347227300000E+02  0.680000000000E+00
   17304 -0.765332700000E+02  0.347227900000E+02  0.674000000000E+00
   17433 -0.765604900000E+02  0.347232600000E+02  0.567000000000E+00
   17536 -0.765529300000E+02  0.347236300000E+02  0.100700000000E+01
   17542 -0.765508700000E+02  0.347236600000E+02  0.953000000000E+00
   17552 -0.765491900000E+02  0.347235500000E+02  0.807000000000E+00
   17557 -0.765587900000E+02  0.347236900000E+02  0.758000000000E+00
   17569 -0.765547600000E+02  0.347237900000E+02  0.114000000000E+01
   17602 -0.765562800000E+02  0.347239200000E+02  0.103100000000E+01
   17733 -0.765777200000E+02  0.347244500000E+02  0.682000000000E+00
   17822 -0.765524200000E+02  0.347248800000E+02  0.887000000000E+00
   17877 -0.765540700000E+02  0.347252600000E+02  0.939000000000E+00
   17931 -0.765558200000E+02  0.347256400000E+02  0.111300000000E+01
       1 3    13379    13380    13381
       2 3    13379    13383    13384
       3 3    13391    13392    13380
       4 3    13400    13384    13401
       5 3    13420    13400    13421
       6 3    13420    13460    13461
       7 3    13384    13383    13401
       8 3    13380    13392    13381
       9 3    13379    13381    13383
      10 3    13400    13401    13421
      11 3    13420    13421    13460
      12 3    13461    13521    13522
      13 3    13461    13460    13521
      14 3    13381    13392    13608
      15 3    13383    13381    13615
      16 3    13401    13383    13625
      17 3    13421    13401    13646
      18 3    13460    13421    13672
      19 3    13392    13690    13608
      20 3    13521    13460    13706
      21 3    13381    13608    13615
      22 3    13383    13615    13625
      23 3    13401    13625    13646
      24 3    13421    13646    13672
      25 3    13460    13672    13706
      26 3    13608    13690    13903
      27 3    13615    13608    13905
      28 3    13625    13615    13914
      29 3    13646    13625    13921
      30 3    13706    13672    13927
      31 3    13672    13646    13934
      32 3    13690    13984    13903
      33 3    13608    13903    13905
      34 3    13615    13905    13914
      35 3    13625    13914    13921
      36 3    13646    13921    13934
      37 3    13672    13934    13927
      38 3    13914    13905    14220
      39 3    13921    13914    14225
      40 3    13903    14236    13905
      41 3    13934    13921    14244
      42 3    13984    14249    13903
      43 3    13927    13934    14292
      44 3    13903    14249    14236
      45 3    13914    14220    14225
      46 3    13905    14236    14220
      47 3    13921    14225    14244
      48 3    13934    14244    14292
      49 3    14225    14220    14492
      50 3    14244    14225    14499
      51 3    14220    14236    14503
      52 3    14244    14526    14292
      53 3    14249    14563    14236
      54 3    14225    14492    14499
      55 3    14244    14499    14526
      56 3    14220    14503    14492
      57 3    14292    14526    14653
      58 3    14292    14653    14658
      59 3    14236    14563    14503
      60 3    14499    14492    14828
      61 3    14492    14503    14838
      62 3    14499    14844    14526
      63 3    14653    14526    14879
      64 3    14653    14898    14658
      65 3    14503    14563    14907
      66 3    14658    14985    14986
      67 3    14499    14828    14844
      68 3    14492    14838    14828
      69 3    14526    14844    14879
      70 3    14658    14898    14985
      71 3    14503    14907    14838
      72 3    14563    15081    15082
      73 3    14563    15082    14907
      74 3    14653    14879    14898
      75 3    15081    15090    15091
      76 3    15184    14986    15185
      77 3    15184    15187    15188
      78 3    15081    15231    15082
      79 3    14986    14985    15235
      80 3    14844    14828    15238
      81 3    14828    14838    15239
      82 3    15244    15245    15246
      83 3    15090    15244    15256
      84 3    14879    14844    15263
      85 3    14838    14907    15265
      86 3    15081    15091    15231
      87 3    14985    14898    15290
      88 3    14898    14879    15292
      89 3    15184    15185    15187
      90 3    15090    15256    15091
      91 3    14907    15082    15325
      92 3    15333    15188    15334
      93 3    14986    15235    15185
      94 3    14828    15239    15238
      95 3    14838    15265    15239
      96 3    15082    15231    15395
      97 3    15333    15397    15398
      98 3    14844    15238    15263
      99 3    15082    15395    15325
     100 3    14907    15325    15265
     101 3    15188    15187    15407
     102 3    15415    14939    15416
     103 3    14879    15263    15292
     104 3    15244    15246    15256
     105 3    14898    15292    15290
     106 3    14985    15290    15235
     107 3    14939    15363    15416
     108 3    15188    15407    15334
     109 3    15245    15503    15246
     110 3    15398    15513    15514
     111 3    15515    15516    15517
     112 3    15187    15185    15522
     113 3    15333    15334    15397
     114 3    15515    15530    15531
     115 3    15398    15397    15513
     116 3    15517    15562    15563
     117 3    15185    15235    15567
     118 3    15091    15569    15231
     119 3    15415    15416    15580
     120 3    15395    15231    15599
     121 3    15514    15513    15606
     122 3    15238    15239    15609
     123 3    15334    15617    15397
     124 3    15263    15238    15618
     125 3    15239    15265    15620
     126 3    15235    15290    15623
     127 3    15515    15531    15516
     128 3    15334    15407    15633
     129 3    15265    15325    15634
     130 3    15325    15395    15637
     131 3    15514    15606    15610
     132 3    15187    15522    15407
     133 3    15397    15649    15513
     134 3    15563    15653    15654
     135 3    15517    15516    15562
     136 3    15290    15292    15664
     137 3    15292    15263    15669
     138 3    15091    15256    15569
     139 3    15185    15567    15522
     140 3    15397    15617    15682
     141 3    15407    15522    15684
     142 3    15246    15691    15256
     143 3    15513    15692    15606
     144 3    15397    15682    15649
     145 3    15334    15633    15617
     146 3    15563    15562    15653
     147 3    15246    15503    15697
     148 3    15407    15698    15633
     149 3    15513    15649    15692
     150 3    15503    15654    15714
     151 3    15530    15716    15531
     152 3    15231    15569    15599
     153 3    15407    15684    15698
     154 3    15235    15623    15567
     155 3    15522    15567    15743
     156 3    15238    15609    15618
     157 3    15256    15746    15569
     158 3    15239    15620    15609
     159 3    15325    15637    15634
     160 3    15265    15634    15620
     161 3    15522    15756    15684
     162 3    15395    15599    15637
     163 3    15363    15764    15416
     164 3    15610    15606    15774
     165 3    15263    15618    15669
     166 3    15522    15743    15756
     167 3    15290    15664    15623
     168 3    15617    15783    15682
     169 3    15567    15623    15793
     170 3    15692    15649    15807
     171 3    15633    15698    15812
     172 3    15292    15669    15664
     173 3    15567    15822    15743
     174 3    15256    15691    15746
     175 3    15617    15633    15830
     176 3    15503    15714    15697
     177 3    15531    15838    15516
     178 3    15692    15841    15606
     179 3    15682    15848    15649
     180 3    15363    15630    15764
     181 3    15416    15854    15580
     182 3    15567    15793    15822
     183 3    15530    15858    15716
     184 3    15246    15697    15691
     185 3    15684    15756    15866
     186 3    15606    15841    15774
     187 3    15698    15684    15873
     188 3    15599    15569    15874
     189 3    15623    15664    15875
     190 3    15623    15884    15793
     191 3    15617    15830    15783
     192 3    15516    15891    15562
     193 3    15649    15848    15807
     194 3    15633    15812    15830
     195 3    15580    15900    15858
     196 3    15692    15807    15841
     197 3    15682    15783    15848
     198 3    15416    15764    15854
     199 3    15664    15669    15906
     200 3    15743    15822    15911
     201 3    15698    15873    15812
     202 3    15637    15599    15913
     203 3    15756    15743    15914
     204 3    15623    15875    15884
     205 3    15618    15920    15669
     206 3    15684    15866    15873
     207 3    15618    15609    15923
     208 3    15653    15562    15930
     209 3    15654    15653    15938
     210 3    15609    15620    15941
     211 3    15634    15637    15942
     212 3    15580    15854    15900
     213 3    15654    15938    15714
     214 3    15620    15634    15945
     215 3    15664    15946    15875
     216 3    15531    15716    15838
     217 3    15756    15914    15866
     218 3    15664    15906    15946
     219 3    15822    15793    15968
     220 3    15743    15911    15914
     221 3    15793    15884    15971
     222 3    15669    15976    15906
     223 3    15716    15858    15980
     224 3    15516    15838    15891
     225 3    15599    15874    15913
     226 3    15669    15920    15976
     227 3    15822    15968    15911
     228 3    15858    15900    15980
     229 3    15569    15746    16023
     230 3    15618    15923    15920
     231 3    15793    15971    15968
     232 3    15562    15891    15930
     233 3    15714    16030    15697
     234 3    15569    16023    15874
     235 3    15884    15875    16047
     236 3    15637    15913    15942
     237 3    15609    15941    15923
     238 3    15746    15691    16053
     239 3    15634    15942    15945
     240 3    15620    15945    15941
     241 3    15812    16062    15830
     242 3    15783    16063    15848
     243 3    15783    15830    16063
     244 3    15630    16065    15764
     245 3    15946    15906    16066
     246 3    15807    15848    16070
     247 3    15774    15841    16074
     248 3    15807    16070    15841
     249 3    15884    16047    15971
     250 3    15946    16081    15875
     251 3    15812    15873    16062
     252 3    15716    16087    15838
     253 3    15866    16089    15873
     254 3    15691    15697    16098
     255 3    15653    15930    15938
     256 3    15976    15920    16112
     257 3    15866    15914    16089
     258 3    15906    15976    16119
     259 3    15911    16126    15914
     260 3    15875    16081    16047
     261 3    15946    16066    16081
     262 3    15906    16119    16066
     263 3    15911    15968    16126
     264 3    15764    16177    15854
     265 3    15716    15980    16087
     266 3    15874    16188    15913
     267 3    15838    16189    15891
     268 3    15746    16053    16023
     269 3    15971    16199    15968
     270 3    15714    15938    16030
     271 3    15920    15923    16212
     272 3    15976    16112    16119
     273 3    15854    16224    15900
     274 3    15691    16098    16053
     275 3    15830    16062    16063
     276 3    15913    16248    15942
     277 3    15848    16063    16070
     278 3    15920    16212    16112
     279 3    15971    16047    16199
     280 3    15891    16255    15930
     281 3    15923    15941    16257
     282 3    15841    16070    16074
     283 3    15945    15942    16265
     284 3    15941    15945    16267
     285 3    15697    16030    16098
     286 3    15854    16177    16224
     287 3    15873    16089    16062
     288 3    15900    16281    15980
     289 3    15838    16087    16189
     290 3    15764    16065    16177
     291 3    15874    16023    16188
     292 3    16047    16081    16296
     293 3    15930    16305    15938
     294 3    15914    16126    16089
     295 3    16023    16053    16324
     296 3    15968    16199    16126
     297 3    15891    16189    16255
     298 3    15900    16224    16281
     299 3    16066    16351    16081
     300 3    15913    16188    16248
     301 3    16063    16062    16358
     302 3    15923    16257    16212
     303 3    16030    16361    16098
     304 3    16063    16366    16070
     305 3    16066    16119    16351
     306 3    16062    16089    16368
     307 3    15980    16370    16087
     308 3    16065    16371    16177
     309 3    15941    16267    16257
     310 3    15938    16387    16030
     311 3    15942    16248    16265
     312 3    15945    16265    16267
     313 3    16047    16296    16199
     314 3    16089    16126    16397
     315 3    15930    16255    16305
     316 3    16070    16409    16074
     317 3    16112    16430    16119
     318 3    16023    16435    16188
     319 3    16126    16199    16436
     320 3    16053    16098    16441
     321 3    15980    16281    16370
     322 3    16023    16324    16435
     323 3    16053    16441    16324
     324 3    16081    16351    16296
     325 3    16063    16358    16366
     326 3    16087    16479    16189
     327 3    16062    16368    16358
     328 3    15938    16305    16387
     329 3    16112    16212    16430
     330 3    16199    16296    16492
     331 3    16070    16366    16409
     332 3    16089    16397    16368
     333 3    16030    16387    16361
     334 3    16126    16436    16397
     335 3    16098    16530    16441
     336 3    16087    16370    16479
     337 3    16074    16409    16463
     338 3    16119    16430    16351
     339 3    16224    16581    16281
     340 3    16199    16492    16436
     341 3    16267    16265    16584
     342 3    16189    16586    16255
     343 3    16098    16361    16530
     344 3    16265    16248    16587
     345 3    16257    16267    16593
     346 3    16296    16351    16601
     347 3    16188    16609    16248
     348 3    16212    16257    16613
     349 3    16177    16618    16224
     350 3    16255    16638    16305
     351 3    16281    16639    16370
     352 3    16305    16657    16387
     353 3    16366    16358    16658
     354 3    16358    16368    16659
     355 3    16189    16479    16586
     356 3    16188    16435    16609
     357 3    16368    16397    16667
     358 3    16296    16601    16492
     359 3    16324    16678    16435
     360 3    16397    16436    16684
     361 3    16366    16687    16409
     362 3    16212    16613    16430
     363 3    16224    16618    16581
     364 3    16361    16387    16702
     365 3    16267    16584    16593
     366 3    16281    16581    16639
     367 3    16436    16492    16720
     368 3    16265    16587    16584
     369 3    16351    16430    16728
     370 3    16255    16586    16638
     371 3    16305    16638    16657
     372 3    16257    16593    16613
     373 3    16370    16768    16479
     374 3    16248    16609    16587
     375 3    16492    16601    16782
     376 3    16358    16659    16658
     377 3    16366    16658    16687
     378 3    16351    16728    16601
     379 3    16368    16667    16659
     380 3    16324    16441    16678
     381 3    16397    16684    16667
     382 3    16435    16678    16892
     383 3    16436    16720    16684
     384 3    16409    16904    16463
     385 3    16387    16657    16919
     386 3    16492    16782    16720
     387 3    16387    16919    16702
     388 3    16370    16639    16768
     389 3    16430    16613    16976
     390 3    16409    16687    16904
     391 3    16435    16892    16609
     392 3    16430    16976    16728
     393 3    16584    16587    17042
     394 3    16361    16702    16530
     395 3    16593    16584    17048
     396 3    16479    17052    16586
     397 3    16587    16609    17090
     398 3    16593    17096    16613
     399 3    16687    16658    17121
     400 3    16667    16684    17153
     401 3    16658    16659    17156
     402 3    16659    16667    17160
     403 3    16720    17161    16684
     404 3    16479    16768    17052
     405 3    16720    16782    17202
     406 3    16687    17223    16904
     407 3    16601    16728    17226
     408 3    16613    17237    16976
     409 3    16687    17121    17223
     410 3    16601    17226    16782
     411 3    16593    17048    17096
     412 3    16613    17096    17237
     413 3    16584    17042    17048
     414 3    16586    17274    16638
     415 3    16658    17156    17121
     416 3    16587    17090    17042
     417 3    16609    16892    17295
     418 3    16638    17304    16657
     419 3    16720    17202    17161
     420 3    16659    17160    17156
     421 3    16586    17052    17274
     422 3    16609    17295    17090
     423 3    16684    17161    17153
     424 3    16667    17153    17160
     425 3    16728    16976    17433
     426 3    16638    17274    17304
     427 3    16728    17433    17226
     428 3    17048    17042    17536
     429 3    16657    17304    16919
     430 3    17042    17090    17542
     431 3    17090    17295    17552
     432 3    16976    17237    17557
     433 3    17096    17048    17569
     434 3    16782    17226    17202
     435 3    16976    17557    17433
     436 3    17096    17602    17237
     437 3    17090    17552    17542
     438 3    17096    17569    17602
     439 3    17048    17536    17569
     440 3    17042    17542    17536
     441 3    16904    17223    17733
     442 3    17237    17602    17557
     443 3    17536    17542    17822
     444 3    17569    17536    17877
     445 3    17536    17822    17877
     446 3    17602    17569    17931
     447 3    17569    17877    17931
 0                                                                              
 0                                                                              
 2                                                                              
 73                                                                             
      38       1                                                                
   15514
   15398
   15333
   15188
   15184
   14986
   14658
   14292
   13927
   13706
   13521
   13522
   13461
   13420
   13400
   13384
   13379
   13380
   13391
   13392
   13690
   13984
   14249
   14563
   15081
   15090
   15244
   15245
   15503
   15654
   15563
   15517
   15515
   15530
   15858
   15580
   15415
   14939
      33       1                                                                
   16371
   16177
   16618
   16581
   16639
   16768
   17052
   17274
   17304
   16919
   16702
   16530
   16441
   16678
   16892
   17295
   17552
   17542
   17822
   17877
   17931
   17602
   17557
   17433
   17226
   17202
   17161
   17153
   17160
   17156
   17121
   17223
   17733
