FileFmt      1050624           0           0
NELG           58641         560         447
       24821
       24827
       24834
       24848
       24889
       24948
       24960
       24969
       24982
       25002
       25053
       25054
       25101
       25189
       25197
       25210
       25236
       25284
       25316
       25336
       25365
       25383
       25403
       25437
       25457
       25659
       25667
       25677
       25697
       25713
       25723
       25807
       25839
       25863
       25875
       25923
       25925
       26200
       26208
       26227
       26239
       26248
       26320
       26392
       26399
       26414
       26426
       26511
       26663
       26681
       26690
       26729
       26782
       26873
       26902
       26903
       26918
       26924
       27048
       27199
       27218
       27226
       27278
       27311
       27329
       27468
       27516
       27522
       27554
       27561
       27575
       27620
       27622
       27636
       27638
       27807
       27812
       27895
       27899
       27904
       27905
       27910
       27927
       27939
       27944
       27959
       27980
       27983
       28017
       28026
       28041
       28050
       28105
       28177
       28186
       28188
       28190
       28193
       28200
       28204
       28206
       28221
       28260
       28271
       28279
       28280
       28316
       28352
       28360
       28381
       28387
       28392
       28393
       28407
       28413
       28467
       28477
       28479
       28505
       28551
       28559
       28568
       28580
       28581
       28583
       28590
       28595
       28608
       28609
       28615
       28627
       28630
       28637
       28643
       28662
       28672
       28683
       28691
       28699
       28706
       28709
       28723
       28724
       28728
       28729
       28730
       28736
       28737
       28740
       28770
       28772
       28785
       28786
       28803
       28815
       28818
       28819
       28820
       28829
       28830
       28838
       28840
       28855
       28871
       28881
       28886
       28893
       28897
       28911
       28928
       28935
       28948
       28950
       28953
       28966
       28979
       28981
       28985
       28997
       28999
       29004
       29009
       29012
       29031
       29034
       29045
       29046
       29047
       29049
       29067
       29068
       29077
       29078
       29080
       29092
       29097
       29098
       29104
       29106
       29119
       29122
       29123
       29125
       29126
       29136
       29140
       29145
       29152
       29164
       29170
       29176
       29179
       29182
       29186
       29188
       29189
       29217
       29218
       29236
       29238
       29241
       29251
       29254
       29256
       29264
       29267
       29293
       29322
       29330
       29334
       29335
       29345
       29346
       29353
       29376
       29380
       29387
       29389
       29404
       29405
       29406
       29407
       29411
       29412
       29414
       29418
       29428
       29431
       29434
       29442
       29454
       29457
       29460
       29481
       29485
       29504
       29508
       29516
       29527
       29554
       29555
       29582
       29599
       29606
       29615
       29623
       29624
       29631
       29641
       29660
       29667
       29668
       29692
       29718
       29732
       29737
       29740
       29741
       29746
       29748
       29753
       29756
       29765
       29767
       29775
       29781
       29785
       29801
       29802
       29805
       29819
       29831
       29847
       29865
       29888
       29937
       29940
       29942
       29950
       29952
       29961
       29962
       29969
       29973
       29975
       29976
       29980
       29981
       30007
       30011
       30013
       30018
       30021
       30027
       30048
       30051
       30088
       30097
       30098
       30114
       30117
       30148
       30149
       30154
       30186
       30187
       30195
       30198
       30206
       30211
       30230
       30231
       30250
       30273
       30277
       30330
       30346
       30348
       30358
       30360
       30367
       30369
       30370
       30374
       30384
       30402
       30416
       30423
       30432
       30474
       30475
       30514
       30515
       30516
       30525
       30537
       30541
       30554
       30563
       30579
       30587
       30609
       30610
       30613
       30633
       30639
       30641
       30645
       30658
       30683
       30695
       30704
       30732
       30741
       30751
       30785
       30787
       30794
       30839
       30869
       30901
       30929
       30936
       30952
       30975
       30980
       31019
       31054
       31077
       31118
       31127
       31190
       31209
       31212
       31221
       31225
       31293
       31308
       31343
       31392
       31396
       31400
       31401
       31441
       31480
       31518
       31524
       31556
       31566
       31612
       31617
       31618
       31620
       31637
       31661
       31662
       31665
       31676
       31777
       31823
       31870
       31874
       31883
       31894
       31953
       32044
       32138
       32159
       32160
       32170
       32185
       32193
       32209
       32249
       32258
       32265
       32340
       32407
       32414
       32442
       32526
       32672
       32695
       32794
       32861
       32905
       32960
NNODG          32218         319         264
       13379
       13380
       13381
       13383
       13384
       13391
       13392
       13400
       13401
       13420
       13421
       13460
       13461
       13521
       13522
       13608
       13615
       13625
       13646
       13672
       13690
       13706
       13903
       13905
       13914
       13921
       13927
       13934
       13984
       14220
       14225
       14236
       14244
       14249
       14292
       14492
       14499
       14503
       14526
       14563
       14653
       14658
       14828
       14838
       14844
       14879
       14898
       14907
      -14939
       14985
       14986
       15081
       15082
       15090
       15091
       15184
       15185
       15187
       15188
       15231
       15235
       15238
       15239
       15244
       15245
       15246
       15256
       15263
       15265
       15290
       15292
       15325
       15333
       15334
      -15363
       15395
       15397
       15398
       15407
       15415
       15416
       15503
       15513
      -15514
       15515
       15516
       15517
       15522
       15530
       15531
       15562
       15563
       15567
       15569
       15580
       15599
       15606
       15609
      -15610
       15617
       15618
       15620
       15623
      -15630
       15633
       15634
       15637
       15649
       15653
       15654
       15664
       15669
       15682
       15684
       15691
       15692
       15697
       15698
       15714
       15716
       15743
       15746
       15756
       15764
      -15774
       15783
       15793
       15807
       15812
       15822
       15830
       15838
       15841
       15848
       15854
       15858
       15866
       15873
       15874
       15875
       15884
       15891
       15900
       15906
       15911
       15913
       15914
       15920
       15923
       15930
       15938
       15941
       15942
       15945
       15946
       15968
       15971
       15976
       15980
       16023
       16030
       16047
       16053
       16062
       16063
      -16065
       16066
       16070
      -16074
       16081
       16087
       16089
       16098
       16112
       16119
       16126
       16177
       16188
       16189
       16199
       16212
       16224
       16248
       16255
       16257
       16265
       16267
       16281
       16296
       16305
       16324
       16351
       16358
       16361
       16366
       16368
       16370
      -16371
       16387
       16397
       16409
       16430
       16435
       16436
       16441
      -16463
       16479
       16492
       16530
       16581
       16584
       16586
       16587
       16593
       16601
       16609
       16613
       16618
       16638
       16639
       16657
       16658
       16659
       16667
       16678
       16684
       16687
       16702
       16720
       16728
       16768
       16782
       16892
      -16904
       16919
       16976
       17042
       17048
       17052
       17090
       17096
       17121
       17153
       17156
       17160
       17161
       17202
       17223
       17226
       17237
       17274
       17295
       17304
       17433
       17536
       17542
       17552
       17557
       17569
       17602
      -17733
       17822
       17877
       17931
NFLUXF             0
NETA             128          29           0
NSTAE              0           0           0
NSTAV              0           0           0
NSTAM              0           0           0
NSTAC              0           0           0
RES NODE          72         252
                   1           2           3           4           5           6
                   7           8           9          10          11          12
                  13          14          15          16          17          18
                  19          20          21          22          23          24
                  25          26          27          28          29          30
                  31          32          33          34          35          36
                  37          38          39          40          41          42
                  43          44          45          46          47          48
                  50          51          52          53          54          55
                  56          57          58          59          60          61
                  62          63          64          65          66          67
                  68          69          70          71          72          73
                  74          76          77          78          79          80
                  81          82          83          85          86          87
                  88          89          90          91          92          93
                  94          95          96          97          98         100
                 101         102         103         105         106         107
                 108         109         110         111         112         113
                 114         115         116         117         118         119
                 120         121         122         123         124         126
                 127         128         129         130         131         132
                 133         134         135         136         137         138
                 139         140         141         142         143         144
                 145         146         147         148         149         150
                 151         152         153         154         155         156
                 157         158         159         160         161         162
                 163         164         165         167         168         170
                 171         172         173         174         175         176
                 177         178         179         180         181         182
                 183         184         185         186         187         188
                 189         190         191         192         193         194
                 195         196         197         199         200         201
                 202         203         204         205         207         208
                 209         210         211         212         213         214
                 215         216         217         218         219         220
                 221         222         223         224         225         226
                 227         228         229         230         231         232
                 233         235         236         237         238         239
                 240         241         242         243         244         245
                 246         247         248         249         250         251
                 252         253         254         255         256         257
                 258         259         260         262         263         264
COMM PE            2
RECV PE           75           5
                  49          75         104         166         198
RECV PE           76           7
                  84          99         125         169         206         234
                 261
SEND PE           75           4
                  80          81         124         177
SEND PE           76           8
                  78          83          97         133         168         201
                 227         248
