Nodal attrs for bi_1997_v2.grd - 10/24/2013                                     
         294
           1
primitive_weighting_in_continuity_equation                                      
1                                                                               
           1
  0.300000000E-01
primitive_weighting_in_continuity_equation                                      
         105
     29998    0.20000000E-01
     29999    0.20000000E-01
     30000    0.20000000E-01
     30003    0.20000000E-01
     30004    0.20000000E-01
     30009    0.20000000E-01
     30010    0.20000000E-01
     30013    0.20000000E-01
     30014    0.20000000E-01
     30018    0.20000000E-01
     30019    0.20000000E-01
     30034    0.20000000E-01
     30038    0.20000000E-01
     30039    0.20000000E-01
     30062    0.20000000E-01
     30072    0.20000000E-01
     30073    0.20000000E-01
     30075    0.20000000E-01
     30078    0.20000000E-01
     30081    0.20000000E-01
     30082    0.20000000E-01
     30083    0.20000000E-01
     30086    0.20000000E-01
     30090    0.20000000E-01
     30092    0.20000000E-01
     30112    0.20000000E-01
     30117    0.20000000E-01
     30118    0.20000000E-01
     30120    0.20000000E-01
     30126    0.20000000E-01
     30133    0.20000000E-01
     30135    0.20000000E-01
     30138    0.20000000E-01
     30139    0.20000000E-01
     30143    0.20000000E-01
     30148    0.20000000E-01
     30151    0.20000000E-01
     30152    0.20000000E-01
     30155    0.20000000E-01
     30159    0.20000000E-01
     30160    0.20000000E-01
     30162    0.20000000E-01
     30163    0.20000000E-01
     30167    0.20000000E-01
     30168    0.20000000E-01
     30184    0.20000000E-01
     30191    0.20000000E-01
     30192    0.20000000E-01
     30199    0.20000000E-01
     30206    0.20000000E-01
     30209    0.20000000E-01
     30210    0.20000000E-01
     30214    0.20000000E-01
     30219    0.20000000E-01
     30234    0.20000000E-01
     30239    0.20000000E-01
     30247    0.20000000E-01
     30248    0.20000000E-01
     30251    0.20000000E-01
     30255    0.20000000E-01
     30258    0.20000000E-01
     30262    0.20000000E-01
     30266    0.20000000E-01
     30277    0.20000000E-01
     30286    0.20000000E-01
     30292    0.20000000E-01
     30293    0.20000000E-01
     30311    0.20000000E-01
     30327    0.20000000E-01
     30331    0.20000000E-01
     30344    0.20000000E-01
     30347    0.20000000E-01
     30351    0.20000000E-01
     30356    0.20000000E-01
     30359    0.20000000E-01
     30367    0.20000000E-01
     30369    0.20000000E-01
     30374    0.20000000E-01
     30396    0.20000000E-01
     30409    0.20000000E-01
     30429    0.20000000E-01
     30432    0.20000000E-01
     30435    0.20000000E-01
     30439    0.20000000E-01
     30441    0.20000000E-01
     30447    0.20000000E-01
     30448    0.20000000E-01
     30449    0.20000000E-01
     30452    0.20000000E-01
     30475    0.20000000E-01
     30496    0.20000000E-01
     30497    0.20000000E-01
     30508    0.20000000E-01
     30512    0.20000000E-01
     30515    0.20000000E-01
     30526    0.20000000E-01
     30531    0.20000000E-01
     30557    0.20000000E-01
     30568    0.20000000E-01
     30571    0.20000000E-01
     30572    0.20000000E-01
     30580    0.20000000E-01
     30596    0.20000000E-01
     30615    0.20000000E-01
     30617    0.20000000E-01
