bi_1997_v2.grd                                                                  
     533     297
    4319 -0.765116200000E+02  0.345293400000E+02  0.655500000000E+01
    4321 -0.765177600000E+02  0.345295400000E+02  0.770500000000E+01
    4324 -0.765239100000E+02  0.345299100000E+02  0.109390000000E+02
    4331 -0.765300500000E+02  0.345304500000E+02  0.125770000000E+02
    4339 -0.765361800000E+02  0.345311700000E+02  0.141440000000E+02
    4345 -0.765422800000E+02  0.345320700000E+02  0.149080000000E+02
    4351 -0.765483400000E+02  0.345331900000E+02  0.155890000000E+02
    4357 -0.765087400000E+02  0.345343300000E+02  0.274000000000E+01
    4359 -0.765147200000E+02  0.345344600000E+02  0.416100000000E+01
    4363 -0.765543600000E+02  0.345345400000E+02  0.159130000000E+02
    4364 -0.765207200000E+02  0.345347400000E+02  0.705000000000E+01
    4367 -0.765267200000E+02  0.345351800000E+02  0.102610000000E+02
    4372 -0.765326800000E+02  0.345357900000E+02  0.121770000000E+02
    4374 -0.765603200000E+02  0.345361400000E+02  0.161920000000E+02
    4376 -0.765386300000E+02  0.345365700000E+02  0.137250000000E+02
    4383 -0.765445200000E+02  0.345375500000E+02  0.147220000000E+02
    4388 -0.765662200000E+02  0.345380000000E+02  0.163170000000E+02
    4392 -0.765503500000E+02  0.345387400000E+02  0.152880000000E+02
    4396 -0.765060000000E+02  0.345392500000E+02  0.340200000000E+01
    4397 -0.765118500000E+02  0.345393000000E+02  0.334400000000E+01
    4399 -0.765177000000E+02  0.345395000000E+02  0.428600000000E+01
    4403 -0.765235400000E+02  0.345398400000E+02  0.674700000000E+01
    4406 -0.765561100000E+02  0.345401700000E+02  0.157070000000E+02
    4408 -0.765293700000E+02  0.345403400000E+02  0.987100000000E+01
    4409 -0.765720400000E+02  0.345401300000E+02  0.165700000000E+02
    4417 -0.765351600000E+02  0.345410100000E+02  0.119600000000E+02
    4423 -0.765409000000E+02  0.345418500000E+02  0.132250000000E+02
    4425 -0.765618000000E+02  0.345418500000E+02  0.160830000000E+02
    4430 -0.765777800000E+02  0.345425300000E+02  0.168840000000E+02
    4432 -0.765465700000E+02  0.345428800000E+02  0.143630000000E+02
    4436 -0.765674100000E+02  0.345438000000E+02  0.163670000000E+02
    4438 -0.765091100000E+02  0.345440700000E+02  0.379200000000E+01
    4439 -0.765034100000E+02  0.345440800000E+02  0.385200000000E+01
    4440 -0.765148200000E+02  0.345441900000E+02  0.400000000000E+01
    4441 -0.765521500000E+02  0.345441200000E+02  0.151280000000E+02
    4444 -0.765205300000E+02  0.345444500000E+02  0.453000000000E+01
    4449 -0.765262200000E+02  0.345448500000E+02  0.690700000000E+01
    4454 -0.765318900000E+02  0.345453900000E+02  0.976000000000E+01
    4457 -0.765834600000E+02  0.345451600000E+02  0.169860000000E+02
    4459 -0.765576300000E+02  0.345456200000E+02  0.157010000000E+02
    4460 -0.765375000000E+02  0.345461000000E+02  0.118340000000E+02
    4461 -0.765729400000E+02  0.345460200000E+02  0.166550000000E+02
    4464 -0.765430300000E+02  0.345469700000E+02  0.131060000000E+02
    4468 -0.765630300000E+02  0.345473800000E+02  0.161710000000E+02
    4471 -0.765484500000E+02  0.345480200000E+02  0.142170000000E+02
    4472 -0.765891100000E+02  0.345480000000E+02  0.171070000000E+02
    4475 -0.765065100000E+02  0.345487600000E+02  0.354600000000E+01
    4476 -0.765120800000E+02  0.345488100000E+02  0.363300000000E+01
    4479 -0.765009500000E+02  0.345488200000E+02  0.540100000000E+01
    4480 -0.765784100000E+02  0.345485200000E+02  0.168640000000E+02
    4483 -0.765176700000E+02  0.345489800000E+02  0.388700000000E+01
    4486 -0.765232400000E+02  0.345492900000E+02  0.448600000000E+01
    4488 -0.765537500000E+02  0.345493000000E+02  0.150450000000E+02
    4492 -0.765683400000E+02  0.345494200000E+02  0.165000000000E+02
    4494 -0.765287900000E+02  0.345497400000E+02  0.724600000000E+01
    4499 -0.765342800000E+02  0.345503200000E+02  0.965700000000E+01
    4504 -0.765589200000E+02  0.345508600000E+02  0.157320000000E+02
    4505 -0.765397000000E+02  0.345510400000E+02  0.111430000000E+02
    4510 -0.765948000000E+02  0.345510300000E+02  0.172970000000E+02
    4514 -0.765838500000E+02  0.345513000000E+02  0.170680000000E+02
    4516 -0.765450200000E+02  0.345519100000E+02  0.126340000000E+02
    4518 -0.765735900000E+02  0.345517300000E+02  0.167210000000E+02
    4520 -0.765640200000E+02  0.345527100000E+02  0.162530000000E+02
    4521 -0.765501700000E+02  0.345529400000E+02  0.140760000000E+02
    4526 -0.765094800000E+02  0.345533600000E+02  0.334400000000E+01
    4527 -0.765040300000E+02  0.345533600000E+02  0.477300000000E+01
    4528 -0.765149500000E+02  0.345534700000E+02  0.367400000000E+01
    4529 -0.764986000000E+02  0.345534800000E+02  0.805600000000E+01
    4531 -0.765204000000E+02  0.345537000000E+02  0.354500000000E+01
    4535 -0.765258300000E+02  0.345540400000E+02  0.378200000000E+01
    4537 -0.766005700000E+02  0.345540600000E+02  0.174070000000E+02
    4538 -0.765551100000E+02  0.345542400000E+02  0.149880000000E+02
    4541 -0.765312300000E+02  0.345545200000E+02  0.538800000000E+01
    4544 -0.765787600000E+02  0.345543600000E+02  0.169730000000E+02
    4545 -0.765893200000E+02  0.345543500000E+02  0.172310000000E+02
    4547 -0.765690300000E+02  0.345548200000E+02  0.165710000000E+02
    4548 -0.765365700000E+02  0.345551200000E+02  0.844400000000E+01
    4552 -0.765418300000E+02  0.345558400000E+02  0.107740000000E+02
    4555 -0.765599600000E+02  0.345559000000E+02  0.157160000000E+02
    4559 -0.765469400000E+02  0.345566200000E+02  0.123060000000E+02
    4567 -0.765517100000E+02  0.345575000000E+02  0.139620000000E+02
    4570 -0.765739500000E+02  0.345572300000E+02  0.168290000000E+02
    4572 -0.765839200000E+02  0.345573500000E+02  0.171930000000E+02
    4573 -0.765069900000E+02  0.345578300000E+02  0.450900000000E+01
    4574 -0.765123400000E+02  0.345578900000E+02  0.357400000000E+01
    4575 -0.765016500000E+02  0.345578800000E+02  0.724500000000E+01
    4576 -0.765176900000E+02  0.345580400000E+02  0.365400000000E+01
    4578 -0.765949700000E+02  0.345576400000E+02  0.174400000000E+02
    4579 -0.765647700000E+02  0.345578300000E+02  0.162890000000E+02
    4580 -0.765230300000E+02  0.345583100000E+02  0.334200000000E+01
    4586 -0.765283200000E+02  0.345586900000E+02  0.359900000000E+01
    4589 -0.765561700000E+02  0.345589400000E+02  0.149540000000E+02
    4591 -0.765335800000E+02  0.345591900000E+02  0.477600000000E+01
    4594 -0.765387800000E+02  0.345598000000E+02  0.751300000000E+01
    4596 -0.765694800000E+02  0.345599900000E+02  0.166240000000E+02
    4597 -0.765787600000E+02  0.345600100000E+02  0.170670000000E+02
    4599 -0.765439500000E+02  0.345605200000E+02  0.102840000000E+02
    4603 -0.765489000000E+02  0.345610200000E+02  0.120020000000E+02
    4604 -0.765607100000E+02  0.345608300000E+02  0.157430000000E+02
    4606 -0.765891900000E+02  0.345607600000E+02  0.174020000000E+02
    4607 -0.765529600000E+02  0.345612400000E+02  0.139460000000E+02
    4609 -0.766010300000E+02  0.345609600000E+02  0.174590000000E+02
    4614 -0.765045900000E+02  0.345622400000E+02  0.663500000000E+01
    4615 -0.765098500000E+02  0.345622500000E+02  0.422100000000E+01
    4616 -0.764993600000E+02  0.345623300000E+02  0.861400000000E+01
    4617 -0.765151100000E+02  0.345623500000E+02  0.364900000000E+01
    4619 -0.765203500000E+02  0.345625500000E+02  0.358900000000E+01
    4623 -0.765255600000E+02  0.345628400000E+02  0.344200000000E+01
    4624 -0.765740100000E+02  0.345624400000E+02  0.169060000000E+02
    4625 -0.765653500000E+02  0.345627400000E+02  0.162240000000E+02
    4628 -0.765307200000E+02  0.345632300000E+02  0.345500000000E+01
    4632 -0.765835300000E+02  0.345632800000E+02  0.173560000000E+02
    4634 -0.765358400000E+02  0.345637400000E+02  0.462000000000E+01
    4636 -0.765565100000E+02  0.345639400000E+02  0.147000000000E+02
    4637 -0.765409200000E+02  0.345644000000E+02  0.805200000000E+01
    4639 -0.765515100000E+02  0.345647800000E+02  0.124720000000E+02
    4642 -0.765948300000E+02  0.345646100000E+02  0.175320000000E+02
    4645 -0.765697400000E+02  0.345648400000E+02  0.165880000000E+02
    4646 -0.765463300000E+02  0.345654200000E+02  0.992700000000E+01
    4648 -0.765783200000E+02  0.345653400000E+02  0.171480000000E+02
    4650 -0.765614900000E+02  0.345655700000E+02  0.155600000000E+02
    4656 -0.765074400000E+02  0.345665600000E+02  0.599700000000E+01
    4658 -0.765022700000E+02  0.345665900000E+02  0.802900000000E+01
    4659 -0.765126100000E+02  0.345666100000E+02  0.413400000000E+01
    4662 -0.765177800000E+02  0.345667500000E+02  0.366100000000E+01
    4664 -0.765229100000E+02  0.345669600000E+02  0.349600000000E+01
    4667 -0.765280100000E+02  0.345672700000E+02  0.313000000000E+01
    4670 -0.765737800000E+02  0.345671900000E+02  0.168080000000E+02
    4671 -0.765884600000E+02  0.345672800000E+02  0.174020000000E+02
    4673 -0.765658600000E+02  0.345673700000E+02  0.160260000000E+02
    4674 -0.765330400000E+02  0.345676600000E+02  0.325100000000E+01
    4677 -0.765583300000E+02  0.345679900000E+02  0.146730000000E+02
    4678 -0.765379500000E+02  0.345681400000E+02  0.534000000000E+01
    4680 -0.765543800000E+02  0.345682200000E+02  0.133920000000E+02
    4683 -0.765426600000E+02  0.345687600000E+02  0.785800000000E+01
    4685 -0.766011300000E+02  0.345683900000E+02  0.174580000000E+02
    4686 -0.765499800000E+02  0.345688100000E+02  0.109590000000E+02
    4688 -0.765824700000E+02  0.345689300000E+02  0.171500000000E+02
    4691 -0.765699200000E+02  0.345692800000E+02  0.163910000000E+02
    4695 -0.765463700000E+02  0.345696500000E+02  0.919200000000E+01
    4700 -0.765773300000E+02  0.345701800000E+02  0.168840000000E+02
    4704 -0.765620900000E+02  0.345705400000E+02  0.152520000000E+02
    4705 -0.765051000000E+02  0.345708100000E+02  0.781800000000E+01
    4706 -0.765102000000E+02  0.345708200000E+02  0.593900000000E+01
    4708 -0.765153000000E+02  0.345709100000E+02  0.414300000000E+01
    4710 -0.765203700000E+02  0.345710700000E+02  0.318900000000E+01
    4713 -0.765733300000E+02  0.345710300000E+02  0.166030000000E+02
    4714 -0.765254100000E+02  0.345713100000E+02  0.364700000000E+01
    4716 -0.765666000000E+02  0.345712100000E+02  0.159130000000E+02
    4718 -0.765304000000E+02  0.345716100000E+02  0.405400000000E+01
    4720 -0.765571900000E+02  0.345716300000E+02  0.138590000000E+02
    4723 -0.765352800000E+02  0.345719500000E+02  0.530800000000E+01
    4726 -0.765527500000E+02  0.345721700000E+02  0.114630000000E+02
    4727 -0.765399900000E+02  0.345723100000E+02  0.698500000000E+01
    4731 -0.765485100000E+02  0.345726000000E+02  0.990400000000E+01
    4732 -0.765443700000E+02  0.345726400000E+02  0.845200000000E+01
    4733 -0.765941000000E+02  0.345726200000E+02  0.174170000000E+02
    4737 -0.765865500000E+02  0.345734200000E+02  0.171920000000E+02
    4739 -0.765806200000E+02  0.345740700000E+02  0.169290000000E+02
    4740 -0.765701400000E+02  0.345740400000E+02  0.161140000000E+02
    4745 -0.765754300000E+02  0.345744600000E+02  0.165820000000E+02
    4748 -0.765649600000E+02  0.345748000000E+02  0.154170000000E+02
    4749 -0.765078500000E+02  0.345749900000E+02  0.760500000000E+01
    4751 -0.765128800000E+02  0.345750400000E+02  0.602000000000E+01
    4753 -0.765179100000E+02  0.345751600000E+02  0.400000000000E+01
    4754 -0.765601300000E+02  0.345751800000E+02  0.144990000000E+02
    4758 -0.765229200000E+02  0.345753400000E+02  0.261100000000E+01
    4760 -0.765278800000E+02  0.345755800000E+02  0.362800000000E+01
    4761 -0.765554600000E+02  0.345756800000E+02  0.123460000000E+02
    4764 -0.765327600000E+02  0.345758600000E+02  0.387700000000E+01
    4765 -0.765509700000E+02  0.345760600000E+02  0.102840000000E+02
    4767 -0.765375300000E+02  0.345761000000E+02  0.549700000000E+01
    4768 -0.766015300000E+02  0.345756800000E+02  0.173600000000E+02
    4771 -0.765421300000E+02  0.345762700000E+02  0.719400000000E+01
    4772 -0.765465700000E+02  0.345762700000E+02  0.872000000000E+01
    4786 -0.765729400000E+02  0.345786900000E+02  0.162090000000E+02
    4787 -0.765837200000E+02  0.345787000000E+02  0.168300000000E+02
    4788 -0.765781800000E+02  0.345787300000E+02  0.165870000000E+02
    4789 -0.765678300000E+02  0.345787700000E+02  0.157240000000E+02
    4790 -0.765898500000E+02  0.345788700000E+02  0.170710000000E+02
    4794 -0.765629000000E+02  0.345790600000E+02  0.148040000000E+02
    4796 -0.765105100000E+02  0.345791400000E+02  0.708700000000E+01
    4798 -0.765154900000E+02  0.345792200000E+02  0.584900000000E+01
    4802 -0.765204700000E+02  0.345793600000E+02  0.420500000000E+01
    4803 -0.765581500000E+02  0.345793600000E+02  0.130310000000E+02
    4806 -0.765254300000E+02  0.345795600000E+02  0.265600000000E+01
    4807 -0.765535400000E+02  0.345796800000E+02  0.110040000000E+02
    4811 -0.765303300000E+02  0.345798300000E+02  0.283800000000E+01
    4814 -0.765490000000E+02  0.345799400000E+02  0.910600000000E+01
    4816 -0.765351500000E+02  0.345800700000E+02  0.506100000000E+01
    4817 -0.765444600000E+02  0.345801000000E+02  0.752000000000E+01
    4818 -0.765963000000E+02  0.345800500000E+02  0.172530000000E+02
    4820 -0.765398600000E+02  0.345801600000E+02  0.677800000000E+01
    4843 -0.765704700000E+02  0.345829800000E+02  0.158450000000E+02
    4844 -0.765655600000E+02  0.345830200000E+02  0.152390000000E+02
    4845 -0.765755400000E+02  0.345830900000E+02  0.161830000000E+02
    4846 -0.765607800000E+02  0.345831800000E+02  0.140830000000E+02
    4851 -0.765130900000E+02  0.345832600000E+02  0.685400000000E+01
    4852 -0.765808000000E+02  0.345833300000E+02  0.164760000000E+02
    4853 -0.765180400000E+02  0.345833500000E+02  0.640400000000E+01
    4856 -0.765561100000E+02  0.345833900000E+02  0.119200000000E+02
    4857 -0.765229900000E+02  0.345835000000E+02  0.480400000000E+01
    4860 -0.765515100000E+02  0.345836300000E+02  0.100710000000E+02
    4862 -0.765279500000E+02  0.345837300000E+02  0.163000000000E+01
    4863 -0.765863300000E+02  0.345837600000E+02  0.166390000000E+02
    4866 -0.765469100000E+02  0.345838700000E+02  0.817800000000E+01
    4868 -0.765422800000E+02  0.345841000000E+02  0.615600000000E+01
    4869 -0.765328200000E+02  0.345841400000E+02  0.146800000000E+01
    4871 -0.765375800000E+02  0.345843100000E+02  0.371100000000E+01
    4874 -0.765920800000E+02  0.345846500000E+02  0.168590000000E+02
    4897 -0.765632900000E+02  0.345870500000E+02  0.146770000000E+02
    4898 -0.765680400000E+02  0.345870700000E+02  0.154840000000E+02
    4899 -0.765586500000E+02  0.345871500000E+02  0.131740000000E+02
    4901 -0.765729100000E+02  0.345872400000E+02  0.157460000000E+02
    4906 -0.765540500000E+02  0.345873300000E+02  0.111300000000E+02
    4907 -0.765156100000E+02  0.345873500000E+02  0.725100000000E+01
    4909 -0.765205400000E+02  0.345874300000E+02  0.583000000000E+01
    4910 -0.765255000000E+02  0.345875500000E+02  0.306800000000E+01
    4911 -0.765779100000E+02  0.345875700000E+02  0.160800000000E+02
    4912 -0.765494500000E+02  0.345875900000E+02  0.950700000000E+01
    4916 -0.765305700000E+02  0.345878100000E+02  0.849000000000E+00
    4919 -0.765448000000E+02  0.345878800000E+02  0.593300000000E+01
    4922 -0.765830800000E+02  0.345881000000E+02  0.163010000000E+02
    4924 -0.765400700000E+02  0.345882700000E+02  0.341500000000E+01
    4935 -0.765883900000E+02  0.345889100000E+02  0.165030000000E+02
    4937 -0.765353400000E+02  0.345891200000E+02  0.673000000000E+00
    4956 -0.765610800000E+02  0.345909100000E+02  0.139270000000E+02
    4957 -0.765656700000E+02  0.345909600000E+02  0.150630000000E+02
    4959 -0.765565500000E+02  0.345910100000E+02  0.125870000000E+02
    4963 -0.765703400000E+02  0.345911600000E+02  0.155130000000E+02
    4964 -0.765338900000E+02  0.345909600000E+02  0.488000000000E+00
    4968 -0.765520200000E+02  0.345912400000E+02  0.106040000000E+02
    4973 -0.765279400000E+02  0.345913700000E+02  0.201000000000E+01
    4977 -0.765751200000E+02  0.345915300000E+02  0.157240000000E+02
    4978 -0.765474100000E+02  0.345915500000E+02  0.637000000000E+01
    4984 -0.765427000000E+02  0.345919300000E+02  0.329600000000E+01
    4987 -0.765800200000E+02  0.345920900000E+02  0.159640000000E+02
    4988 -0.765377000000E+02  0.345922800000E+02  0.658000000000E+00
    4999 -0.765850200000E+02  0.345928800000E+02  0.161270000000E+02
    5016 -0.765589600000E+02  0.345946400000E+02  0.135150000000E+02
    5017 -0.765633800000E+02  0.345946700000E+02  0.143890000000E+02
    5020 -0.765545700000E+02  0.345948100000E+02  0.117020000000E+02
    5022 -0.765678600000E+02  0.345948800000E+02  0.152650000000E+02
    5027 -0.765501000000E+02  0.345951600000E+02  0.742300000000E+01
    5029 -0.765724300000E+02  0.345952700000E+02  0.154610000000E+02
    5039 -0.765454000000E+02  0.345955200000E+02  0.283100000000E+01
    5046 -0.765771000000E+02  0.345958400000E+02  0.156640000000E+02
    5049 -0.765408200000E+02  0.345960900000E+02  0.710000000000E+00
    5056 -0.765818600000E+02  0.345966100000E+02  0.158130000000E+02
    5068 -0.765866900000E+02  0.345975900000E+02  0.158160000000E+02
    5075 -0.765612100000E+02  0.345981900000E+02  0.139880000000E+02
    5077 -0.765570200000E+02  0.345982400000E+02  0.127440000000E+02
    5080 -0.765654800000E+02  0.345984000000E+02  0.145340000000E+02
    5084 -0.765528300000E+02  0.345985900000E+02  0.863100000000E+01
    5089 -0.765698500000E+02  0.345988000000E+02  0.149510000000E+02
    5096 -0.765430000000E+02  0.345991200000E+02  0.672000000000E+00
    5099 -0.765484000000E+02  0.345992700000E+02  0.295600000000E+01
    5103 -0.765743200000E+02  0.345993800000E+02  0.151810000000E+02
    5122 -0.765788700000E+02  0.346001400000E+02  0.153870000000E+02
    5131 -0.765834900000E+02  0.346010800000E+02  0.154960000000E+02
    5138 -0.765592300000E+02  0.346015200000E+02  0.135990000000E+02
    5142 -0.765553700000E+02  0.346016800000E+02  0.108060000000E+02
    5143 -0.765632500000E+02  0.346017100000E+02  0.142680000000E+02
    5153 -0.765673900000E+02  0.346021300000E+02  0.146500000000E+02
    5166 -0.765516000000E+02  0.346024400000E+02  0.459000000000E+01
    5167 -0.765716500000E+02  0.346027300000E+02  0.147870000000E+02
    5180 -0.765760000000E+02  0.346034900000E+02  0.149910000000E+02
    5202 -0.765804400000E+02  0.346044200000E+02  0.151370000000E+02
    5206 -0.765574700000E+02  0.346045700000E+02  0.123050000000E+02
    5208 -0.765611500000E+02  0.346047800000E+02  0.133610000000E+02
    5209 -0.765541400000E+02  0.346047400000E+02  0.709500000000E+01
    5213 -0.765474900000E+02  0.346048000000E+02  0.555000000000E+00
    5216 -0.765650400000E+02  0.346052400000E+02  0.142280000000E+02
    5227 -0.765513800000E+02  0.346055400000E+02  0.255000000000E+01
    5228 -0.765690800000E+02  0.346058700000E+02  0.143750000000E+02
    5242 -0.765732600000E+02  0.346066700000E+02  0.145870000000E+02
    5252 -0.765531700000E+02  0.346070700000E+02  0.367600000000E+01
    5255 -0.765558500000E+02  0.346071700000E+02  0.874800000000E+01
    5263 -0.765591600000E+02  0.346075300000E+02  0.121150000000E+02
    5265 -0.765775100000E+02  0.346076000000E+02  0.147920000000E+02
    5274 -0.765627700000E+02  0.346081000000E+02  0.132040000000E+02
    5286 -0.765666000000E+02  0.346088100000E+02  0.139460000000E+02
    5287 -0.765505100000E+02  0.346086600000E+02  0.607000000000E+00
    5293 -0.765540100000E+02  0.346092300000E+02  0.297400000000E+01
    5301 -0.765705900000E+02  0.346096600000E+02  0.141530000000E+02
    5308 -0.765571700000E+02  0.346098900000E+02  0.934800000000E+01
    5328 -0.765747000000E+02  0.346106200000E+02  0.143450000000E+02
    5329 -0.765605500000E+02  0.346106700000E+02  0.117690000000E+02
    5333 -0.765521400000E+02  0.346108000000E+02  0.552000000000E+00
    5353 -0.765641800000E+02  0.346115300000E+02  0.133200000000E+02
    5364 -0.765552100000E+02  0.346118000000E+02  0.330700000000E+01
    5386 -0.765680000000E+02  0.346124700000E+02  0.136190000000E+02
    5397 -0.765582900000E+02  0.346129500000E+02  0.751700000000E+01
    5399 -0.765538400000E+02  0.346130100000E+02  0.127400000000E+01
    5412 -0.765719500000E+02  0.346134900000E+02  0.139620000000E+02
    5423 -0.765617400000E+02  0.346140300000E+02  0.116120000000E+02
    5461 -0.765654200000E+02  0.346151000000E+02  0.132570000000E+02
       1 3     4321     4319     4359
       2 3     4321     4364     4324
       3 3     4324     4367     4331
       4 3     4331     4372     4339
       5 3     4319     4357     4359
       6 3     4321     4359     4364
       7 3     4339     4376     4345
       8 3     4324     4364     4367
       9 3     4331     4367     4372
      10 3     4345     4383     4351
      11 3     4339     4372     4376
      12 3     4351     4392     4363
      13 3     4345     4376     4383
      14 3     4359     4357     4397
      15 3     4364     4359     4399
      16 3     4364     4403     4367
      17 3     4351     4383     4392
      18 3     4363     4406     4374
      19 3     4367     4408     4372
      20 3     4357     4396     4397
      21 3     4372     4417     4376
      22 3     4359     4397     4399
      23 3     4363     4392     4406
      24 3     4364     4399     4403
      25 3     4367     4403     4408
      26 3     4376     4423     4383
      27 3     4374     4425     4388
      28 3     4372     4408     4417
      29 3     4374     4406     4425
      30 3     4383     4432     4392
      31 3     4376     4417     4423
      32 3     4388     4436     4409
      33 3     4397     4396     4438
      34 3     4383     4423     4432
      35 3     4399     4397     4440
      36 3     4392     4441     4406
      37 3     4399     4444     4403
      38 3     4388     4425     4436
      39 3     4403     4449     4408
      40 3     4392     4432     4441
      41 3     4408     4454     4417
      42 3     4406     4459     4425
      43 3     4396     4439     4438
      44 3     4397     4438     4440
      45 3     4399     4440     4444
      46 3     4417     4460     4423
      47 3     4409     4461     4430
      48 3     4403     4444     4449
      49 3     4406     4441     4459
      50 3     4409     4436     4461
      51 3     4408     4449     4454
      52 3     4423     4464     4432
      53 3     4417     4454     4460
      54 3     4425     4468     4436
      55 3     4432     4471     4441
      56 3     4423     4460     4464
      57 3     4425     4459     4468
      58 3     4438     4439     4475
      59 3     4440     4438     4476
      60 3     4430     4480     4457
      61 3     4444     4440     4483
      62 3     4432     4464     4471
      63 3     4430     4461     4480
      64 3     4444     4486     4449
      65 3     4441     4488     4459
      66 3     4436     4492     4461
      67 3     4449     4494     4454
      68 3     4436     4468     4492
      69 3     4441     4471     4488
      70 3     4454     4499     4460
      71 3     4439     4479     4475
      72 3     4438     4475     4476
      73 3     4440     4476     4483
      74 3     4444     4483     4486
      75 3     4459     4504     4468
      76 3     4460     4505     4464
      77 3     4449     4486     4494
      78 3     4454     4494     4499
      79 3     4457     4514     4472
      80 3     4459     4488     4504
      81 3     4457     4480     4514
      82 3     4464     4516     4471
      83 3     4461     4518     4480
      84 3     4460     4499     4505
      85 3     4461     4492     4518
      86 3     4468     4520     4492
      87 3     4471     4521     4488
      88 3     4464     4505     4516
      89 3     4476     4475     4526
      90 3     4475     4479     4527
      91 3     4468     4504     4520
      92 3     4483     4476     4528
      93 3     4486     4483     4531
      94 3     4471     4516     4521
      95 3     4486     4535     4494
      96 3     4488     4538     4504
      97 3     4494     4541     4499
      98 3     4480     4544     4514
      99 3     4472     4545     4510
     100 3     4472     4514     4545
     101 3     4480     4518     4544
     102 3     4475     4527     4526
     103 3     4479     4529     4527
     104 3     4476     4526     4528
     105 3     4492     4547     4518
     106 3     4488     4521     4538
     107 3     4499     4548     4505
     108 3     4483     4528     4531
     109 3     4492     4520     4547
     110 3     4486     4531     4535
     111 3     4505     4552     4516
     112 3     4494     4535     4541
     113 3     4504     4555     4520
     114 3     4499     4541     4548
     115 3     4504     4538     4555
     116 3     4516     4559     4521
     117 3     4505     4548     4552
     118 3     4521     4567     4538
     119 3     4518     4570     4544
     120 3     4518     4547     4570
     121 3     4516     4552     4559
     122 3     4514     4544     4572
     123 3     4526     4527     4573
     124 3     4514     4572     4545
     125 3     4528     4526     4574
     126 3     4527     4529     4575
     127 3     4531     4528     4576
     128 3     4510     4578     4537
     129 3     4520     4579     4547
     130 3     4510     4545     4578
     131 3     4531     4580     4535
     132 3     4520     4555     4579
     133 3     4521     4559     4567
     134 3     4535     4586     4541
     135 3     4538     4589     4555
     136 3     4541     4591     4548
     137 3     4527     4575     4573
     138 3     4526     4573     4574
     139 3     4528     4574     4576
     140 3     4538     4567     4589
     141 3     4531     4576     4580
     142 3     4548     4594     4552
     143 3     4535     4580     4586
     144 3     4547     4596     4570
     145 3     4544     4570     4597
     146 3     4541     4586     4591
     147 3     4552     4599     4559
     148 3     4544     4597     4572
     149 3     4547     4579     4596
     150 3     4559     4603     4567
     151 3     4555     4604     4579
     152 3     4548     4591     4594
     153 3     4545     4572     4606
     154 3     4545     4606     4578
     155 3     4567     4607     4589
     156 3     4555     4589     4604
     157 3     4537     4578     4609
     158 3     4552     4594     4599
     159 3     4567     4603     4607
     160 3     4559     4599     4603
     161 3     4573     4575     4614
     162 3     4574     4573     4615
     163 3     4576     4574     4617
     164 3     4580     4576     4619
     165 3     4580     4623     4586
     166 3     4570     4596     4624
     167 3     4570     4624     4597
     168 3     4579     4625     4596
     169 3     4586     4628     4591
     170 3     4579     4604     4625
     171 3     4572     4597     4632
     172 3     4591     4634     4594
     173 3     4573     4614     4615
     174 3     4575     4616     4614
     175 3     4574     4615     4617
     176 3     4572     4632     4606
     177 3     4576     4617     4619
     178 3     4589     4607     4636
     179 3     4580     4619     4623
     180 3     4589     4636     4604
     181 3     4594     4637     4599
     182 3     4586     4623     4628
     183 3     4607     4603     4639
     184 3     4578     4606     4642
     185 3     4591     4628     4634
     186 3     4596     4645     4624
     187 3     4578     4642     4609
     188 3     4596     4625     4645
     189 3     4603     4599     4646
     190 3     4597     4624     4648
     191 3     4594     4634     4637
     192 3     4604     4650     4625
     193 3     4597     4648     4632
     194 3     4607     4639     4636
     195 3     4604     4636     4650
     196 3     4615     4614     4656
     197 3     4614     4616     4658
     198 3     4617     4615     4659
     199 3     4599     4637     4646
     200 3     4619     4617     4662
     201 3     4603     4646     4639
     202 3     4623     4619     4664
     203 3     4623     4667     4628
     204 3     4624     4645     4670
     205 3     4606     4632     4671
     206 3     4625     4673     4645
     207 3     4628     4674     4634
     208 3     4624     4670     4648
     209 3     4625     4650     4673
     210 3     4636     4677     4650
     211 3     4614     4658     4656
     212 3     4615     4656     4659
     213 3     4634     4678     4637
     214 3     4606     4671     4642
     215 3     4617     4659     4662
     216 3     4636     4639     4680
     217 3     4619     4662     4664
     218 3     4623     4664     4667
     219 3     4637     4683     4646
     220 3     4609     4642     4685
     221 3     4639     4646     4686
     222 3     4628     4667     4674
     223 3     4636     4680     4677
     224 3     4632     4648     4688
     225 3     4634     4674     4678
     226 3     4645     4691     4670
     227 3     4645     4673     4691
     228 3     4639     4686     4680
     229 3     4637     4678     4683
     230 3     4632     4688     4671
     231 3     4646     4695     4686
     232 3     4646     4683     4695
     233 3     4648     4670     4700
     234 3     4650     4704     4673
     235 3     4650     4677     4704
     236 3     4656     4658     4705
     237 3     4659     4656     4706
     238 3     4662     4659     4708
     239 3     4664     4662     4710
     240 3     4648     4700     4688
     241 3     4670     4691     4713
     242 3     4667     4664     4714
     243 3     4673     4716     4691
     244 3     4667     4718     4674
     245 3     4670     4713     4700
     246 3     4677     4680     4720
     247 3     4674     4723     4678
     248 3     4680     4686     4726
     249 3     4673     4704     4716
     250 3     4678     4727     4683
     251 3     4656     4705     4706
     252 3     4659     4706     4708
     253 3     4662     4708     4710
     254 3     4686     4695     4731
     255 3     4695     4683     4732
     256 3     4664     4710     4714
     257 3     4642     4671     4733
     258 3     4667     4714     4718
     259 3     4677     4720     4704
     260 3     4674     4718     4723
     261 3     4680     4726     4720
     262 3     4642     4733     4685
     263 3     4671     4688     4737
     264 3     4678     4723     4727
     265 3     4686     4731     4726
     266 3     4683     4727     4732
     267 3     4695     4732     4731
     268 3     4688     4700     4739
     269 3     4691     4740     4713
     270 3     4691     4716     4740
     271 3     4713     4745     4700
     272 3     4716     4704     4748
     273 3     4706     4705     4749
     274 3     4708     4706     4751
     275 3     4710     4708     4753
     276 3     4704     4720     4754
     277 3     4714     4710     4758
     278 3     4671     4737     4733
     279 3     4688     4739     4737
     280 3     4718     4714     4760
     281 3     4720     4726     4761
     282 3     4723     4718     4764
     283 3     4700     4745     4739
     284 3     4726     4731     4765
     285 3     4723     4767     4727
     286 3     4732     4727     4771
     287 3     4731     4732     4772
     288 3     4704     4754     4748
     289 3     4713     4740     4745
     290 3     4716     4748     4740
     291 3     4706     4749     4751
     292 3     4708     4751     4753
     293 3     4685     4733     4768
     294 3     4710     4753     4758
     295 3     4720     4761     4754
     296 3     4714     4758     4760
     297 3     4718     4760     4764
     298 3     4726     4765     4761
     299 3     4723     4764     4767
     300 3     4731     4772     4765
     301 3     4727     4767     4771
     302 3     4732     4771     4772
     303 3     4745     4740     4786
     304 3     4739     4787     4737
     305 3     4739     4745     4788
     306 3     4740     4748     4789
     307 3     4737     4790     4733
     308 3     4748     4754     4794
     309 3     4751     4749     4796
     310 3     4753     4751     4798
     311 3     4758     4753     4802
     312 3     4754     4761     4803
     313 3     4760     4758     4806
     314 3     4761     4765     4807
     315 3     4764     4760     4811
     316 3     4765     4772     4814
     317 3     4767     4764     4816
     318 3     4772     4771     4817
     319 3     4740     4789     4786
     320 3     4733     4818     4768
     321 3     4771     4767     4820
     322 3     4745     4786     4788
     323 3     4739     4788     4787
     324 3     4748     4794     4789
     325 3     4737     4787     4790
     326 3     4754     4803     4794
     327 3     4751     4796     4798
     328 3     4753     4798     4802
     329 3     4761     4807     4803
     330 3     4758     4802     4806
     331 3     4733     4790     4818
     332 3     4760     4806     4811
     333 3     4765     4814     4807
     334 3     4764     4811     4816
     335 3     4772     4817     4814
     336 3     4767     4816     4820
     337 3     4771     4820     4817
     338 3     4786     4789     4843
     339 3     4789     4794     4844
     340 3     4786     4845     4788
     341 3     4794     4803     4846
     342 3     4798     4796     4851
     343 3     4788     4852     4787
     344 3     4802     4798     4853
     345 3     4803     4807     4856
     346 3     4806     4802     4857
     347 3     4807     4814     4860
     348 3     4811     4806     4862
     349 3     4787     4863     4790
     350 3     4814     4817     4866
     351 3     4817     4820     4868
     352 3     4816     4811     4869
     353 3     4820     4816     4871
     354 3     4789     4844     4843
     355 3     4794     4846     4844
     356 3     4786     4843     4845
     357 3     4803     4856     4846
     358 3     4790     4874     4818
     359 3     4788     4845     4852
     360 3     4798     4851     4853
     361 3     4807     4860     4856
     362 3     4802     4853     4857
     363 3     4806     4857     4862
     364 3     4787     4852     4863
     365 3     4814     4866     4860
     366 3     4817     4868     4866
     367 3     4811     4862     4869
     368 3     4820     4871     4868
     369 3     4816     4869     4871
     370 3     4790     4863     4874
     371 3     4844     4846     4897
     372 3     4843     4844     4898
     373 3     4846     4856     4899
     374 3     4843     4901     4845
     375 3     4856     4860     4906
     376 3     4853     4851     4907
     377 3     4857     4853     4909
     378 3     4862     4857     4910
     379 3     4845     4911     4852
     380 3     4860     4866     4912
     381 3     4869     4862     4916
     382 3     4866     4868     4919
     383 3     4852     4922     4863
     384 3     4868     4871     4924
     385 3     4844     4897     4898
     386 3     4846     4899     4897
     387 3     4843     4898     4901
     388 3     4856     4906     4899
     389 3     4860     4912     4906
     390 3     4845     4901     4911
     391 3     4853     4907     4909
     392 3     4863     4935     4874
     393 3     4857     4909     4910
     394 3     4871     4869     4937
     395 3     4866     4919     4912
     396 3     4862     4910     4916
     397 3     4852     4911     4922
     398 3     4868     4924     4919
     399 3     4869     4916     4937
     400 3     4871     4937     4924
     401 3     4863     4922     4935
     402 3     4897     4899     4956
     403 3     4898     4897     4957
     404 3     4899     4906     4959
     405 3     4898     4963     4901
     406 3     4937     4916     4964
     407 3     4906     4912     4968
     408 3     4910     4973     4916
     409 3     4901     4977     4911
     410 3     4912     4919     4978
     411 3     4919     4924     4984
     412 3     4911     4987     4922
     413 3     4937     4988     4924
     414 3     4897     4956     4957
     415 3     4899     4959     4956
     416 3     4898     4957     4963
     417 3     4906     4968     4959
     418 3     4901     4963     4977
     419 3     4912     4978     4968
     420 3     4922     4999     4935
     421 3     4919     4984     4978
     422 3     4911     4977     4987
     423 3     4924     4988     4984
     424 3     4916     4973     4964
     425 3     4922     4987     4999
     426 3     4956     4959     5016
     427 3     4957     4956     5017
     428 3     4959     4968     5020
     429 3     4957     5022     4963
     430 3     4968     4978     5027
     431 3     4963     5029     4977
     432 3     4978     4984     5039
     433 3     4977     5046     4987
     434 3     4956     5016     5017
     435 3     4959     5020     5016
     436 3     4957     5017     5022
     437 3     4984     4988     5049
     438 3     4968     5027     5020
     439 3     4963     5022     5029
     440 3     4987     5056     4999
     441 3     4978     5039     5027
     442 3     4977     5029     5046
     443 3     4984     5049     5039
     444 3     4987     5046     5056
     445 3     5017     5016     5075
     446 3     5016     5020     5077
     447 3     5017     5080     5022
     448 3     4999     5056     5068
     449 3     5020     5027     5084
     450 3     5022     5089     5029
     451 3     5049     5096     5039
     452 3     5027     5039     5099
     453 3     5029     5103     5046
     454 3     5016     5077     5075
     455 3     5017     5075     5080
     456 3     5020     5084     5077
     457 3     5022     5080     5089
     458 3     5046     5122     5056
     459 3     5027     5099     5084
     460 3     5029     5089     5103
     461 3     5046     5103     5122
     462 3     5056     5131     5068
     463 3     5039     5096     5099
     464 3     5075     5077     5138
     465 3     5077     5084     5142
     466 3     5075     5143     5080
     467 3     5056     5122     5131
     468 3     5080     5153     5089
     469 3     5084     5099     5166
     470 3     5077     5142     5138
     471 3     5089     5167     5103
     472 3     5075     5138     5143
     473 3     5084     5166     5142
     474 3     5080     5143     5153
     475 3     5103     5180     5122
     476 3     5089     5153     5167
     477 3     5103     5167     5180
     478 3     5122     5202     5131
     479 3     5138     5142     5206
     480 3     5138     5208     5143
     481 3     5142     5166     5209
     482 3     5099     5213     5166
     483 3     5143     5216     5153
     484 3     5099     5096     5213
     485 3     5122     5180     5202
     486 3     5142     5209     5206
     487 3     5138     5206     5208
     488 3     5166     5227     5209
     489 3     5153     5228     5167
     490 3     5143     5208     5216
     491 3     5166     5213     5227
     492 3     5167     5242     5180
     493 3     5153     5216     5228
     494 3     5209     5227     5252
     495 3     5206     5209     5255
     496 3     5206     5263     5208
     497 3     5167     5228     5242
     498 3     5180     5265     5202
     499 3     5209     5252     5255
     500 3     5208     5274     5216
     501 3     5206     5255     5263
     502 3     5180     5242     5265
     503 3     5216     5286     5228
     504 3     5208     5263     5274
     505 3     5227     5287     5252
     506 3     5227     5213     5287
     507 3     5252     5293     5255
     508 3     5216     5274     5286
     509 3     5228     5301     5242
     510 3     5255     5308     5263
     511 3     5252     5287     5293
     512 3     5228     5286     5301
     513 3     5255     5293     5308
     514 3     5242     5328     5265
     515 3     5263     5329     5274
     516 3     5287     5333     5293
     517 3     5263     5308     5329
     518 3     5242     5301     5328
     519 3     5274     5353     5286
     520 3     5293     5364     5308
     521 3     5274     5329     5353
     522 3     5286     5386     5301
     523 3     5293     5333     5364
     524 3     5308     5397     5329
     525 3     5364     5333     5399
     526 3     5286     5353     5386
     527 3     5308     5364     5397
     528 3     5301     5412     5328
     529 3     5329     5423     5353
     530 3     5301     5386     5412
     531 3     5329     5397     5423
     532 3     5353     5461     5386
     533 3     5353     5423     5461
 0                                                                              
 0                                                                              
 1                                                                              
 10                                                                             
      10       1                                                                
    4937
    4988
    5049
    5096
    5213
    5287
    5333
    5399
    4964
    4937
