bi_1997_v2.grd                                                                  
     501     296
   23829 -0.764515600000E+02  0.349337000000E+02  0.245600000000E+01
   23830 -0.764369200000E+02  0.349459700000E+02  0.154800000000E+01
   23831 -0.764609300000E+02  0.349448000000E+02  0.152100000000E+01
   23848 -0.764486300000E+02  0.349605700000E+02  0.215000000000E+01
   23898 -0.761894900000E+02  0.349651400000E+02  0.555000000000E+00
   23899 -0.764134900000E+02  0.349512300000E+02  0.126100000000E+01
   23900 -0.764281300000E+02  0.349669900000E+02  0.148700000000E+01
   23931 -0.763982600000E+02  0.349459700000E+02  0.190800000000E+01
   23932 -0.763806900000E+02  0.349629000000E+02  0.227900000000E+01
   23933 -0.764023700000E+02  0.349658200000E+02  0.164300000000E+01
   23947 -0.761896100000E+02  0.349711200000E+02  0.555000000000E+00
   23948 -0.761838200000E+02  0.349700000000E+02  0.555000000000E+00
   23972 -0.761928600000E+02  0.349752500000E+02  0.715000000000E+00
   23973 -0.761864900000E+02  0.349753100000E+02  0.654000000000E+00
   23984 -0.763912400000E+02  0.349763300000E+02  0.337700000000E+01
   23997 -0.761782900000E+02  0.349740400000E+02  0.563000000000E+00
   24014 -0.764158300000E+02  0.349798400000E+02  0.227600000000E+01
   24016 -0.761966200000E+02  0.349798700000E+02  0.652000000000E+00
   24022 -0.761904800000E+02  0.349805000000E+02  0.781000000000E+00
   24025 -0.761838600000E+02  0.349809300000E+02  0.753000000000E+00
   24028 -0.763361800000E+02  0.349664100000E+02  0.658000000000E+00
   24029 -0.763404700000E+02  0.349808700000E+02  0.184600000000E+01
   24030 -0.763537500000E+02  0.349734200000E+02  0.160100000000E+01
   24032 -0.762120100000E+02  0.349814400000E+02  0.228400000000E+01
   24039 -0.761777000000E+02  0.349822000000E+02  0.705000000000E+00
   24041 -0.762064900000E+02  0.349829800000E+02  0.185100000000E+01
   24045 -0.761693600000E+02  0.349808500000E+02  0.564000000000E+00
   24056 -0.763244700000E+02  0.349751700000E+02  0.138400000000E+01
   24059 -0.762007400000E+02  0.349842800000E+02  0.556000000000E+00
   24066 -0.762164800000E+02  0.349851700000E+02  0.119500000000E+01
   24068 -0.761946900000E+02  0.349853500000E+02  0.635000000000E+00
   24077 -0.761883500000E+02  0.349862700000E+02  0.772000000000E+00
   24081 -0.762109200000E+02  0.349869400000E+02  0.193500000000E+01
   24083 -0.761818500000E+02  0.349872200000E+02  0.828000000000E+00
   24087 -0.763309100000E+02  0.349874300000E+02  0.159900000000E+01
   24093 -0.761750900000E+02  0.349879800000E+02  0.734000000000E+00
   24097 -0.762051300000E+02  0.349885400000E+02  0.116900000000E+01
   24100 -0.762210900000E+02  0.349888300000E+02  0.565000000000E+00
   24104 -0.761688500000E+02  0.349894400000E+02  0.662000000000E+00
   24105 -0.761991000000E+02  0.349899500000E+02  0.722000000000E+00
   24106 -0.763578000000E+02  0.349889300000E+02  0.421100000000E+01
   24107 -0.763730800000E+02  0.349751700000E+02  0.121400000000E+01
   24114 -0.761606000000E+02  0.349881400000E+02  0.555000000000E+00
   24122 -0.762155800000E+02  0.349908100000E+02  0.580000000000E+00
   24124 -0.761928300000E+02  0.349912100000E+02  0.888000000000E+00
   24128 -0.762399400000E+02  0.349919100000E+02  0.555000000000E+00
   24132 -0.761863600000E+02  0.349924000000E+02  0.986000000000E+00
   24133 -0.764000600000E+02  0.349921300000E+02  0.306300000000E+01
   24134 -0.762257900000E+02  0.349923100000E+02  0.442300000000E+01
   24140 -0.762097800000E+02  0.349926700000E+02  0.125500000000E+01
   24148 -0.761797500000E+02  0.349935200000E+02  0.831000000000E+00
   24154 -0.763397000000E+02  0.349938500000E+02  0.190600000000E+01
   24156 -0.762441100000E+02  0.349939700000E+02  0.555000000000E+00
   24160 -0.762037100000E+02  0.349943700000E+02  0.237800000000E+01
   24161 -0.762351000000E+02  0.349944300000E+02  0.558000000000E+00
   24162 -0.761730700000E+02  0.349946600000E+02  0.672000000000E+00
   24163 -0.762205100000E+02  0.349945500000E+02  0.555000000000E+00
   24172 -0.762301300000E+02  0.349952400000E+02  0.937000000000E+00
   24176 -0.761661600000E+02  0.349955500000E+02  0.555000000000E+00
   24177 -0.761974500000E+02  0.349959300000E+02  0.262500000000E+01
   24185 -0.763789400000E+02  0.349903500000E+02  0.206200000000E+01
   24186 -0.762146900000E+02  0.349966900000E+02  0.568000000000E+00
   24188 -0.761910000000E+02  0.349973800000E+02  0.194900000000E+01
   24190 -0.761597100000E+02  0.349971500000E+02  0.555000000000E+00
   24193 -0.762259000000E+02  0.349980400000E+02  0.105900000000E+01
   24195 -0.761511800000E+02  0.349959100000E+02  0.555000000000E+00
   24199 -0.761844000000E+02  0.349987700000E+02  0.120800000000E+01
   24200 -0.762085600000E+02  0.349986500000E+02  0.990000000000E+00
   24203 -0.762410000000E+02  0.349996300000E+02  0.610000000000E+00
   24204 -0.761776800000E+02  0.350001000000E+02  0.764000000000E+00
   24208 -0.762022300000E+02  0.350004600000E+02  0.156800000000E+01
   24214 -0.763690100000E+02  0.350009500000E+02  0.460400000000E+01
   24215 -0.762199700000E+02  0.350006000000E+02  0.689000000000E+00
   24216 -0.762331100000E+02  0.350010500000E+02  0.112300000000E+01
   24221 -0.761708400000E+02  0.350013500000E+02  0.555000000000E+00
   24226 -0.761957600000E+02  0.350021600000E+02  0.187100000000E+01
   24231 -0.761639100000E+02  0.350025900000E+02  0.555000000000E+00
   24235 -0.764228600000E+02  0.349956100000E+02  0.147000000000E+01
   24237 -0.762136700000E+02  0.350028400000E+02  0.778000000000E+00
   24240 -0.761567200000E+02  0.350035600000E+02  0.555000000000E+00
   24242 -0.761891600000E+02  0.350038100000E+02  0.218700000000E+01
   24244 -0.763861500000E+02  0.350036400000E+02  0.425500000000E+01
   24250 -0.762258600000E+02  0.350044700000E+02  0.119500000000E+01
   24251 -0.762072100000E+02  0.350048700000E+02  0.110800000000E+01
   24252 -0.761450100000E+02  0.350008400000E+02  0.555000000000E+00
   24253 -0.761498000000E+02  0.350052000000E+02  0.555000000000E+00
   24255 -0.761824400000E+02  0.350053800000E+02  0.106200000000E+01
   24262 -0.762006600000E+02  0.350067600000E+02  0.224000000000E+01
   24263 -0.761755900000E+02  0.350068700000E+02  0.704000000000E+00
   24265 -0.762191200000E+02  0.350069800000E+02  0.979000000000E+00
   24271 -0.763496600000E+02  0.350078700000E+02  0.210500000000E+01
   24272 -0.762413600000E+02  0.350061700000E+02  0.224400000000E+01
   24273 -0.762505000000E+02  0.350022900000E+02  0.668000000000E+00
   24279 -0.761685900000E+02  0.350082800000E+02  0.555000000000E+00
   24280 -0.764053500000E+02  0.350070100000E+02  0.294300000000E+01
   24283 -0.761940400000E+02  0.350085900000E+02  0.798000000000E+00
   24288 -0.762124300000E+02  0.350092000000E+02  0.112000000000E+01
   24289 -0.761614500000E+02  0.350095800000E+02  0.677000000000E+00
   24290 -0.762323600000E+02  0.350093700000E+02  0.472500000000E+01
   24296 -0.761873200000E+02  0.350104500000E+02  0.113200000000E+01
   24297 -0.762499900000E+02  0.350096300000E+02  0.378100000000E+01
   24298 -0.761543100000E+02  0.350109300000E+02  0.577000000000E+00
   24299 -0.762246800000E+02  0.350107300000E+02  0.189900000000E+01
   24302 -0.762057100000E+02  0.350112300000E+02  0.463800000000E+01
   24306 -0.764227400000E+02  0.350115700000E+02  0.236600000000E+01
   24307 -0.764345800000E+02  0.350026100000E+02  0.234700000000E+01
   24308 -0.761804800000E+02  0.350121500000E+02  0.862000000000E+00
   24312 -0.762617300000E+02  0.350052800000E+02  0.230400000000E+01
   24320 -0.761990000000E+02  0.350131200000E+02  0.253400000000E+01
   24322 -0.761735000000E+02  0.350138400000E+02  0.787000000000E+00
   24324 -0.762180900000E+02  0.350140200000E+02  0.275100000000E+01
   24330 -0.763725000000E+02  0.350139500000E+02  0.437000000000E+01
   24332 -0.761923400000E+02  0.350150100000E+02  0.863000000000E+00
   24335 -0.762107900000E+02  0.350151600000E+02  0.296300000000E+01
   24337 -0.761662400000E+02  0.350153500000E+02  0.796000000000E+00
   24343 -0.762412000000E+02  0.350150100000E+02  0.551100000000E+01
   24345 -0.762703500000E+02  0.350164900000E+02  0.514300000000E+01
   24346 -0.762825300000E+02  0.350083000000E+02  0.734000000000E+00
   24348 -0.761589500000E+02  0.350166900000E+02  0.996000000000E+00
   24359 -0.761853900000E+02  0.350175800000E+02  0.864000000000E+00
   24363 -0.762041500000E+02  0.350180700000E+02  0.362200000000E+01
   24364 -0.763910700000E+02  0.350174600000E+02  0.384900000000E+01
   24366 -0.764363300000E+02  0.350166300000E+02  0.164400000000E+01
   24370 -0.761786500000E+02  0.350186200000E+02  0.101800000000E+01
   24371 -0.762279600000E+02  0.350187500000E+02  0.523100000000E+01
   24374 -0.761970900000E+02  0.350188600000E+02  0.261800000000E+01
   24381 -0.762551700000E+02  0.350193700000E+02  0.544500000000E+01
   24389 -0.761912000000E+02  0.350212200000E+02  0.148900000000E+01
   24390 -0.761714600000E+02  0.350216300000E+02  0.126200000000E+01
   24392 -0.761635400000E+02  0.350219900000E+02  0.158000000000E+01
   24397 -0.764091900000E+02  0.350216200000E+02  0.296900000000E+01
   24407 -0.762834400000E+02  0.350214100000E+02  0.622600000000E+01
   24408 -0.762978400000E+02  0.350136200000E+02  0.176600000000E+01
   24409 -0.762135800000E+02  0.350231400000E+02  0.462000000000E+01
   24430 -0.764281300000E+02  0.350259700000E+02  0.114600000000E+01
   24435 -0.763609800000E+02  0.350265200000E+02  0.110700000000E+01
   24446 -0.761987800000E+02  0.350267300000E+02  0.350300000000E+01
   24451 -0.761832280000E+02  0.350292870000E+02  0.911000000000E+00
   24453 -0.763781100000E+02  0.350272700000E+02  0.252900000000E+01
   24455 -0.762403300000E+02  0.350267400000E+02  0.559300000000E+01
   24464 -0.762981300000E+02  0.350270300000E+02  0.594400000000E+01
   24471 -0.763138800000E+02  0.350177900000E+02  0.124000000000E+01
   24474 -0.762688800000E+02  0.350281000000E+02  0.666600000000E+01
   24498 -0.763951000000E+02  0.350313000000E+02  0.470500000000E+01
   24508 -0.761644500000E+02  0.350320400000E+02  0.265100000000E+01
   24509 -0.762254500000E+02  0.350321800000E+02  0.545000000000E+01
   24522 -0.763132700000E+02  0.350329600000E+02  0.599200000000E+01
   24523 -0.763672600000E+02  0.350345500000E+02  0.770000000000E+00
   24533 -0.762537600000E+02  0.350343200000E+02  0.607400000000E+01
   24543 -0.763304800000E+02  0.350235800000E+02  0.127800000000E+01
   24552 -0.762829100000E+02  0.350349100000E+02  0.694000000000E+01
   24561 -0.762098700000E+02  0.350369800000E+02  0.471400000000E+01
   24564 -0.764127700000E+02  0.350363900000E+02  0.241400000000E+01
   24596 -0.763276900000E+02  0.350396000000E+02  0.568400000000E+01
   24603 -0.763817500000E+02  0.350398300000E+02  0.414200000000E+01
   24606 -0.761931800000E+02  0.350408800000E+02  0.338600000000E+01
   24618 -0.763425900000E+02  0.350306900000E+02  0.226100000000E+01
   24621 -0.762384200000E+02  0.350407300000E+02  0.573500000000E+01
   24639 -0.762974200000E+02  0.350414900000E+02  0.678200000000E+01
   24642 -0.762676500000E+02  0.350420600000E+02  0.647400000000E+01
   24646 -0.761762300000E+02  0.350435300000E+02  0.280000000000E+01
   24675 -0.763976900000E+02  0.350452000000E+02  0.119900000000E+01
   24680 -0.761611000000E+02  0.350470000000E+02  0.265900000000E+01
   24682 -0.764322400000E+02  0.350434900000E+02  0.160800000000E+01
   24685 -0.762225800000E+02  0.350466300000E+02  0.548500000000E+01
   24689 -0.763414700000E+02  0.350468500000E+02  0.448300000000E+01
   24696 -0.763689000000E+02  0.350470800000E+02  0.337300000000E+01
   24700 -0.763564000000E+02  0.350385600000E+02  0.208000000000E+01
   24718 -0.763120000000E+02  0.350482400000E+02  0.657500000000E+01
   24722 -0.762521400000E+02  0.350489000000E+02  0.601000000000E+01
   24731 -0.762819000000E+02  0.350493400000E+02  0.684000000000E+01
   24760 -0.762056900000E+02  0.350522100000E+02  0.424400000000E+01
   24769 -0.764142600000E+02  0.350507800000E+02  0.259700000000E+01
   24792 -0.763834300000E+02  0.350535400000E+02  0.374900000000E+01
   24797 -0.761701800000E+02  0.350554200000E+02  0.276100000000E+01
   24798 -0.763552500000E+02  0.350544000000E+02  0.466600000000E+01
   24810 -0.763263200000E+02  0.350552900000E+02  0.626500000000E+01
   24812 -0.762362700000E+02  0.350555500000E+02  0.578900000000E+01
   24829 -0.761861700000E+02  0.350579200000E+02  0.225300000000E+01
   24830 -0.764298900000E+02  0.350557500000E+02  0.232600000000E+01
   24831 -0.762963700000E+02  0.350564700000E+02  0.683000000000E+01
   24833 -0.762663000000E+02  0.350567600000E+02  0.647800000000E+01
   24868 -0.763988000000E+02  0.350593900000E+02  0.281600000000E+01
   24882 -0.762198200000E+02  0.350620500000E+02  0.531000000000E+01
   24884 -0.763693200000E+02  0.350616100000E+02  0.458800000000E+01
   24894 -0.763405300000E+02  0.350625400000E+02  0.619100000000E+01
   24908 -0.763108900000E+02  0.350636200000E+02  0.665100000000E+01
   24911 -0.762504600000E+02  0.350639300000E+02  0.610300000000E+01
   24916 -0.762807200000E+02  0.350643300000E+02  0.676600000000E+01
   24930 -0.764141800000E+02  0.350644700000E+02  0.197900000000E+01
   24955 -0.764287200000E+02  0.350668500000E+02  0.978000000000E+00
   24961 -0.761701700000E+02  0.350682400000E+02  0.274800000000E+01
   24962 -0.763840800000E+02  0.350681400000E+02  0.422200000000E+01
   24964 -0.762025400000E+02  0.350687100000E+02  0.407500000000E+01
   24972 -0.763548400000E+02  0.350697600000E+02  0.579400000000E+01
   24984 -0.762342600000E+02  0.350710000000E+02  0.608100000000E+01
   24985 -0.763253700000E+02  0.350708500000E+02  0.660100000000E+01
   24994 -0.762953000000E+02  0.350717500000E+02  0.700000000000E+01
   24995 -0.762649200000E+02  0.350719500000E+02  0.636700000000E+01
   25029 -0.763991600000E+02  0.350741800000E+02  0.194700000000E+01
   25041 -0.761852600000E+02  0.350763500000E+02  0.378600000000E+01
   25056 -0.763694200000E+02  0.350767200000E+02  0.535800000000E+01
   25067 -0.762176200000E+02  0.350781200000E+02  0.600400000000E+01
   25069 -0.763399000000E+02  0.350780900000E+02  0.661200000000E+01
   25084 -0.763099400000E+02  0.350791200000E+02  0.665200000000E+01
   25086 -0.762488800000E+02  0.350794300000E+02  0.651000000000E+01
   25090 -0.762795600000E+02  0.350796900000E+02  0.636500000000E+01
   25095 -0.764142200000E+02  0.350798500000E+02  0.126900000000E+01
   25132 -0.763843200000E+02  0.350833700000E+02  0.461700000000E+01
   25140 -0.761683700000E+02  0.350843300000E+02  0.410700000000E+01
   25158 -0.763545500000E+02  0.350852200000E+02  0.600900000000E+01
   25159 -0.762006900000E+02  0.350855400000E+02  0.543400000000E+01
   25171 -0.764294400000E+02  0.350868900000E+02  0.967000000000E+00
   25172 -0.764451200000E+02  0.350767700000E+02  0.224500000000E+01
   25173 -0.763246400000E+02  0.350864400000E+02  0.688700000000E+01
   25179 -0.762325400000E+02  0.350868900000E+02  0.634600000000E+01
   25189 -0.762943100000E+02  0.350872700000E+02  0.693700000000E+01
   25190 -0.762636300000E+02  0.350875000000E+02  0.665000000000E+01
   25224 -0.763993600000E+02  0.350898900000E+02  0.420000000000E+01
   25250 -0.763694000000E+02  0.350922000000E+02  0.593900000000E+01
   25257 -0.761837200000E+02  0.350933200000E+02  0.519200000000E+01
   25267 -0.763394200000E+02  0.350936900000E+02  0.660800000000E+01
   25273 -0.762159300000E+02  0.350944600000E+02  0.632200000000E+01
   25280 -0.763091400000E+02  0.350947400000E+02  0.674400000000E+01
   25285 -0.762474700000E+02  0.350952500000E+02  0.637400000000E+01
   25289 -0.762784800000E+02  0.350953300000E+02  0.667900000000E+01
   25294 -0.764444900000E+02  0.350964500000E+02  0.479600000000E+01
   25303 -0.764144700000E+02  0.350968000000E+02  0.439300000000E+01
   25331 -0.763844100000E+02  0.350990900000E+02  0.562600000000E+01
   25353 -0.763543200000E+02  0.351008500000E+02  0.678100000000E+01
   25355 -0.761666100000E+02  0.351011900000E+02  0.476300000000E+01
   25370 -0.761991400000E+02  0.351022300000E+02  0.603600000000E+01
   25374 -0.763240400000E+02  0.351021200000E+02  0.665600000000E+01
   25380 -0.762310900000E+02  0.351030400000E+02  0.634600000000E+01
   25382 -0.762934300000E+02  0.351029800000E+02  0.695600000000E+01
   25388 -0.762624600000E+02  0.351033200000E+02  0.665100000000E+01
   25396 -0.764295700000E+02  0.351046400000E+02  0.561800000000E+01
   25411 -0.763995400000E+02  0.351060800000E+02  0.564900000000E+01
   25432 -0.763693600000E+02  0.351079400000E+02  0.652000000000E+01
   25443 -0.763390400000E+02  0.351094100000E+02  0.695500000000E+01
   25450 -0.761822600000E+02  0.351101800000E+02  0.515200000000E+01
   25452 -0.763084400000E+02  0.351105000000E+02  0.682100000000E+01
   25454 -0.762145200000E+02  0.351109200000E+02  0.619000000000E+01
   25459 -0.762775200000E+02  0.351111700000E+02  0.665100000000E+01
   25460 -0.762462400000E+02  0.351113100000E+02  0.634600000000E+01
   25471 -0.764444700000E+02  0.351131600000E+02  0.568100000000E+01
   25475 -0.764146900000E+02  0.351134100000E+02  0.651300000000E+01
   25486 -0.763845100000E+02  0.351150200000E+02  0.663900000000E+01
   25501 -0.763541400000E+02  0.351166300000E+02  0.700200000000E+01
   25513 -0.763235400000E+02  0.351179200000E+02  0.667300000000E+01
   25514 -0.761652800000E+02  0.351182800000E+02  0.429400000000E+01
   25522 -0.761978100000E+02  0.351189400000E+02  0.604100000000E+01
   25523 -0.762926500000E+02  0.351188500000E+02  0.604000000000E+01
   25524 -0.762298400000E+02  0.351193500000E+02  0.617600000000E+01
   25525 -0.762614300000E+02  0.351193500000E+02  0.645200000000E+01
   25534 -0.764298200000E+02  0.351211300000E+02  0.690700000000E+01
   25549 -0.763997400000E+02  0.351222300000E+02  0.714200000000E+01
   25555 -0.763693500000E+02  0.351238100000E+02  0.719800000000E+01
   25563 -0.763387300000E+02  0.351252600000E+02  0.690600000000E+01
   25573 -0.763078500000E+02  0.351264000000E+02  0.638500000000E+01
   25579 -0.761810200000E+02  0.351270900000E+02  0.522800000000E+01
   25582 -0.762766700000E+02  0.351271800000E+02  0.587000000000E+01
   25585 -0.762132900000E+02  0.351274800000E+02  0.604200000000E+01
   25586 -0.762451700000E+02  0.351275400000E+02  0.615200000000E+01
   25596 -0.764448600000E+02  0.351289300000E+02  0.674200000000E+01
   25604 -0.764150100000E+02  0.351295900000E+02  0.694700000000E+01
   25611 -0.763846500000E+02  0.351310000000E+02  0.695700000000E+01
   25620 -0.763540200000E+02  0.351325200000E+02  0.688800000000E+01
   25629 -0.763231400000E+02  0.351338300000E+02  0.634000000000E+01
   25635 -0.762919800000E+02  0.351348600000E+02  0.514400000000E+01
   25645 -0.762605300000E+02  0.351355200000E+02  0.603800000000E+01
   25646 -0.761966500000E+02  0.351357000000E+02  0.605900000000E+01
   25647 -0.762287600000E+02  0.351357900000E+02  0.604100000000E+01
   25654 -0.764302900000E+02  0.351370300000E+02  0.665200000000E+01
   25664 -0.764000300000E+02  0.351382400000E+02  0.678800000000E+01
   25679 -0.763694000000E+02  0.351397500000E+02  0.665800000000E+01
   25694 -0.763385000000E+02  0.351411900000E+02  0.620700000000E+01
   25705 -0.763073500000E+02  0.351424000000E+02  0.296600000000E+01
   25715 -0.762759300000E+02  0.351433200000E+02  0.563500000000E+01
   25723 -0.762442200000E+02  0.351439000000E+02  0.598100000000E+01
   25726 -0.762122300000E+02  0.351441200000E+02  0.612700000000E+01
   25750 -0.763848700000E+02  0.351469600000E+02  0.634100000000E+01
   25758 -0.763539700000E+02  0.351484700000E+02  0.596300000000E+01
   25771 -0.763228100000E+02  0.351498400000E+02  0.383500000000E+01
   25785 -0.762914000000E+02  0.351509700000E+02  0.489700000000E+01
   25799 -0.762597300000E+02  0.351518200000E+02  0.574800000000E+01
   25807 -0.762278000000E+02  0.351523400000E+02  0.574100000000E+01
   25871 -0.763383500000E+02  0.351571900000E+02  0.245300000000E+01
   25887 -0.763069500000E+02  0.351584900000E+02  0.483300000000E+01
   25899 -0.762752800000E+02  0.351595700000E+02  0.573600000000E+01
   25908 -0.762433900000E+02  0.351603700000E+02  0.586900000000E+01
   26005 -0.763225600000E+02  0.351659100000E+02  0.503900000000E+01
   26021 -0.762909100000E+02  0.351671800000E+02  0.584700000000E+01
   26036 -0.762590300000E+02  0.351682200000E+02  0.594700000000E+01
   26137 -0.763066100000E+02  0.351746500000E+02  0.593100000000E+01
   26161 -0.762747200000E+02  0.351759000000E+02  0.578300000000E+01
       1 3    23829    23830    23831
       2 3    23830    23848    23831
       3 3    23830    23899    23900
       4 3    23830    23900    23848
       5 3    23931    23932    23933
       6 3    23898    23948    23947
       7 3    23947    23948    23973
       8 3    23932    23984    23933
       9 3    23899    23933    23900
      10 3    23947    23973    23972
      11 3    23948    23997    23973
      12 3    23900    23933    24014
      13 3    23972    23973    24022
      14 3    23973    23997    24025
      15 3    24028    24029    24030
      16 3    23972    24022    24016
      17 3    23973    24025    24022
      18 3    23997    24039    24025
      19 3    23997    24045    24039
      20 3    24028    24056    24029
      21 3    24016    24022    24068
      22 3    24022    24025    24077
      23 3    24016    24068    24059
      24 3    24032    24041    24081
      25 3    24025    24039    24083
      26 3    24056    24087    24029
      27 3    24022    24077    24068
      28 3    24032    24081    24066
      29 3    24039    24045    24093
      30 3    24025    24083    24077
      31 3    24041    24059    24097
      32 3    24041    24097    24081
      33 3    24039    24093    24083
      34 3    24045    24104    24093
      35 3    24059    24068    24105
      36 3    24030    24106    24107
      37 3    23933    23984    24014
      38 3    24045    24114    24104
      39 3    24066    24081    24122
      40 3    24059    24105    24097
      41 3    24068    24077    24124
      42 3    24066    24122    24100
      43 3    24030    24029    24106
      44 3    24068    24124    24105
      45 3    24077    24083    24132
      46 3    23984    24133    24014
      47 3    24081    24097    24140
      48 3    24081    24140    24122
      49 3    24083    24093    24148
      50 3    24077    24132    24124
      51 3    24029    24087    24154
      52 3    24097    24105    24160
      53 3    24093    24104    24162
      54 3    24083    24148    24132
      55 3    24100    24122    24163
      56 3    24100    24163    24134
      57 3    24097    24160    24140
      58 3    24104    24114    24176
      59 3    24093    24162    24148
      60 3    24105    24124    24177
      61 3    24107    24106    24185
      62 3    24122    24140    24186
      63 3    24105    24177    24160
      64 3    24104    24176    24162
      65 3    24124    24132    24188
      66 3    24122    24186    24163
      67 3    24114    24190    24176
      68 3    24029    24154    24106
      69 3    24134    24193    24172
      70 3    24114    24195    24190
      71 3    24124    24188    24177
      72 3    24134    24163    24193
      73 3    23984    24185    24133
      74 3    24132    24148    24199
      75 3    24140    24160    24200
      76 3    24156    24128    24203
      77 3    24140    24200    24186
      78 3    24132    24199    24188
      79 3    24128    24161    24203
      80 3    24148    24162    24204
      81 3    24160    24177    24208
      82 3    24185    24106    24214
      83 3    24163    24186    24215
      84 3    24161    24172    24216
      85 3    24163    24215    24193
      86 3    24148    24204    24199
      87 3    24162    24176    24221
      88 3    24160    24208    24200
      89 3    24177    24188    24226
      90 3    24176    24190    24231
      91 3    24162    24221    24204
      92 3    24014    24133    24235
      93 3    24161    24216    24203
      94 3    24172    24193    24216
      95 3    24186    24200    24237
      96 3    24177    24226    24208
      97 3    24190    24195    24240
      98 3    24186    24237    24215
      99 3    24176    24231    24221
     100 3    24188    24199    24242
     101 3    24185    24244    24133
     102 3    24188    24242    24226
     103 3    24193    24215    24250
     104 3    24200    24208    24251
     105 3    24195    24252    24253
     106 3    24190    24240    24231
     107 3    24199    24204    24255
     108 3    24193    24250    24216
     109 3    24195    24253    24240
     110 3    24200    24251    24237
     111 3    24199    24255    24242
     112 3    24208    24226    24262
     113 3    24204    24221    24263
     114 3    24215    24237    24265
     115 3    24154    24271    24106
     116 3    24203    24272    24273
     117 3    24208    24262    24251
     118 3    24203    24216    24272
     119 3    24215    24265    24250
     120 3    24204    24263    24255
     121 3    24221    24231    24279
     122 3    24133    24280    24235
     123 3    24185    24214    24244
     124 3    24226    24242    24283
     125 3    24237    24251    24288
     126 3    24221    24279    24263
     127 3    24231    24240    24289
     128 3    24216    24250    24290
     129 3    24226    24283    24262
     130 3    24237    24288    24265
     131 3    24242    24255    24296
     132 3    24216    24290    24272
     133 3    24273    24272    24297
     134 3    24240    24253    24298
     135 3    24231    24289    24279
     136 3    24250    24265    24299
     137 3    24106    24271    24214
     138 3    24251    24262    24302
     139 3    24242    24296    24283
     140 3    24133    24244    24280
     141 3    24235    24306    24307
     142 3    24240    24298    24289
     143 3    24255    24263    24308
     144 3    24251    24302    24288
     145 3    24250    24299    24290
     146 3    24273    24297    24312
     147 3    24262    24283    24320
     148 3    24255    24308    24296
     149 3    24263    24279    24322
     150 3    24235    24280    24306
     151 3    24265    24288    24324
     152 3    24262    24320    24302
     153 3    24265    24324    24299
     154 3    24263    24322    24308
     155 3    24214    24330    24244
     156 3    24283    24296    24332
     157 3    24288    24302    24335
     158 3    24279    24289    24337
     159 3    24272    24290    24343
     160 3    24272    24343    24297
     161 3    24283    24332    24320
     162 3    24312    24345    24346
     163 3    24289    24298    24348
     164 3    24279    24337    24322
     165 3    24288    24335    24324
     166 3    24296    24308    24359
     167 3    24289    24348    24337
     168 3    24302    24320    24363
     169 3    24244    24364    24280
     170 3    24307    24306    24366
     171 3    24296    24359    24332
     172 3    24308    24322    24370
     173 3    24299    24371    24290
     174 3    24320    24332    24374
     175 3    24302    24363    24335
     176 3    24297    24381    24312
     177 3    24308    24370    24359
     178 3    24320    24374    24363
     179 3    24299    24324    24371
     180 3    24332    24359    24389
     181 3    24322    24337    24390
     182 3    24214    24271    24330
     183 3    24337    24348    24392
     184 3    24332    24389    24374
     185 3    24280    24397    24306
     186 3    24322    24390    24370
     187 3    24312    24381    24345
     188 3    24244    24330    24364
     189 3    24290    24371    24343
     190 3    24346    24345    24407
     191 3    24346    24407    24408
     192 3    24335    24409    24324
     193 3    24297    24343    24381
     194 3    24337    24392    24390
     195 3    24335    24363    24409
     196 3    24280    24364    24397
     197 3    24306    24430    24366
     198 3    24330    24271    24435
     199 3    24374    24446    24363
     200 3    24370    24451    24359
     201 3    24330    24453    24364
     202 3    24374    24389    24446
     203 3    24343    24371    24455
     204 3    24324    24409    24371
     205 3    24359    24451    24389
     206 3    24408    24407    24464
     207 3    24408    24464    24471
     208 3    24343    24455    24381
     209 3    24345    24381    24474
     210 3    24370    24390    24451
     211 3    24306    24397    24430
     212 3    24345    24474    24407
     213 3    24364    24498    24397
     214 3    24330    24435    24453
     215 3    24392    24508    24390
     216 3    24371    24409    24509
     217 3    24363    24446    24409
     218 3    24471    24464    24522
     219 3    24435    24523    24453
     220 3    24371    24509    24455
     221 3    24364    24453    24498
     222 3    24381    24455    24533
     223 3    24471    24522    24543
     224 3    24381    24533    24474
     225 3    24407    24474    24552
     226 3    24409    24446    24561
     227 3    24407    24552    24464
     228 3    24397    24564    24430
     229 3    24389    24451    24446
     230 3    24390    24508    24451
     231 3    24409    24561    24509
     232 3    24397    24498    24564
     233 3    24543    24522    24596
     234 3    24453    24603    24498
     235 3    24446    24451    24606
     236 3    24543    24596    24618
     237 3    24455    24509    24621
     238 3    24453    24523    24603
     239 3    24464    24552    24639
     240 3    24455    24621    24533
     241 3    24474    24533    24642
     242 3    24451    24508    24646
     243 3    24464    24639    24522
     244 3    24474    24642    24552
     245 3    24446    24606    24561
     246 3    24498    24675    24564
     247 3    24451    24646    24606
     248 3    24430    24564    24682
     249 3    24509    24561    24685
     250 3    24618    24596    24689
     251 3    24498    24603    24675
     252 3    24523    24696    24603
     253 3    24618    24689    24700
     254 3    24523    24700    24696
     255 3    24509    24685    24621
     256 3    24522    24639    24718
     257 3    24508    24680    24646
     258 3    24533    24621    24722
     259 3    24522    24718    24596
     260 3    24552    24642    24731
     261 3    24533    24722    24642
     262 3    24552    24731    24639
     263 3    24561    24606    24760
     264 3    24564    24769    24682
     265 3    24564    24675    24769
     266 3    24603    24792    24675
     267 3    24646    24680    24797
     268 3    24700    24689    24798
     269 3    24561    24760    24685
     270 3    24700    24798    24696
     271 3    24603    24696    24792
     272 3    24596    24718    24810
     273 3    24621    24685    24812
     274 3    24596    24810    24689
     275 3    24606    24646    24829
     276 3    24682    24769    24830
     277 3    24639    24731    24831
     278 3    24642    24722    24833
     279 3    24621    24812    24722
     280 3    24639    24831    24718
     281 3    24642    24833    24731
     282 3    24675    24868    24769
     283 3    24646    24797    24829
     284 3    24675    24792    24868
     285 3    24606    24829    24760
     286 3    24685    24760    24882
     287 3    24696    24884    24792
     288 3    24696    24798    24884
     289 3    24689    24810    24894
     290 3    24689    24894    24798
     291 3    24685    24882    24812
     292 3    24718    24831    24908
     293 3    24722    24812    24911
     294 3    24718    24908    24810
     295 3    24731    24833    24916
     296 3    24722    24911    24833
     297 3    24731    24916    24831
     298 3    24769    24868    24930
     299 3    24769    24930    24830
     300 3    24830    24930    24955
     301 3    24792    24962    24868
     302 3    24760    24829    24964
     303 3    24792    24884    24962
     304 3    24798    24894    24972
     305 3    24798    24972    24884
     306 3    24797    24961    24829
     307 3    24760    24964    24882
     308 3    24812    24882    24984
     309 3    24810    24908    24985
     310 3    24810    24985    24894
     311 3    24831    24916    24994
     312 3    24833    24911    24995
     313 3    24812    24984    24911
     314 3    24831    24994    24908
     315 3    24833    24995    24916
     316 3    24868    25029    24930
     317 3    24868    24962    25029
     318 3    24829    24961    25041
     319 3    24829    25041    24964
     320 3    24884    24972    25056
     321 3    24884    25056    24962
     322 3    24882    24964    25067
     323 3    24894    24985    25069
     324 3    24894    25069    24972
     325 3    24908    24994    25084
     326 3    24882    25067    24984
     327 3    24911    24984    25086
     328 3    24916    24995    25090
     329 3    24908    25084    24985
     330 3    24930    25029    25095
     331 3    24911    25086    24995
     332 3    24916    25090    24994
     333 3    24930    25095    24955
     334 3    24962    25132    25029
     335 3    24962    25056    25132
     336 3    24972    25069    25158
     337 3    24964    25041    25159
     338 3    24972    25158    25056
     339 3    24961    25140    25041
     340 3    24955    25171    25172
     341 3    24955    25095    25171
     342 3    24985    25084    25173
     343 3    24964    25159    25067
     344 3    24984    25067    25179
     345 3    24985    25173    25069
     346 3    24994    25090    25189
     347 3    24995    25086    25190
     348 3    24984    25179    25086
     349 3    24994    25189    25084
     350 3    24995    25190    25090
     351 3    25029    25224    25095
     352 3    25029    25132    25224
     353 3    25056    25158    25250
     354 3    25056    25250    25132
     355 3    25041    25140    25257
     356 3    25069    25173    25267
     357 3    25069    25267    25158
     358 3    25041    25257    25159
     359 3    25067    25159    25273
     360 3    25084    25189    25280
     361 3    25086    25179    25285
     362 3    25084    25280    25173
     363 3    25090    25190    25289
     364 3    25067    25273    25179
     365 3    25172    25171    25294
     366 3    25090    25289    25189
     367 3    25086    25285    25190
     368 3    25095    25303    25171
     369 3    25095    25224    25303
     370 3    25132    25331    25224
     371 3    25132    25250    25331
     372 3    25158    25267    25353
     373 3    25158    25353    25250
     374 3    25159    25257    25370
     375 3    25173    25280    25374
     376 3    25140    25355    25257
     377 3    25173    25374    25267
     378 3    25179    25273    25380
     379 3    25189    25289    25382
     380 3    25159    25370    25273
     381 3    25190    25285    25388
     382 3    25189    25382    25280
     383 3    25179    25380    25285
     384 3    25190    25388    25289
     385 3    25171    25396    25294
     386 3    25171    25303    25396
     387 3    25224    25411    25303
     388 3    25224    25331    25411
     389 3    25250    25353    25432
     390 3    25250    25432    25331
     391 3    25267    25374    25443
     392 3    25267    25443    25353
     393 3    25257    25355    25450
     394 3    25280    25382    25452
     395 3    25273    25370    25454
     396 3    25280    25452    25374
     397 3    25257    25450    25370
     398 3    25289    25388    25459
     399 3    25285    25380    25460
     400 3    25273    25454    25380
     401 3    25289    25459    25382
     402 3    25285    25460    25388
     403 3    25294    25396    25471
     404 3    25303    25475    25396
     405 3    25303    25411    25475
     406 3    25331    25486    25411
     407 3    25331    25432    25486
     408 3    25353    25443    25501
     409 3    25353    25501    25432
     410 3    25374    25452    25513
     411 3    25374    25513    25443
     412 3    25370    25450    25522
     413 3    25382    25459    25523
     414 3    25355    25514    25450
     415 3    25380    25454    25524
     416 3    25388    25460    25525
     417 3    25382    25523    25452
     418 3    25370    25522    25454
     419 3    25388    25525    25459
     420 3    25380    25524    25460
     421 3    25396    25534    25471
     422 3    25396    25475    25534
     423 3    25411    25549    25475
     424 3    25411    25486    25549
     425 3    25432    25555    25486
     426 3    25432    25501    25555
     427 3    25443    25513    25563
     428 3    25443    25563    25501
     429 3    25452    25523    25573
     430 3    25452    25573    25513
     431 3    25450    25514    25579
     432 3    25459    25525    25582
     433 3    25454    25522    25585
     434 3    25460    25524    25586
     435 3    25459    25582    25523
     436 3    25450    25579    25522
     437 3    25454    25585    25524
     438 3    25460    25586    25525
     439 3    25471    25534    25596
     440 3    25475    25604    25534
     441 3    25475    25549    25604
     442 3    25486    25611    25549
     443 3    25486    25555    25611
     444 3    25501    25563    25620
     445 3    25501    25620    25555
     446 3    25513    25573    25629
     447 3    25513    25629    25563
     448 3    25523    25582    25635
     449 3    25523    25635    25573
     450 3    25525    25586    25645
     451 3    25522    25579    25646
     452 3    25524    25585    25647
     453 3    25525    25645    25582
     454 3    25522    25646    25585
     455 3    25524    25647    25586
     456 3    25534    25654    25596
     457 3    25534    25604    25654
     458 3    25549    25664    25604
     459 3    25549    25611    25664
     460 3    25555    25679    25611
     461 3    25555    25620    25679
     462 3    25563    25629    25694
     463 3    25563    25694    25620
     464 3    25573    25635    25705
     465 3    25573    25705    25629
     466 3    25582    25645    25715
     467 3    25582    25715    25635
     468 3    25586    25647    25723
     469 3    25585    25646    25726
     470 3    25586    25723    25645
     471 3    25585    25726    25647
     472 3    25611    25750    25664
     473 3    25611    25679    25750
     474 3    25620    25694    25758
     475 3    25620    25758    25679
     476 3    25629    25705    25771
     477 3    25629    25771    25694
     478 3    25635    25715    25785
     479 3    25635    25785    25705
     480 3    25645    25723    25799
     481 3    25647    25726    25807
     482 3    25645    25799    25715
     483 3    25647    25807    25723
     484 3    25694    25771    25871
     485 3    25694    25871    25758
     486 3    25705    25785    25887
     487 3    25705    25887    25771
     488 3    25715    25799    25899
     489 3    25715    25899    25785
     490 3    25723    25807    25908
     491 3    25723    25908    25799
     492 3    25771    25887    26005
     493 3    25771    26005    25871
     494 3    25785    25899    26021
     495 3    25785    26021    25887
     496 3    25799    25908    26036
     497 3    25799    26036    25899
     498 3    25887    26021    26137
     499 3    25887    26137    26005
     500 3    25899    26036    26161
     501 3    25899    26161    26021
 0                                                                              
 0                                                                              
 2                                                                              
 48                                                                             
       7       1                                                                
   23898
   23948
   23997
   24045
   24114
   24195
   24252
      39       1                                                                
   25172
   24955
   24830
   24682
   24430
   24366
   24307
   24235
   24014
   23900
   23848
   23831
   23829
   23830
   23899
   23933
   23931
   23932
   23984
   24185
   24107
   24030
   24028
   24056
   24087
   24154
   24271
   24435
   24523
   24700
   24618
   24543
   24471
   24408
   24346
   24312
   24273
   24203
   24156
