FileFmt      1050624           0           0
NELG           58641         560         462
       15614
       15671
       15696
       15743
       15761
       15772
      -15823
       15827
       15839
       15848
       15891
       15916
       15926
      -15933
       15945
      -15972
       15974
       15986
       16009
       16020
       16022
       16065
       16080
       16089
       16090
       16092
       16109
      -16111
       16143
       16154
       16167
      -16169
       16174
       16176
       16195
       16202
       16208
       16213
       16225
       16242
       16243
       16258
       16259
       16270
       16279
       16294
       16322
       16323
       16327
       16328
       16338
       16349
      -16356
       16359
       16383
       16392
       16407
       16409
       16410
       16417
       16426
       16469
       16472
       16474
       16496
       16497
       16503
       16533
       16549
       16551
      -16552
       16585
       16608
       16615
       16622
       16642
       16665
       16666
       16731
       16745
       16758
       16761
       16775
       16781
       16787
       16795
       16800
       16802
       16819
       16820
       16821
       16848
       16866
       16879
       16897
       16899
       16911
       16924
       16953
       16958
       16973
       16978
       16979
       16998
       17038
       17044
       17063
       17067
       17073
      -17085
       17096
       17105
       17133
       17136
       17140
      -17146
       17149
       17157
       17158
       17166
       17169
       17187
       17195
       17211
       17233
       17238
       17239
       17249
       17278
       17291
       17296
       17305
       17307
       17353
       17373
       17375
       17387
      -17389
       17391
      -17430
       17443
       17447
       17459
       17475
       17496
       17515
       17518
       17535
       17539
       17544
       17546
       17571
       17577
      -17596
      -17602
       17665
       17666
       17703
      -17710
       17726
       17735
       17739
       17750
       17760
       17825
       17848
       17870
      -17889
       17893
       17928
       17968
       17972
      -17977
       18079
       18085
       18102
       18123
      -18134
       18153
       18179
       18203
       18235
      -18266
       18291
       18312
       18340
       18367
       18485
       18521
       22798
       22857
       22860
       22912
       22913
       22970
       22974
       22979
       22982
       23024
       23027
       23029
       23031
       23079
       23085
       23087
       23094
       23096
       23127
       23135
       23137
       23140
       23145
       23149
       23181
       23188
       23197
       23199
       23208
       23212
       23258
       23259
       23260
       23268
       23272
       23274
       23276
       23280
       23318
       23326
       23327
       23332
       23335
       23340
       23344
       23345
       23374
       23379
       23381
       23384
       23386
       23390
       23391
       23395
       23434
       23437
       23440
       23443
       23445
       23446
       23448
       23458
       23487
       23491
       23493
       23495
       23498
       23499
       23500
       23501
       23553
       23555
       23557
       23559
       23560
       23561
       23562
       23566
       23599
       23603
       23605
       23606
       23607
       23617
       23623
       23628
       23656
       23657
       23658
       23660
       23670
       23673
       23687
       23689
       23708
       23709
       23710
       23715
       23726
       23729
       23739
       23740
       23752
       23753
       23760
       23766
       23777
       23779
       23785
       23788
       23799
       23802
       23813
       23816
       23818
       23819
       23840
       23843
       23847
       23852
       23866
       23874
       23879
       23885
       23888
       23889
       23899
       23907
       23913
       23918
       23925
       23931
       23933
       23937
       23955
       23957
       23960
       23963
       23964
       23973
       23983
       23987
       24013
       24015
       24018
       24022
       24025
       24031
       24038
       24042
       24051
       24055
       24060
       24061
       24070
       24071
       24080
       24082
       24086
       24089
       24107
       24110
       24117
       24118
       24125
       24127
       24131
       24134
       24148
       24151
       24156
       24157
       24171
       24174
       24177
       24179
       24188
       24192
       24203
       24204
       24211
       24212
       24215
       24218
       24219
       24223
       24247
       24253
       24258
       24260
       24261
       24262
       24266
       24267
       24291
       24292
       24294
       24301
       24302
       24304
       24306
       24307
       24315
       24320
       24322
       24331
       24332
       24337
       24347
       24351
       24354
       24357
       24370
       24373
       24377
       24381
       24384
       24388
       24393
       24400
       24402
       24403
       24411
       24412
       24417
       24420
       24428
      -24437
       24438
       24446
       24451
       24454
       24455
       24458
       24459
       24470
       24472
       24475
       24476
       24479
      -24480
       24482
       24497
       24499
       24510
       24513
       24516
       24517
       24526
      -24540
       24545
       24549
      -24553
       24559
       24567
       24577
       24578
       24587
       24602
      -24606
       24610
       24622
       24623
       24629
       24648
      -24663
       24666
       24672
       24684
       24710
      -24718
       24732
      -24786
NNODG          32218         319         298
        8222
        8223
        8224
        8251
        8268
        8269
        8307
        8315
        8316
       -8342
        8350
        8351
        8358
        8398
        8399
        8404
        8410
       -8424
        8446
        8447
        8453
        8454
        8494
        8495
        8496
        8506
        8507
        8527
        8528
       -8535
        8538
        8548
        8552
        8557
        8558
        8576
        8582
        8583
        8593
        8604
        8621
        8623
        8624
        8634
       -8639
        8661
        8669
        8670
        8684
        8691
        8718
        8721
        8724
        8763
        8764
        8776
        8778
        8821
        8846
        8847
        8886
        8896
        8915
        8924
        8926
        8928
        8934
        8935
        8936
        8962
        8963
        8977
        8994
        9013
        9014
        9024
        9036
        9074
        9078
       -9086
       -9087
        9093
        9099
        9119
        9125
        9131
        9132
        9138
        9157
        9169
        9184
        9192
        9222
        9252
        9265
       -9273
        9298
        9307
        9316
        9325
        9350
        9356
       -9387
        9444
        9445
        9463
        9466
        9533
        9563
       -9571
        9572
        9596
        9685
        9695
        9705
        9711
       -9742
       -9743
       -9788
       -9801
       -9825
       -9907
      -12238
       12271
      -12272
       12303
       12306
      -12322
       12330
       12331
       12361
       12367
       12368
       12393
       12394
       12398
      -12424
       12427
       12428
       12431
       12451
       12452
       12457
       12460
      -12476
       12480
       12481
       12492
       12494
       12524
       12525
       12526
       12530
       12532
       12552
       12553
       12557
       12560
       12563
       12576
       12577
       12580
       12582
       12584
       12611
       12613
       12614
       12615
       12616
       12638
       12641
       12642
       12644
       12646
       12668
       12670
       12672
       12674
       12675
       12698
       12701
       12702
       12712
       12713
       12728
       12729
       12736
       12742
       12743
       12751
       12752
       12762
       12771
       12772
       12779
       12783
       12793
       12794
       12797
       12804
       12813
       12814
       12816
       12823
       12826
       12840
       12841
       12850
       12854
       12860
       12866
       12867
       12871
       12875
       12888
       12889
       12890
       12892
       12902
       12924
       12926
       12929
       12933
       12936
       12942
       12946
       12951
       12955
       12956
       12964
       12965
       12972
       12976
       12980
       12981
       12982
       12999
       13004
       13010
       13011
       13012
       13017
       13027
       13033
       13034
       13035
       13037
       13050
       13056
       13057
       13059
       13060
       13074
       13075
       13076
       13080
       13082
       13086
       13090
       13091
       13097
       13098
       13111
       13117
       13118
       13119
       13123
       13130
       13137
       13138
       13139
       13148
       13149
      -13155
       13156
       13157
       13166
       13169
       13175
      -13178
       13179
       13183
       13194
       13201
       13203
      -13218
       13223
       13226
       13238
       13239
       13254
       13257
       13269
      -13279
       13292
       13302
       13322
      -13342
NFLUXF             0
NETA             128          29           0
NSTAE              0           0           0
NSTAV              0           0           0
NSTAM              0           0           0
NSTAC              0           0           0
RES NODE          99         273
                   1           2           3           4           5           6
                   7           8           9          11          12          13
                  14          15          16          17          19          20
                  21          22          23          24          25          26
                  27          28          29          31          32          33
                  34          35          36          37          38          39
                  40          41          42          43          44          46
                  47          48          49          50          51          52
                  53          54          55          56          57          58
                  59          60          61          62          63          64
                  65          66          67          68          69          70
                  71          72          73          74          75          76
                  77          78          79          82          83          84
                  85          86          87          88          89          90
                  91          92          93          94          95          97
                  98          99         100         101         102         104
                 105         106         107         108         109         111
                 112         113         114         115         116         124
                 126         127         129         130         131         132
                 133         134         135         136         138         139
                 140         141         142         143         144         146
                 147         148         149         150         151         152
                 153         154         155         156         157         158
                 159         160         161         162         163         164
                 165         166         167         168         169         170
                 171         172         173         174         175         176
                 177         178         179         180         181         182
                 183         184         185         186         187         188
                 189         190         191         192         193         194
                 195         196         197         198         199         200
                 201         202         203         204         205         206
                 207         208         209         210         211         212
                 213         214         215         216         217         218
                 219         220         221         222         223         224
                 225         226         227         228         229         230
                 231         232         233         234         235         236
                 237         238         239         240         241         242
                 243         244         245         246         247         248
                 249         250         251         252         253         254
                 255         256         257         258         259         260
                 261         262         263         264         265         266
                 267         268         269         270         271         272
                 273         275         276         277         278         279
                 281         282         283         284         285         287
                 288         289         290         291         292         293
                 295         296         297
COMM PE            5
RECV PE           50           4
                  10          18          30          45
RECV PE           97           6
                  80          81          96         103         110         119
RECV PE           98           5
                 274         280         286         294         298
RECV PE          116           5
                 117         118         120         121         122
RECV PE          117           5
                 123         125         128         137         145
SEND PE           50           5
                   4           7          16          27          50
SEND PE           97           7
                  74          75          91          99         107         111
                 116
SEND PE           98           5
                 270         275         283         292         297
SEND PE          116           4
                 112         113         114         115
SEND PE          117           5
                 124         126         131         143         150
