bi_1997_v2.grd                                                                  
     462     298
    8222 -0.770547800000E+02  0.346665600000E+02  0.555000000000E+00
    8223 -0.770534400000E+02  0.346669900000E+02  0.555000000000E+00
    8224 -0.770543500000E+02  0.346678100000E+02  0.555000000000E+00
    8251 -0.770557900000E+02  0.346673000000E+02  0.628000000000E+00
    8268 -0.770520700000E+02  0.346674100000E+02  0.555000000000E+00
    8269 -0.770529600000E+02  0.346682600000E+02  0.555000000000E+00
    8307 -0.770552900000E+02  0.346686100000E+02  0.555000000000E+00
    8315 -0.770507600000E+02  0.346677600000E+02  0.555000000000E+00
    8316 -0.770515900000E+02  0.346686700000E+02  0.555000000000E+00
    8342 -0.770567700000E+02  0.346679600000E+02  0.885000000000E+00
    8350 -0.770495500000E+02  0.346681000000E+02  0.555000000000E+00
    8351 -0.770502300000E+02  0.346690600000E+02  0.555000000000E+00
    8358 -0.770538400000E+02  0.346691200000E+02  0.555000000000E+00
    8398 -0.770477200000E+02  0.346686500000E+02  0.771000000000E+00
    8399 -0.770487500000E+02  0.346694800000E+02  0.727000000000E+00
    8404 -0.770562600000E+02  0.346694900000E+02  0.555000000000E+00
    8410 -0.770524400000E+02  0.346695800000E+02  0.555000000000E+00
    8424 -0.770577800000E+02  0.346689800000E+02  0.976000000000E+00
    8446 -0.770459300000E+02  0.346691300000E+02  0.844000000000E+00
    8447 -0.770471300000E+02  0.346699100000E+02  0.115600000000E+01
    8453 -0.770510600000E+02  0.346699900000E+02  0.555000000000E+00
    8454 -0.770547400000E+02  0.346700000000E+02  0.555000000000E+00
    8494 -0.770444100000E+02  0.346694500000E+02  0.791000000000E+00
    8495 -0.770455400000E+02  0.346703000000E+02  0.972000000000E+00
    8496 -0.770496800000E+02  0.346703700000E+02  0.556000000000E+00
    8506 -0.770532800000E+02  0.346704900000E+02  0.555000000000E+00
    8507 -0.770572800000E+02  0.346704900000E+02  0.555000000000E+00
    8527 -0.770429100000E+02  0.346697900000E+02  0.948000000000E+00
    8528 -0.770440100000E+02  0.346706200000E+02  0.939000000000E+00
    8535 -0.770587900000E+02  0.346699600000E+02  0.108700000000E+01
    8538 -0.770482000000E+02  0.346707700000E+02  0.883000000000E+00
    8548 -0.770556700000E+02  0.346708900000E+02  0.555000000000E+00
    8552 -0.770519000000E+02  0.346709300000E+02  0.555000000000E+00
    8557 -0.770414300000E+02  0.346701100000E+02  0.989000000000E+00
    8558 -0.770425200000E+02  0.346709200000E+02  0.183500000000E+01
    8576 -0.770466500000E+02  0.346711600000E+02  0.967000000000E+00
    8582 -0.770399400000E+02  0.346704400000E+02  0.899000000000E+00
    8583 -0.770410400000E+02  0.346712100000E+02  0.237800000000E+01
    8593 -0.770505700000E+02  0.346713000000E+02  0.555000000000E+00
    8604 -0.770541000000E+02  0.346713800000E+02  0.555000000000E+00
    8621 -0.770451100000E+02  0.346715000000E+02  0.875000000000E+00
    8623 -0.770385200000E+02  0.346707300000E+02  0.555000000000E+00
    8624 -0.770395900000E+02  0.346714900000E+02  0.976000000000E+00
    8634 -0.770492600000E+02  0.346716300000E+02  0.618000000000E+00
    8639 -0.770584200000E+02  0.346717100000E+02  0.555000000000E+00
    8661 -0.770436100000E+02  0.346717800000E+02  0.145300000000E+01
    8669 -0.770371100000E+02  0.346710300000E+02  0.555000000000E+00
    8670 -0.770381900000E+02  0.346717900000E+02  0.555000000000E+00
    8684 -0.770526600000E+02  0.346719300000E+02  0.555000000000E+00
    8691 -0.770567800000E+02  0.346719300000E+02  0.555000000000E+00
    8718 -0.770421100000E+02  0.346720200000E+02  0.222800000000E+01
    8721 -0.770548700000E+02  0.346720800000E+02  0.555000000000E+00
    8724 -0.770477400000E+02  0.346720500000E+02  0.833000000000E+00
    8763 -0.770355500000E+02  0.346714100000E+02  0.691000000000E+00
    8764 -0.770368100000E+02  0.346721500000E+02  0.591000000000E+00
    8776 -0.770406400000E+02  0.346722600000E+02  0.216700000000E+01
    8778 -0.770513600000E+02  0.346723300000E+02  0.555000000000E+00
    8821 -0.770461700000E+02  0.346724500000E+02  0.739000000000E+00
    8846 -0.770501500000E+02  0.346725600000E+02  0.555000000000E+00
    8847 -0.770392200000E+02  0.346725200000E+02  0.555000000000E+00
    8886 -0.770446900000E+02  0.346727000000E+02  0.104100000000E+01
    8896 -0.770355100000E+02  0.346725700000E+02  0.761000000000E+00
    8915 -0.770339600000E+02  0.346717500000E+02  0.706000000000E+00
    8924 -0.770533800000E+02  0.346728700000E+02  0.555000000000E+00
    8926 -0.770491800000E+02  0.346727600000E+02  0.647000000000E+00
    8928 -0.770378800000E+02  0.346728200000E+02  0.555000000000E+00
    8934 -0.770326500000E+02  0.346720200000E+02  0.706000000000E+00
    8935 -0.770333300000E+02  0.346729400000E+02  0.102200000000E+01
    8936 -0.770431800000E+02  0.346728900000E+02  0.129200000000E+01
    8962 -0.770315100000E+02  0.346722700000E+02  0.711000000000E+00
    8963 -0.770322500000E+02  0.346730300000E+02  0.107600000000E+01
    8977 -0.770416800000E+02  0.346730700000E+02  0.223200000000E+01
    8994 -0.770344800000E+02  0.346731700000E+02  0.815000000000E+00
    9013 -0.770304900000E+02  0.346724800000E+02  0.693000000000E+00
    9014 -0.770312200000E+02  0.346732600000E+02  0.101400000000E+01
    9024 -0.770402100000E+02  0.346732700000E+02  0.154800000000E+01
    9036 -0.770366500000E+02  0.346732400000E+02  0.658000000000E+00
    9074 -0.770388000000E+02  0.346734900000E+02  0.555000000000E+00
    9078 -0.770470100000E+02  0.346735300000E+02  0.596000000000E+00
    9086 -0.770295900000E+02  0.346726800000E+02  0.628000000000E+00
    9087 -0.770301400000E+02  0.346735700000E+02  0.944000000000E+00
    9093 -0.770519500000E+02  0.346735800000E+02  0.555000000000E+00
    9099 -0.770509300000E+02  0.346736400000E+02  0.555000000000E+00
    9119 -0.770496100000E+02  0.346737100000E+02  0.555000000000E+00
    9125 -0.770376000000E+02  0.346737000000E+02  0.555000000000E+00
    9131 -0.770328500000E+02  0.346737900000E+02  0.939000000000E+00
    9132 -0.770457900000E+02  0.346737400000E+02  0.579000000000E+00
    9138 -0.770355800000E+02  0.346737100000E+02  0.672000000000E+00
    9157 -0.770337800000E+02  0.346738700000E+02  0.769000000000E+00
    9169 -0.770442900000E+02  0.346738400000E+02  0.589000000000E+00
    9184 -0.770319400000E+02  0.346739300000E+02  0.105400000000E+01
    9192 -0.770427400000E+02  0.346739200000E+02  0.789000000000E+00
    9222 -0.770411800000E+02  0.346740700000E+02  0.801000000000E+00
    9252 -0.770347100000E+02  0.346741700000E+02  0.580000000000E+00
    9265 -0.770397600000E+02  0.346742300000E+02  0.775000000000E+00
    9273 -0.770310000000E+02  0.346742600000E+02  0.971000000000E+00
    9298 -0.770381000000E+02  0.346744200000E+02  0.555000000000E+00
    9307 -0.770332800000E+02  0.346744700000E+02  0.714000000000E+00
    9316 -0.770325300000E+02  0.346745100000E+02  0.853000000000E+00
    9325 -0.770365500000E+02  0.346745300000E+02  0.555000000000E+00
    9350 -0.770340300000E+02  0.346746500000E+02  0.579000000000E+00
    9356 -0.770355800000E+02  0.346746000000E+02  0.925000000000E+00
    9387 -0.770318100000E+02  0.346747600000E+02  0.930000000000E+00
    9444 -0.770335300000E+02  0.346750000000E+02  0.565000000000E+00
    9445 -0.770329400000E+02  0.346750100000E+02  0.666000000000E+00
    9463 -0.770348100000E+02  0.346750400000E+02  0.110600000000E+01
    9466 -0.770323800000E+02  0.346750700000E+02  0.773000000000E+00
    9533 -0.770340700000E+02  0.346753600000E+02  0.112600000000E+01
    9563 -0.770333200000E+02  0.346754900000E+02  0.601000000000E+00
    9571 -0.770319700000E+02  0.346755300000E+02  0.762000000000E+00
    9572 -0.770326200000E+02  0.346755400000E+02  0.628000000000E+00
    9596 -0.770356400000E+02  0.346755500000E+02  0.734000000000E+00
    9685 -0.770348400000E+02  0.346759100000E+02  0.104200000000E+01
    9695 -0.770328100000E+02  0.346759900000E+02  0.555000000000E+00
    9705 -0.770339100000E+02  0.346760600000E+02  0.116100000000E+01
    9711 -0.770323400000E+02  0.346761300000E+02  0.569000000000E+00
    9742 -0.770356800000E+02  0.346762300000E+02  0.854000000000E+00
    9743 -0.770361500000E+02  0.346759200000E+02  0.655000000000E+00
    9788 -0.770316800000E+02  0.346764200000E+02  0.649000000000E+00
    9801 -0.770352100000E+02  0.346765400000E+02  0.108700000000E+01
    9825 -0.770346000000E+02  0.346766200000E+02  0.113200000000E+01
    9907 -0.770338100000E+02  0.346769600000E+02  0.602000000000E+00
   12238 -0.770026000000E+02  0.346908300000E+02  0.126200000000E+01
   12271 -0.770020100000E+02  0.346911100000E+02  0.144300000000E+01
   12272 -0.770026400000E+02  0.346915500000E+02  0.347100000000E+01
   12303 -0.770020100000E+02  0.346918200000E+02  0.346800000000E+01
   12306 -0.770013900000E+02  0.346913100000E+02  0.135600000000E+01
   12322 -0.770032800000E+02  0.346920000000E+02  0.166100000000E+01
   12330 -0.770014000000E+02  0.346920800000E+02  0.342600000000E+01
   12331 -0.770007800000E+02  0.346915900000E+02  0.141800000000E+01
   12361 -0.770026300000E+02  0.346922900000E+02  0.168600000000E+01
   12367 -0.770008200000E+02  0.346923300000E+02  0.341700000000E+01
   12368 -0.770002300000E+02  0.346918300000E+02  0.140500000000E+01
   12393 -0.769998200000E+02  0.346920100000E+02  0.140200000000E+01
   12394 -0.770002700000E+02  0.346925700000E+02  0.339700000000E+01
   12398 -0.770020000000E+02  0.346925700000E+02  0.173400000000E+01
   12424 -0.770032500000E+02  0.346927500000E+02  0.888000000000E+00
   12427 -0.769991800000E+02  0.346922600000E+02  0.131500000000E+01
   12428 -0.769997300000E+02  0.346928100000E+02  0.342100000000E+01
   12431 -0.770013900000E+02  0.346928400000E+02  0.195100000000E+01
   12451 -0.769987200000E+02  0.346924600000E+02  0.132200000000E+01
   12452 -0.769991700000E+02  0.346930400000E+02  0.352000000000E+01
   12457 -0.770026000000E+02  0.346930500000E+02  0.887000000000E+00
   12460 -0.770008100000E+02  0.346931000000E+02  0.219600000000E+01
   12476 -0.770038400000E+02  0.346932200000E+02  0.599000000000E+00
   12480 -0.769980200000E+02  0.346927100000E+02  0.128200000000E+01
   12481 -0.769985800000E+02  0.346932900000E+02  0.359700000000E+01
   12492 -0.770019700000E+02  0.346933400000E+02  0.897000000000E+00
   12494 -0.770002500000E+02  0.346933500000E+02  0.238100000000E+01
   12524 -0.770032300000E+02  0.346935200000E+02  0.577000000000E+00
   12525 -0.769973700000E+02  0.346930000000E+02  0.134400000000E+01
   12526 -0.769979600000E+02  0.346935500000E+02  0.368400000000E+01
   12530 -0.769996900000E+02  0.346936000000E+02  0.254000000000E+01
   12532 -0.770013600000E+02  0.346936100000E+02  0.911000000000E+00
   12552 -0.769968300000E+02  0.346931900000E+02  0.123800000000E+01
   12553 -0.769973400000E+02  0.346938000000E+02  0.376700000000E+01
   12557 -0.770025100000E+02  0.346938300000E+02  0.598000000000E+00
   12560 -0.769991100000E+02  0.346938500000E+02  0.244900000000E+01
   12563 -0.770007800000E+02  0.346938800000E+02  0.919000000000E+00
   12576 -0.769960500000E+02  0.346935400000E+02  0.131800000000E+01
   12577 -0.769967000000E+02  0.346940700000E+02  0.366700000000E+01
   12580 -0.769985000000E+02  0.346941100000E+02  0.234900000000E+01
   12582 -0.770019500000E+02  0.346941200000E+02  0.596000000000E+00
   12584 -0.770002300000E+02  0.346941400000E+02  0.921000000000E+00
   12611 -0.769978900000E+02  0.346943700000E+02  0.226400000000E+01
   12613 -0.770012500000E+02  0.346944000000E+02  0.625000000000E+00
   12614 -0.769953300000E+02  0.346938000000E+02  0.113400000000E+01
   12615 -0.769960100000E+02  0.346943600000E+02  0.356900000000E+01
   12616 -0.769996500000E+02  0.346944000000E+02  0.932000000000E+00
   12638 -0.769972800000E+02  0.346946400000E+02  0.214400000000E+01
   12641 -0.769947500000E+02  0.346940800000E+02  0.130000000000E+01
   12642 -0.769953500000E+02  0.346946500000E+02  0.350000000000E+01
   12644 -0.769990500000E+02  0.346946600000E+02  0.939000000000E+00
   12646 -0.770007500000E+02  0.346946900000E+02  0.606000000000E+00
   12668 -0.770002600000E+02  0.346949300000E+02  0.605000000000E+00
   12670 -0.769966500000E+02  0.346949100000E+02  0.210800000000E+01
   12672 -0.769984500000E+02  0.346949300000E+02  0.934000000000E+00
   12674 -0.769940200000E+02  0.346944000000E+02  0.142300000000E+01
   12675 -0.769946700000E+02  0.346949600000E+02  0.350500000000E+01
   12698 -0.769978600000E+02  0.346951900000E+02  0.926000000000E+00
   12701 -0.769995600000E+02  0.346952200000E+02  0.624000000000E+00
   12702 -0.769960000000E+02  0.346952000000E+02  0.206400000000E+01
   12712 -0.769932200000E+02  0.346947300000E+02  0.148500000000E+01
   12713 -0.769939300000E+02  0.346952800000E+02  0.358800000000E+01
   12728 -0.769972500000E+02  0.346954600000E+02  0.918000000000E+00
   12729 -0.769990300000E+02  0.346954800000E+02  0.623000000000E+00
   12736 -0.769953400000E+02  0.346955000000E+02  0.186300000000E+01
   12742 -0.769924900000E+02  0.346950300000E+02  0.138700000000E+01
   12743 -0.769932000000E+02  0.346955900000E+02  0.367900000000E+01
   12751 -0.769966500000E+02  0.346957400000E+02  0.921000000000E+00
   12752 -0.769983900000E+02  0.346957700000E+02  0.624000000000E+00
   12762 -0.769946200000E+02  0.346958300000E+02  0.164400000000E+01
   12771 -0.769925200000E+02  0.346958800000E+02  0.373200000000E+01
   12772 -0.769918700000E+02  0.346952600000E+02  0.119800000000E+01
   12779 -0.769978400000E+02  0.346960000000E+02  0.630000000000E+00
   12783 -0.769960300000E+02  0.346960300000E+02  0.913000000000E+00
   12793 -0.769914000000E+02  0.346954500000E+02  0.109800000000E+01
   12794 -0.769919100000E+02  0.346961400000E+02  0.363600000000E+01
   12797 -0.769938900000E+02  0.346961600000E+02  0.148800000000E+01
   12804 -0.769972600000E+02  0.346962900000E+02  0.621000000000E+00
   12813 -0.769908400000E+02  0.346957000000E+02  0.104100000000E+01
   12814 -0.769913000000E+02  0.346963900000E+02  0.354200000000E+01
   12816 -0.769953400000E+02  0.346963600000E+02  0.897000000000E+00
   12823 -0.769931600000E+02  0.346964800000E+02  0.149800000000E+01
   12826 -0.769967100000E+02  0.346965400000E+02  0.622000000000E+00
   12840 -0.769899400000E+02  0.346960600000E+02  0.100800000000E+01
   12841 -0.769906200000E+02  0.346966800000E+02  0.343000000000E+01
   12850 -0.769945800000E+02  0.346967100000E+02  0.888000000000E+00
   12854 -0.769924900000E+02  0.346967700000E+02  0.153900000000E+01
   12860 -0.769961200000E+02  0.346968400000E+02  0.609000000000E+00
   12866 -0.769893300000E+02  0.346962900000E+02  0.970000000000E+00
   12867 -0.769899300000E+02  0.346969700000E+02  0.328200000000E+01
   12871 -0.769918400000E+02  0.346970600000E+02  0.157100000000E+01
   12875 -0.769938100000E+02  0.346970600000E+02  0.889000000000E+00
   12888 -0.769884800000E+02  0.346966300000E+02  0.966000000000E+00
   12889 -0.769892300000E+02  0.346972500000E+02  0.330200000000E+01
   12890 -0.769953600000E+02  0.346972300000E+02  0.594000000000E+00
   12892 -0.769912000000E+02  0.346973400000E+02  0.168400000000E+01
   12902 -0.769930900000E+02  0.346973900000E+02  0.889000000000E+00
   12924 -0.769885000000E+02  0.346975600000E+02  0.332000000000E+01
   12926 -0.769877400000E+02  0.346969800000E+02  0.109800000000E+01
   12929 -0.769905500000E+02  0.346976200000E+02  0.166700000000E+01
   12933 -0.769944500000E+02  0.346976500000E+02  0.595000000000E+00
   12936 -0.769923900000E+02  0.346977100000E+02  0.887000000000E+00
   12942 -0.769878200000E+02  0.346978300000E+02  0.332300000000E+01
   12946 -0.769871700000E+02  0.346971900000E+02  0.107800000000E+01
   12951 -0.769898900000E+02  0.346979000000E+02  0.163100000000E+01
   12955 -0.769917500000E+02  0.346980000000E+02  0.908000000000E+00
   12956 -0.769937100000E+02  0.346979900000E+02  0.596000000000E+00
   12964 -0.769866300000E+02  0.346974400000E+02  0.119400000000E+01
   12965 -0.769871700000E+02  0.346980700000E+02  0.327200000000E+01
   12972 -0.769892200000E+02  0.346981800000E+02  0.164500000000E+01
   12976 -0.769911300000E+02  0.346982800000E+02  0.922000000000E+00
   12980 -0.769929400000E+02  0.346983400000E+02  0.615000000000E+00
   12981 -0.769858400000E+02  0.346977500000E+02  0.122500000000E+01
   12982 -0.769864800000E+02  0.346983400000E+02  0.327300000000E+01
   12999 -0.769885300000E+02  0.346984600000E+02  0.169900000000E+01
   13004 -0.769905200000E+02  0.346985500000E+02  0.914000000000E+00
   13010 -0.769850200000E+02  0.346980700000E+02  0.126000000000E+01
   13011 -0.769857300000E+02  0.346986100000E+02  0.329100000000E+01
   13012 -0.769922700000E+02  0.346986800000E+02  0.623000000000E+00
   13017 -0.769878300000E+02  0.346987100000E+02  0.178100000000E+01
   13027 -0.769899100000E+02  0.346988300000E+02  0.914000000000E+00
   13033 -0.769842700000E+02  0.346984000000E+02  0.128500000000E+01
   13034 -0.769849600000E+02  0.346988900000E+02  0.329900000000E+01
   13035 -0.769916700000E+02  0.346989400000E+02  0.644000000000E+00
   13037 -0.769871300000E+02  0.346989500000E+02  0.197600000000E+01
   13050 -0.769892600000E+02  0.346991100000E+02  0.903000000000E+00
   13056 -0.769836300000E+02  0.346986500000E+02  0.113600000000E+01
   13057 -0.769842400000E+02  0.346991600000E+02  0.324700000000E+01
   13059 -0.769911000000E+02  0.346992100000E+02  0.652000000000E+00
   13060 -0.769864000000E+02  0.346991900000E+02  0.219300000000E+01
   13074 -0.769830600000E+02  0.346988900000E+02  0.105000000000E+01
   13075 -0.769835700000E+02  0.346994100000E+02  0.320300000000E+01
   13076 -0.769885300000E+02  0.346993700000E+02  0.913000000000E+00
   13080 -0.769856400000E+02  0.346994400000E+02  0.230600000000E+01
   13082 -0.769905100000E+02  0.346994900000E+02  0.641000000000E+00
   13086 -0.769877900000E+02  0.346995900000E+02  0.927000000000E+00
   13090 -0.769823200000E+02  0.346991800000E+02  0.101900000000E+01
   13091 -0.769828900000E+02  0.346996500000E+02  0.331700000000E+01
   13097 -0.769900500000E+02  0.346997200000E+02  0.626000000000E+00
   13098 -0.769848800000E+02  0.346996900000E+02  0.239800000000E+01
   13111 -0.769870800000E+02  0.346997900000E+02  0.947000000000E+00
   13117 -0.769815900000E+02  0.346995000000E+02  0.118400000000E+01
   13118 -0.769821900000E+02  0.346999100000E+02  0.343400000000E+01
   13119 -0.769841400000E+02  0.346999300000E+02  0.249000000000E+01
   13123 -0.769863400000E+02  0.347000100000E+02  0.940000000000E+00
   13130 -0.769893300000E+02  0.347000800000E+02  0.603000000000E+00
   13137 -0.769834300000E+02  0.347001600000E+02  0.258400000000E+01
   13138 -0.769810100000E+02  0.346997200000E+02  0.116800000000E+01
   13139 -0.769815400000E+02  0.347001500000E+02  0.354600000000E+01
   13148 -0.769855500000E+02  0.347002400000E+02  0.911000000000E+00
   13149 -0.769884200000E+02  0.347002800000E+02  0.651000000000E+00
   13155 -0.769804500000E+02  0.346999600000E+02  0.125800000000E+01
   13156 -0.769809300000E+02  0.347003800000E+02  0.354600000000E+01
   13157 -0.769827500000E+02  0.347003800000E+02  0.267000000000E+01
   13166 -0.769877500000E+02  0.347004200000E+02  0.683000000000E+00
   13169 -0.769847300000E+02  0.347004700000E+02  0.923000000000E+00
   13175 -0.769820900000E+02  0.347006000000E+02  0.275600000000E+01
   13178 -0.769803200000E+02  0.347006100000E+02  0.370400000000E+01
   13179 -0.769870800000E+02  0.347005900000E+02  0.669000000000E+00
   13183 -0.769839700000E+02  0.347006900000E+02  0.944000000000E+00
   13194 -0.769814400000E+02  0.347008100000E+02  0.278000000000E+01
   13201 -0.769863100000E+02  0.347008000000E+02  0.649000000000E+00
   13203 -0.769832800000E+02  0.347008800000E+02  0.934000000000E+00
   13218 -0.769808100000E+02  0.347010200000E+02  0.269400000000E+01
   13223 -0.769854000000E+02  0.347010300000E+02  0.631000000000E+00
   13226 -0.769826100000E+02  0.347010700000E+02  0.915000000000E+00
   13238 -0.769844800000E+02  0.347012700000E+02  0.628000000000E+00
   13239 -0.769819600000E+02  0.347012600000E+02  0.930000000000E+00
   13254 -0.769837700000E+02  0.347014300000E+02  0.624000000000E+00
   13257 -0.769813200000E+02  0.347014500000E+02  0.947000000000E+00
   13269 -0.769831200000E+02  0.347015600000E+02  0.628000000000E+00
   13279 -0.769806700000E+02  0.347016500000E+02  0.947000000000E+00
   13292 -0.769825100000E+02  0.347017400000E+02  0.604000000000E+00
   13302 -0.769817900000E+02  0.347019000000E+02  0.616000000000E+00
   13322 -0.769812000000E+02  0.347020700000E+02  0.624000000000E+00
   13342 -0.769804800000E+02  0.347022900000E+02  0.627000000000E+00
       1 3     8222     8223     8224
       2 3     8222     8224     8251
       3 3     8223     8268     8269
       4 3     8223     8269     8224
       5 3     8251     8224     8307
       6 3     8268     8315     8316
       7 3     8251     8307     8342
       8 3     8268     8316     8269
       9 3     8350     8351     8315
      10 3     8224     8269     8358
      11 3     8315     8351     8316
      12 3     8224     8358     8307
      13 3     8350     8398     8399
      14 3     8342     8307     8404
      15 3     8269     8316     8410
      16 3     8342     8404     8424
      17 3     8350     8399     8351
      18 3     8269     8410     8358
      19 3     8398     8446     8447
      20 3     8316     8351     8453
      21 3     8307     8358     8454
      22 3     8316     8453     8410
      23 3     8307     8454     8404
      24 3     8398     8447     8399
      25 3     8446     8494     8495
      26 3     8351     8399     8496
      27 3     8358     8410     8506
      28 3     8424     8404     8507
      29 3     8351     8496     8453
      30 3     8494     8527     8528
      31 3     8446     8495     8447
      32 3     8424     8507     8535
      33 3     8358     8506     8454
      34 3     8399     8447     8538
      35 3     8404     8454     8548
      36 3     8410     8453     8552
      37 3     8527     8557     8558
      38 3     8494     8528     8495
      39 3     8399     8538     8496
      40 3     8410     8552     8506
      41 3     8447     8495     8576
      42 3     8404     8548     8507
      43 3     8557     8582     8583
      44 3     8453     8496     8593
      45 3     8527     8558     8528
      46 3     8506     8604     8454
      47 3     8453     8593     8552
      48 3     8495     8528     8621
      49 3     8447     8576     8538
      50 3     8582     8623     8624
      51 3     8557     8583     8558
      52 3     8496     8538     8634
      53 3     8535     8507     8639
      54 3     8454     8604     8548
      55 3     8528     8558     8661
      56 3     8623     8669     8670
      57 3     8496     8634     8593
      58 3     8582     8624     8583
      59 3     8495     8621     8576
      60 3     8552     8684     8506
      61 3     8507     8548     8691
      62 3     8558     8583     8718
      63 3     8604     8721     8548
      64 3     8538     8576     8724
      65 3     8623     8670     8624
      66 3     8506     8684     8604
      67 3     8528     8661     8621
      68 3     8669     8763     8764
      69 3     8583     8624     8776
      70 3     8552     8593     8778
      71 3     8507     8691     8639
      72 3     8538     8724     8634
      73 3     8558     8718     8661
      74 3     8669     8764     8670
      75 3     8576     8621     8821
      76 3     8552     8778     8684
      77 3     8593     8634     8846
      78 3     8624     8670     8847
      79 3     8583     8776     8718
      80 3     8621     8661     8886
      81 3     8593     8846     8778
      82 3     8763     8896     8764
      83 3     8548     8721     8691
      84 3     8576     8821     8724
      85 3     8763     8915     8896
      86 3     8684     8924     8604
      87 3     8634     8926     8846
      88 3     8670     8764     8928
      89 3     8624     8847     8776
      90 3     8934     8935     8915
      91 3     8661     8718     8936
      92 3     8634     8724     8926
      93 3     8934     8962     8963
      94 3     8621     8886     8821
      95 3     8718     8776     8977
      96 3     8604     8924     8721
      97 3     8670     8928     8847
      98 3     8915     8994     8896
      99 3     8962     9013     9014
     100 3     8934     8963     8935
     101 3     8776     8847     9024
     102 3     8915     8935     8994
     103 3     8661     8936     8886
     104 3     8764     8896     9036
     105 3     8962     9014     8963
     106 3     8764     9036     8928
     107 3     8847     8928     9074
     108 3     8821     9078     8724
     109 3     8718     8977     8936
     110 3     9013     9086     9087
     111 3     8778     9093     8684
     112 3     8778     8846     9099
     113 3     8926     9119     8846
     114 3     8684     9093     8924
     115 3     8776     9024     8977
     116 3     9013     9087     9014
     117 3     8928     9036     9125
     118 3     8935     8963     9131
     119 3     8821     8886     9132
     120 3     8778     9099     9093
     121 3     8896     9138     9036
     122 3     8896     8994     9138
     123 3     8935     9157     8994
     124 3     8886     8936     9169
     125 3     8847     9074     9024
     126 3     8963     9014     9184
     127 3     8821     9132     9078
     128 3     8936     8977     9192
     129 3     8928     9125     9074
     130 3     8846     9119     9099
     131 3     8935     9131     9157
     132 3     8977     9024     9222
     133 3     8963     9184     9131
     134 3     8994     9252     9138
     135 3     9024     9074     9265
     136 3     8886     9169     9132
     137 3     8724     9078     8926
     138 3     9014     9087     9273
     139 3     8994     9157     9252
     140 3     9014     9273     9184
     141 3     9125     9298     9074
     142 3     8936     9192     9169
     143 3     9131     9307     9157
     144 3     9131     9184     9316
     145 3     9036     9138     9325
     146 3     9036     9325     9125
     147 3     8977     9222     9192
     148 3     9157     9350     9252
     149 3     9131     9316     9307
     150 3     9138     9252     9356
     151 3     9024     9265     9222
     152 3     9157     9307     9350
     153 3     9138     9356     9325
     154 3     9184     9273     9387
     155 3     9184     9387     9316
     156 3     9307     9444     9350
     157 3     9307     9316     9445
     158 3     9252     9463     9356
     159 3     9316     9387     9466
     160 3     9252     9350     9463
     161 3     9074     9298     9265
     162 3     9307     9445     9444
     163 3     9316     9466     9445
     164 3     9125     9325     9298
     165 3     9350     9444     9533
     166 3     9350     9533     9463
     167 3     9444     9445     9563
     168 3     9387     9571     9466
     169 3     9466     9572     9445
     170 3     9356     9463     9596
     171 3     9444     9563     9533
     172 3     9445     9572     9563
     173 3     9466     9571     9572
     174 3     9463     9685     9596
     175 3     9463     9533     9685
     176 3     9572     9695     9563
     177 3     9533     9563     9705
     178 3     9572     9571     9711
     179 3     9572     9711     9695
     180 3     9596     9742     9743
     181 3     9533     9705     9685
     182 3     9596     9685     9742
     183 3     9571     9788     9711
     184 3     9685     9801     9742
     185 3     9563     9695     9705
     186 3     9685     9705     9825
     187 3     9685     9825     9801
     188 3     9705     9907     9825
     189 3     9705     9695     9907
     190 3    12238    12271    12272
     191 3    12271    12303    12272
     192 3    12271    12306    12303
     193 3    12306    12330    12303
     194 3    12306    12331    12330
     195 3    12272    12303    12361
     196 3    12272    12361    12322
     197 3    12331    12367    12330
     198 3    12331    12368    12367
     199 3    12368    12393    12394
     200 3    12368    12394    12367
     201 3    12303    12330    12398
     202 3    12303    12398    12361
     203 3    12322    12361    12424
     204 3    12393    12427    12428
     205 3    12393    12428    12394
     206 3    12330    12367    12431
     207 3    12330    12431    12398
     208 3    12427    12451    12452
     209 3    12427    12452    12428
     210 3    12361    12398    12457
     211 3    12361    12457    12424
     212 3    12367    12394    12460
     213 3    12367    12460    12431
     214 3    12451    12480    12481
     215 3    12451    12481    12452
     216 3    12398    12431    12492
     217 3    12394    12428    12494
     218 3    12394    12494    12460
     219 3    12398    12492    12457
     220 3    12424    12524    12476
     221 3    12480    12525    12526
     222 3    12424    12457    12524
     223 3    12480    12526    12481
     224 3    12428    12452    12530
     225 3    12428    12530    12494
     226 3    12431    12460    12532
     227 3    12431    12532    12492
     228 3    12525    12552    12553
     229 3    12457    12492    12557
     230 3    12525    12553    12526
     231 3    12452    12481    12560
     232 3    12452    12560    12530
     233 3    12460    12494    12563
     234 3    12457    12557    12524
     235 3    12460    12563    12532
     236 3    12552    12576    12577
     237 3    12552    12577    12553
     238 3    12481    12526    12580
     239 3    12481    12580    12560
     240 3    12492    12582    12557
     241 3    12492    12532    12582
     242 3    12494    12530    12584
     243 3    12494    12584    12563
     244 3    12526    12553    12611
     245 3    12532    12563    12613
     246 3    12526    12611    12580
     247 3    12576    12614    12615
     248 3    12530    12560    12616
     249 3    12576    12615    12577
     250 3    12530    12616    12584
     251 3    12532    12613    12582
     252 3    12553    12577    12638
     253 3    12553    12638    12611
     254 3    12614    12641    12642
     255 3    12560    12580    12644
     256 3    12614    12642    12615
     257 3    12563    12646    12613
     258 3    12560    12644    12616
     259 3    12563    12584    12646
     260 3    12584    12668    12646
     261 3    12577    12615    12670
     262 3    12580    12611    12672
     263 3    12577    12670    12638
     264 3    12580    12672    12644
     265 3    12584    12616    12668
     266 3    12641    12674    12675
     267 3    12641    12675    12642
     268 3    12611    12638    12698
     269 3    12616    12644    12701
     270 3    12611    12698    12672
     271 3    12615    12702    12670
     272 3    12615    12642    12702
     273 3    12616    12701    12668
     274 3    12674    12712    12713
     275 3    12674    12713    12675
     276 3    12638    12670    12728
     277 3    12638    12728    12698
     278 3    12644    12729    12701
     279 3    12644    12672    12729
     280 3    12642    12675    12736
     281 3    12642    12736    12702
     282 3    12712    12742    12743
     283 3    12712    12743    12713
     284 3    12670    12751    12728
     285 3    12672    12698    12752
     286 3    12670    12702    12751
     287 3    12672    12752    12729
     288 3    12675    12713    12762
     289 3    12675    12762    12736
     290 3    12742    12771    12743
     291 3    12742    12772    12771
     292 3    12698    12779    12752
     293 3    12698    12728    12779
     294 3    12702    12783    12751
     295 3    12702    12736    12783
     296 3    12772    12793    12794
     297 3    12772    12794    12771
     298 3    12713    12743    12797
     299 3    12713    12797    12762
     300 3    12728    12804    12779
     301 3    12728    12751    12804
     302 3    12793    12813    12814
     303 3    12736    12816    12783
     304 3    12793    12814    12794
     305 3    12736    12762    12816
     306 3    12743    12771    12823
     307 3    12743    12823    12797
     308 3    12751    12826    12804
     309 3    12751    12783    12826
     310 3    12813    12840    12841
     311 3    12813    12841    12814
     312 3    12762    12797    12850
     313 3    12762    12850    12816
     314 3    12771    12794    12854
     315 3    12771    12854    12823
     316 3    12783    12860    12826
     317 3    12783    12816    12860
     318 3    12840    12866    12867
     319 3    12840    12867    12841
     320 3    12794    12814    12871
     321 3    12797    12823    12875
     322 3    12794    12871    12854
     323 3    12797    12875    12850
     324 3    12866    12888    12889
     325 3    12816    12890    12860
     326 3    12866    12889    12867
     327 3    12816    12850    12890
     328 3    12814    12841    12892
     329 3    12814    12892    12871
     330 3    12823    12854    12902
     331 3    12823    12902    12875
     332 3    12888    12924    12889
     333 3    12888    12926    12924
     334 3    12841    12867    12929
     335 3    12841    12929    12892
     336 3    12850    12875    12933
     337 3    12854    12871    12936
     338 3    12854    12936    12902
     339 3    12850    12933    12890
     340 3    12926    12942    12924
     341 3    12926    12946    12942
     342 3    12867    12889    12951
     343 3    12867    12951    12929
     344 3    12871    12892    12955
     345 3    12875    12902    12956
     346 3    12871    12955    12936
     347 3    12875    12956    12933
     348 3    12946    12964    12965
     349 3    12946    12965    12942
     350 3    12889    12972    12951
     351 3    12889    12924    12972
     352 3    12892    12929    12976
     353 3    12892    12976    12955
     354 3    12902    12936    12980
     355 3    12964    12981    12982
     356 3    12964    12982    12965
     357 3    12902    12980    12956
     358 3    12924    12999    12972
     359 3    12924    12942    12999
     360 3    12929    12951    13004
     361 3    12929    13004    12976
     362 3    12981    13010    13011
     363 3    12936    12955    13012
     364 3    12981    13011    12982
     365 3    12936    13012    12980
     366 3    12942    12965    13017
     367 3    12942    13017    12999
     368 3    12951    13027    13004
     369 3    12951    12972    13027
     370 3    13010    13033    13034
     371 3    12955    12976    13035
     372 3    12955    13035    13012
     373 3    12965    12982    13037
     374 3    13010    13034    13011
     375 3    12965    13037    13017
     376 3    12972    13050    13027
     377 3    12972    12999    13050
     378 3    13033    13056    13057
     379 3    12976    13059    13035
     380 3    12976    13004    13059
     381 3    12982    13011    13060
     382 3    13033    13057    13034
     383 3    12982    13060    13037
     384 3    13056    13074    13075
     385 3    12999    13017    13076
     386 3    12999    13076    13050
     387 3    13011    13034    13080
     388 3    13056    13075    13057
     389 3    13004    13082    13059
     390 3    13004    13027    13082
     391 3    13011    13080    13060
     392 3    13017    13037    13086
     393 3    13017    13086    13076
     394 3    13074    13090    13091
     395 3    13027    13097    13082
     396 3    13034    13057    13098
     397 3    13074    13091    13075
     398 3    13034    13098    13080
     399 3    13027    13050    13097
     400 3    13037    13060    13111
     401 3    13037    13111    13086
     402 3    13090    13117    13118
     403 3    13057    13075    13119
     404 3    13090    13118    13091
     405 3    13057    13119    13098
     406 3    13060    13080    13123
     407 3    13060    13123    13111
     408 3    13050    13130    13097
     409 3    13050    13076    13130
     410 3    13075    13091    13137
     411 3    13117    13138    13139
     412 3    13117    13139    13118
     413 3    13075    13137    13119
     414 3    13080    13098    13148
     415 3    13076    13086    13149
     416 3    13080    13148    13123
     417 3    13138    13155    13156
     418 3    13091    13118    13157
     419 3    13076    13149    13130
     420 3    13138    13156    13139
     421 3    13086    13111    13166
     422 3    13091    13157    13137
     423 3    13086    13166    13149
     424 3    13098    13119    13169
     425 3    13098    13169    13148
     426 3    13118    13139    13175
     427 3    13111    13179    13166
     428 3    13111    13123    13179
     429 3    13118    13175    13157
     430 3    13155    13178    13156
     431 3    13119    13137    13183
     432 3    13119    13183    13169
     433 3    13139    13156    13194
     434 3    13123    13148    13201
     435 3    13137    13157    13203
     436 3    13139    13194    13175
     437 3    13123    13201    13179
     438 3    13137    13203    13183
     439 3    13156    13178    13218
     440 3    13148    13169    13223
     441 3    13157    13175    13226
     442 3    13156    13218    13194
     443 3    13157    13226    13203
     444 3    13148    13223    13201
     445 3    13169    13183    13238
     446 3    13175    13194    13239
     447 3    13175    13239    13226
     448 3    13183    13203    13254
     449 3    13194    13218    13257
     450 3    13169    13238    13223
     451 3    13183    13254    13238
     452 3    13194    13257    13239
     453 3    13203    13226    13269
     454 3    13203    13269    13254
     455 3    13218    13279    13257
     456 3    13226    13239    13292
     457 3    13226    13292    13269
     458 3    13239    13257    13302
     459 3    13239    13302    13292
     460 3    13257    13279    13322
     461 3    13257    13322    13302
     462 3    13279    13342    13322
 0                                                                              
 0                                                                              
 4                                                                              
 120                                                                            
      36       0                                                                
   13342
   13322
   13302
   13292
   13269
   13254
   13238
   13223
   13201
   13179
   13166
   13149
   13130
   13097
   13082
   13059
   13035
   13012
   12980
   12956
   12933
   12890
   12860
   12826
   12804
   12779
   12752
   12729
   12701
   12668
   12646
   12613
   12582
   12557
   12524
   12476
      23       1                                                                
    8535
    8424
    8342
    8251
    8222
    8223
    8268
    8315
    8350
    8398
    8446
    8494
    8527
    8557
    8582
    8623
    8669
    8763
    8915
    8934
    8962
    9013
    9086
      19       1                                                                
    9743
    9596
    9356
    9325
    9298
    9265
    9222
    9192
    9169
    9132
    9078
    8926
    9119
    9099
    9093
    8924
    8721
    8691
    8639
      40       1                                                                
    9695
    9907
   12238
   12271
   12306
   12331
   12368
   12393
   12427
   12451
   12480
   12525
   12552
   12576
   12614
   12641
   12674
   12712
   12742
   12772
   12793
   12813
   12840
   12866
   12888
   12926
   12946
   12964
   12981
   13010
   13033
   13056
   13074
   13090
   13117
   13138
   13155
    9788
    9711
    9695
