FileFmt      1050624           0           0
NELG           58641         560         507
       55509
       55564
       55589
       55612
       55651
       55654
       55687
       55701
       55705
       55731
       55736
       55737
       55747
       55771
       55779
       55781
       55783
       55786
       55788
       55823
       55837
       55846
       55848
       55851
       55855
       55864
       55867
       55871
       55883
       55886
       55898
       55910
       55911
       55912
       55917
       55919
       55925
       55926
       55934
       55939
       55943
       55972
       55973
       55977
       55983
       55994
       56012
       56021
       56028
       56030
       56032
       56034
       56038
       56041
       56044
       56056
       56075
       56083
       56084
       56090
       56093
       56095
       56101
       56106
       56107
       56111
       56114
       56115
       56117
       56137
       56138
       56146
       56153
       56174
       56182
       56186
       56190
       56194
       56197
       56199
       56213
       56215
       56218
       56219
       56221
       56230
       56243
       56244
       56245
       56247
       56251
       56262
       56268
       56269
       56270
       56275
       56276
       56280
       56285
       56291
       56293
       56294
       56300
       56331
       56336
       56340
       56344
       56347
       56355
       56357
       56359
       56362
       56369
       56370
       56378
       56387
       56389
       56391
       56392
       56394
       56399
       56403
       56405
       56408
       56414
       56418
       56426
       56430
       56432
       56434
       56435
       56439
       56444
       56445
       56470
       56473
       56479
       56480
       56481
       56490
       56495
       56496
       56502
       56503
       56505
       56507
       56514
       56515
       56522
       56525
       56526
       56529
       56533
       56535
       56536
       56537
       56539
       56542
       56556
       56557
       56560
       56563
       56566
       56568
       56569
       56572
       56576
       56584
       56586
       56588
       56589
       56591
       56592
       56594
      -56598
       56600
       56604
       56606
       56607
       56610
       56617
       56619
       56621
       56622
       56625
       56626
       56632
       56634
       56638
       56639
       56643
       56644
       56648
       56653
       56655
       56656
       56657
       56662
       56663
      -56666
       56671
       56674
      -56676
       56681
       56682
       56686
       56688
       56689
       56691
       56693
       56694
       56695
       56696
       56697
       56698
       56699
       56700
       56701
       56703
       56708
       56709
       56719
       56721
       56725
      -56727
       56730
       56731
       56732
       56733
       56734
       56736
       56739
       56740
       56741
       56742
       56743
       56744
       56745
       56746
       56752
       56754
       56756
       56759
       56763
       56767
      -56771
       56773
       56775
       56776
       56777
       56779
       56780
       56781
       56782
       56784
       56785
       56786
       56787
       56788
       56789
       56797
       56803
       56804
       56807
       56811
       56813
       56814
       56816
      -56817
      -56821
       56822
       56823
       56824
       56827
       56828
       56829
       56830
       56831
       56832
       56836
       56845
       56848
       56849
       56852
       56853
       56855
       56856
       56858
       56859
       56861
       56865
       56867
       56868
       56870
       56871
       56872
      -56873
      -56874
       56875
       56876
       56877
       56885
       56886
       56891
       56893
       56894
       56896
       56898
       56903
       56904
       56905
       56906
       56910
       56911
       56912
       56914
       56915
       56918
       56919
       56920
       56921
       56922
       56923
      -56924
       56932
       56934
       56938
       56941
       56945
       56947
       56948
       56951
       56952
       56953
       56954
       56957
       56959
       56960
       56961
       56964
      -56966
       56967
       56968
       56969
       56970
       56971
       56978
       56981
       56985
       56990
       56991
       56993
       56994
       56999
       57000
       57001
       57004
       57006
       57008
       57009
       57010
       57011
       57014
       57015
       57016
       57018
      -57019
       57020
       57021
       57022
       57028
       57031
       57037
       57040
       57041
       57043
       57046
       57048
       57049
       57051
       57053
       57055
       57057
       57059
       57060
       57061
      -57062
       57064
       57065
       57066
       57067
       57069
       57071
       57072
       57073
       57083
       57084
       57089
       57090
       57094
       57095
       57098
       57099
       57100
       57101
       57102
       57105
       57107
       57108
       57109
       57110
      -57111
       57112
       57113
       57115
       57117
       57118
       57129
       57130
       57131
       57132
       57134
       57136
       57140
       57142
       57143
       57145
       57149
       57150
       57151
       57153
      -57155
       57156
       57157
       57159
       57160
       57161
       57162
       57164
       57165
       57177
       57180
       57181
       57182
       57183
       57184
       57185
       57188
       57190
       57193
       57195
       57196
       57201
       57203
       57204
       57205
      -57206
      -57207
       57208
       57209
       57211
       57212
       57213
       57215
       57222
       57224
       57229
       57230
       57235
       57239
       57241
       57244
       57245
       57246
       57248
       57254
       57255
       57256
      -57257
       57258
       57259
       57260
       57261
       57262
       57265
       57269
       57280
       57283
       57286
       57287
       57289
       57292
       57293
       57294
       57295
       57296
       57297
       57298
       57308
       57319
       57324
       57335
       57336
       57339
       57340
       57376
       57379
NNODG          32218         319         286
      -30534
      -30556
       30582
      -30605
       30614
      -30631
       30636
      -30645
      -30653
       30657
       30660
      -30662
      -30666
       30686
      -30690
       30699
       30703
       30710
       30726
       30727
       30729
      -30751
       30759
       30767
       30770
       30771
       30773
       30780
       30783
       30804
       30805
       30806
       30808
       30817
       30838
       30841
       30851
      -30857
       30861
       30866
       30871
       30874
       30879
       30880
       30890
       30903
       30904
       30907
       30910
       30917
       30934
       30941
       30956
       30962
      -30963
       30964
       30969
       30981
       30983
       30985
       30986
       30987
       30996
       30997
       30998
       31002
       31018
       31023
       31024
      -31045
       31047
       31049
       31052
       31062
       31064
       31067
       31072
       31077
       31080
       31082
       31083
       31085
       31091
       31094
       31105
       31106
       31107
      -31112
       31129
       31132
       31133
       31142
       31143
       31147
       31150
       31152
       31153
       31158
       31164
       31166
       31167
       31170
       31177
       31179
       31182
       31183
       31192
       31194
       31195
       31196
       31198
      -31201
       31204
       31205
       31207
       31212
       31213
       31220
       31223
       31227
       31229
       31232
       31233
       31237
      -31239
       31243
       31247
       31248
       31250
       31251
       31253
       31254
       31255
       31256
       31258
       31262
       31268
       31270
       31272
       31273
       31275
       31276
       31277
       31278
       31279
       31283
       31285
       31287
      -31289
       31290
       31295
       31296
       31297
       31298
       31300
       31301
       31302
       31307
       31313
       31314
       31315
      -31317
       31319
       31320
       31322
       31323
       31324
       31325
       31328
       31333
       31336
       31337
       31338
       31341
       31342
       31343
      -31344
       31345
       31346
       31353
       31355
       31356
       31358
       31359
       31362
       31363
       31367
       31369
       31370
       31371
       31372
       31378
       31382
       31384
       31386
       31387
       31388
       31389
       31391
       31392
      -31393
       31395
       31396
       31397
       31401
       31404
       31407
       31410
       31411
       31413
       31414
       31415
       31417
       31419
       31420
       31424
       31429
       31430
       31432
       31434
       31436
       31438
       31441
      -31442
       31443
       31444
       31446
       31447
       31449
       31450
       31457
       31458
       31460
       31461
       31462
       31465
       31466
       31467
       31468
       31470
       31471
       31477
       31478
       31481
       31483
       31486
       31487
       31488
      -31489
       31491
       31492
       31493
       31495
       31496
       31503
       31504
       31505
       31507
       31510
       31512
       31516
      -31517
       31518
       31519
       31520
       31525
       31526
       31531
       31533
      -31535
      -31536
      -31539
      -31540
       31541
       31542
      -31546
      -31553
      -31555
      -31556
      -31558
      -31559
       31560
      -31574
      -31582
      -31583
      -31600
NFLUXF             0
NETA             128          29           0
NSTAE              0           0           0
NSTAV              0           0           0
NSTAM              0           0           0
NSTAC              0           0           0
RES NODE          18         249
                   3           5           7          10          11          14
                  16          17          18          19          20          21
                  23          24          25          26          27          28
                  29          30          31          32          33          34
                  35          36          37          39          40          41
                  42          43          44          45          46          47
                  48          49          50          51          52          53
                  54          56          57          58          59          60
                  61          62          63          64          65          66
                  67          68          69          71          72          73
                  74          75          76          77          78          79
                  80          81          82          83          84          85
                  86          87          89          90          91          92
                  93          94          95          96          97          98
                  99         100         101         102         103         104
                 105         106         107         108         109         110
                 111         113         114         115         116         117
                 118         119         120         121         122         123
                 124         126         127         128         129         130
                 131         132         133         134         135         136
                 137         138         139         140         141         142
                 143         144         145         146         147         148
                 150         151         152         153         154         155
                 156         157         158         159         160         161
                 163         164         165         166         167         168
                 169         170         171         172         173         174
                 175         176         178         179         180         181
                 182         183         184         185         186         187
                 188         189         190         191         192         193
                 194         195         196         197         198         199
                 200         202         203         204         205         206
                 207         208         209         210         211         212
                 213         214         215         216         217         218
                 219         220         221         222         223         225
                 226         227         228         229         230         231
                 232         233         234         235         236         237
                 238         239         240         241         242         243
                 244         245         246         247         248         250
                 251         252         253         254         255         256
                 257         258         259         260         261         263
                 264         265         266         267         268         269
                 274         275         282
COMM PE            4
RECV PE           17           9
                 112         125         149         162         177         201
                 224         249         262
RECV PE           19          14
                 270         271         272         273         276         277
                 278         279         280         281         283         284
                 285         286
RECV PE           21           9
                   1           2           4           6           8           9
                  12          13          15
RECV PE           22           5
                  22          38          55          70          88
SEND PE           17           9
                  99         113         138         154         169         191
                 215         238         252
SEND PE           19          16
                 252         254         256         258         259         260
                 261         263         264         265         266         268
                 269         274         275         282
SEND PE           21           8
                   3           5          11          16          19          24
                  26          29
SEND PE           22           5
                  24          41          59          84          99
