Nodal attrs for bi_1997_v2.grd - 10/24/2013                                     
         286
           1
primitive_weighting_in_continuity_equation                                      
1                                                                               
           1
  0.300000000E-01
primitive_weighting_in_continuity_equation                                      
         140
     30645    0.50000000E-02
     30653    0.50000000E-02
     30666    0.50000000E-02
     30751    0.50000000E-02
     30767    0.50000000E-02
     30771    0.50000000E-02
     30783    0.50000000E-02
     30857    0.50000000E-02
     30871    0.50000000E-02
     30879    0.50000000E-02
     30880    0.50000000E-02
     30890    0.50000000E-02
     30963    0.50000000E-02
     30981    0.50000000E-02
     30983    0.50000000E-02
     30985    0.50000000E-02
     30986    0.50000000E-02
     30987    0.50000000E-02
     31045    0.50000000E-02
     31064    0.50000000E-02
     31067    0.50000000E-02
     31072    0.50000000E-02
     31077    0.50000000E-02
     31083    0.50000000E-02
     31094    0.50000000E-02
     31112    0.50000000E-02
     31142    0.50000000E-02
     31143    0.50000000E-02
     31150    0.50000000E-02
     31153    0.50000000E-02
     31164    0.50000000E-02
     31167    0.50000000E-02
     31183    0.50000000E-02
     31195    0.50000000E-02
     31196    0.50000000E-02
     31201    0.50000000E-02
     31204    0.50000000E-02
     31205    0.50000000E-02
     31212    0.50000000E-02
     31223    0.50000000E-02
     31233    0.50000000E-02
     31239    0.50000000E-02
     31247    0.50000000E-02
     31248    0.50000000E-02
     31250    0.50000000E-02
     31251    0.50000000E-02
     31254    0.50000000E-02
     31262    0.50000000E-02
     31268    0.50000000E-02
     31270    0.50000000E-02
     31273    0.50000000E-02
     31278    0.50000000E-02
     31279    0.50000000E-02
     31283    0.50000000E-02
     31289    0.50000000E-02
     31290    0.50000000E-02
     31296    0.50000000E-02
     31298    0.50000000E-02
     31300    0.50000000E-02
     31301    0.50000000E-02
     31314    0.50000000E-02
     31317    0.50000000E-02
     31319    0.50000000E-02
     31320    0.50000000E-02
     31322    0.50000000E-02
     31325    0.50000000E-02
     31328    0.50000000E-02
     31337    0.50000000E-02
     31343    0.50000000E-02
     31344    0.50000000E-02
     31346    0.50000000E-02
     31353    0.50000000E-02
     31355    0.50000000E-02
     31356    0.50000000E-02
     31358    0.50000000E-02
     31363    0.50000000E-02
     31367    0.50000000E-02
     31371    0.50000000E-02
     31372    0.50000000E-02
     31387    0.50000000E-02
     31388    0.50000000E-02
     31389    0.50000000E-02
     31391    0.50000000E-02
     31393    0.50000000E-02
     31395    0.50000000E-02
     31401    0.50000000E-02
     31404    0.50000000E-02
     31410    0.50000000E-02
     31414    0.50000000E-02
     31417    0.50000000E-02
     31420    0.50000000E-02
     31424    0.50000000E-02
     31430    0.50000000E-02
     31434    0.50000000E-02
     31441    0.50000000E-02
     31442    0.50000000E-02
     31443    0.50000000E-02
     31446    0.50000000E-02
     31450    0.50000000E-02
     31457    0.50000000E-02
     31458    0.50000000E-02
     31460    0.50000000E-02
     31465    0.50000000E-02
     31467    0.50000000E-02
     31470    0.50000000E-02
     31477    0.50000000E-02
     31481    0.50000000E-02
     31483    0.50000000E-02
     31487    0.50000000E-02
     31489    0.50000000E-02
     31493    0.50000000E-02
     31496    0.50000000E-02
     31503    0.50000000E-02
     31505    0.50000000E-02
     31507    0.50000000E-02
     31516    0.50000000E-02
     31517    0.50000000E-02
     31518    0.50000000E-02
     31519    0.50000000E-02
     31520    0.50000000E-02
     31526    0.50000000E-02
     31531    0.50000000E-02
     31533    0.50000000E-02
     31535    0.20000000E-01
     31536    0.50000000E-02
     31539    0.50000000E-02
     31540    0.50000000E-02
     31541    0.50000000E-02
     31542    0.50000000E-02
     31546    0.50000000E-02
     31553    0.20000000E-01
     31555    0.50000000E-02
     31556    0.50000000E-02
     31558    0.50000000E-02
     31559    0.50000000E-02
     31560    0.50000000E-02
     31574    0.50000000E-02
     31582    0.50000000E-02
     31583    0.50000000E-02
     31600    0.50000000E-02
