bi_1997_v2.grd                                                                  
     507     286
   30534 -0.756894500000E+02  0.360682300000E+02  0.144200000000E+01
   30556 -0.756800900000E+02  0.360807500000E+02  0.721400000000E+01
   30582 -0.756975500000E+02  0.360814800000E+02  0.168200000000E+01
   30605 -0.756728000000E+02  0.360925100000E+02  0.148780000000E+02
   30614 -0.756882300000E+02  0.360943800000E+02  0.844300000000E+01
   30631 -0.756585000000E+02  0.360989100000E+02  0.172500000000E+02
   30636 -0.757061200000E+02  0.360958000000E+02  0.252100000000E+01
   30645 -0.755344000000E+02  0.361036600000E+02  0.254630000000E+02
   30653 -0.755681000000E+02  0.361061900000E+02  0.240610000000E+02
   30657 -0.756962900000E+02  0.361079300000E+02  0.103270000000E+02
   30660 -0.756765700000E+02  0.361078400000E+02  0.173130000000E+02
   30662 -0.756412000000E+02  0.361069300000E+02  0.209000000000E+02
   30666 -0.756020100000E+02  0.361079700000E+02  0.222380000000E+02
   30686 -0.757146800000E+02  0.361101200000E+02  0.226600000000E+01
   30690 -0.756249500000E+02  0.361146900000E+02  0.222950000000E+02
   30699 -0.756577800000E+02  0.361164100000E+02  0.181680000000E+02
   30703 -0.756884100000E+02  0.361190800000E+02  0.173820000000E+02
   30710 -0.757037000000E+02  0.361203700000E+02  0.118240000000E+02
   30726 -0.756397900000E+02  0.361250700000E+02  0.216900000000E+02
   30727 -0.756739700000E+02  0.361256500000E+02  0.177850000000E+02
   30729 -0.757209300000E+02  0.361197800000E+02  0.181800000000E+01
   30751 -0.755141400000E+02  0.361302500000E+02  0.252440000000E+02
   30759 -0.757104400000E+02  0.361317500000E+02  0.118400000000E+02
   30767 -0.755488200000E+02  0.361333000000E+02  0.243920000000E+02
   30770 -0.756915000000E+02  0.361335800000E+02  0.170050000000E+02
   30771 -0.755833600000E+02  0.361350700000E+02  0.227680000000E+02
   30773 -0.756566800000E+02  0.361340700000E+02  0.199790000000E+02
   30780 -0.757271800000E+02  0.361294400000E+02  0.137000000000E+01
   30783 -0.756175900000E+02  0.361360700000E+02  0.219220000000E+02
   30804 -0.757168500000E+02  0.361435400000E+02  0.843900000000E+01
   30805 -0.756405000000E+02  0.361422200000E+02  0.216770000000E+02
   30806 -0.757025000000E+02  0.361438100000E+02  0.159520000000E+02
   30808 -0.756729100000E+02  0.361429200000E+02  0.193030000000E+02
   30817 -0.757327200000E+02  0.361414700000E+02  0.210000000000E+01
   30838 -0.756885100000E+02  0.361514600000E+02  0.174020000000E+02
   30841 -0.756551400000E+02  0.361521500000E+02  0.206060000000E+02
   30851 -0.757230400000E+02  0.361560200000E+02  0.652200000000E+01
   30857 -0.754920500000E+02  0.361575800000E+02  0.263140000000E+02
   30861 -0.757382600000E+02  0.361535000000E+02  0.147500000000E+01
   30866 -0.757052000000E+02  0.361587300000E+02  0.148760000000E+02
   30871 -0.755285000000E+02  0.361615000000E+02  0.252720000000E+02
   30874 -0.756716500000E+02  0.361606400000E+02  0.199630000000E+02
   30879 -0.755643900000E+02  0.361631700000E+02  0.240110000000E+02
   30880 -0.755992600000E+02  0.361637400000E+02  0.223160000000E+02
   30890 -0.756332700000E+02  0.361637500000E+02  0.219950000000E+02
   30903 -0.757157400000E+02  0.361694700000E+02  0.142150000000E+02
   30904 -0.757294500000E+02  0.361694300000E+02  0.683900000000E+01
   30907 -0.756873500000E+02  0.361691100000E+02  0.179220000000E+02
   30910 -0.756558200000E+02  0.361692800000E+02  0.208480000000E+02
   30917 -0.757449300000E+02  0.361683500000E+02  0.150100000000E+01
   30934 -0.757024200000E+02  0.361776700000E+02  0.173180000000E+02
   30941 -0.756701300000E+02  0.361789000000E+02  0.200050000000E+02
   30956 -0.757360800000E+02  0.361837200000E+02  0.731100000000E+01
   30962 -0.757186300000E+02  0.361855200000E+02  0.156840000000E+02
   30963 -0.754670100000E+02  0.361858200000E+02  0.249500000000E+02
   30964 -0.757516100000E+02  0.361832100000E+02  0.150100000000E+01
   30969 -0.756861600000E+02  0.361872500000E+02  0.196140000000E+02
   30981 -0.756156800000E+02  0.361918300000E+02  0.213000000000E+02
   30983 -0.755064800000E+02  0.361918600000E+02  0.253260000000E+02
   30985 -0.755812600000E+02  0.361925300000E+02  0.231000000000E+02
   30986 -0.756489300000E+02  0.361909900000E+02  0.200700000000E+02
   30987 -0.755451200000E+02  0.361928400000E+02  0.233010000000E+02
   30996 -0.757014200000E+02  0.361959300000E+02  0.175010000000E+02
   30997 -0.757291400000E+02  0.361973300000E+02  0.126830000000E+02
   30998 -0.756708800000E+02  0.361961500000E+02  0.174930000000E+02
   31002 -0.757427400000E+02  0.361984700000E+02  0.743300000000E+01
   31018 -0.757581700000E+02  0.361992100000E+02  0.139900000000E+01
   31023 -0.757161400000E+02  0.362050700000E+02  0.179760000000E+02
   31024 -0.756848000000E+02  0.362057500000E+02  0.180980000000E+02
   31045 -0.754371100000E+02  0.362115600000E+02  0.283110000000E+02
   31047 -0.757493800000E+02  0.362135000000E+02  0.682800000000E+01
   31049 -0.757320900000E+02  0.362138800000E+02  0.137530000000E+02
   31052 -0.757003600000E+02  0.362143100000E+02  0.194280000000E+02
   31062 -0.757647300000E+02  0.362152000000E+02  0.186100000000E+01
   31064 -0.756323100000E+02  0.362191600000E+02  0.219610000000E+02
   31067 -0.756643800000E+02  0.362178500000E+02  0.182880000000E+02
   31072 -0.755990500000E+02  0.362208100000E+02  0.237850000000E+02
   31077 -0.755640600000E+02  0.362228100000E+02  0.254690000000E+02
   31080 -0.756855800000E+02  0.362229800000E+02  0.186350000000E+02
   31082 -0.757151900000E+02  0.362234600000E+02  0.180260000000E+02
   31083 -0.755260300000E+02  0.362252000000E+02  0.253600000000E+02
   31085 -0.757424900000E+02  0.362262000000E+02  0.116320000000E+02
   31091 -0.757560800000E+02  0.362280600000E+02  0.731000000000E+01
   31094 -0.754801800000E+02  0.362282100000E+02  0.268150000000E+02
   31105 -0.757718200000E+02  0.362289200000E+02  0.206100000000E+01
   31106 -0.756990200000E+02  0.362327200000E+02  0.187890000000E+02
   31107 -0.757295700000E+02  0.362331300000E+02  0.165070000000E+02
   31112 -0.754046400000E+02  0.362328100000E+02  0.297860000000E+02
   31129 -0.757627800000E+02  0.362421400000E+02  0.579400000000E+01
   31132 -0.757140000000E+02  0.362416200000E+02  0.171730000000E+02
   31133 -0.757452900000E+02  0.362424100000E+02  0.115220000000E+02
   31142 -0.756487700000E+02  0.362456700000E+02  0.195310000000E+02
   31143 -0.756793500000E+02  0.362442900000E+02  0.174060000000E+02
   31147 -0.757789100000E+02  0.362426300000E+02  0.137600000000E+01
   31150 -0.756170600000E+02  0.362478000000E+02  0.239250000000E+02
   31152 -0.756996100000E+02  0.362496200000E+02  0.182690000000E+02
   31153 -0.755839500000E+02  0.362507300000E+02  0.253440000000E+02
   31158 -0.757283300000E+02  0.362512400000E+02  0.154590000000E+02
   31164 -0.754398300000E+02  0.362501900000E+02  0.300300000000E+02
   31166 -0.757554600000E+02  0.362546500000E+02  0.810100000000E+01
   31167 -0.755489400000E+02  0.362547500000E+02  0.271100000000E+02
   31170 -0.757691400000E+02  0.362561600000E+02  0.492100000000E+01
   31177 -0.757123300000E+02  0.362595700000E+02  0.171320000000E+02
   31179 -0.757847300000E+02  0.362560700000E+02  0.124600000000E+01
   31182 -0.757422900000E+02  0.362614400000E+02  0.123570000000E+02
   31183 -0.755113800000E+02  0.362607600000E+02  0.260240000000E+02
   31192 -0.757265200000E+02  0.362692500000E+02  0.145200000000E+02
   31194 -0.757751900000E+02  0.362703900000E+02  0.507600000000E+01
   31195 -0.756647600000E+02  0.362713000000E+02  0.187700000000E+02
   31196 -0.756933500000E+02  0.362699100000E+02  0.171660000000E+02
   31198 -0.757577700000E+02  0.362711100000E+02  0.954200000000E+01
   31201 -0.754057200000E+02  0.362687500000E+02  0.295810000000E+02
   31204 -0.754733700000E+02  0.362720700000E+02  0.308920000000E+02
   31205 -0.756347300000E+02  0.362736000000E+02  0.217880000000E+02
   31207 -0.757905500000E+02  0.362695100000E+02  0.111500000000E+01
   31212 -0.756035200000E+02  0.362768500000E+02  0.235800000000E+02
   31213 -0.757121300000E+02  0.362758100000E+02  0.173810000000E+02
   31220 -0.757403800000E+02  0.362799600000E+02  0.123700000000E+02
   31223 -0.755710400000E+02  0.362813500000E+02  0.262280000000E+02
   31227 -0.757676800000E+02  0.362839800000E+02  0.109210000000E+02
   31229 -0.757812700000E+02  0.362855400000E+02  0.687800000000E+01
   31232 -0.757236300000E+02  0.362874800000E+02  0.137310000000E+02
   31233 -0.755372000000E+02  0.362876400000E+02  0.269700000000E+02
   31237 -0.757969400000E+02  0.362859200000E+02  0.107100000000E+01
   31239 -0.754379600000E+02  0.362877700000E+02  0.300250000000E+02
   31243 -0.757543000000E+02  0.362911500000E+02  0.133070000000E+02
   31247 -0.757048000000E+02  0.362928500000E+02  0.189100000000E+02
   31248 -0.756804600000E+02  0.362959200000E+02  0.207480000000E+02
   31250 -0.755025400000E+02  0.362966700000E+02  0.278340000000E+02
   31251 -0.756519200000E+02  0.362984100000E+02  0.210530000000E+02
   31253 -0.757377600000E+02  0.362993500000E+02  0.126700000000E+02
   31254 -0.756223500000E+02  0.363015900000E+02  0.213480000000E+02
   31255 -0.757874100000E+02  0.363017000000E+02  0.656200000000E+01
   31256 -0.757698600000E+02  0.363017100000E+02  0.130520000000E+02
   31258 -0.758033400000E+02  0.363023300000E+02  0.686000000000E+00
   31262 -0.755919500000E+02  0.363060300000E+02  0.221660000000E+02
   31268 -0.757202200000E+02  0.363076600000E+02  0.148440000000E+02
   31270 -0.754683500000E+02  0.363088000000E+02  0.291320000000E+02
   31272 -0.757523300000E+02  0.363108100000E+02  0.127770000000E+02
   31273 -0.755606600000E+02  0.363121100000E+02  0.257400000000E+02
   31275 -0.757797200000E+02  0.363159700000E+02  0.109950000000E+02
   31276 -0.757933400000E+02  0.363187800000E+02  0.643400000000E+01
   31277 -0.757357200000E+02  0.363190400000E+02  0.136240000000E+02
   31278 -0.756990100000E+02  0.363203400000E+02  0.186190000000E+02
   31279 -0.755286200000E+02  0.363202100000E+02  0.268030000000E+02
   31283 -0.756689100000E+02  0.363227000000E+02  0.198350000000E+02
   31285 -0.757663100000E+02  0.363228300000E+02  0.130520000000E+02
   31287 -0.758089300000E+02  0.363211400000E+02  0.898000000000E+00
   31289 -0.754354400000E+02  0.363229300000E+02  0.287160000000E+02
   31290 -0.756403100000E+02  0.363253500000E+02  0.223390000000E+02
   31295 -0.757204100000E+02  0.363269200000E+02  0.158750000000E+02
   31296 -0.756116600000E+02  0.363293200000E+02  0.206640000000E+02
   31297 -0.757500400000E+02  0.363307600000E+02  0.130050000000E+02
   31298 -0.754963300000E+02  0.363305400000E+02  0.278800000000E+02
   31300 -0.757816500000E+02  0.363348200000E+02  0.121410000000E+02
   31301 -0.755824800000E+02  0.363349800000E+02  0.245710000000E+02
   31302 -0.757990000000E+02  0.363367000000E+02  0.622100000000E+01
   31307 -0.757335200000E+02  0.363387700000E+02  0.148920000000E+02
   31313 -0.758145300000E+02  0.363399500000E+02  0.106500000000E+01
   31314 -0.755526500000E+02  0.363424700000E+02  0.254290000000E+02
   31315 -0.757642700000E+02  0.363429000000E+02  0.130520000000E+02
   31317 -0.754644000000E+02  0.363428400000E+02  0.279830000000E+02
   31319 -0.756847300000E+02  0.363475900000E+02  0.183930000000E+02
   31320 -0.756570300000E+02  0.363485800000E+02  0.190300000000E+02
   31322 -0.757135700000E+02  0.363487700000E+02  0.182680000000E+02
   31323 -0.757911100000E+02  0.363504600000E+02  0.103310000000E+02
   31324 -0.757480700000E+02  0.363502200000E+02  0.149820000000E+02
   31325 -0.756300000000E+02  0.363514900000E+02  0.214600000000E+02
   31328 -0.755223000000E+02  0.363518300000E+02  0.252640000000E+02
   31333 -0.758044000000E+02  0.363550600000E+02  0.616600000000E+01
   31336 -0.757778200000E+02  0.363560800000E+02  0.136940000000E+02
   31337 -0.756028600000E+02  0.363564800000E+02  0.231630000000E+02
   31338 -0.757333100000E+02  0.363569000000E+02  0.171700000000E+02
   31341 -0.758195000000E+02  0.363597600000E+02  0.138400000000E+01
   31342 -0.757617600000E+02  0.363626900000E+02  0.153020000000E+02
   31343 -0.755751200000E+02  0.363634600000E+02  0.240670000000E+02
   31344 -0.754917800000E+02  0.363629200000E+02  0.288580000000E+02
   31345 -0.757455300000E+02  0.363693200000E+02  0.165690000000E+02
   31346 -0.757926600000E+02  0.363696800000E+02  0.115660000000E+02
   31353 -0.756717000000E+02  0.363717200000E+02  0.182920000000E+02
   31355 -0.756464900000E+02  0.363726600000E+02  0.213090000000E+02
   31356 -0.756981400000E+02  0.363734400000E+02  0.163710000000E+02
   31358 -0.755466900000E+02  0.363722300000E+02  0.247390000000E+02
   31359 -0.758096000000E+02  0.363738000000E+02  0.620700000000E+01
   31362 -0.757754500000E+02  0.363759100000E+02  0.143000000000E+02
   31363 -0.756216600000E+02  0.363765700000E+02  0.235290000000E+02
   31367 -0.757258800000E+02  0.363774100000E+02  0.153030000000E+02
   31369 -0.758244900000E+02  0.363795700000E+02  0.167300000000E+01
   31370 -0.757593900000E+02  0.363817100000E+02  0.157580000000E+02
   31371 -0.755962200000E+02  0.363830800000E+02  0.221970000000E+02
   31372 -0.755177400000E+02  0.363825900000E+02  0.223940000000E+02
   31378 -0.758017300000E+02  0.363862400000E+02  0.990500000000E+01
   31382 -0.757447400000E+02  0.363870300000E+02  0.163820000000E+02
   31384 -0.757885400000E+02  0.363902000000E+02  0.130710000000E+02
   31386 -0.758148100000E+02  0.363924800000E+02  0.602400000000E+01
   31387 -0.755698200000E+02  0.363915400000E+02  0.229480000000E+02
   31388 -0.756601900000E+02  0.363928400000E+02  0.193370000000E+02
   31389 -0.756383700000E+02  0.363947400000E+02  0.245300000000E+02
   31391 -0.756836400000E+02  0.363952300000E+02  0.175140000000E+02
   31392 -0.757725500000E+02  0.363951100000E+02  0.149990000000E+02
   31393 -0.754884900000E+02  0.363942900000E+02  0.283010000000E+02
   31395 -0.757093000000E+02  0.363999400000E+02  0.168510000000E+02
   31396 -0.758299600000E+02  0.363991200000E+02  0.159800000000E+01
   31397 -0.757563300000E+02  0.364002100000E+02  0.162770000000E+02
   31401 -0.756159900000E+02  0.364009700000E+02  0.202490000000E+02
   31404 -0.755425300000E+02  0.364015200000E+02  0.242900000000E+02
   31407 -0.758030500000E+02  0.364050300000E+02  0.110480000000E+02
   31410 -0.757365600000E+02  0.364064800000E+02  0.167090000000E+02
   31411 -0.756513100000E+02  0.364090800000E+02  0.218480000000E+02
   31413 -0.757858300000E+02  0.364092200000E+02  0.137950000000E+02
   31414 -0.755918900000E+02  0.364094700000E+02  0.217280000000E+02
   31415 -0.758200400000E+02  0.364111300000E+02  0.593700000000E+01
   31417 -0.756696100000E+02  0.364136200000E+02  0.174180000000E+02
   31419 -0.757697400000E+02  0.364134400000E+02  0.158670000000E+02
   31420 -0.755146200000E+02  0.364127700000E+02  0.253840000000E+02
   31424 -0.756345500000E+02  0.364163300000E+02  0.253570000000E+02
   31429 -0.757549900000E+02  0.364174700000E+02  0.164310000000E+02
   31430 -0.756928900000E+02  0.364198100000E+02  0.167100000000E+02
   31432 -0.758354300000E+02  0.364186900000E+02  0.134300000000E+01
   31434 -0.755664100000E+02  0.364194500000E+02  0.234150000000E+02
   31436 -0.758118500000E+02  0.364218700000E+02  0.900600000000E+01
   31438 -0.757985300000E+02  0.364241000000E+02  0.129230000000E+02
   31441 -0.756132400000E+02  0.364256500000E+02  0.234220000000E+02
   31442 -0.754862900000E+02  0.364250200000E+02  0.252760000000E+02
   31443 -0.757186600000E+02  0.364272700000E+02  0.167090000000E+02
   31444 -0.757825400000E+02  0.364274200000E+02  0.160210000000E+02
   31446 -0.756538200000E+02  0.364278700000E+02  0.237450000000E+02
   31447 -0.758251200000E+02  0.364296100000E+02  0.484600000000E+01
   31449 -0.757662400000E+02  0.364312200000E+02  0.183270000000E+02
   31450 -0.755399200000E+02  0.364305600000E+02  0.235210000000E+02
   31457 -0.757460700000E+02  0.364360200000E+02  0.180190000000E+02
   31458 -0.756758100000E+02  0.364369000000E+02  0.207710000000E+02
   31460 -0.755896600000E+02  0.364361300000E+02  0.250590000000E+02
   31461 -0.758125200000E+02  0.364394600000E+02  0.931400000000E+01
   31462 -0.758411100000E+02  0.364386300000E+02  0.124000000000E+01
   31465 -0.756346000000E+02  0.364396600000E+02  0.256230000000E+02
   31466 -0.757953800000E+02  0.364416400000E+02  0.141090000000E+02
   31467 -0.755127100000E+02  0.364426000000E+02  0.243000000000E+02
   31468 -0.757795300000E+02  0.364448700000E+02  0.174660000000E+02
   31470 -0.757003600000E+02  0.364458900000E+02  0.161490000000E+02
   31471 -0.758297700000E+02  0.364478600000E+02  0.489700000000E+01
   31477 -0.755646300000E+02  0.364474800000E+02  0.261690000000E+02
   31478 -0.757645600000E+02  0.364481300000E+02  0.192110000000E+02
   31481 -0.756570300000E+02  0.364516500000E+02  0.236940000000E+02
   31483 -0.756127300000E+02  0.364513500000E+02  0.263360000000E+02
   31486 -0.758200200000E+02  0.364555300000E+02  0.801900000000E+01
   31487 -0.757267500000E+02  0.364554900000E+02  0.161280000000E+02
   31488 -0.758069600000E+02  0.364556000000E+02  0.116580000000E+02
   31489 -0.754850200000E+02  0.364553800000E+02  0.273020000000E+02
   31491 -0.757922100000E+02  0.364583900000E+02  0.155060000000E+02
   31492 -0.758467900000E+02  0.364585800000E+02  0.113700000000E+01
   31493 -0.755385800000E+02  0.364595700000E+02  0.239860000000E+02
   31495 -0.757762100000E+02  0.364624400000E+02  0.177280000000E+02
   31496 -0.756811500000E+02  0.364625700000E+02  0.208140000000E+02
   31503 -0.755890700000E+02  0.364633800000E+02  0.268240000000E+02
   31504 -0.758330500000E+02  0.364653600000E+02  0.536800000000E+01
   31505 -0.756362000000E+02  0.364651200000E+02  0.239810000000E+02
   31507 -0.757547300000E+02  0.364660800000E+02  0.197270000000E+02
   31510 -0.758037900000E+02  0.364692000000E+02  0.132770000000E+02
   31512 -0.758178300000E+02  0.364693600000E+02  0.998200000000E+01
   31516 -0.757068800000E+02  0.364733300000E+02  0.173410000000E+02
   31517 -0.755118100000E+02  0.364722900000E+02  0.254020000000E+02
   31518 -0.757914200000E+02  0.364765600000E+02  0.161700000000E+02
   31519 -0.755641400000E+02  0.364758100000E+02  0.229750000000E+02
   31520 -0.756606100000E+02  0.364777700000E+02  0.221300000000E+02
   31525 -0.758513400000E+02  0.364764600000E+02  0.116300000000E+01
   31526 -0.756136000000E+02  0.364782000000E+02  0.252040000000E+02
   31531 -0.757748300000E+02  0.364806400000E+02  0.167740000000E+02
   31533 -0.757338300000E+02  0.364843500000E+02  0.182140000000E+02
   31535 -0.758325700000E+02  0.364843800000E+02  0.729900000000E+01
   31536 -0.758105500000E+02  0.364861200000E+02  0.134830000000E+02
   31539 -0.756862000000E+02  0.364898600000E+02  0.224940000000E+02
   31540 -0.755382800000E+02  0.364886800000E+02  0.231440000000E+02
   31541 -0.755896400000E+02  0.364912700000E+02  0.234630000000E+02
   31542 -0.756386300000E+02  0.364920900000E+02  0.230960000000E+02
   31546 -0.757608600000E+02  0.364955200000E+02  0.163060000000E+02
   31553 -0.758558800000E+02  0.364943500000E+02  0.105600000000E+01
   31555 -0.757129700000E+02  0.365018300000E+02  0.231580000000E+02
   31556 -0.757909200000E+02  0.365025700000E+02  0.148500000000E+02
   31558 -0.756644400000E+02  0.365053400000E+02  0.230160000000E+02
   31559 -0.755646100000E+02  0.365045000000E+02  0.212580000000E+02
   31560 -0.756153600000E+02  0.365059900000E+02  0.233180000000E+02
   31574 -0.757407600000E+02  0.365138500000E+02  0.176710000000E+02
   31582 -0.756415600000E+02  0.365201300000E+02  0.230800000000E+02
   31583 -0.755910200000E+02  0.365197500000E+02  0.207310000000E+02
   31600 -0.756176900000E+02  0.365345000000E+02  0.239470000000E+02
       1 3    30534    30556    30582
       2 3    30556    30614    30582
       3 3    30556    30605    30614
       4 3    30582    30614    30636
       5 3    30614    30657    30636
       6 3    30605    30660    30614
       7 3    30605    30631    30660
       8 3    30614    30660    30657
       9 3    30636    30657    30686
      10 3    30631    30662    30699
      11 3    30631    30699    30660
      12 3    30657    30660    30703
      13 3    30657    30710    30686
      14 3    30657    30703    30710
      15 3    30662    30690    30726
      16 3    30660    30699    30727
      17 3    30660    30727    30703
      18 3    30686    30710    30729
      19 3    30662    30726    30699
      20 3    30710    30759    30729
      21 3    30645    30767    30653
      22 3    30703    30770    30710
      23 3    30653    30771    30666
      24 3    30699    30726    30773
      25 3    30699    30773    30727
      26 3    30729    30759    30780
      27 3    30703    30727    30770
      28 3    30690    30666    30783
      29 3    30710    30770    30759
      30 3    30690    30783    30726
      31 3    30645    30751    30767
      32 3    30759    30804    30780
      33 3    30726    30805    30773
      34 3    30759    30770    30806
      35 3    30727    30773    30808
      36 3    30653    30767    30771
      37 3    30727    30808    30770
      38 3    30666    30771    30783
      39 3    30726    30783    30805
      40 3    30780    30804    30817
      41 3    30759    30806    30804
      42 3    30770    30808    30838
      43 3    30770    30838    30806
      44 3    30773    30805    30841
      45 3    30773    30841    30808
      46 3    30804    30851    30817
      47 3    30817    30851    30861
      48 3    30806    30866    30804
      49 3    30751    30871    30767
      50 3    30806    30838    30866
      51 3    30808    30841    30874
      52 3    30808    30874    30838
      53 3    30804    30866    30851
      54 3    30767    30879    30771
      55 3    30771    30880    30783
      56 3    30805    30783    30890
      57 3    30805    30890    30841
      58 3    30851    30866    30903
      59 3    30851    30904    30861
      60 3    30838    30874    30907
      61 3    30841    30910    30874
      62 3    30751    30857    30871
      63 3    30838    30907    30866
      64 3    30861    30904    30917
      65 3    30851    30903    30904
      66 3    30767    30871    30879
      67 3    30841    30890    30910
      68 3    30771    30879    30880
      69 3    30783    30880    30890
      70 3    30866    30934    30903
      71 3    30866    30907    30934
      72 3    30874    30910    30941
      73 3    30874    30941    30907
      74 3    30904    30956    30917
      75 3    30903    30962    30904
      76 3    30917    30956    30964
      77 3    30903    30934    30962
      78 3    30907    30941    30969
      79 3    30907    30969    30934
      80 3    30904    30962    30956
      81 3    30880    30981    30890
      82 3    30857    30983    30871
      83 3    30879    30985    30880
      84 3    30910    30890    30986
      85 3    30871    30987    30879
      86 3    30910    30986    30941
      87 3    30934    30969    30996
      88 3    30956    30962    30997
      89 3    30941    30998    30969
      90 3    30934    30996    30962
      91 3    30956    31002    30964
      92 3    30941    30986    30998
      93 3    30956    30997    31002
      94 3    30890    30981    30986
      95 3    30857    30963    30983
      96 3    30880    30985    30981
      97 3    30964    31002    31018
      98 3    30879    30987    30985
      99 3    30871    30983    30987
     100 3    30962    31023    30997
     101 3    30962    30996    31023
     102 3    30969    30998    31024
     103 3    30969    31024    30996
     104 3    31002    31047    31018
     105 3    30997    31049    31002
     106 3    30996    31024    31052
     107 3    30996    31052    31023
     108 3    30997    31023    31049
     109 3    31018    31047    31062
     110 3    31002    31049    31047
     111 3    30981    31064    30986
     112 3    30998    30986    31067
     113 3    30981    30985    31072
     114 3    30998    31067    31024
     115 3    30985    30987    31077
     116 3    31024    31080    31052
     117 3    31023    31052    31082
     118 3    30987    30983    31083
     119 3    31023    31082    31049
     120 3    31047    31049    31085
     121 3    31024    31067    31080
     122 3    30986    31064    31067
     123 3    31047    31091    31062
     124 3    30963    31094    30983
     125 3    30981    31072    31064
     126 3    31047    31085    31091
     127 3    30985    31077    31072
     128 3    31062    31091    31105
     129 3    31052    31080    31106
     130 3    31049    31107    31085
     131 3    31049    31082    31107
     132 3    31052    31106    31082
     133 3    30987    31083    31077
     134 3    30963    31045    31094
     135 3    30983    31094    31083
     136 3    31091    31129    31105
     137 3    31082    31106    31132
     138 3    31085    31133    31091
     139 3    31082    31132    31107
     140 3    31085    31107    31133
     141 3    31067    31064    31142
     142 3    31080    31067    31143
     143 3    31080    31143    31106
     144 3    31105    31129    31147
     145 3    31091    31133    31129
     146 3    31064    31072    31150
     147 3    31106    31152    31132
     148 3    31072    31077    31153
     149 3    31107    31132    31158
     150 3    31107    31158    31133
     151 3    31106    31143    31152
     152 3    31067    31142    31143
     153 3    31045    31112    31164
     154 3    31129    31133    31166
     155 3    31077    31083    31167
     156 3    31045    31164    31094
     157 3    31064    31150    31142
     158 3    31129    31170    31147
     159 3    31072    31153    31150
     160 3    31129    31166    31170
     161 3    31132    31152    31177
     162 3    31147    31170    31179
     163 3    31132    31177    31158
     164 3    31133    31158    31182
     165 3    31083    31094    31183
     166 3    31133    31182    31166
     167 3    31077    31167    31153
     168 3    31083    31183    31167
     169 3    31158    31177    31192
     170 3    31170    31194    31179
     171 3    31158    31192    31182
     172 3    31143    31142    31195
     173 3    31152    31143    31196
     174 3    31166    31198    31170
     175 3    31112    31201    31164
     176 3    31152    31196    31177
     177 3    31166    31182    31198
     178 3    31094    31164    31204
     179 3    31142    31150    31205
     180 3    31179    31194    31207
     181 3    31170    31198    31194
     182 3    31094    31204    31183
     183 3    31150    31153    31212
     184 3    31177    31213    31192
     185 3    31143    31195    31196
     186 3    31177    31196    31213
     187 3    31182    31192    31220
     188 3    31142    31205    31195
     189 3    31153    31167    31223
     190 3    31182    31220    31198
     191 3    31194    31198    31227
     192 3    31150    31212    31205
     193 3    31194    31229    31207
     194 3    31192    31213    31232
     195 3    31194    31227    31229
     196 3    31167    31183    31233
     197 3    31153    31223    31212
     198 3    31207    31229    31237
     199 3    31192    31232    31220
     200 3    31164    31201    31239
     201 3    31198    31220    31243
     202 3    31198    31243    31227
     203 3    31164    31239    31204
     204 3    31213    31196    31247
     205 3    31167    31233    31223
     206 3    31196    31195    31248
     207 3    31213    31247    31232
     208 3    31183    31204    31250
     209 3    31195    31205    31251
     210 3    31220    31232    31253
     211 3    31196    31248    31247
     212 3    31220    31253    31243
     213 3    31205    31212    31254
     214 3    31229    31255    31237
     215 3    31183    31250    31233
     216 3    31227    31256    31229
     217 3    31227    31243    31256
     218 3    31195    31251    31248
     219 3    31237    31255    31258
     220 3    31212    31223    31262
     221 3    31229    31256    31255
     222 3    31205    31254    31251
     223 3    31232    31247    31268
     224 3    31232    31268    31253
     225 3    31204    31239    31270
     226 3    31243    31253    31272
     227 3    31212    31262    31254
     228 3    31243    31272    31256
     229 3    31223    31233    31273
     230 3    31204    31270    31250
     231 3    31255    31256    31275
     232 3    31223    31273    31262
     233 3    31255    31276    31258
     234 3    31253    31268    31277
     235 3    31255    31275    31276
     236 3    31253    31277    31272
     237 3    31247    31248    31278
     238 3    31233    31250    31279
     239 3    31247    31278    31268
     240 3    31248    31251    31283
     241 3    31256    31272    31285
     242 3    31256    31285    31275
     243 3    31258    31276    31287
     244 3    31251    31254    31290
     245 3    31233    31279    31273
     246 3    31239    31289    31270
     247 3    31268    31295    31277
     248 3    31254    31262    31296
     249 3    31268    31278    31295
     250 3    31248    31283    31278
     251 3    31272    31277    31297
     252 3    31250    31270    31298
     253 3    31251    31290    31283
     254 3    31272    31297    31285
     255 3    31250    31298    31279
     256 3    31275    31300    31276
     257 3    31254    31296    31290
     258 3    31262    31273    31301
     259 3    31275    31285    31300
     260 3    31276    31302    31287
     261 3    31277    31295    31307
     262 3    31276    31300    31302
     263 3    31277    31307    31297
     264 3    31262    31301    31296
     265 3    31287    31302    31313
     266 3    31273    31279    31314
     267 3    31285    31297    31315
     268 3    31285    31315    31300
     269 3    31270    31289    31317
     270 3    31270    31317    31298
     271 3    31278    31283    31319
     272 3    31273    31314    31301
     273 3    31283    31290    31320
     274 3    31295    31278    31322
     275 3    31302    31300    31323
     276 3    31297    31307    31324
     277 3    31295    31322    31307
     278 3    31290    31296    31325
     279 3    31297    31324    31315
     280 3    31279    31298    31328
     281 3    31302    31333    31313
     282 3    31283    31320    31319
     283 3    31278    31319    31322
     284 3    31302    31323    31333
     285 3    31300    31315    31336
     286 3    31279    31328    31314
     287 3    31300    31336    31323
     288 3    31296    31301    31337
     289 3    31290    31325    31320
     290 3    31307    31338    31324
     291 3    31307    31322    31338
     292 3    31313    31333    31341
     293 3    31296    31337    31325
     294 3    31315    31324    31342
     295 3    31315    31342    31336
     296 3    31301    31314    31343
     297 3    31298    31317    31344
     298 3    31298    31344    31328
     299 3    31301    31343    31337
     300 3    31324    31338    31345
     301 3    31323    31346    31333
     302 3    31323    31336    31346
     303 3    31324    31345    31342
     304 3    31319    31320    31353
     305 3    31320    31325    31355
     306 3    31319    31356    31322
     307 3    31314    31328    31358
     308 3    31333    31359    31341
     309 3    31336    31342    31362
     310 3    31333    31346    31359
     311 3    31314    31358    31343
     312 3    31325    31337    31363
     313 3    31336    31362    31346
     314 3    31320    31355    31353
     315 3    31338    31322    31367
     316 3    31319    31353    31356
     317 3    31338    31367    31345
     318 3    31341    31359    31369
     319 3    31325    31363    31355
     320 3    31342    31345    31370
     321 3    31322    31356    31367
     322 3    31342    31370    31362
     323 3    31337    31343    31371
     324 3    31328    31344    31372
     325 3    31359    31346    31378
     326 3    31328    31372    31358
     327 3    31337    31371    31363
     328 3    31345    31382    31370
     329 3    31345    31367    31382
     330 3    31346    31362    31384
     331 3    31346    31384    31378
     332 3    31359    31386    31369
     333 3    31343    31358    31387
     334 3    31353    31355    31388
     335 3    31359    31378    31386
     336 3    31355    31363    31389
     337 3    31353    31391    31356
     338 3    31343    31387    31371
     339 3    31362    31370    31392
     340 3    31362    31392    31384
     341 3    31344    31393    31372
     342 3    31355    31389    31388
     343 3    31356    31395    31367
     344 3    31353    31388    31391
     345 3    31369    31386    31396
     346 3    31370    31382    31397
     347 3    31363    31371    31401
     348 3    31370    31397    31392
     349 3    31358    31372    31404
     350 3    31363    31401    31389
     351 3    31356    31391    31395
     352 3    31358    31404    31387
     353 3    31378    31407    31386
     354 3    31378    31384    31407
     355 3    31382    31367    31410
     356 3    31388    31389    31411
     357 3    31384    31392    31413
     358 3    31382    31410    31397
     359 3    31371    31387    31414
     360 3    31367    31395    31410
     361 3    31386    31415    31396
     362 3    31384    31413    31407
     363 3    31371    31414    31401
     364 3    31386    31407    31415
     365 3    31388    31417    31391
     366 3    31392    31397    31419
     367 3    31372    31393    31420
     368 3    31392    31419    31413
     369 3    31372    31420    31404
     370 3    31388    31411    31417
     371 3    31389    31401    31424
     372 3    31389    31424    31411
     373 3    31397    31429    31419
     374 3    31397    31410    31429
     375 3    31391    31430    31395
     376 3    31396    31415    31432
     377 3    31387    31404    31434
     378 3    31415    31407    31436
     379 3    31387    31434    31414
     380 3    31391    31417    31430
     381 3    31407    31413    31438
     382 3    31407    31438    31436
     383 3    31401    31414    31441
     384 3    31395    31443    31410
     385 3    31413    31419    31444
     386 3    31401    31441    31424
     387 3    31393    31442    31420
     388 3    31411    31446    31417
     389 3    31415    31447    31432
     390 3    31413    31444    31438
     391 3    31415    31436    31447
     392 3    31411    31424    31446
     393 3    31395    31430    31443
     394 3    31419    31429    31449
     395 3    31404    31420    31450
     396 3    31404    31450    31434
     397 3    31419    31449    31444
     398 3    31429    31410    31457
     399 3    31417    31458    31430
     400 3    31414    31434    31460
     401 3    31414    31460    31441
     402 3    31436    31461    31447
     403 3    31432    31447    31462
     404 3    31417    31446    31458
     405 3    31410    31443    31457
     406 3    31429    31457    31449
     407 3    31424    31465    31446
     408 3    31436    31438    31461
     409 3    31424    31441    31465
     410 3    31438    31444    31466
     411 3    31438    31466    31461
     412 3    31420    31442    31467
     413 3    31444    31449    31468
     414 3    31420    31467    31450
     415 3    31430    31470    31443
     416 3    31444    31468    31466
     417 3    31447    31471    31462
     418 3    31430    31458    31470
     419 3    31434    31450    31477
     420 3    31434    31477    31460
     421 3    31449    31478    31468
     422 3    31447    31461    31471
     423 3    31449    31457    31478
     424 3    31446    31481    31458
     425 3    31441    31483    31465
     426 3    31441    31460    31483
     427 3    31446    31465    31481
     428 3    31461    31486    31471
     429 3    31443    31487    31457
     430 3    31461    31466    31488
     431 3    31461    31488    31486
     432 3    31442    31489    31467
     433 3    31466    31468    31491
     434 3    31443    31470    31487
     435 3    31462    31471    31492
     436 3    31466    31491    31488
     437 3    31450    31467    31493
     438 3    31450    31493    31477
     439 3    31468    31478    31495
     440 3    31458    31496    31470
     441 3    31468    31495    31491
     442 3    31460    31503    31483
     443 3    31460    31477    31503
     444 3    31458    31481    31496
     445 3    31471    31504    31492
     446 3    31471    31486    31504
     447 3    31465    31505    31481
     448 3    31478    31457    31507
     449 3    31465    31483    31505
     450 3    31488    31491    31510
     451 3    31457    31487    31507
     452 3    31486    31488    31512
     453 3    31478    31507    31495
     454 3    31486    31512    31504
     455 3    31488    31510    31512
     456 3    31470    31516    31487
     457 3    31467    31489    31517
     458 3    31467    31517    31493
     459 3    31470    31496    31516
     460 3    31491    31518    31510
     461 3    31491    31495    31518
     462 3    31477    31519    31503
     463 3    31477    31493    31519
     464 3    31481    31520    31496
     465 3    31492    31504    31525
     466 3    31483    31526    31505
     467 3    31483    31503    31526
     468 3    31481    31505    31520
     469 3    31495    31531    31518
     470 3    31495    31507    31531
     471 3    31487    31533    31507
     472 3    31504    31512    31535
     473 3    31510    31536    31512
     474 3    31504    31535    31525
     475 3    31487    31516    31533
     476 3    31496    31539    31516
     477 3    31510    31518    31536
     478 3    31493    31540    31519
     479 3    31493    31517    31540
     480 3    31512    31536    31535
     481 3    31503    31541    31526
     482 3    31496    31520    31539
     483 3    31505    31542    31520
     484 3    31503    31519    31541
     485 3    31505    31526    31542
     486 3    31531    31507    31546
     487 3    31507    31533    31546
     488 3    31525    31535    31553
     489 3    31516    31555    31533
     490 3    31518    31531    31556
     491 3    31518    31556    31536
     492 3    31516    31539    31555
     493 3    31520    31558    31539
     494 3    31519    31559    31541
     495 3    31519    31540    31559
     496 3    31526    31560    31542
     497 3    31520    31542    31558
     498 3    31526    31541    31560
     499 3    31531    31546    31556
     500 3    31533    31574    31546
     501 3    31533    31555    31574
     502 3    31542    31582    31558
     503 3    31541    31583    31560
     504 3    31541    31559    31583
     505 3    31542    31560    31582
     506 3    31560    31600    31582
     507 3    31560    31583    31600
 0                                                                              
 0                                                                              
 1                                                                              
 28                                                                             
      28       0                                                                
   31553
   31525
   31492
   31462
   31432
   31396
   31369
   31341
   31313
   31287
   31258
   31237
   31207
   31179
   31147
   31105
   31062
   31018
   30964
   30917
   30861
   30817
   30780
   30729
   30686
   30636
   30582
   30534
