bi_1997_v2.grd                                                                  
     505     279
   13586 -0.767763100000E+02  0.347030500000E+02  0.555000000000E+00
   13587 -0.767772900000E+02  0.347044000000E+02  0.617000000000E+00
   13588 -0.767788500000E+02  0.347035100000E+02  0.555000000000E+00
   13736 -0.767790800000E+02  0.347052800000E+02  0.134200000000E+01
   13737 -0.767805900000E+02  0.347038100000E+02  0.629000000000E+00
   13763 -0.767812700000E+02  0.347056000000E+02  0.732000000000E+00
   13764 -0.767822600000E+02  0.347041000000E+02  0.716000000000E+00
   13805 -0.767841300000E+02  0.347042000000E+02  0.874000000000E+00
   13806 -0.767833300000E+02  0.347058900000E+02  0.968000000000E+00
   13817 -0.767769000000E+02  0.347057600000E+02  0.702000000000E+00
   13830 -0.767859000000E+02  0.347042000000E+02  0.878000000000E+00
   13831 -0.767854500000E+02  0.347059600000E+02  0.122900000000E+01
   13846 -0.767878100000E+02  0.347042200000E+02  0.898000000000E+00
   13864 -0.767876100000E+02  0.347059800000E+02  0.140500000000E+01
   13935 -0.767801900000E+02  0.347068200000E+02  0.663000000000E+00
   13980 -0.767784300000E+02  0.347070900000E+02  0.720000000000E+00
   14058 -0.767764300000E+02  0.347074300000E+02  0.783000000000E+00
   14100 -0.767821700000E+02  0.347077100000E+02  0.102500000000E+01
   14112 -0.767847100000E+02  0.347077500000E+02  0.116500000000E+01
   14124 -0.767870200000E+02  0.347077500000E+02  0.129000000000E+01
   14125 -0.767893800000E+02  0.347077500000E+02  0.146600000000E+01
   14238 -0.767800100000E+02  0.347084200000E+02  0.915000000000E+00
   14276 -0.767779800000E+02  0.347088100000E+02  0.972000000000E+00
   14321 -0.767759900000E+02  0.347091300000E+02  0.110400000000E+01
   14383 -0.767886500000E+02  0.347095100000E+02  0.150400000000E+01
   14392 -0.767863100000E+02  0.347095500000E+02  0.126700000000E+01
   14405 -0.767839700000E+02  0.347096300000E+02  0.133700000000E+01
   14433 -0.767817000000E+02  0.347098800000E+02  0.146300000000E+01
   14480 -0.767795600000E+02  0.347102300000E+02  0.135600000000E+01
   14525 -0.767775000000E+02  0.347105300000E+02  0.116400000000E+01
   14559 -0.767754800000E+02  0.347108000000E+02  0.106300000000E+01
   14647 -0.767902500000E+02  0.347112400000E+02  0.180700000000E+01
   14656 -0.767879100000E+02  0.347112900000E+02  0.151800000000E+01
   14677 -0.767856100000E+02  0.347113700000E+02  0.124800000000E+01
   14699 -0.767833500000E+02  0.347115200000E+02  0.141600000000E+01
   14744 -0.767811500000E+02  0.347117500000E+02  0.155300000000E+01
   14802 -0.767790200000E+02  0.347120000000E+02  0.118700000000E+01
   14866 -0.767769400000E+02  0.347122400000E+02  0.116400000000E+01
   14902 -0.767748900000E+02  0.347124400000E+02  0.597000000000E+00
   15041 -0.767917900000E+02  0.347129600000E+02  0.118800000000E+01
   15051 -0.767894700000E+02  0.347129900000E+02  0.241300000000E+01
   15070 -0.767871900000E+02  0.347130600000E+02  0.204700000000E+01
   15093 -0.767849300000E+02  0.347131700000E+02  0.148400000000E+01
   15130 -0.767827300000E+02  0.347133300000E+02  0.135700000000E+01
   15178 -0.767805600000E+02  0.347135300000E+02  0.134200000000E+01
   15224 -0.767784300000E+02  0.347137400000E+02  0.116400000000E+01
   15269 -0.767763200000E+02  0.347139300000E+02  0.114300000000E+01
   15308 -0.767742500000E+02  0.347140800000E+02  0.606000000000E+00
   15441 -0.767932700000E+02  0.347146700000E+02  0.711000000000E+00
   15454 -0.767909900000E+02  0.347146900000E+02  0.182100000000E+01
   15469 -0.767887200000E+02  0.347147300000E+02  0.267900000000E+01
   15485 -0.767864800000E+02  0.347148100000E+02  0.221900000000E+01
   15509 -0.767842700000E+02  0.347149200000E+02  0.174800000000E+01
   15539 -0.767821000000E+02  0.347150800000E+02  0.142200000000E+01
   15574 -0.767799400000E+02  0.347152700000E+02  0.116800000000E+01
   15619 -0.767777900000E+02  0.347154700000E+02  0.116200000000E+01
   15651 -0.767756300000E+02  0.347156200000E+02  0.124000000000E+01
   15665 -0.767735400000E+02  0.347157000000E+02  0.704000000000E+00
   15788 -0.767947200000E+02  0.347163800000E+02  0.120000000000E+01
   15789 -0.767924500000E+02  0.347163800000E+02  0.116500000000E+01
   15799 -0.767902000000E+02  0.347164000000E+02  0.152100000000E+01
   15824 -0.767879800000E+02  0.347164500000E+02  0.197700000000E+01
   15842 -0.767857700000E+02  0.347165200000E+02  0.152400000000E+01
   15863 -0.767836100000E+02  0.347166400000E+02  0.130500000000E+01
   15898 -0.767814600000E+02  0.347168000000E+02  0.123500000000E+01
   15936 -0.767793000000E+02  0.347170400000E+02  0.960000000000E+00
   15967 -0.767727600000E+02  0.347172700000E+02  0.798000000000E+00
   15969 -0.767770800000E+02  0.347172400000E+02  0.794000000000E+00
   15973 -0.767748500000E+02  0.347172900000E+02  0.108600000000E+01
   16115 -0.767916500000E+02  0.347180700000E+02  0.116400000000E+01
   16117 -0.767938800000E+02  0.347180900000E+02  0.116400000000E+01
   16120 -0.767894400000E+02  0.347180900000E+02  0.116400000000E+01
   16125 -0.767961300000E+02  0.347181200000E+02  0.123400000000E+01
   16131 -0.767872500000E+02  0.347181300000E+02  0.128900000000E+01
   16145 -0.767850800000E+02  0.347182000000E+02  0.914000000000E+00
   16182 -0.767829500000E+02  0.347183100000E+02  0.739000000000E+00
   16220 -0.767808700000E+02  0.347184900000E+02  0.753000000000E+00
   16260 -0.767719200000E+02  0.347187500000E+02  0.140900000000E+01
   16270 -0.767739000000E+02  0.347188100000E+02  0.809000000000E+00
   16323 -0.767787000000E+02  0.347189800000E+02  0.808000000000E+00
   16327 -0.767761700000E+02  0.347191000000E+02  0.832000000000E+00
   16449 -0.767908600000E+02  0.347197300000E+02  0.116400000000E+01
   16451 -0.767886700000E+02  0.347197400000E+02  0.116400000000E+01
   16452 -0.767930600000E+02  0.347197600000E+02  0.116400000000E+01
   16456 -0.767865100000E+02  0.347197800000E+02  0.116500000000E+01
   16458 -0.767952800000E+02  0.347198100000E+02  0.116500000000E+01
   16469 -0.767843800000E+02  0.347198400000E+02  0.854000000000E+00
   16474 -0.767974900000E+02  0.347198800000E+02  0.126100000000E+01
   16486 -0.767823000000E+02  0.347199000000E+02  0.767000000000E+00
   16515 -0.767805000000E+02  0.347199400000E+02  0.736000000000E+00
   16527 -0.767729600000E+02  0.347202000000E+02  0.224200000000E+01
   16559 -0.767747700000E+02  0.347203100000E+02  0.112900000000E+01
   16595 -0.767776800000E+02  0.347204600000E+02  0.953000000000E+00
   16620 -0.767792900000E+02  0.347205700000E+02  0.889000000000E+00
   16648 -0.767899600000E+02  0.347207700000E+02  0.116500000000E+01
   16650 -0.767878100000E+02  0.347207800000E+02  0.117600000000E+01
   16652 -0.767921400000E+02  0.347208100000E+02  0.116500000000E+01
   16655 -0.767762100000E+02  0.347206100000E+02  0.101000000000E+01
   16661 -0.767814400000E+02  0.347208400000E+02  0.101800000000E+01
   16663 -0.767856600000E+02  0.347208400000E+02  0.121100000000E+01
   16666 -0.767943600000E+02  0.347208600000E+02  0.116500000000E+01
   16670 -0.767835100000E+02  0.347208900000E+02  0.126800000000E+01
   16676 -0.767965400000E+02  0.347209300000E+02  0.116500000000E+01
   16691 -0.767739000000E+02  0.347210300000E+02  0.389600000000E+01
   16693 -0.767889000000E+02  0.347209000000E+02  0.116500000000E+01
   16700 -0.767910600000E+02  0.347209100000E+02  0.116500000000E+01
   16701 -0.767804100000E+02  0.347208900000E+02  0.897000000000E+00
   16703 -0.767867600000E+02  0.347209400000E+02  0.122300000000E+01
   16714 -0.767932700000E+02  0.347209700000E+02  0.116800000000E+01
   16719 -0.767846000000E+02  0.347210100000E+02  0.129600000000E+01
   16722 -0.767824700000E+02  0.347210000000E+02  0.114200000000E+01
   16724 -0.767754900000E+02  0.347211600000E+02  0.204900000000E+01
   16729 -0.767954700000E+02  0.347210300000E+02  0.116500000000E+01
   16737 -0.767785900000E+02  0.347212100000E+02  0.209300000000E+01
   16747 -0.767798600000E+02  0.347212600000E+02  0.134000000000E+01
   16769 -0.767769800000E+02  0.347213400000E+02  0.374800000000E+01
   16771 -0.767747200000E+02  0.347212600000E+02  0.316300000000E+01
   16772 -0.767809500000E+02  0.347213500000E+02  0.139900000000E+01
   16774 -0.767895200000E+02  0.347213400000E+02  0.123600000000E+01
   16775 -0.767884500000E+02  0.347213500000E+02  0.130700000000E+01
   16777 -0.767906000000E+02  0.347213600000E+02  0.124600000000E+01
   16784 -0.767873800000E+02  0.347213700000E+02  0.185100000000E+01
   16789 -0.767792700000E+02  0.347212900000E+02  0.246800000000E+01
   16790 -0.767916800000E+02  0.347213800000E+02  0.121700000000E+01
   16798 -0.767820000000E+02  0.347214100000E+02  0.178500000000E+01
   16799 -0.767863200000E+02  0.347214100000E+02  0.243500000000E+01
   16804 -0.767762000000E+02  0.347213300000E+02  0.384200000000E+01
   16807 -0.767927800000E+02  0.347214200000E+02  0.126300000000E+01
   16812 -0.767852200000E+02  0.347214500000E+02  0.249400000000E+01
   16813 -0.767830500000E+02  0.347214600000E+02  0.198000000000E+01
   16815 -0.767939100000E+02  0.347214600000E+02  0.124700000000E+01
   16816 -0.767900600000E+02  0.347214100000E+02  0.128700000000E+01
   16817 -0.767879300000E+02  0.347214200000E+02  0.192100000000E+01
   16819 -0.767950100000E+02  0.347214800000E+02  0.126300000000E+01
   16820 -0.767778400000E+02  0.347214400000E+02  0.304300000000E+01
   16821 -0.767841300000E+02  0.347214800000E+02  0.251200000000E+01
   16823 -0.767804200000E+02  0.347213900000E+02  0.142900000000E+01
   16826 -0.767890000000E+02  0.347214300000E+02  0.157300000000E+01
   16833 -0.767960800000E+02  0.347215100000E+02  0.122600000000E+01
   16834 -0.767814800000E+02  0.347214400000E+02  0.236300000000E+01
   16840 -0.767911500000E+02  0.347214500000E+02  0.127700000000E+01
   16845 -0.767868700000E+02  0.347214700000E+02  0.279300000000E+01
   16846 -0.767922300000E+02  0.347214600000E+02  0.138000000000E+01
   16851 -0.767857800000E+02  0.347214900000E+02  0.298000000000E+01
   16868 -0.767944700000E+02  0.347215300000E+02  0.148100000000E+01
   16871 -0.767825300000E+02  0.347215200000E+02  0.234800000000E+01
   16872 -0.767836000000E+02  0.347215400000E+02  0.269500000000E+01
   16879 -0.767933500000E+02  0.347215400000E+02  0.179000000000E+01
   16880 -0.767742200000E+02  0.347216100000E+02  0.327100000000E+01
   16882 -0.767846900000E+02  0.347215700000E+02  0.308300000000E+01
   16891 -0.767955600000E+02  0.347215800000E+02  0.163200000000E+01
   16909 -0.767796100000E+02  0.347217100000E+02  0.372000000000E+01
   16912 -0.767752200000E+02  0.347217100000E+02  0.260200000000E+01
   16915 -0.767790100000E+02  0.347217100000E+02  0.375600000000E+01
   16916 -0.767801700000E+02  0.347217300000E+02  0.369400000000E+01
   16917 -0.767758400000E+02  0.347217300000E+02  0.254600000000E+01
   16924 -0.767807100000E+02  0.347217600000E+02  0.364100000000E+01
   16930 -0.767893100000E+02  0.347217800000E+02  0.374900000000E+01
   16931 -0.767812300000E+02  0.347217800000E+02  0.367100000000E+01
   16932 -0.767898500000E+02  0.347217800000E+02  0.361700000000E+01
   16934 -0.767882500000E+02  0.347217900000E+02  0.383800000000E+01
   16935 -0.767903800000E+02  0.347217900000E+02  0.354800000000E+01
   16937 -0.767887800000E+02  0.347217900000E+02  0.390300000000E+01
   16942 -0.767877200000E+02  0.347218000000E+02  0.384500000000E+01
   16947 -0.767764700000E+02  0.347218000000E+02  0.213000000000E+01
   16949 -0.767909200000E+02  0.347218100000E+02  0.353800000000E+01
   16950 -0.767871900000E+02  0.347218200000E+02  0.379800000000E+01
   16951 -0.767914600000E+02  0.347218200000E+02  0.375500000000E+01
   16952 -0.767817600000E+02  0.347218200000E+02  0.368000000000E+01
   16954 -0.767784100000E+02  0.347217900000E+02  0.378000000000E+01
   16956 -0.767747200000E+02  0.347217600000E+02  0.206000000000E+01
   16959 -0.767919900000E+02  0.347218400000E+02  0.390400000000E+01
   16964 -0.767866500000E+02  0.347218400000E+02  0.370100000000E+01
   16967 -0.767822900000E+02  0.347218600000E+02  0.369000000000E+01
   16969 -0.767861200000E+02  0.347218600000E+02  0.313300000000E+01
   16970 -0.767925400000E+02  0.347218700000E+02  0.389800000000E+01
   16973 -0.767774500000E+02  0.347218800000E+02  0.356800000000E+01
   16974 -0.767828200000E+02  0.347218900000E+02  0.371900000000E+01
   16979 -0.767855700000E+02  0.347218900000E+02  0.368500000000E+01
   16985 -0.767931000000E+02  0.347219100000E+02  0.390800000000E+01
   16992 -0.767833600000E+02  0.347219200000E+02  0.377300000000E+01
   16994 -0.767850200000E+02  0.347219300000E+02  0.387300000000E+01
   16997 -0.767948200000E+02  0.347219300000E+02  0.390800000000E+01
   16999 -0.767936900000E+02  0.347219400000E+02  0.390700000000E+01
   17000 -0.767942700000E+02  0.347219400000E+02  0.390500000000E+01
   17001 -0.767953500000E+02  0.347219400000E+02  0.390600000000E+01
   17003 -0.767839100000E+02  0.347219500000E+02  0.376200000000E+01
   17005 -0.767958800000E+02  0.347219500000E+02  0.390800000000E+01
   17008 -0.767844700000E+02  0.347219600000E+02  0.388300000000E+01
   17010 -0.767769600000E+02  0.347219200000E+02  0.129100000000E+01
   17016 -0.767779500000E+02  0.347219400000E+02  0.358900000000E+01
   17028 -0.767744600000E+02  0.347220200000E+02  0.116500000000E+01
   17049 -0.767799400000E+02  0.347221000000E+02  0.115500000000E+01
   17057 -0.767809900000E+02  0.347221100000E+02  0.114900000000E+01
   17065 -0.767896200000E+02  0.347221400000E+02  0.382600000000E+01
   17066 -0.767788100000E+02  0.347221300000E+02  0.115100000000E+01
   17069 -0.767875000000E+02  0.347221600000E+02  0.235800000000E+01
   17071 -0.767755400000E+02  0.347221600000E+02  0.125700000000E+01
   17072 -0.767885500000E+02  0.347221600000E+02  0.363200000000E+01
   17073 -0.767804800000E+02  0.347221700000E+02  0.113400000000E+01
   17078 -0.767906800000E+02  0.347221800000E+02  0.384500000000E+01
   17079 -0.767793900000E+02  0.347221700000E+02  0.114300000000E+01
   17080 -0.767749900000E+02  0.347221900000E+02  0.119700000000E+01
   17081 -0.767917500000E+02  0.347221800000E+02  0.385800000000E+01
   17086 -0.767820300000E+02  0.347222000000E+02  0.115900000000E+01
   17088 -0.767767000000E+02  0.347222100000E+02  0.125700000000E+01
   17092 -0.767815100000E+02  0.347222200000E+02  0.111900000000E+01
   17093 -0.767890900000E+02  0.347222200000E+02  0.342000000000E+01
   17094 -0.767901500000E+02  0.347222300000E+02  0.376100000000E+01
   17097 -0.767880200000E+02  0.347222300000E+02  0.240800000000E+01
   17098 -0.767864400000E+02  0.347222300000E+02  0.114400000000E+01
   17107 -0.767912100000E+02  0.347222500000E+02  0.381700000000E+01
   17110 -0.767761300000E+02  0.347222600000E+02  0.127900000000E+01
   17111 -0.767869700000E+02  0.347222600000E+02  0.115300000000E+01
   17112 -0.767831000000E+02  0.347222700000E+02  0.156900000000E+01
   17119 -0.767928300000E+02  0.347222700000E+02  0.384200000000E+01
   17122 -0.767853500000E+02  0.347222800000E+02  0.145300000000E+01
   17128 -0.767922800000E+02  0.347223000000E+02  0.355600000000E+01
   17131 -0.767825500000E+02  0.347223000000E+02  0.115900000000E+01
   17133 -0.767956600000E+02  0.347223100000E+02  0.384700000000E+01
   17135 -0.767777500000E+02  0.347223100000E+02  0.117000000000E+01
   17138 -0.767782800000E+02  0.347223100000E+02  0.113400000000E+01
   17145 -0.767859100000E+02  0.347223200000E+02  0.113200000000E+01
   17148 -0.767946100000E+02  0.347223200000E+02  0.386200000000E+01
   17155 -0.767772300000E+02  0.347223500000E+02  0.124800000000E+01
   17171 -0.767951500000E+02  0.347223900000E+02  0.378700000000E+01
   17172 -0.767933800000E+02  0.347223900000E+02  0.380900000000E+01
   17173 -0.767842300000E+02  0.347223900000E+02  0.282000000000E+01
   17185 -0.767961900000E+02  0.347224100000E+02  0.347900000000E+01
   17188 -0.767836500000E+02  0.347224200000E+02  0.116300000000E+01
   17191 -0.767940800000E+02  0.347224100000E+02  0.375000000000E+01
   17193 -0.767848000000E+02  0.347224300000E+02  0.315900000000E+01
   17243 -0.767744400000E+02  0.347225200000E+02  0.117400000000E+01
   17253 -0.767810100000E+02  0.347226100000E+02  0.101800000000E+01
   17259 -0.767789400000E+02  0.347226700000E+02  0.105600000000E+01
   17270 -0.767896400000E+02  0.347226600000E+02  0.112200000000E+01
   17276 -0.767875400000E+02  0.347226800000E+02  0.109800000000E+01
   17280 -0.767800200000E+02  0.347227100000E+02  0.100800000000E+01
   17300 -0.767917600000E+02  0.347227100000E+02  0.112400000000E+01
   17319 -0.767766900000E+02  0.347227400000E+02  0.138600000000E+01
   17327 -0.767885800000E+02  0.347227900000E+02  0.109400000000E+01
   17336 -0.767854400000E+02  0.347228200000E+02  0.117600000000E+01
   17337 -0.767907000000E+02  0.347228000000E+02  0.104900000000E+01
   17341 -0.767820100000E+02  0.347227900000E+02  0.106400000000E+01
   17343 -0.767830700000E+02  0.347227900000E+02  0.115000000000E+01
   17347 -0.767957200000E+02  0.347228400000E+02  0.113900000000E+01
   17352 -0.767865200000E+02  0.347228400000E+02  0.105800000000E+01
   17362 -0.767937700000E+02  0.347229100000E+02  0.122000000000E+01
   17380 -0.767928100000E+02  0.347229000000E+02  0.178900000000E+01
   17381 -0.767947200000E+02  0.347229600000E+02  0.107400000000E+01
   17385 -0.767755400000E+02  0.347229400000E+02  0.134500000000E+01
   17395 -0.767967400000E+02  0.347230200000E+02  0.106300000000E+01
   17397 -0.767778300000E+02  0.347230500000E+02  0.112200000000E+01
   17428 -0.767842600000E+02  0.347232000000E+02  0.105500000000E+01
   17502 -0.767742200000E+02  0.347234100000E+02  0.987000000000E+00
   17537 -0.767793000000E+02  0.347236300000E+02  0.858000000000E+00
   17560 -0.767810700000E+02  0.347236500000E+02  0.797000000000E+00
   17576 -0.767828200000E+02  0.347237700000E+02  0.876000000000E+00
   17581 -0.767766900000E+02  0.347236300000E+02  0.110200000000E+01
   17584 -0.767857500000E+02  0.347238200000E+02  0.890000000000E+00
   17596 -0.767875700000E+02  0.347237700000E+02  0.906000000000E+00
   17597 -0.767896700000E+02  0.347237700000E+02  0.796000000000E+00
   17611 -0.767917800000E+02  0.347238100000E+02  0.672000000000E+00
   17623 -0.767958800000E+02  0.347239400000E+02  0.538000000000E+00
   17626 -0.767938400000E+02  0.347238900000E+02  0.637000000000E+00
   17660 -0.767976500000E+02  0.347240300000E+02  0.471000000000E+00
   17726 -0.767735200000E+02  0.347245100000E+02  0.555000000000E+00
   17756 -0.767756000000E+02  0.347246300000E+02  0.612000000000E+00
   17787 -0.767777900000E+02  0.347247600000E+02  0.589000000000E+00
   17807 -0.767801200000E+02  0.347249500000E+02  0.575000000000E+00
   17841 -0.767822000000E+02  0.347250700000E+02  0.566000000000E+00
   17861 -0.767843300000E+02  0.347251200000E+02  0.558000000000E+00
   17865 -0.767863900000E+02  0.347252000000E+02  0.542000000000E+00
   17870 -0.767885800000E+02  0.347252700000E+02  0.527000000000E+00
   17879 -0.767992300000E+02  0.347253000000E+02  0.462000000000E+00
   17880 -0.767928600000E+02  0.347253000000E+02  0.454000000000E+00
   17881 -0.767907900000E+02  0.347253000000E+02  0.444000000000E+00
   17892 -0.767950700000E+02  0.347254000000E+02  0.410000000000E+00
   17921 -0.767973600000E+02  0.347254600000E+02  0.435000000000E+00
       1 3    13586    13587    13588
       2 3    13588    13736    13737
       3 3    13588    13587    13736
       4 3    13737    13763    13764
       5 3    13805    13764    13806
       6 3    13830    13805    13831
       7 3    13737    13736    13763
       8 3    13846    13830    13864
       9 3    13764    13763    13806
      10 3    13587    13817    13736
      11 3    13805    13806    13831
      12 3    13830    13831    13864
      13 3    13763    13736    13935
      14 3    13736    13817    13980
      15 3    13736    13980    13935
      16 3    13763    14100    13806
      17 3    13831    13806    14112
      18 3    13864    13831    14124
      19 3    13817    14058    13980
      20 3    13763    13935    14100
      21 3    13831    14112    14124
      22 3    13864    14124    14125
      23 3    13806    14100    14112
      24 3    13935    13980    14238
      25 3    13980    14058    14276
      26 3    13935    14238    14100
      27 3    13980    14276    14238
      28 3    14125    14124    14383
      29 3    14058    14321    14276
      30 3    14124    14112    14392
      31 3    14112    14100    14405
      32 3    14100    14238    14433
      33 3    14124    14392    14383
      34 3    14112    14405    14392
      35 3    14238    14276    14480
      36 3    14100    14433    14405
      37 3    14276    14321    14525
      38 3    14238    14480    14433
      39 3    14276    14525    14480
      40 3    14321    14559    14525
      41 3    14383    14392    14656
      42 3    14392    14405    14677
      43 3    14405    14433    14699
      44 3    14433    14480    14744
      45 3    14383    14656    14647
      46 3    14392    14677    14656
      47 3    14480    14525    14802
      48 3    14405    14699    14677
      49 3    14433    14744    14699
      50 3    14525    14559    14866
      51 3    14480    14802    14744
      52 3    14525    14866    14802
      53 3    14559    14902    14866
      54 3    14647    14656    15051
      55 3    14656    14677    15070
      56 3    14677    14699    15093
      57 3    14699    14744    15130
      58 3    14744    14802    15178
      59 3    14647    15051    15041
      60 3    14656    15070    15051
      61 3    14802    14866    15224
      62 3    14677    15093    15070
      63 3    14699    15130    15093
      64 3    14866    14902    15269
      65 3    14744    15178    15130
      66 3    14802    15224    15178
      67 3    14866    15269    15224
      68 3    14902    15308    15269
      69 3    15041    15051    15454
      70 3    15051    15070    15469
      71 3    15070    15093    15485
      72 3    15093    15130    15509
      73 3    15130    15178    15539
      74 3    15178    15224    15574
      75 3    15041    15454    15441
      76 3    15051    15469    15454
      77 3    15070    15485    15469
      78 3    15224    15269    15619
      79 3    15093    15509    15485
      80 3    15269    15308    15651
      81 3    15130    15539    15509
      82 3    15178    15574    15539
      83 3    15224    15619    15574
      84 3    15269    15651    15619
      85 3    15308    15665    15651
      86 3    15441    15454    15789
      87 3    15454    15469    15799
      88 3    15469    15485    15824
      89 3    15485    15509    15842
      90 3    15509    15539    15863
      91 3    15539    15574    15898
      92 3    15574    15619    15936
      93 3    15454    15799    15789
      94 3    15441    15789    15788
      95 3    15469    15824    15799
      96 3    15485    15842    15824
      97 3    15509    15863    15842
      98 3    15619    15651    15969
      99 3    15651    15665    15973
     100 3    15539    15898    15863
     101 3    15574    15936    15898
     102 3    15619    15969    15936
     103 3    15665    15967    15973
     104 3    15651    15973    15969
     105 3    15789    15799    16115
     106 3    15788    15789    16117
     107 3    15799    15824    16120
     108 3    15824    15842    16131
     109 3    15842    15863    16145
     110 3    15863    15898    16182
     111 3    15898    15936    16220
     112 3    15799    16120    16115
     113 3    15789    16115    16117
     114 3    15824    16131    16120
     115 3    15973    15967    16270
     116 3    15788    16117    16125
     117 3    15842    16145    16131
     118 3    15863    16182    16145
     119 3    15898    16220    16182
     120 3    15936    15969    16323
     121 3    15969    15973    16327
     122 3    15967    16260    16270
     123 3    15936    16323    16220
     124 3    15973    16270    16327
     125 3    16115    16120    16449
     126 3    16120    16131    16451
     127 3    16117    16115    16452
     128 3    16131    16145    16456
     129 3    16125    16117    16458
     130 3    16145    16182    16469
     131 3    15969    16327    16323
     132 3    16182    16220    16486
     133 3    16220    16323    16515
     134 3    16270    16260    16527
     135 3    16270    16559    16327
     136 3    16120    16451    16449
     137 3    16220    16515    16486
     138 3    16131    16456    16451
     139 3    16115    16449    16452
     140 3    16323    16327    16595
     141 3    16117    16452    16458
     142 3    16145    16469    16456
     143 3    16182    16486    16469
     144 3    16125    16458    16474
     145 3    16323    16620    16515
     146 3    16449    16451    16648
     147 3    16451    16456    16650
     148 3    16452    16449    16652
     149 3    16270    16527    16559
     150 3    16327    16559    16655
     151 3    16486    16515    16661
     152 3    16327    16655    16595
     153 3    16456    16469    16663
     154 3    16458    16452    16666
     155 3    16469    16486    16670
     156 3    16323    16595    16620
     157 3    16474    16458    16676
     158 3    16559    16527    16691
     159 3    16451    16693    16648
     160 3    16449    16700    16652
     161 3    16515    16620    16701
     162 3    16456    16703    16650
     163 3    16451    16650    16693
     164 3    16449    16648    16700
     165 3    16515    16701    16661
     166 3    16452    16714    16666
     167 3    16469    16719    16663
     168 3    16486    16722    16670
     169 3    16559    16724    16655
     170 3    16456    16663    16703
     171 3    16452    16652    16714
     172 3    16458    16729    16676
     173 3    16486    16661    16722
     174 3    16620    16595    16737
     175 3    16469    16670    16719
     176 3    16458    16666    16729
     177 3    16620    16747    16701
     178 3    16595    16655    16769
     179 3    16559    16691    16771
     180 3    16661    16701    16772
     181 3    16648    16693    16774
     182 3    16693    16650    16775
     183 3    16700    16648    16777
     184 3    16559    16771    16724
     185 3    16650    16703    16784
     186 3    16620    16789    16747
     187 3    16652    16700    16790
     188 3    16620    16737    16789
     189 3    16722    16661    16798
     190 3    16703    16663    16799
     191 3    16655    16724    16804
     192 3    16714    16652    16807
     193 3    16663    16719    16812
     194 3    16670    16722    16813
     195 3    16666    16714    16815
     196 3    16648    16816    16777
     197 3    16650    16817    16775
     198 3    16729    16666    16819
     199 3    16595    16820    16737
     200 3    16719    16670    16821
     201 3    16701    16747    16823
     202 3    16701    16823    16772
     203 3    16648    16774    16816
     204 3    16693    16826    16774
     205 3    16655    16804    16769
     206 3    16650    16784    16817
     207 3    16676    16729    16833
     208 3    16661    16772    16834
     209 3    16661    16834    16798
     210 3    16700    16840    16790
     211 3    16703    16845    16784
     212 3    16693    16775    16826
     213 3    16652    16846    16807
     214 3    16652    16790    16846
     215 3    16663    16851    16799
     216 3    16700    16777    16840
     217 3    16595    16769    16820
     218 3    16703    16799    16845
     219 3    16663    16812    16851
     220 3    16666    16868    16819
     221 3    16722    16871    16813
     222 3    16670    16872    16821
     223 3    16722    16798    16871
     224 3    16670    16813    16872
     225 3    16714    16879    16815
     226 3    16691    16880    16771
     227 3    16666    16815    16868
     228 3    16719    16882    16812
     229 3    16714    16807    16879
     230 3    16729    16891    16833
     231 3    16719    16821    16882
     232 3    16729    16819    16891
     233 3    16747    16789    16909
     234 3    16724    16771    16912
     235 3    16789    16737    16915
     236 3    16823    16747    16916
     237 3    16804    16724    16917
     238 3    16772    16823    16924
     239 3    16774    16826    16930
     240 3    16834    16772    16931
     241 3    16816    16774    16932
     242 3    16775    16817    16934
     243 3    16777    16816    16935
     244 3    16826    16775    16937
     245 3    16817    16784    16942
     246 3    16804    16947    16769
     247 3    16840    16777    16949
     248 3    16784    16845    16950
     249 3    16790    16840    16951
     250 3    16798    16834    16952
     251 3    16737    16820    16954
     252 3    16771    16880    16956
     253 3    16846    16790    16959
     254 3    16771    16956    16912
     255 3    16845    16799    16964
     256 3    16871    16798    16967
     257 3    16799    16851    16969
     258 3    16807    16846    16970
     259 3    16820    16769    16973
     260 3    16813    16871    16974
     261 3    16747    16909    16916
     262 3    16724    16912    16917
     263 3    16851    16812    16979
     264 3    16737    16954    16915
     265 3    16879    16807    16985
     266 3    16789    16915    16909
     267 3    16872    16813    16992
     268 3    16812    16882    16994
     269 3    16772    16924    16931
     270 3    16819    16868    16997
     271 3    16774    16930    16932
     272 3    16815    16879    16999
     273 3    16775    16934    16937
     274 3    16868    16815    17000
     275 3    16891    16819    17001
     276 3    16821    16872    17003
     277 3    16823    16916    16924
     278 3    16833    16891    17005
     279 3    16777    16935    16949
     280 3    16882    16821    17008
     281 3    16784    16950    16942
     282 3    16816    16932    16935
     283 3    16769    16947    17010
     284 3    16817    16942    16934
     285 3    16820    17016    16954
     286 3    16826    16937    16930
     287 3    16790    16951    16959
     288 3    16804    16917    16947
     289 3    16834    16931    16952
     290 3    16769    17010    16973
     291 3    16798    16952    16967
     292 3    16840    16949    16951
     293 3    16799    16969    16964
     294 3    16956    16880    17028
     295 3    16845    16964    16950
     296 3    16820    16973    17016
     297 3    16846    16959    16970
     298 3    16807    16970    16985
     299 3    16851    16979    16969
     300 3    16813    16974    16992
     301 3    16812    16994    16979
     302 3    16871    16967    16974
     303 3    16819    16997    17001
     304 3    16916    16909    17049
     305 3    16931    16924    17057
     306 3    16815    16999    17000
     307 3    16821    17003    17008
     308 3    16868    17000    16997
     309 3    16872    16992    17003
     310 3    16891    17001    17005
     311 3    16932    16930    17065
     312 3    16915    16954    17066
     313 3    16882    17008    16994
     314 3    16879    16985    16999
     315 3    16942    16950    17069
     316 3    16917    16912    17071
     317 3    16937    16934    17072
     318 3    16924    16916    17073
     319 3    16949    16935    17078
     320 3    16909    16915    17079
     321 3    16912    16956    17080
     322 3    16959    16951    17081
     323 3    16967    16952    17086
     324 3    16947    17088    17010
     325 3    16952    16931    17092
     326 3    16930    16937    17093
     327 3    16935    16932    17094
     328 3    16934    16942    17097
     329 3    16964    16969    17098
     330 3    16951    16949    17107
     331 3    16917    17110    16947
     332 3    16950    16964    17111
     333 3    16992    16974    17112
     334 3    16985    16970    17119
     335 3    16979    16994    17122
     336 3    16970    16959    17128
     337 3    16974    16967    17131
     338 3    17005    17001    17133
     339 3    17016    16973    17135
     340 3    16909    17079    17049
     341 3    16954    17016    17138
     342 3    16924    17073    17057
     343 3    16916    17049    17073
     344 3    16956    17028    17080
     345 3    16969    16979    17145
     346 3    16997    17000    17148
     347 3    16915    17066    17079
     348 3    16912    17080    17071
     349 3    16973    17010    17155
     350 3    16931    17057    17092
     351 3    16930    17093    17065
     352 3    16932    17065    17094
     353 3    16937    17072    17093
     354 3    16934    17097    17072
     355 3    16942    17069    17097
     356 3    16935    17094    17078
     357 3    16952    17092    17086
     358 3    16950    17111    17069
     359 3    17001    16997    17171
     360 3    16985    17172    16999
     361 3    17008    17003    17173
     362 3    16949    17078    17107
     363 3    16917    17071    17110
     364 3    16951    17107    17081
     365 3    16954    17138    17066
     366 3    16947    17110    17088
     367 3    16964    17098    17111
     368 3    17003    16992    17188
     369 3    16959    17081    17128
     370 3    17000    16999    17191
     371 3    16994    17008    17193
     372 3    16967    17086    17131
     373 3    16969    17145    17098
     374 3    16970    17128    17119
     375 3    16974    17131    17112
     376 3    16973    17155    17135
     377 3    16979    17122    17145
     378 3    17010    17088    17155
     379 3    17016    17135    17138
     380 3    17001    17171    17133
     381 3    16985    17119    17172
     382 3    16997    17148    17171
     383 3    17005    17133    17185
     384 3    17000    17191    17148
     385 3    16992    17112    17188
     386 3    16994    17193    17122
     387 3    17003    17188    17173
     388 3    17008    17173    17193
     389 3    17028    17243    17080
     390 3    16999    17172    17191
     391 3    17057    17253    17092
     392 3    17066    17259    17079
     393 3    17057    17073    17253
     394 3    17065    17270    17094
     395 3    17069    17276    17097
     396 3    17049    17280    17073
     397 3    17065    17093    17270
     398 3    17081    17300    17128
     399 3    17069    17111    17276
     400 3    17081    17107    17300
     401 3    17088    17319    17155
     402 3    17066    17138    17259
     403 3    17088    17110    17319
     404 3    17072    17327    17093
     405 3    17049    17079    17280
     406 3    17122    17336    17145
     407 3    17078    17337    17107
     408 3    17086    17092    17341
     409 3    17086    17341    17131
     410 3    17112    17131    17343
     411 3    17133    17347    17185
     412 3    17072    17097    17327
     413 3    17098    17352    17111
     414 3    17078    17094    17337
     415 3    17112    17343    17188
     416 3    17191    17172    17362
     417 3    17122    17193    17336
     418 3    17133    17171    17347
     419 3    17098    17145    17352
     420 3    17119    17128    17380
     421 3    17148    17381    17171
     422 3    17119    17380    17172
     423 3    17071    17385    17110
     424 3    17071    17080    17385
     425 3    17135    17397    17138
     426 3    17148    17191    17381
     427 3    17135    17155    17397
     428 3    17073    17280    17253
     429 3    17092    17253    17341
     430 3    17079    17259    17280
     431 3    17173    17428    17193
     432 3    17093    17327    17270
     433 3    17097    17276    17327
     434 3    17111    17352    17276
     435 3    17094    17270    17337
     436 3    17173    17188    17428
     437 3    17107    17337    17300
     438 3    17191    17362    17381
     439 3    17172    17380    17362
     440 3    17131    17341    17343
     441 3    17128    17300    17380
     442 3    17080    17243    17385
     443 3    17171    17381    17347
     444 3    17145    17336    17352
     445 3    17110    17385    17319
     446 3    17185    17347    17395
     447 3    17138    17397    17259
     448 3    17155    17319    17397
     449 3    17259    17537    17280
     450 3    17193    17428    17336
     451 3    17188    17343    17428
     452 3    17253    17560    17341
     453 3    17243    17502    17385
     454 3    17343    17341    17576
     455 3    17319    17581    17397
     456 3    17253    17280    17560
     457 3    17336    17584    17352
     458 3    17319    17385    17581
     459 3    17276    17596    17327
     460 3    17270    17597    17337
     461 3    17276    17352    17596
     462 3    17300    17611    17380
     463 3    17270    17327    17597
     464 3    17300    17337    17611
     465 3    17347    17623    17395
     466 3    17362    17626    17381
     467 3    17259    17397    17537
     468 3    17362    17380    17626
     469 3    17343    17576    17428
     470 3    17347    17381    17623
     471 3    17336    17428    17584
     472 3    17280    17537    17560
     473 3    17341    17560    17576
     474 3    17385    17756    17581
     475 3    17352    17584    17596
     476 3    17385    17502    17756
     477 3    17397    17581    17787
     478 3    17395    17623    17660
     479 3    17327    17596    17597
     480 3    17337    17597    17611
     481 3    17397    17787    17537
     482 3    17537    17807    17560
     483 3    17380    17611    17626
     484 3    17381    17626    17623
     485 3    17576    17560    17841
     486 3    17428    17861    17584
     487 3    17584    17865    17596
     488 3    17428    17576    17861
     489 3    17596    17870    17597
     490 3    17626    17611    17880
     491 3    17611    17597    17881
     492 3    17623    17626    17892
     493 3    17502    17726    17756
     494 3    17660    17623    17921
     495 3    17560    17807    17841
     496 3    17581    17756    17787
     497 3    17576    17841    17861
     498 3    17584    17861    17865
     499 3    17537    17787    17807
     500 3    17660    17921    17879
     501 3    17611    17881    17880
     502 3    17596    17865    17870
     503 3    17597    17870    17881
     504 3    17626    17880    17892
     505 3    17623    17892    17921
 0                                                                              
 0                                                                              
 2                                                                              
 21                                                                             
      13       0                                                                
   17726
   17756
   17787
   17807
   17841
   17861
   17865
   17870
   17881
   17880
   17892
   17921
   17879
       7       1                                                                
   13846
   13830
   13805
   13764
   13737
   13588
   13586
