bi_1997_v2.grd                                                                  
     516     291
    6218 -0.766251700000E+02  0.346373900000E+02  0.144180000000E+02
    6268 -0.766287800000E+02  0.346391900000E+02  0.146140000000E+02
    6284 -0.766219600000E+02  0.346396400000E+02  0.141740000000E+02
    6303 -0.766150900000E+02  0.346403000000E+02  0.139560000000E+02
    6324 -0.766322900000E+02  0.346410100000E+02  0.147160000000E+02
    6339 -0.766255900000E+02  0.346413700000E+02  0.142450000000E+02
    6357 -0.766188300000E+02  0.346419300000E+02  0.139830000000E+02
    6382 -0.766119900000E+02  0.346426800000E+02  0.137720000000E+02
    6391 -0.766357000000E+02  0.346428800000E+02  0.148070000000E+02
    6397 -0.766291100000E+02  0.346431200000E+02  0.144450000000E+02
    6413 -0.766224700000E+02  0.346435800000E+02  0.140000000000E+02
    6431 -0.766157600000E+02  0.346442500000E+02  0.137950000000E+02
    6461 -0.766390300000E+02  0.346448000000E+02  0.147330000000E+02
    6462 -0.766325400000E+02  0.346449000000E+02  0.144470000000E+02
    6466 -0.766089500000E+02  0.346450900000E+02  0.134840000000E+02
    6479 -0.766260200000E+02  0.346452500000E+02  0.140830000000E+02
    6500 -0.766194400000E+02  0.346458400000E+02  0.137560000000E+02
    6535 -0.766127500000E+02  0.346466100000E+02  0.134120000000E+02
    6545 -0.766358600000E+02  0.346467200000E+02  0.144680000000E+02
    6549 -0.766422300000E+02  0.346467900000E+02  0.146270000000E+02
    6559 -0.766294700000E+02  0.346469500000E+02  0.142490000000E+02
    6578 -0.766230200000E+02  0.346474300000E+02  0.137640000000E+02
    6614 -0.766164600000E+02  0.346481300000E+02  0.133540000000E+02
    6651 -0.766390500000E+02  0.346485800000E+02  0.144030000000E+02
    6652 -0.766328000000E+02  0.346486800000E+02  0.142000000000E+02
    6661 -0.766450000000E+02  0.346489000000E+02  0.145260000000E+02
    6674 -0.766097700000E+02  0.346490100000E+02  0.129390000000E+02
    6675 -0.766264900000E+02  0.346490400000E+02  0.138650000000E+02
    6709 -0.766200800000E+02  0.346496500000E+02  0.132850000000E+02
    6766 -0.766135300000E+02  0.346504700000E+02  0.127890000000E+02
    6769 -0.766420400000E+02  0.346504200000E+02  0.143180000000E+02
    6774 -0.766360300000E+02  0.346504600000E+02  0.141370000000E+02
    6789 -0.766298400000E+02  0.346506800000E+02  0.138990000000E+02
    6795 -0.766476100000E+02  0.346508800000E+02  0.145130000000E+02
    6816 -0.766236000000E+02  0.346511900000E+02  0.133300000000E+02
    6832 -0.766068300000E+02  0.346514400000E+02  0.116290000000E+02
    6874 -0.766172000000E+02  0.346519400000E+02  0.126810000000E+02
    6889 -0.766447300000E+02  0.346521500000E+02  0.142220000000E+02
    6895 -0.766391400000E+02  0.346522600000E+02  0.140030000000E+02
    6898 -0.766330900000E+02  0.346523700000E+02  0.137250000000E+02
    6928 -0.766269900000E+02  0.346527300000E+02  0.133870000000E+02
    6934 -0.766106500000E+02  0.346528600000E+02  0.114280000000E+02
    6941 -0.766488600000E+02  0.346530000000E+02  0.140880000000E+02
    6972 -0.766207700000E+02  0.346533900000E+02  0.119400000000E+02
    6988 -0.766548400000E+02  0.346536800000E+02  0.139290000000E+02
    6991 -0.766469400000E+02  0.346537600000E+02  0.138900000000E+02
    6999 -0.766506400000E+02  0.346538200000E+02  0.138540000000E+02
    7005 -0.766421000000E+02  0.346538300000E+02  0.137810000000E+02
    7025 -0.766362200000E+02  0.346541300000E+02  0.135630000000E+02
    7026 -0.766143800000E+02  0.346542700000E+02  0.113230000000E+02
    7036 -0.766302500000E+02  0.346543000000E+02  0.133310000000E+02
    7079 -0.766242200000E+02  0.346548500000E+02  0.118200000000E+02
    7083 -0.766526000000E+02  0.346548700000E+02  0.136790000000E+02
    7098 -0.766488300000E+02  0.346550500000E+02  0.136090000000E+02
    7101 -0.766447100000E+02  0.346551300000E+02  0.135210000000E+02
    7111 -0.766077900000E+02  0.346553000000E+02  0.106940000000E+02
    7112 -0.766559100000E+02  0.346554100000E+02  0.135370000000E+02
    7129 -0.766180100000E+02  0.346556600000E+02  0.111860000000E+02
    7156 -0.766333600000E+02  0.346559200000E+02  0.129140000000E+02
    7157 -0.766543400000E+02  0.346560500000E+02  0.134960000000E+02
    7164 -0.766573900000E+02  0.346560800000E+02  0.133020000000E+02
    7168 -0.766394300000E+02  0.346561200000E+02  0.131460000000E+02
    7170 -0.766507300000E+02  0.346560800000E+02  0.133900000000E+02
    7179 -0.766469200000E+02  0.346563000000E+02  0.132910000000E+02
    7182 -0.766275300000E+02  0.346563100000E+02  0.116190000000E+02
    7198 -0.766116000000E+02  0.346566700000E+02  0.105600000000E+02
    7207 -0.766623200000E+02  0.346567700000E+02  0.130250000000E+02
    7212 -0.766425500000E+02  0.346568900000E+02  0.130290000000E+02
    7220 -0.766590500000E+02  0.346569000000E+02  0.130990000000E+02
    7232 -0.766215300000E+02  0.346570400000E+02  0.109920000000E+02
    7238 -0.766525500000E+02  0.346571100000E+02  0.130960000000E+02
    7240 -0.766558800000E+02  0.346571100000E+02  0.130290000000E+02
    7253 -0.766489200000E+02  0.346573300000E+02  0.129430000000E+02
    7273 -0.766638700000E+02  0.346577100000E+02  0.126980000000E+02
    7275 -0.766362900000E+02  0.346576200000E+02  0.124790000000E+02
    7282 -0.766449900000E+02  0.346578300000E+02  0.126550000000E+02
    7283 -0.766606900000E+02  0.346577800000E+02  0.127980000000E+02
    7284 -0.766306800000E+02  0.346577900000E+02  0.113280000000E+02
    7297 -0.766153000000E+02  0.346580000000E+02  0.103490000000E+02
    7299 -0.766574800000E+02  0.346579800000E+02  0.127420000000E+02
    7309 -0.766542600000E+02  0.346581100000E+02  0.128280000000E+02
    7325 -0.766508000000E+02  0.346582900000E+02  0.126690000000E+02
    7331 -0.766249100000E+02  0.346584100000E+02  0.107800000000E+02
    7339 -0.766409400000E+02  0.346586500000E+02  0.122890000000E+02
    7344 -0.766653800000E+02  0.346586200000E+02  0.124770000000E+02
    7348 -0.766471500000E+02  0.346586900000E+02  0.124650000000E+02
    7351 -0.766622800000E+02  0.346586700000E+02  0.124770000000E+02
    7367 -0.766591000000E+02  0.346588300000E+02  0.124020000000E+02
    7384 -0.766559100000E+02  0.346590400000E+02  0.123190000000E+02
    7387 -0.766088300000E+02  0.346591400000E+02  0.950100000000E+01
    7403 -0.766525900000E+02  0.346592300000E+02  0.122670000000E+02
    7407 -0.766188900000E+02  0.346593100000E+02  0.101320000000E+02
    7410 -0.766336400000E+02  0.346592900000E+02  0.117900000000E+02
    7415 -0.766387600000E+02  0.346594200000E+02  0.118940000000E+02
    7430 -0.766668600000E+02  0.346595000000E+02  0.118950000000E+02
    7434 -0.766490900000E+02  0.346595600000E+02  0.120020000000E+02
    7436 -0.766638300000E+02  0.346595600000E+02  0.119900000000E+02
    7448 -0.766607100000E+02  0.346596800000E+02  0.121120000000E+02
    7451 -0.766431300000E+02  0.346598000000E+02  0.118940000000E+02
    7455 -0.766281400000E+02  0.346597700000E+02  0.105260000000E+02
    7463 -0.766575400000E+02  0.346599000000E+02  0.119330000000E+02
    7482 -0.766455000000E+02  0.346601900000E+02  0.117700000000E+02
    7485 -0.766543000000E+02  0.346601300000E+02  0.119580000000E+02
    7509 -0.766126100000E+02  0.346604200000E+02  0.927300000000E+01
    7518 -0.766509300000E+02  0.346604400000E+02  0.116020000000E+02
    7519 -0.766653400000E+02  0.346604200000E+02  0.113320000000E+02
    7526 -0.766223600000E+02  0.346605900000E+02  0.982100000000E+01
    7527 -0.766622800000E+02  0.346605300000E+02  0.114720000000E+02
    7546 -0.766591600000E+02  0.346607300000E+02  0.114020000000E+02
    7553 -0.766363300000E+02  0.346608200000E+02  0.107840000000E+02
    7554 -0.766474600000E+02  0.346609100000E+02  0.113420000000E+02
    7563 -0.766559800000E+02  0.346609900000E+02  0.111500000000E+02
    7575 -0.766408500000E+02  0.346610100000E+02  0.110120000000E+02
    7577 -0.766311800000E+02  0.346611400000E+02  0.101280000000E+02
    7586 -0.766668200000E+02  0.346612600000E+02  0.105500000000E+02
    7588 -0.766527000000E+02  0.346613000000E+02  0.113360000000E+02
    7596 -0.766638300000E+02  0.346613700000E+02  0.107730000000E+02
    7611 -0.766443500000E+02  0.346616200000E+02  0.106040000000E+02
    7614 -0.766607500000E+02  0.346615500000E+02  0.108970000000E+02
    7622 -0.766162900000E+02  0.346616600000E+02  0.916600000000E+01
    7628 -0.766493100000E+02  0.346617100000E+02  0.108440000000E+02
    7636 -0.766576200000E+02  0.346618200000E+02  0.104120000000E+02
    7637 -0.766256900000E+02  0.346618600000E+02  0.941900000000E+01
    7671 -0.766544200000E+02  0.346621300000E+02  0.103790000000E+02
    7681 -0.766459500000E+02  0.346622600000E+02  0.102220000000E+02
    7682 -0.766653300000E+02  0.346621900000E+02  0.992600000000E+01
    7691 -0.766387000000E+02  0.346622700000E+02  0.996400000000E+01
    7696 -0.766427300000E+02  0.346623700000E+02  0.995600000000E+01
    7700 -0.766623200000E+02  0.346623600000E+02  0.991200000000E+01
    7713 -0.766340000000E+02  0.346624800000E+02  0.971300000000E+01
    7717 -0.766511200000E+02  0.346625200000E+02  0.999900000000E+01
    7728 -0.766592400000E+02  0.346626100000E+02  0.100420000000E+02
    7746 -0.766198500000E+02  0.346628700000E+02  0.899500000000E+01
    7754 -0.766099600000E+02  0.346629300000E+02  0.800100000000E+01
    7762 -0.766560900000E+02  0.346629300000E+02  0.996500000000E+01
    7771 -0.766477400000E+02  0.346630200000E+02  0.983500000000E+01
    7777 -0.766668200000E+02  0.346629900000E+02  0.782200000000E+01
    7782 -0.766288400000E+02  0.346631100000E+02  0.937000000000E+01
    7792 -0.766638500000E+02  0.346631600000E+02  0.943800000000E+01
    7802 -0.766528600000E+02  0.346633200000E+02  0.982200000000E+01
    7808 -0.766608300000E+02  0.346633900000E+02  0.959100000000E+01
    7817 -0.766444400000E+02  0.346634900000E+02  0.959900000000E+01
    7824 -0.766408300000E+02  0.346635800000E+02  0.955600000000E+01
    7836 -0.766577400000E+02  0.346637100000E+02  0.963100000000E+01
    7841 -0.766495500000E+02  0.346638000000E+02  0.954100000000E+01
    7842 -0.766365700000E+02  0.346637900000E+02  0.931600000000E+01
    7861 -0.766653600000E+02  0.346639400000E+02  0.745100000000E+01
    7864 -0.766232900000E+02  0.346640600000E+02  0.873900000000E+01
    7870 -0.766137100000E+02  0.346641200000E+02  0.793600000000E+01
    7873 -0.766545700000E+02  0.346641000000E+02  0.956900000000E+01
    7882 -0.766623800000E+02  0.346641600000E+02  0.907600000000E+01
    7897 -0.766317900000E+02  0.346643400000E+02  0.917600000000E+01
    7898 -0.766462100000E+02  0.346643300000E+02  0.929800000000E+01
    7915 -0.766593500000E+02  0.346644700000E+02  0.924700000000E+01
    7922 -0.766513200000E+02  0.346645700000E+02  0.932200000000E+01
    7936 -0.766427800000E+02  0.346647000000E+02  0.924600000000E+01
    7940 -0.766668300000E+02  0.346647100000E+02  0.537900000000E+01
    7951 -0.766562400000E+02  0.346648500000E+02  0.913500000000E+01
    7961 -0.766639100000E+02  0.346649200000E+02  0.718300000000E+01
    7965 -0.766389000000E+02  0.346650000000E+02  0.897900000000E+01
    7971 -0.766480100000E+02  0.346651100000E+02  0.912900000000E+01
    7976 -0.766265700000E+02  0.346652200000E+02  0.858100000000E+01
    7979 -0.766173600000E+02  0.346652500000E+02  0.722100000000E+01
    7981 -0.766609300000E+02  0.346652100000E+02  0.850300000000E+01
    7989 -0.766530600000E+02  0.346653100000E+02  0.903800000000E+01
    8011 -0.766345100000E+02  0.346655200000E+02  0.873800000000E+01
    8016 -0.766073700000E+02  0.346655600000E+02  0.480300000000E+01
    8022 -0.766578800000E+02  0.346655800000E+02  0.858500000000E+01
    8024 -0.766446400000E+02  0.346656500000E+02  0.870300000000E+01
    8030 -0.766654100000E+02  0.346656600000E+02  0.514600000000E+01
    8039 -0.766498000000E+02  0.346658600000E+02  0.871300000000E+01
    8047 -0.766624800000E+02  0.346659300000E+02  0.701300000000E+01
    8051 -0.766547600000E+02  0.346660400000E+02  0.851600000000E+01
    8057 -0.766410300000E+02  0.346660900000E+02  0.844400000000E+01
    8084 -0.766296600000E+02  0.346663400000E+02  0.845600000000E+01
    8085 -0.766594800000E+02  0.346662900000E+02  0.801000000000E+01
    8088 -0.766209300000E+02  0.346663600000E+02  0.725500000000E+01
    8098 -0.766668800000E+02  0.346663900000E+02  0.498100000000E+01
    8100 -0.766464700000E+02  0.346664600000E+02  0.831900000000E+01
    8110 -0.766515700000E+02  0.346665800000E+02  0.830400000000E+01
    8113 -0.766370000000E+02  0.346666400000E+02  0.817300000000E+01
    8116 -0.766112000000E+02  0.346666900000E+02  0.489600000000E+01
    8120 -0.766640000000E+02  0.346666500000E+02  0.519200000000E+01
    8130 -0.766564300000E+02  0.346667400000E+02  0.796000000000E+01
    8154 -0.766610600000E+02  0.346669900000E+02  0.660000000000E+01
    8156 -0.766430100000E+02  0.346670400000E+02  0.795000000000E+01
    8172 -0.766482800000E+02  0.346672000000E+02  0.799500000000E+01
    8178 -0.766532900000E+02  0.346672700000E+02  0.788600000000E+01
    8189 -0.766325400000E+02  0.346674300000E+02  0.783500000000E+01
    8190 -0.766654900000E+02  0.346673500000E+02  0.458600000000E+01
    8191 -0.766243600000E+02  0.346674400000E+02  0.721400000000E+01
    8194 -0.766580600000E+02  0.346674200000E+02  0.747700000000E+01
    8210 -0.766392700000E+02  0.346676500000E+02  0.764000000000E+01
    8216 -0.766148500000E+02  0.346677200000E+02  0.495100000000E+01
    8217 -0.766626000000E+02  0.346676800000E+02  0.484900000000E+01
    8233 -0.766449200000E+02  0.346678600000E+02  0.760400000000E+01
    8236 -0.766500800000E+02  0.346679000000E+02  0.771100000000E+01
    8243 -0.766549800000E+02  0.346679500000E+02  0.747600000000E+01
    8257 -0.766596500000E+02  0.346680800000E+02  0.656500000000E+01
    8273 -0.766047700000E+02  0.346682700000E+02  0.785000000000E+00
    8279 -0.766641100000E+02  0.346683500000E+02  0.422200000000E+01
    8283 -0.766351700000E+02  0.346684500000E+02  0.725100000000E+01
    8290 -0.766276000000E+02  0.346684800000E+02  0.696000000000E+01
    8300 -0.766413700000E+02  0.346685600000E+02  0.718300000000E+01
    8306 -0.766518300000E+02  0.346685600000E+02  0.741500000000E+01
    8310 -0.766467700000E+02  0.346685900000E+02  0.734900000000E+01
    8314 -0.766566400000E+02  0.346685900000E+02  0.705700000000E+01
    8330 -0.766185200000E+02  0.346687600000E+02  0.480100000000E+01
    8332 -0.766612200000E+02  0.346687400000E+02  0.510700000000E+01
    8373 -0.766535500000E+02  0.346692000000E+02  0.709000000000E+01
    8377 -0.766582600000E+02  0.346692300000E+02  0.645100000000E+01
    8380 -0.766486000000E+02  0.346692700000E+02  0.710100000000E+01
    8389 -0.766433600000E+02  0.346693500000E+02  0.697700000000E+01
    8390 -0.766375700000E+02  0.346693900000E+02  0.662200000000E+01
    8397 -0.766627500000E+02  0.346693800000E+02  0.351100000000E+01
    8402 -0.766306500000E+02  0.346694800000E+02  0.651200000000E+01
    8406 -0.766089200000E+02  0.346695000000E+02  0.909000000000E+00
    8426 -0.766221700000E+02  0.346697800000E+02  0.482200000000E+01
    8431 -0.766552400000E+02  0.346698200000E+02  0.664900000000E+01
    8438 -0.766598500000E+02  0.346698500000E+02  0.525200000000E+01
    8449 -0.766503800000E+02  0.346699000000E+02  0.679700000000E+01
    8467 -0.766452600000E+02  0.346700600000E+02  0.665700000000E+01
    8479 -0.766397600000E+02  0.346702300000E+02  0.613700000000E+01
    8492 -0.766123700000E+02  0.346703100000E+02  0.707000000000E+00
    8503 -0.766334500000E+02  0.346704300000E+02  0.584600000000E+01
    8505 -0.766568800000E+02  0.346704200000E+02  0.619500000000E+01
    8508 -0.766614100000E+02  0.346704500000E+02  0.280600000000E+01
    8512 -0.766521400000E+02  0.346705100000E+02  0.645200000000E+01
    8534 -0.766255900000E+02  0.346707400000E+02  0.469900000000E+01
    8536 -0.766471200000E+02  0.346707000000E+02  0.642100000000E+01
    8559 -0.766418100000E+02  0.346709800000E+02  0.598700000000E+01
    8565 -0.766585000000E+02  0.346710000000E+02  0.539300000000E+01
    8572 -0.766538500000E+02  0.346711000000E+02  0.618400000000E+01
    8585 -0.766159200000E+02  0.346712300000E+02  0.105500000000E+01
    8588 -0.766359600000E+02  0.346713000000E+02  0.532600000000E+01
    8598 -0.766489400000E+02  0.346713100000E+02  0.609700000000E+01
    8628 -0.766600800000E+02  0.346715700000E+02  0.333600000000E+01
    8631 -0.766287800000E+02  0.346716500000E+02  0.422400000000E+01
    8633 -0.766437500000E+02  0.346716300000E+02  0.594400000000E+01
    8636 -0.766555300000E+02  0.346716600000E+02  0.576900000000E+01
    8682 -0.766507300000E+02  0.346718800000E+02  0.583000000000E+01
    8719 -0.766382300000E+02  0.346720700000E+02  0.486000000000E+01
    8745 -0.766198900000E+02  0.346721900000E+02  0.114800000000E+01
    8758 -0.766571700000E+02  0.346722000000E+02  0.484000000000E+01
    8762 -0.766456500000E+02  0.346722200000E+02  0.563900000000E+01
    8823 -0.766524700000E+02  0.346724300000E+02  0.557800000000E+01
    8839 -0.766318300000E+02  0.346725400000E+02  0.388700000000E+01
    8889 -0.766403200000E+02  0.346727500000E+02  0.463200000000E+01
    8895 -0.766587700000E+02  0.346727300000E+02  0.324800000000E+01
    8905 -0.766475100000E+02  0.346727800000E+02  0.537300000000E+01
    8952 -0.766541700000E+02  0.346729500000E+02  0.538800000000E+01
    8999 -0.766237400000E+02  0.346732000000E+02  0.102100000000E+01
    9028 -0.766493200000E+02  0.346733100000E+02  0.515200000000E+01
    9031 -0.766422800000E+02  0.346733300000E+02  0.455000000000E+01
    9033 -0.766345300000E+02  0.346733600000E+02  0.331000000000E+01
    9068 -0.766558400000E+02  0.346734600000E+02  0.385300000000E+01
    9151 -0.766511100000E+02  0.346738200000E+02  0.490100000000E+01
    9159 -0.766441900000E+02  0.346738400000E+02  0.455200000000E+01
    9168 -0.766268700000E+02  0.346739000000E+02  0.904000000000E+00
    9193 -0.766574700000E+02  0.346739400000E+02  0.231700000000E+01
    9215 -0.766368400000E+02  0.346740700000E+02  0.287600000000E+01
    9283 -0.766528400000E+02  0.346743100000E+02  0.396200000000E+01
    9285 -0.766460700000E+02  0.346743200000E+02  0.428800000000E+01
    9355 -0.766389500000E+02  0.346747000000E+02  0.269600000000E+01
    9367 -0.766301900000E+02  0.346747600000E+02  0.812000000000E+00
    9383 -0.766545300000E+02  0.346747800000E+02  0.338300000000E+01
    9386 -0.766479300000E+02  0.346747900000E+02  0.398000000000E+01
    9490 -0.766408900000E+02  0.346751900000E+02  0.250100000000E+01
    9498 -0.766561800000E+02  0.346752100000E+02  0.218100000000E+01
    9505 -0.766497500000E+02  0.346752500000E+02  0.356200000000E+01
    9591 -0.766427200000E+02  0.346755800000E+02  0.247600000000E+01
    9602 -0.766333700000E+02  0.346755800000E+02  0.658000000000E+00
    9627 -0.766515200000E+02  0.346757200000E+02  0.306500000000E+01
    9689 -0.766446400000E+02  0.346759600000E+02  0.242400000000E+01
    9731 -0.766532300000E+02  0.346761700000E+02  0.276600000000E+01
    9749 -0.766357300000E+02  0.346762300000E+02  0.657000000000E+00
    9774 -0.766465400000E+02  0.346763500000E+02  0.240400000000E+01
    9817 -0.766549000000E+02  0.346765600000E+02  0.302300000000E+01
    9844 -0.766376300000E+02  0.346767500000E+02  0.702000000000E+00
    9848 -0.766483900000E+02  0.346767300000E+02  0.223000000000E+01
    9934 -0.766502200000E+02  0.346771600000E+02  0.159800000000E+01
    9959 -0.766397700000E+02  0.346773500000E+02  0.624000000000E+00
    9985 -0.766413000000E+02  0.346774600000E+02  0.708000000000E+00
   10027 -0.766519900000E+02  0.346776300000E+02  0.243700000000E+01
   10053 -0.766430600000E+02  0.346777000000E+02  0.609000000000E+00
   10089 -0.766452300000E+02  0.346779600000E+02  0.616000000000E+00
   10111 -0.766536200000E+02  0.346780400000E+02  0.235500000000E+01
   10165 -0.766469700000E+02  0.346783000000E+02  0.610000000000E+00
   10213 -0.766489300000E+02  0.346785600000E+02  0.687000000000E+00
   10312 -0.766507500000E+02  0.346790600000E+02  0.673000000000E+00
   10417 -0.766525800000E+02  0.346796100000E+02  0.884000000000E+00
       1 3     6218     6339     6268
       2 3     6218     6284     6339
       3 3     6268     6397     6324
       4 3     6268     6339     6397
       5 3     6284     6413     6339
       6 3     6284     6357     6413
       7 3     6303     6431     6357
       8 3     6303     6382     6431
       9 3     6324     6462     6391
      10 3     6324     6397     6462
      11 3     6339     6479     6397
      12 3     6339     6413     6479
      13 3     6357     6500     6413
      14 3     6357     6431     6500
      15 3     6382     6535     6431
      16 3     6391     6545     6461
      17 3     6391     6462     6545
      18 3     6397     6559     6462
      19 3     6382     6466     6535
      20 3     6397     6479     6559
      21 3     6413     6578     6479
      22 3     6413     6500     6578
      23 3     6431     6614     6500
      24 3     6431     6535     6614
      25 3     6461     6651     6549
      26 3     6461     6545     6651
      27 3     6462     6652     6545
      28 3     6462     6559     6652
      29 3     6466     6674     6535
      30 3     6479     6675     6559
      31 3     6479     6578     6675
      32 3     6500     6709     6578
      33 3     6500     6614     6709
      34 3     6535     6766     6614
      35 3     6549     6651     6769
      36 3     6545     6774     6651
      37 3     6549     6769     6661
      38 3     6545     6652     6774
      39 3     6559     6789     6652
      40 3     6535     6674     6766
      41 3     6559     6675     6789
      42 3     6578     6816     6675
      43 3     6578     6709     6816
      44 3     6614     6874     6709
      45 3     6661     6769     6889
      46 3     6651     6895     6769
      47 3     6661     6889     6795
      48 3     6614     6766     6874
      49 3     6651     6774     6895
      50 3     6652     6898     6774
      51 3     6652     6789     6898
      52 3     6675     6928     6789
      53 3     6674     6934     6766
      54 3     6675     6816     6928
      55 3     6674     6832     6934
      56 3     6709     6972     6816
      57 3     6795     6889     6991
      58 3     6795     6991     6941
      59 3     6709     6874     6972
      60 3     6769     7005     6889
      61 3     6769     6895     7005
      62 3     6774     7025     6895
      63 3     6766     7026     6874
      64 3     6774     6898     7025
      65 3     6789     7036     6898
      66 3     6789     6928     7036
      67 3     6766     6934     7026
      68 3     6816     7079     6928
      69 3     6941     7098     6999
      70 3     6941     6991     7098
      71 3     6889     7101     6991
      72 3     6816     6972     7079
      73 3     6889     7005     7101
      74 3     6832     7111     6934
      75 3     6874     7129     6972
      76 3     6898     7156     7025
      77 3     6988     7083     7157
      78 3     6988     7157     7112
      79 3     6895     7168     7005
      80 3     6874     7026     7129
      81 3     6999     7170     7083
      82 3     6898     7036     7156
      83 3     6999     7098     7170
      84 3     6895     7025     7168
      85 3     6991     7179     7098
      86 3     6928     7182     7036
      87 3     6991     7101     7179
      88 3     6928     7079     7182
      89 3     6934     7198     7026
      90 3     7005     7212     7101
      91 3     6972     7232     7079
      92 3     7083     7238     7157
      93 3     7083     7170     7238
      94 3     7112     7157     7240
      95 3     7112     7240     7164
      96 3     6934     7111     7198
      97 3     7005     7168     7212
      98 3     7098     7253     7170
      99 3     7098     7179     7253
     100 3     6972     7129     7232
     101 3     7025     7156     7275
     102 3     7101     7282     7179
     103 3     7036     7284     7156
     104 3     7025     7275     7168
     105 3     7026     7297     7129
     106 3     7164     7299     7220
     107 3     7164     7240     7299
     108 3     7101     7212     7282
     109 3     7036     7182     7284
     110 3     7157     7309     7240
     111 3     7157     7238     7309
     112 3     7170     7325     7238
     113 3     7170     7253     7325
     114 3     7079     7331     7182
     115 3     7026     7198     7297
     116 3     7212     7168     7339
     117 3     7179     7348     7253
     118 3     7207     7283     7351
     119 3     7207     7351     7273
     120 3     7079     7232     7331
     121 3     7179     7282     7348
     122 3     7220     7367     7283
     123 3     7220     7299     7367
     124 3     7240     7384     7299
     125 3     7240     7309     7384
     126 3     7111     7387     7198
     127 3     7238     7403     7309
     128 3     7129     7407     7232
     129 3     7238     7325     7403
     130 3     7156     7410     7275
     131 3     7168     7275     7415
     132 3     7168     7415     7339
     133 3     7156     7284     7410
     134 3     7253     7434     7325
     135 3     7273     7351     7436
     136 3     7273     7436     7344
     137 3     7253     7348     7434
     138 3     7283     7448     7351
     139 3     7283     7367     7448
     140 3     7212     7451     7282
     141 3     7182     7455     7284
     142 3     7129     7297     7407
     143 3     7212     7339     7451
     144 3     7299     7463     7367
     145 3     7299     7384     7463
     146 3     7182     7331     7455
     147 3     7282     7482     7348
     148 3     7309     7485     7384
     149 3     7309     7403     7485
     150 3     7198     7509     7297
     151 3     7325     7518     7403
     152 3     7344     7436     7519
     153 3     7344     7519     7430
     154 3     7325     7434     7518
     155 3     7282     7451     7482
     156 3     7232     7526     7331
     157 3     7351     7527     7436
     158 3     7351     7448     7527
     159 3     7367     7546     7448
     160 3     7367     7463     7546
     161 3     7275     7553     7415
     162 3     7348     7554     7434
     163 3     7275     7410     7553
     164 3     7198     7387     7509
     165 3     7384     7563     7463
     166 3     7232     7407     7526
     167 3     7348     7482     7554
     168 3     7384     7485     7563
     169 3     7339     7415     7575
     170 3     7284     7577     7410
     171 3     7339     7575     7451
     172 3     7430     7519     7586
     173 3     7403     7588     7485
     174 3     7403     7518     7588
     175 3     7436     7596     7519
     176 3     7436     7527     7596
     177 3     7284     7455     7577
     178 3     7482     7451     7611
     179 3     7448     7614     7527
     180 3     7448     7546     7614
     181 3     7297     7622     7407
     182 3     7434     7628     7518
     183 3     7434     7554     7628
     184 3     7463     7636     7546
     185 3     7331     7637     7455
     186 3     7463     7563     7636
     187 3     7485     7671     7563
     188 3     7297     7509     7622
     189 3     7485     7588     7671
     190 3     7482     7681     7554
     191 3     7519     7682     7586
     192 3     7519     7596     7682
     193 3     7331     7526     7637
     194 3     7415     7691     7575
     195 3     7482     7611     7681
     196 3     7451     7696     7611
     197 3     7451     7575     7696
     198 3     7415     7553     7691
     199 3     7527     7700     7596
     200 3     7527     7614     7700
     201 3     7410     7713     7553
     202 3     7518     7717     7588
     203 3     7518     7628     7717
     204 3     7546     7728     7614
     205 3     7546     7636     7728
     206 3     7410     7577     7713
     207 3     7407     7746     7526
     208 3     7387     7754     7509
     209 3     7563     7762     7636
     210 3     7554     7771     7628
     211 3     7563     7671     7762
     212 3     7586     7682     7777
     213 3     7455     7782     7577
     214 3     7554     7681     7771
     215 3     7596     7792     7682
     216 3     7596     7700     7792
     217 3     7588     7802     7671
     218 3     7407     7622     7746
     219 3     7614     7808     7700
     220 3     7588     7717     7802
     221 3     7614     7728     7808
     222 3     7455     7637     7782
     223 3     7611     7817     7681
     224 3     7575     7824     7696
     225 3     7611     7696     7817
     226 3     7575     7691     7824
     227 3     7636     7836     7728
     228 3     7628     7841     7717
     229 3     7636     7762     7836
     230 3     7553     7842     7691
     231 3     7628     7771     7841
     232 3     7553     7713     7842
     233 3     7682     7861     7777
     234 3     7682     7792     7861
     235 3     7526     7864     7637
     236 3     7509     7870     7622
     237 3     7671     7873     7762
     238 3     7700     7882     7792
     239 3     7671     7802     7873
     240 3     7700     7808     7882
     241 3     7577     7897     7713
     242 3     7681     7898     7771
     243 3     7681     7817     7898
     244 3     7728     7915     7808
     245 3     7728     7836     7915
     246 3     7526     7746     7864
     247 3     7717     7922     7802
     248 3     7577     7782     7897
     249 3     7717     7841     7922
     250 3     7509     7754     7870
     251 3     7696     7936     7817
     252 3     7777     7861     7940
     253 3     7696     7824     7936
     254 3     7762     7951     7836
     255 3     7792     7961     7861
     256 3     7762     7873     7951
     257 3     7792     7882     7961
     258 3     7691     7965     7824
     259 3     7771     7971     7841
     260 3     7691     7842     7965
     261 3     7637     7976     7782
     262 3     7622     7979     7746
     263 3     7808     7981     7882
     264 3     7771     7898     7971
     265 3     7808     7915     7981
     266 3     7802     7989     7873
     267 3     7802     7922     7989
     268 3     7713     8011     7842
     269 3     7836     8022     7915
     270 3     7817     8024     7898
     271 3     7637     7864     7976
     272 3     7836     7951     8022
     273 3     7861     8030     7940
     274 3     7861     7961     8030
     275 3     7817     7936     8024
     276 3     7713     7897     8011
     277 3     7622     7870     7979
     278 3     7841     8039     7922
     279 3     7882     8047     7961
     280 3     7841     7971     8039
     281 3     7882     7981     8047
     282 3     7873     8051     7951
     283 3     7824     8057     7936
     284 3     7873     7989     8051
     285 3     7824     7965     8057
     286 3     7782     8084     7897
     287 3     7915     8085     7981
     288 3     7746     8088     7864
     289 3     7915     8022     8085
     290 3     7898     8100     7971
     291 3     7940     8030     8098
     292 3     7922     8110     7989
     293 3     7898     8024     8100
     294 3     7842     8113     7965
     295 3     7754     8116     7870
     296 3     7961     8120     8030
     297 3     7922     8039     8110
     298 3     7961     8047     8120
     299 3     7782     7976     8084
     300 3     7951     8130     8022
     301 3     7842     8011     8113
     302 3     7951     8051     8130
     303 3     7746     7979     8088
     304 3     7981     8154     8047
     305 3     7936     8156     8024
     306 3     7981     8085     8154
     307 3     7936     8057     8156
     308 3     7971     8172     8039
     309 3     7989     8178     8051
     310 3     7754     8016     8116
     311 3     7971     8100     8172
     312 3     7897     8189     8011
     313 3     8030     8190     8098
     314 3     7864     8191     7976
     315 3     7989     8110     8178
     316 3     8022     8194     8085
     317 3     8030     8120     8190
     318 3     8022     8130     8194
     319 3     7965     8210     8057
     320 3     7870     8216     7979
     321 3     8047     8217     8120
     322 3     7897     8084     8189
     323 3     8047     8154     8217
     324 3     7965     8113     8210
     325 3     8024     8233     8100
     326 3     8039     8236     8110
     327 3     8051     8243     8130
     328 3     7864     8088     8191
     329 3     8024     8156     8233
     330 3     8039     8172     8236
     331 3     8051     8178     8243
     332 3     8085     8257     8154
     333 3     8085     8194     8257
     334 3     7870     8116     8216
     335 3     8120     8279     8190
     336 3     8011     8283     8113
     337 3     7976     8290     8084
     338 3     8120     8217     8279
     339 3     8057     8300     8156
     340 3     8110     8306     8178
     341 3     8100     8310     8172
     342 3     8130     8314     8194
     343 3     8110     8236     8306
     344 3     8057     8210     8300
     345 3     7979     8330     8088
     346 3     8130     8243     8314
     347 3     8011     8189     8283
     348 3     8100     8233     8310
     349 3     8154     8332     8217
     350 3     8154     8257     8332
     351 3     7976     8191     8290
     352 3     8178     8373     8243
     353 3     8194     8377     8257
     354 3     8172     8380     8236
     355 3     8156     8389     8233
     356 3     8113     8390     8210
     357 3     8178     8306     8373
     358 3     8194     8314     8377
     359 3     7979     8216     8330
     360 3     8217     8397     8279
     361 3     8084     8402     8189
     362 3     8172     8310     8380
     363 3     8016     8406     8116
     364 3     8217     8332     8397
     365 3     8156     8300     8389
     366 3     8113     8283     8390
     367 3     8088     8426     8191
     368 3     8243     8431     8314
     369 3     8257     8438     8332
     370 3     8236     8449     8306
     371 3     8084     8290     8402
     372 3     8243     8373     8431
     373 3     8257     8377     8438
     374 3     8233     8467     8310
     375 3     8236     8380     8449
     376 3     8210     8479     8300
     377 3     8233     8389     8467
     378 3     8016     8273     8406
     379 3     8116     8492     8216
     380 3     8189     8503     8283
     381 3     8314     8505     8377
     382 3     8210     8390     8479
     383 3     8088     8330     8426
     384 3     8332     8508     8397
     385 3     8306     8512     8373
     386 3     8314     8431     8505
     387 3     8332     8438     8508
     388 3     8306     8449     8512
     389 3     8191     8534     8290
     390 3     8310     8536     8380
     391 3     8189     8402     8503
     392 3     8116     8406     8492
     393 3     8310     8467     8536
     394 3     8300     8559     8389
     395 3     8377     8565     8438
     396 3     8373     8572     8431
     397 3     8377     8505     8565
     398 3     8300     8479     8559
     399 3     8216     8585     8330
     400 3     8283     8588     8390
     401 3     8373     8512     8572
     402 3     8380     8598     8449
     403 3     8191     8426     8534
     404 3     8380     8536     8598
     405 3     8283     8503     8588
     406 3     8438     8628     8508
     407 3     8290     8631     8402
     408 3     8389     8633     8467
     409 3     8431     8636     8505
     410 3     8438     8565     8628
     411 3     8389     8559     8633
     412 3     8216     8492     8585
     413 3     8431     8572     8636
     414 3     8449     8682     8512
     415 3     8390     8719     8479
     416 3     8449     8598     8682
     417 3     8330     8745     8426
     418 3     8290     8534     8631
     419 3     8505     8758     8565
     420 3     8467     8762     8536
     421 3     8390     8588     8719
     422 3     8505     8636     8758
     423 3     8467     8633     8762
     424 3     8512     8823     8572
     425 3     8503     8402     8839
     426 3     8512     8682     8823
     427 3     8479     8889     8559
     428 3     8565     8895     8628
     429 3     8536     8905     8598
     430 3     8565     8758     8895
     431 3     8479     8719     8889
     432 3     8572     8952     8636
     433 3     8536     8762     8905
     434 3     8402     8631     8839
     435 3     8330     8585     8745
     436 3     8572     8823     8952
     437 3     8534     8426     8999
     438 3     8598     9028     8682
     439 3     8559     9031     8633
     440 3     8588     8503     9033
     441 3     8636     9068     8758
     442 3     8598     8905     9028
     443 3     8559     8889     9031
     444 3     8636     8952     9068
     445 3     8503     8839     9033
     446 3     8682     9151     8823
     447 3     8633     9159     8762
     448 3     8534     9168     8631
     449 3     8758     9193     8895
     450 3     8426     8745     8999
     451 3     8719     8588     9215
     452 3     8682     9028     9151
     453 3     8633     9031     9159
     454 3     8758     9068     9193
     455 3     8588     9033     9215
     456 3     8823     9283     8952
     457 3     8762     9285     8905
     458 3     8534     8999     9168
     459 3     8823     9151     9283
     460 3     8762     9159     9285
     461 3     8719     9355     8889
     462 3     8839     8631     9367
     463 3     8952     9383     9068
     464 3     8905     9386     9028
     465 3     8719     9215     9355
     466 3     8952     9283     9383
     467 3     8905     9285     9386
     468 3     8889     9490     9031
     469 3     9068     9498     9193
     470 3     9028     9505     9151
     471 3     8889     9355     9490
     472 3     8631     9168     9367
     473 3     9068     9383     9498
     474 3     9028     9386     9505
     475 3     9031     9591     9159
     476 3     9033     8839     9602
     477 3     9151     9627     9283
     478 3     9031     9490     9591
     479 3     9151     9505     9627
     480 3     9159     9689     9285
     481 3     8839     9367     9602
     482 3     9283     9731     9383
     483 3     9159     9591     9689
     484 3     9215     9033     9749
     485 3     9285     9774     9386
     486 3     9283     9627     9731
     487 3     9033     9602     9749
     488 3     9383     9817     9498
     489 3     9285     9689     9774
     490 3     9355     9215     9844
     491 3     9386     9848     9505
     492 3     9383     9731     9817
     493 3     9215     9749     9844
     494 3     9386     9774     9848
     495 3     9505     9934     9627
     496 3     9490     9355     9959
     497 3     9505     9848     9934
     498 3     9490     9985     9591
     499 3     9355     9844     9959
     500 3     9627    10027     9731
     501 3     9490     9959     9985
     502 3     9591    10053     9689
     503 3     9627     9934    10027
     504 3     9591     9985    10053
     505 3     9689    10089     9774
     506 3     9731    10111     9817
     507 3     9731    10027    10111
     508 3     9774    10165     9848
     509 3     9689    10053    10089
     510 3     9774    10089    10165
     511 3     9848    10213     9934
     512 3     9848    10165    10213
     513 3     9934    10312    10027
     514 3     9934    10213    10312
     515 3    10027    10417    10111
     516 3    10027    10312    10417
 0                                                                              
 0                                                                              
 1                                                                              
 20                                                                             
      19       1                                                                
    8273
    8406
    8492
    8585
    8745
    8999
    9168
    9367
    9602
    9749
    9844
    9959
    9985
   10053
   10089
   10165
   10213
   10312
   10417
