FileFmt      1050624           0           0
NELG           58641         560         516
      -12200
      -12220
      -12311
      -12321
      -12339
      -12355
      -12377
      -12405
      -12428
      -12437
       12452
       12471
      -12493
      -12524
      -12551
      -12571
      -12578
       12588
      -12593
       12614
       12633
       12658
       12695
       12740
      -12755
      -12756
       12757
       12780
      -12791
       12798
       12834
       12863
       12900
       12955
      -12960
       12966
      -12967
       12985
       13000
      -13019
       13022
       13058
       13101
       13157
      -13189
       13201
      -13203
       13204
       13207
       13212
       13238
       13260
      -13270
       13297
      -13337
       13339
      -13376
      -13381
       13387
       13402
       13419
       13441
       13443
       13454
       13460
       13494
       13517
       13531
      -13563
      -13568
       13569
       13577
       13583
      -13587
       13629
       13673
      -13674
      -13681
       13697
       13699
      -13700
       13703
      -13704
       13722
       13723
       13726
       13734
       13759
       13761
       13786
       13815
      -13830
      -13831
      -13835
      -13836
      -13838
       13856
       13861
       13874
       13878
       13903
       13915
       13919
       13922
       13938
      -13943
      -13946
       13949
       13955
       13965
       13966
       13987
       13994
       14000
       14014
       14020
       14034
      -14041
      -14044
       14057
       14065
      -14066
      -14070
       14094
       14098
      -14100
       14122
       14127
       14129
       14135
       14141
       14153
       14162
       14169
      -14175
      -14178
       14190
      -14199
      -14206
       14207
       14211
       14215
       14227
       14231
       14237
       14259
       14264
       14267
       14273
       14309
       14324
      -14325
      -14328
       14337
       14340
       14342
       14343
       14347
       14378
       14384
       14393
       14394
       14402
      -14407
       14412
       14418
       14421
       14422
       14437
       14439
       14446
      -14459
       14462
       14473
       14482
       14486
       14489
       14510
       14514
       14522
       14528
       14537
       14547
       14552
       14553
       14562
       14606
       14622
       14624
       14626
      -14627
       14629
       14636
       14642
       14644
       14651
       14655
       14658
       14662
       14667
       14685
       14692
       14710
       14711
       14719
       14729
       14750
      -14761
       14772
       14787
       14793
      -14801
       14811
       14823
       14836
       14841
       14854
       14864
       14866
       14868
       14876
       14878
       14886
       14899
       14902
       14912
       14921
       14931
       14932
       14933
       14956
       14963
      -14964
       14968
       14971
       14979
       14985
       14996
       14997
       15005
       15021
       15022
       15038
       15049
       15060
       15061
       15066
       15087
       15090
      -15095
       15096
      -15106
       15112
       15124
       15140
       15141
       15147
       15149
       15159
       15165
       15172
       15177
       15180
       15181
       15189
       15193
       15212
       15229
       15248
       15252
       15257
       15258
      -15262
       15269
       15274
       15276
       15280
       15284
       15297
       15299
       15305
       15308
       15316
       15340
       15352
       15367
       15369
       15375
       15385
       15393
      -15398
       15408
       15411
       15415
      -15422
       15426
       15435
       15438
       15441
       15443
       15454
       15456
       15477
       15493
       15496
       15509
       15520
       15523
       15531
      -15537
       15542
       15552
      -15556
       15557
       15560
       15562
      -15564
       15573
       15592
       15605
       15606
       15616
       15617
       15623
       15628
       15636
       15648
       15655
       15659
       15668
       15672
       15678
       15695
       15706
      -15715
       15721
       15729
      -15734
       15751
       15760
       15765
       15770
       15793
       15794
       15796
       15797
       15798
       15801
       15802
       15819
       15836
       15875
       15882
       15889
       15906
       15908
       15910
       15914
       15923
      -15924
       15929
       15930
      -15935
      -15942
       15944
       15958
       15976
       15990
       15999
       16011
       16017
       16030
       16032
       16046
       16049
       16066
       16073
      -16078
       16087
       16101
       16107
       16108
       16114
      -16115
       16122
       16133
      -16139
       16164
       16168
       16170
       16187
       16196
       16201
       16210
       16220
       16234
       16244
       16246
       16261
       16264
       16273
       16285
       16297
       16321
       16340
      -16341
       16346
       16348
       16352
      -16372
       16394
       16403
       16404
       16415
       16470
       16478
       16507
       16519
       16528
       16531
       16564
       16595
       16614
       16625
       16648
       16711
       16751
      -16760
       16772
      -16826
       16840
       16849
       16859
       16880
       16896
       16926
       16933
       16984
       16991
       16995
       17055
       17080
       17081
       17120
       17148
       17189
       17200
       17210
      -17257
       17292
       17293
       17297
       17301
      -17328
       17409
       17415
       17419
       17461
       17492
       17505
       17542
       17566
       17591
       17594
       17632
       17679
       17693
       17759
      -17775
       17783
       17838
       17845
      -17857
       17891
       17921
       17936
       17978
       18002
       18084
       18086
       18165
       18166
       18184
       18190
       18234
       18256
       18287
      -18324
       18344
       18376
       18381
      -18400
       18431
       18488
       18541
       18600
       18631
       18641
       18675
       18699
       18706
       18745
       18783
       18804
       18812
      -18843
      -18914
       18941
       18972
       19021
       19034
       19172
       19205
       19303
      -19395
      -19494
NNODG          32218         319         291
       -6218
       -6268
       -6284
       -6303
       -6324
        6339
       -6357
       -6382
       -6391
        6397
        6413
        6431
       -6461
        6462
       -6466
        6479
        6500
        6535
        6545
       -6549
        6559
        6578
        6614
        6651
        6652
       -6661
       -6674
        6675
        6709
        6766
        6769
        6774
        6789
       -6795
        6816
       -6832
        6874
        6889
        6895
        6898
        6928
        6934
       -6941
        6972
       -6988
        6991
       -6999
        7005
        7025
        7026
        7036
        7079
       -7083
        7098
        7101
       -7111
       -7112
        7129
        7156
        7157
       -7164
        7168
        7170
        7179
        7182
        7198
       -7207
        7212
       -7220
        7232
        7238
        7240
        7253
       -7273
        7275
        7282
       -7283
        7284
        7297
        7299
        7309
        7325
        7331
        7339
       -7344
        7348
        7351
        7367
        7384
       -7387
        7403
        7407
        7410
        7415
       -7430
        7434
        7436
        7448
        7451
        7455
        7463
        7482
        7485
        7509
        7518
        7519
        7526
        7527
        7546
        7553
        7554
        7563
        7575
        7577
       -7586
        7588
        7596
        7611
        7614
        7622
        7628
        7636
        7637
        7671
        7681
        7682
        7691
        7696
        7700
        7713
        7717
        7728
        7746
       -7754
        7762
        7771
       -7777
        7782
        7792
        7802
        7808
        7817
        7824
        7836
        7841
        7842
        7861
        7864
        7870
        7873
        7882
        7897
        7898
        7915
        7922
        7936
       -7940
        7951
        7961
        7965
        7971
        7976
        7979
        7981
        7989
        8011
       -8016
        8022
        8024
        8030
        8039
        8047
        8051
        8057
        8084
        8085
        8088
       -8098
        8100
        8110
        8113
        8116
        8120
        8130
        8154
        8156
        8172
        8178
        8189
       -8190
        8191
        8194
        8210
        8216
        8217
        8233
        8236
        8243
        8257
       -8273
       -8279
        8283
        8290
        8300
        8306
        8310
        8314
        8330
        8332
        8373
        8377
        8380
        8389
        8390
       -8397
        8402
        8406
        8426
        8431
        8438
        8449
        8467
        8479
        8492
        8503
        8505
       -8508
        8512
        8534
        8536
        8559
        8565
        8572
        8585
        8588
        8598
       -8628
        8631
        8633
        8636
        8682
        8719
        8745
        8758
        8762
        8823
        8839
        8889
       -8895
        8905
        8952
        8999
        9028
        9031
        9033
        9068
        9151
        9159
        9168
       -9193
        9215
        9283
        9285
        9355
        9367
        9383
        9386
        9490
       -9498
        9505
        9591
        9602
        9627
        9689
        9731
        9749
        9774
       -9817
        9844
        9848
        9934
        9959
        9985
       10027
       10053
       10089
      -10111
       10165
       10213
       10312
      -10417
NFLUXF             0
NETA             128          29           0
NSTAE              0           0           0
NSTAV              0           0           0
NSTAM              0           0           0
NSTAC              0           0           0
RES NODE          43         244
                   6          10          11          12          14          16
                  17          18          19          21          22          23
                  24          25          28          29          30          31
                  32          33          35          37          38          39
                  40          41          42          44          46          48
                  49          50          51          52          54          55
                  58          59          60          62          63          64
                  65          66          68          70          71          72
                  73          75          76          78          79          80
                  81          82          83          84          86          87
                  88          89          91          92          93          94
                  96          97          98          99         100         101
                 102         103         104         105         106         107
                 108         109         110         111         112         113
                 114         116         117         118         119         120
                 121         122         123         124         125         126
                 127         128         129         130         131         132
                 133         135         136         138         139         140
                 141         142         143         144         145         146
                 147         148         149         150         151         152
                 153         154         155         156         158         159
                 160         161         162         163         164         165
                 166         168         169         170         171         172
                 173         174         175         176         177         179
                 180         181         182         183         184         185
                 186         187         188         189         191         192
                 193         194         195         196         197         198
                 199         202         203         204         205         206
                 207         208         209         210         211         212
                 213         214         216         217         218         219
                 220         221         222         223         224         225
                 226         228         229         230         231         232
                 233         234         235         236         238         239
                 240         241         242         243         244         245
                 246         247         248         250         251         252
                 253         254         255         256         257         258
                 259         261         262         263         264         265
                 266         267         268         270         271         272
                 273         274         275         276         277         279
                 280         281         282         283         284         285
                 286         288         289         290
COMM PE            5
RECV PE           32           4
                  95         115         137         157
RECV PE           34          12
                 178         190         201         215         227         237
                 249         260         269         278         287         291
RECV PE           40           8
                  15          27          36          56          90         134
                 167         200
RECV PE           41           5
                   1           3           4           7           8
RECV PE           42          18
                   2           5           9          13          20          26
                  34          43          45          47          53          57
                  61          67          69          74          77          85
SEND PE           32           4
                 106         126         147         170
SEND PE           34          12
                 170         183         195         209         220         232
                 244         256         266         275         284         290
SEND PE           40           8
                  18          30          42          66         104         149
                 182         217
SEND PE           41           5
                   6          11          12          17          18
SEND PE           42          19
                   6          10          14          19          24          31
                  38          46          54          60          63          71
                  72          80          87          88          97          98
                 106
