bi_1997_v2.grd                                                                  
     500     299
   19699 -0.767033500000E+02  0.347499200000E+02  0.794000000000E+00
   19700 -0.767041200000E+02  0.347494200000E+02  0.999000000000E+00
   19717 -0.767045300000E+02  0.347502600000E+02  0.124900000000E+01
   19718 -0.767051500000E+02  0.347499500000E+02  0.117000000000E+01
   19732 -0.766998500000E+02  0.347503600000E+02  0.101700000000E+01
   19736 -0.766927600000E+02  0.347505100000E+02  0.165500000000E+01
   19744 -0.766915000000E+02  0.347506700000E+02  0.144800000000E+01
   19748 -0.766902800000E+02  0.347507500000E+02  0.108700000000E+01
   19755 -0.767010300000E+02  0.347504600000E+02  0.104400000000E+01
   19759 -0.767053900000E+02  0.347508400000E+02  0.129800000000E+01
   19760 -0.767062900000E+02  0.347504500000E+02  0.108600000000E+01
   19780 -0.767003600000E+02  0.347512100000E+02  0.914000000000E+00
   19786 -0.767064400000E+02  0.347511800000E+02  0.120200000000E+01
   19787 -0.767073400000E+02  0.347507000000E+02  0.971000000000E+00
   19794 -0.767011900000E+02  0.347510900000E+02  0.101900000000E+01
   19799 -0.766938200000E+02  0.347513900000E+02  0.128700000000E+01
   19806 -0.767056200000E+02  0.347514500000E+02  0.136600000000E+01
   19809 -0.766909400000E+02  0.347516000000E+02  0.130700000000E+01
   19812 -0.766898000000E+02  0.347516400000E+02  0.949000000000E+00
   19817 -0.766923400000E+02  0.347516800000E+02  0.150100000000E+01
   19819 -0.767009100000E+02  0.347516900000E+02  0.837000000000E+00
   19840 -0.767015700000E+02  0.347516300000E+02  0.914000000000E+00
   19841 -0.767074500000E+02  0.347517100000E+02  0.114300000000E+01
   19842 -0.767086200000E+02  0.347512400000E+02  0.875000000000E+00
   19865 -0.767065000000E+02  0.347519500000E+02  0.133400000000E+01
   19868 -0.767014200000E+02  0.347521500000E+02  0.842000000000E+00
   19881 -0.767021900000E+02  0.347519500000E+02  0.854000000000E+00
   19882 -0.766903600000E+02  0.347523900000E+02  0.112200000000E+01
   19884 -0.766935600000E+02  0.347522500000E+02  0.136500000000E+01
   19893 -0.767085300000E+02  0.347524100000E+02  0.110500000000E+01
   19894 -0.766913800000E+02  0.347524800000E+02  0.128000000000E+01
   19905 -0.767098700000E+02  0.347520800000E+02  0.837000000000E+00
   19913 -0.767073000000E+02  0.347527900000E+02  0.136600000000E+01
   19918 -0.767018400000E+02  0.347528900000E+02  0.102100000000E+01
   19923 -0.766924000000E+02  0.347528600000E+02  0.110500000000E+01
   19928 -0.766907400000E+02  0.347530100000E+02  0.113700000000E+01
   19938 -0.766899500000E+02  0.347531300000E+02  0.116700000000E+01
   19942 -0.767029000000E+02  0.347528600000E+02  0.121400000000E+01
   19946 -0.767096200000E+02  0.347531400000E+02  0.107500000000E+01
   19958 -0.767108800000E+02  0.347528500000E+02  0.828000000000E+00
   19959 -0.766914600000E+02  0.347533600000E+02  0.981000000000E+00
   19970 -0.766933600000E+02  0.347535000000E+02  0.970000000000E+00
   19972 -0.767083500000E+02  0.347534800000E+02  0.133300000000E+01
   19978 -0.767048900000E+02  0.347526400000E+02  0.149800000000E+01
   19979 -0.767036700000E+02  0.347526400000E+02  0.141000000000E+01
   19980 -0.767047400000E+02  0.347534300000E+02  0.158400000000E+01
   19988 -0.766943900000E+02  0.347533500000E+02  0.107000000000E+01
   19996 -0.766905900000E+02  0.347537000000E+02  0.126900000000E+01
   19998 -0.767035800000E+02  0.347537300000E+02  0.156000000000E+01
   20004 -0.767059700000E+02  0.347528600000E+02  0.151100000000E+01
   20016 -0.767106300000E+02  0.347538200000E+02  0.104900000000E+01
   20018 -0.767070800000E+02  0.347538000000E+02  0.159000000000E+01
   20019 -0.766923200000E+02  0.347538900000E+02  0.767000000000E+00
   20020 -0.766896600000E+02  0.347539300000E+02  0.130100000000E+01
   20024 -0.767116500000E+02  0.347534400000E+02  0.828000000000E+00
   20025 -0.767022900000E+02  0.347540200000E+02  0.134900000000E+01
   20030 -0.767014700000E+02  0.347536500000E+02  0.115400000000E+01
   20041 -0.767058000000E+02  0.347541500000E+02  0.164900000000E+01
   20048 -0.766942700000E+02  0.347541700000E+02  0.830000000000E+00
   20049 -0.767094300000E+02  0.347541900000E+02  0.129900000000E+01
   20050 -0.766913500000E+02  0.347542500000E+02  0.100500000000E+01
   20064 -0.766953500000E+02  0.347537600000E+02  0.738000000000E+00
   20071 -0.767116300000E+02  0.347544300000E+02  0.103000000000E+01
   20072 -0.766932100000E+02  0.347545000000E+02  0.617000000000E+00
   20074 -0.766903800000E+02  0.347545400000E+02  0.139800000000E+01
   20076 -0.767045400000E+02  0.347545400000E+02  0.170500000000E+01
   20079 -0.766964100000E+02  0.347537400000E+02  0.555000000000E+00
   20080 -0.766963800000E+02  0.347544100000E+02  0.590000000000E+00
   20081 -0.767081600000E+02  0.347545700000E+02  0.156600000000E+01
   20086 -0.766994140000E+02  0.347539140000E+02  0.105400000000E+01
   20087 -0.767010000000E+02  0.347546800000E+02  0.133900000000E+01
   20089 -0.766976700000E+02  0.347537600000E+02  0.789000000000E+00
   20090 -0.766986000000E+02  0.347547300000E+02  0.102400000000E+01
   20094 -0.766893800000E+02  0.347547900000E+02  0.142700000000E+01
   20095 -0.766952300000E+02  0.347547800000E+02  0.708000000000E+00
   20099 -0.766921700000E+02  0.347548400000E+02  0.646000000000E+00
   20103 -0.767132500000E+02  0.347545900000E+02  0.555000000000E+00
   20106 -0.767032900000E+02  0.347549200000E+02  0.169700000000E+01
   20111 -0.767105800000E+02  0.347548600000E+02  0.126900000000E+01
   20113 -0.767068600000E+02  0.347549400000E+02  0.172200000000E+01
   20118 -0.766974100000E+02  0.347550100000E+02  0.824000000000E+00
   20126 -0.766911500000E+02  0.347551600000E+02  0.143700000000E+01
   20127 -0.766941200000E+02  0.347551400000E+02  0.497000000000E+00
   20131 -0.766996700000E+02  0.347552100000E+02  0.125200000000E+01
   20140 -0.767055700000E+02  0.347553200000E+02  0.177100000000E+01
   20141 -0.767020000000E+02  0.347553600000E+02  0.158900000000E+01
   20143 -0.767092700000E+02  0.347552900000E+02  0.154000000000E+01
   20147 -0.766901400000E+02  0.347554400000E+02  0.153000000000E+01
   20148 -0.766962100000E+02  0.347554200000E+02  0.626000000000E+00
   20150 -0.766930400000E+02  0.347554800000E+02  0.634000000000E+00
   20152 -0.767120400000E+02  0.347554500000E+02  0.977000000000E+00
   20168 -0.766891100000E+02  0.347557000000E+02  0.156000000000E+01
   20172 -0.767042900000E+02  0.347557100000E+02  0.173600000000E+01
   20173 -0.766984100000E+02  0.347556800000E+02  0.107600000000E+01
   20174 -0.767079500000E+02  0.347556900000E+02  0.176300000000E+01
   20178 -0.766919800000E+02  0.347557900000E+02  0.109600000000E+01
   20179 -0.766950500000E+02  0.347557800000E+02  0.722000000000E+00
   20184 -0.767007100000E+02  0.347558600000E+02  0.146300000000E+01
   20188 -0.767135500000E+02  0.347551800000E+02  0.555000000000E+00
   20196 -0.767104700000E+02  0.347559900000E+02  0.151300000000E+01
   20197 -0.766909300000E+02  0.347561000000E+02  0.162800000000E+01
   20198 -0.766972000000E+02  0.347560700000E+02  0.880000000000E+00
   20199 -0.767066300000E+02  0.347560900000E+02  0.172700000000E+01
   20201 -0.767030100000E+02  0.347561200000E+02  0.173700000000E+01
   20206 -0.766939300000E+02  0.347561300000E+02  0.906000000000E+00
   20225 -0.766994200000E+02  0.347563200000E+02  0.133600000000E+01
   20226 -0.767131100000E+02  0.347563400000E+02  0.627000000000E+00
   20231 -0.766898800000E+02  0.347563700000E+02  0.167900000000E+01
   20237 -0.766928400000E+02  0.347564500000E+02  0.113900000000E+01
   20238 -0.766960100000E+02  0.347564400000E+02  0.911000000000E+00
   20239 -0.767090700000E+02  0.347564300000E+02  0.176500000000E+01
   20240 -0.767053200000E+02  0.347564800000E+02  0.169200000000E+01
   20242 -0.767017100000E+02  0.347565600000E+02  0.163700000000E+01
   20245 -0.766888300000E+02  0.347566300000E+02  0.179700000000E+01
   20246 -0.767145200000E+02  0.347560800000E+02  0.555000000000E+00
   20251 -0.767116500000E+02  0.347567300000E+02  0.129200000000E+01
   20252 -0.766981800000E+02  0.347567400000E+02  0.115100000000E+01
   20253 -0.766917600000E+02  0.347567600000E+02  0.158900000000E+01
   20259 -0.766948500000E+02  0.347567900000E+02  0.115800000000E+01
   20264 -0.767077200000E+02  0.347568400000E+02  0.168800000000E+01
   20265 -0.767040300000E+02  0.347568900000E+02  0.172100000000E+01
   20271 -0.767004300000E+02  0.347570000000E+02  0.153600000000E+01
   20274 -0.766906900000E+02  0.347570500000E+02  0.182700000000E+01
   20286 -0.766969700000E+02  0.347571100000E+02  0.120700000000E+01
   20287 -0.766937300000E+02  0.347571300000E+02  0.136400000000E+01
   20288 -0.767141900000E+02  0.347571200000E+02  0.705000000000E+00
   20292 -0.767102100000E+02  0.347571600000E+02  0.176600000000E+01
   20296 -0.767063800000E+02  0.347572400000E+02  0.164800000000E+01
   20299 -0.767027300000E+02  0.347573000000E+02  0.172100000000E+01
   20300 -0.766896200000E+02  0.347573300000E+02  0.195200000000E+01
   20309 -0.766991700000E+02  0.347574200000E+02  0.145100000000E+01
   20311 -0.766926200000E+02  0.347574400000E+02  0.172100000000E+01
   20313 -0.767156300000E+02  0.347566700000E+02  0.621000000000E+00
   20314 -0.766957900000E+02  0.347574800000E+02  0.126200000000E+01
   20317 -0.767127500000E+02  0.347575100000E+02  0.965000000000E+00
   20322 -0.766885500000E+02  0.347576000000E+02  0.174500000000E+01
   20325 -0.767088100000E+02  0.347575900000E+02  0.168800000000E+01
   20327 -0.767050600000E+02  0.347576500000E+02  0.162700000000E+01
   20334 -0.767014400000E+02  0.347577200000E+02  0.162100000000E+01
   20337 -0.766915300000E+02  0.347577500000E+02  0.190500000000E+01
   20340 -0.766979400000E+02  0.347578000000E+02  0.150900000000E+01
   20344 -0.766946300000E+02  0.347578200000E+02  0.154000000000E+01
   20358 -0.767113200000E+02  0.347579200000E+02  0.161300000000E+01
   20366 -0.767074400000E+02  0.347580000000E+02  0.161000000000E+01
   20367 -0.766904400000E+02  0.347580400000E+02  0.205600000000E+01
   20370 -0.767037400000E+02  0.347580500000E+02  0.173700000000E+01
   20378 -0.767001600000E+02  0.347581300000E+02  0.160100000000E+01
   20379 -0.766935000000E+02  0.347581400000E+02  0.180000000000E+01
   20384 -0.766967300000E+02  0.347581700000E+02  0.156400000000E+01
   20388 -0.766893500000E+02  0.347583200000E+02  0.176200000000E+01
   20392 -0.767099100000E+02  0.347583400000E+02  0.167700000000E+01
   20394 -0.767061000000E+02  0.347584100000E+02  0.156700000000E+01
   20398 -0.766923800000E+02  0.347584500000E+02  0.194400000000E+01
   20401 -0.767024500000E+02  0.347584600000E+02  0.170600000000E+01
   20407 -0.766989100000E+02  0.347585100000E+02  0.171400000000E+01
   20408 -0.766955500000E+02  0.347585200000E+02  0.165000000000E+01
   20414 -0.766882600000E+02  0.347586000000E+02  0.136800000000E+01
   20428 -0.766912800000E+02  0.347587500000E+02  0.203400000000E+01
   20431 -0.767085200000E+02  0.347587500000E+02  0.161000000000E+01
   20433 -0.767047700000E+02  0.347588100000E+02  0.164200000000E+01
   20436 -0.766944000000E+02  0.347588500000E+02  0.191600000000E+01
   20437 -0.767011600000E+02  0.347588500000E+02  0.172100000000E+01
   20441 -0.766976900000E+02  0.347588800000E+02  0.182600000000E+01
   20447 -0.766901900000E+02  0.347590500000E+02  0.171900000000E+01
   20451 -0.767110000000E+02  0.347590900000E+02  0.163700000000E+01
   20456 -0.766932700000E+02  0.347591700000E+02  0.201000000000E+01
   20458 -0.767071500000E+02  0.347591700000E+02  0.153100000000E+01
   20460 -0.767034600000E+02  0.347592100000E+02  0.175500000000E+01
   20465 -0.766964900000E+02  0.347592400000E+02  0.191600000000E+01
   20466 -0.766998900000E+02  0.347592400000E+02  0.183400000000E+01
   20470 -0.766890900000E+02  0.347593500000E+02  0.135600000000E+01
   20476 -0.766921500000E+02  0.347594800000E+02  0.196400000000E+01
   20478 -0.767096000000E+02  0.347595100000E+02  0.156900000000E+01
   20481 -0.766953100000E+02  0.347595700000E+02  0.203300000000E+01
   20482 -0.767058100000E+02  0.347595700000E+02  0.154800000000E+01
   20484 -0.767021600000E+02  0.347596000000E+02  0.177900000000E+01
   20485 -0.766879900000E+02  0.347596300000E+02  0.970000000000E+00
   20486 -0.766986500000E+02  0.347596100000E+02  0.194400000000E+01
   20494 -0.766910500000E+02  0.347597900000E+02  0.164800000000E+01
   20506 -0.766941600000E+02  0.347599000000E+02  0.203500000000E+01
   20509 -0.767082200000E+02  0.347599200000E+02  0.150200000000E+01
   20512 -0.766974300000E+02  0.347599600000E+02  0.188500000000E+01
   20514 -0.767044800000E+02  0.347599700000E+02  0.159500000000E+01
   20516 -0.767008700000E+02  0.347599800000E+02  0.180400000000E+01
   20524 -0.766899500000E+02  0.347600900000E+02  0.132300000000E+01
   20534 -0.766930300000E+02  0.347602100000E+02  0.196900000000E+01
   20539 -0.766962400000E+02  0.347603000000E+02  0.204600000000E+01
   20541 -0.767068600000E+02  0.347603300000E+02  0.155000000000E+01
   20546 -0.766996200000E+02  0.347603500000E+02  0.182600000000E+01
   20548 -0.767031600000E+02  0.347603600000E+02  0.172600000000E+01
   20551 -0.766888500000E+02  0.347604000000E+02  0.954000000000E+00
   20561 -0.766919200000E+02  0.347605300000E+02  0.172400000000E+01
   20570 -0.766950800000E+02  0.347606300000E+02  0.187900000000E+01
   20572 -0.766877200000E+02  0.347606900000E+02  0.958000000000E+00
   20577 -0.766983900000E+02  0.347607100000E+02  0.189100000000E+01
   20579 -0.767055100000E+02  0.347607300000E+02  0.153500000000E+01
   20580 -0.767018700000E+02  0.347607400000E+02  0.189500000000E+01
   20585 -0.766908200000E+02  0.347608500000E+02  0.133600000000E+01
   20593 -0.766939300000E+02  0.347609600000E+02  0.183600000000E+01
   20600 -0.766971800000E+02  0.347610500000E+02  0.201200000000E+01
   20602 -0.767006000000E+02  0.347611100000E+02  0.192400000000E+01
   20604 -0.767041800000E+02  0.347611200000E+02  0.152500000000E+01
   20609 -0.766897200000E+02  0.347611700000E+02  0.947000000000E+00
   20616 -0.766928000000E+02  0.347612700000E+02  0.180100000000E+01
   20621 -0.766960100000E+02  0.347613800000E+02  0.178900000000E+01
   20629 -0.766993600000E+02  0.347614600000E+02  0.199900000000E+01
   20631 -0.766886200000E+02  0.347614900000E+02  0.121700000000E+01
   20633 -0.767028700000E+02  0.347615000000E+02  0.172600000000E+01
   20636 -0.766916900000E+02  0.347616000000E+02  0.156100000000E+01
   20643 -0.766948500000E+02  0.347617000000E+02  0.158000000000E+01
   20647 -0.766874500000E+02  0.347617900000E+02  0.168600000000E+01
   20651 -0.766981400000E+02  0.347618100000E+02  0.196200000000E+01
   20654 -0.767015800000E+02  0.347618700000E+02  0.200900000000E+01
   20661 -0.766905900000E+02  0.347619200000E+02  0.127800000000E+01
   20670 -0.766937100000E+02  0.347620300000E+02  0.153400000000E+01
   20676 -0.766969500000E+02  0.347621400000E+02  0.174800000000E+01
   20681 -0.767003300000E+02  0.347622300000E+02  0.200400000000E+01
   20682 -0.766895100000E+02  0.347622600000E+02  0.118200000000E+01
   20691 -0.766925800000E+02  0.347623500000E+02  0.143400000000E+01
   20702 -0.766957800000E+02  0.347624600000E+02  0.151400000000E+01
   20710 -0.766991000000E+02  0.347625700000E+02  0.176500000000E+01
   20718 -0.766914700000E+02  0.347626800000E+02  0.136000000000E+01
   20719 -0.766884800000E+02  0.347626500000E+02  0.826000000000E+00
   20724 -0.766946300000E+02  0.347627900000E+02  0.128300000000E+01
   20733 -0.766978900000E+02  0.347629100000E+02  0.157500000000E+01
   20736 -0.766870700000E+02  0.347630100000E+02  0.120300000000E+01
   20737 -0.766903600000E+02  0.347630000000E+02  0.147100000000E+01
   20739 -0.767013100000E+02  0.347630000000E+02  0.178300000000E+01
   20747 -0.766935000000E+02  0.347631100000E+02  0.116400000000E+01
   20751 -0.766967200000E+02  0.347632300000E+02  0.136000000000E+01
   20755 -0.766892800000E+02  0.347633300000E+02  0.139500000000E+01
   20757 -0.767000700000E+02  0.347633400000E+02  0.154900000000E+01
   20765 -0.766923700000E+02  0.347634400000E+02  0.100300000000E+01
   20775 -0.766955600000E+02  0.347635500000E+02  0.114900000000E+01
   20778 -0.766988500000E+02  0.347636800000E+02  0.136300000000E+01
   20782 -0.766882200000E+02  0.347635700000E+02  0.982000000000E+00
   20784 -0.766912500000E+02  0.347637700000E+02  0.913000000000E+00
   20794 -0.766944200000E+02  0.347638700000E+02  0.966000000000E+00
   20806 -0.766976700000E+02  0.347640000000E+02  0.118600000000E+01
   20813 -0.766901100000E+02  0.347641000000E+02  0.148400000000E+01
   20816 -0.766841400000E+02  0.347641800000E+02  0.929000000000E+00
   20817 -0.766848300000E+02  0.347638700000E+02  0.747000000000E+00
   20821 -0.766932900000E+02  0.347642000000E+02  0.810000000000E+00
   20831 -0.766965000000E+02  0.347643200000E+02  0.100500000000E+01
   20835 -0.766889600000E+02  0.347643900000E+02  0.164500000000E+01
   20837 -0.766851200000E+02  0.347643700000E+02  0.699000000000E+00
   20838 -0.766859100000E+02  0.347636400000E+02  0.870000000000E+00
   20853 -0.766921600000E+02  0.347645300000E+02  0.840000000000E+00
   20854 -0.766871800000E+02  0.347637800000E+02  0.698000000000E+00
   20855 -0.766878600000E+02  0.347645800000E+02  0.125300000000E+01
   20859 -0.766861300000E+02  0.347645000000E+02  0.931000000000E+00
   20861 -0.766834700000E+02  0.347645700000E+02  0.269000000000E+01
   20869 -0.766953700000E+02  0.347646400000E+02  0.826000000000E+00
   20877 -0.766869600000E+02  0.347647300000E+02  0.109800000000E+01
   20886 -0.766910200000E+02  0.347648700000E+02  0.123500000000E+01
   20888 -0.766843500000E+02  0.347648800000E+02  0.240900000000E+01
   20896 -0.766942400000E+02  0.347649700000E+02  0.648000000000E+00
   20905 -0.766853300000E+02  0.347651400000E+02  0.253500000000E+01
   20907 -0.766898300000E+02  0.347652200000E+02  0.181000000000E+01
   20916 -0.766931100000E+02  0.347653000000E+02  0.782000000000E+00
   20917 -0.766863200000E+02  0.347653500000E+02  0.252800000000E+01
   20922 -0.766835500000E+02  0.347653400000E+02  0.254600000000E+01
   20929 -0.766873200000E+02  0.347654500000E+02  0.224700000000E+01
   20936 -0.766885100000E+02  0.347655800000E+02  0.225900000000E+01
   20942 -0.766919700000E+02  0.347656400000E+02  0.116000000000E+01
   20946 -0.766844900000E+02  0.347657100000E+02  0.218200000000E+01
   20948 -0.766951900000E+02  0.347657300000E+02  0.701000000000E+00
   20971 -0.766908100000E+02  0.347660000000E+02  0.156200000000E+01
   20974 -0.766855200000E+02  0.347660600000E+02  0.172300000000E+01
   20975 -0.766940700000E+02  0.347660600000E+02  0.653000000000E+00
   20985 -0.766866300000E+02  0.347662500000E+02  0.142100000000E+01
   20989 -0.766876200000E+02  0.347662400000E+02  0.162600000000E+01
   20996 -0.766896100000E+02  0.347663700000E+02  0.173100000000E+01
   21000 -0.766929500000E+02  0.347664000000E+02  0.699000000000E+00
   21027 -0.766884200000E+02  0.347667800000E+02  0.115400000000E+01
   21032 -0.766918100000E+02  0.347667600000E+02  0.109700000000E+01
   21039 -0.766950500000E+02  0.347668100000E+02  0.816000000000E+00
   21056 -0.766872300000E+02  0.347671200000E+02  0.102200000000E+01
   21060 -0.766906400000E+02  0.347671400000E+02  0.140300000000E+01
   21061 -0.766939400000E+02  0.347671500000E+02  0.715000000000E+00
   21084 -0.766894200000E+02  0.347675300000E+02  0.114500000000E+01
   21085 -0.766928300000E+02  0.347675100000E+02  0.574000000000E+00
   21104 -0.766881500000E+02  0.347679000000E+02  0.879000000000E+00
   21110 -0.766949200000E+02  0.347678900000E+02  0.912000000000E+00
   21111 -0.766916900000E+02  0.347678900000E+02  0.922000000000E+00
   21131 -0.766867800000E+02  0.347682800000E+02  0.111400000000E+01
   21132 -0.766938400000E+02  0.347682300000E+02  0.777000000000E+00
   21137 -0.766905000000E+02  0.347683100000E+02  0.828000000000E+00
   21155 -0.766927400000E+02  0.347686000000E+02  0.640000000000E+00
   21158 -0.766892200000E+02  0.347686500000E+02  0.845000000000E+00
   21180 -0.766948400000E+02  0.347689400000E+02  0.978000000000E+00
   21187 -0.766878200000E+02  0.347690400000E+02  0.106000000000E+01
   21193 -0.766916300000E+02  0.347690300000E+02  0.594000000000E+00
   21209 -0.766937800000E+02  0.347693000000E+02  0.834000000000E+00
   21220 -0.766889600000E+02  0.347694600000E+02  0.810000000000E+00
   21229 -0.766904300000E+02  0.347696600000E+02  0.655000000000E+00
   21231 -0.766926900000E+02  0.347696600000E+02  0.634000000000E+00
   21253 -0.766917300000E+02  0.347700400000E+02  0.555000000000E+00
   21287 -0.766924900000E+02  0.347706300000E+02  0.555000000000E+00
       1 3    19700    19717    19718
       2 3    19700    19699    19717
       3 3    19718    19759    19760
       4 3    19718    19717    19759
       5 3    19732    19780    19755
       6 3    19760    19786    19787
       7 3    19755    19780    19794
       8 3    19760    19759    19786
       9 3    19759    19806    19786
      10 3    19744    19748    19809
      11 3    19736    19744    19817
      12 3    19794    19780    19819
      13 3    19794    19819    19840
      14 3    19787    19786    19841
      15 3    19787    19841    19842
      16 3    19748    19812    19809
      17 3    19736    19817    19799
      18 3    19786    19865    19841
      19 3    19786    19806    19865
      20 3    19744    19809    19817
      21 3    19840    19819    19868
      22 3    19840    19868    19881
      23 3    19812    19882    19809
      24 3    19799    19817    19884
      25 3    19842    19841    19893
      26 3    19809    19894    19817
      27 3    19842    19893    19905
      28 3    19809    19882    19894
      29 3    19841    19865    19913
      30 3    19868    19918    19881
      31 3    19817    19894    19923
      32 3    19817    19923    19884
      33 3    19882    19928    19894
      34 3    19841    19913    19893
      35 3    19881    19918    19942
      36 3    19905    19893    19946
      37 3    19882    19938    19928
      38 3    19905    19946    19958
      39 3    19894    19928    19959
      40 3    19894    19959    19923
      41 3    19884    19923    19970
      42 3    19893    19913    19972
      43 3    19978    19979    19980
      44 3    19884    19970    19988
      45 3    19893    19972    19946
      46 3    19928    19938    19996
      47 3    19979    19942    19998
      48 3    19978    19980    20004
      49 3    19958    19946    20016
      50 3    19928    19996    19959
      51 3    19913    20004    20018
      52 3    19979    19998    19980
      53 3    19923    19959    20019
      54 3    19958    20016    20024
      55 3    19918    20025    19942
      56 3    19923    20019    19970
      57 3    19918    20030    20025
      58 3    19913    20018    19972
      59 3    19938    20020    19996
      60 3    20004    19980    20041
      61 3    19988    19970    20048
      62 3    19946    19972    20049
      63 3    19959    19996    20050
      64 3    19942    20025    19998
      65 3    20004    20041    20018
      66 3    19988    20048    20064
      67 3    19959    20050    20019
      68 3    19946    20049    20016
      69 3    20024    20016    20071
      70 3    19970    20019    20072
      71 3    19996    20020    20074
      72 3    19980    19998    20076
      73 3    20079    20064    20080
      74 3    19972    20018    20081
      75 3    19970    20072    20048
      76 3    20030    20086    20087
      77 3    19996    20074    20050
      78 3    20089    20090    20086
      79 3    19980    20076    20041
      80 3    19972    20081    20049
      81 3    20079    20080    20089
      82 3    20064    20048    20095
      83 3    20019    20050    20099
      84 3    20024    20071    20103
      85 3    19998    20025    20106
      86 3    20064    20095    20080
      87 3    20016    20111    20071
      88 3    20020    20094    20074
      89 3    20018    20041    20113
      90 3    20016    20049    20111
      91 3    20019    20099    20072
      92 3    20089    20080    20118
      93 3    20030    20087    20025
      94 3    19998    20106    20076
      95 3    20018    20113    20081
      96 3    20050    20074    20126
      97 3    20089    20118    20090
      98 3    20048    20072    20127
      99 3    20086    20090    20131
     100 3    20048    20127    20095
     101 3    20050    20126    20099
     102 3    20041    20076    20140
     103 3    20025    20087    20141
     104 3    20049    20081    20143
     105 3    20086    20131    20087
     106 3    20074    20094    20147
     107 3    20080    20095    20148
     108 3    20072    20099    20150
     109 3    20071    20152    20103
     110 3    20049    20143    20111
     111 3    20025    20141    20106
     112 3    20041    20140    20113
     113 3    20074    20147    20126
     114 3    20080    20148    20118
     115 3    20072    20150    20127
     116 3    20076    20106    20172
     117 3    20090    20118    20173
     118 3    20081    20113    20174
     119 3    20099    20126    20178
     120 3    20095    20127    20179
     121 3    20087    20131    20184
     122 3    20094    20168    20147
     123 3    20071    20111    20152
     124 3    20076    20172    20140
     125 3    20081    20174    20143
     126 3    20103    20152    20188
     127 3    20090    20173    20131
     128 3    20099    20178    20150
     129 3    20095    20179    20148
     130 3    20087    20184    20141
     131 3    20111    20143    20196
     132 3    20126    20147    20197
     133 3    20118    20148    20198
     134 3    20113    20140    20199
     135 3    20106    20141    20201
     136 3    20127    20150    20206
     137 3    20126    20197    20178
     138 3    20118    20198    20173
     139 3    20127    20206    20179
     140 3    20111    20196    20152
     141 3    20113    20199    20174
     142 3    20106    20201    20172
     143 3    20131    20173    20225
     144 3    20188    20152    20226
     145 3    20147    20168    20231
     146 3    20150    20178    20237
     147 3    20148    20179    20238
     148 3    20143    20174    20239
     149 3    20140    20172    20240
     150 3    20131    20225    20184
     151 3    20147    20231    20197
     152 3    20141    20184    20242
     153 3    20150    20237    20206
     154 3    20148    20238    20198
     155 3    20188    20226    20246
     156 3    20143    20239    20196
     157 3    20140    20240    20199
     158 3    20152    20196    20251
     159 3    20141    20242    20201
     160 3    20173    20198    20252
     161 3    20178    20197    20253
     162 3    20179    20206    20259
     163 3    20168    20245    20231
     164 3    20174    20199    20264
     165 3    20172    20201    20265
     166 3    20178    20253    20237
     167 3    20173    20252    20225
     168 3    20179    20259    20238
     169 3    20152    20251    20226
     170 3    20184    20225    20271
     171 3    20197    20231    20274
     172 3    20174    20264    20239
     173 3    20172    20265    20240
     174 3    20198    20238    20286
     175 3    20206    20237    20287
     176 3    20246    20226    20288
     177 3    20196    20239    20292
     178 3    20184    20271    20242
     179 3    20197    20274    20253
     180 3    20199    20240    20296
     181 3    20201    20242    20299
     182 3    20206    20287    20259
     183 3    20198    20286    20252
     184 3    20231    20245    20300
     185 3    20225    20252    20309
     186 3    20196    20292    20251
     187 3    20237    20253    20311
     188 3    20199    20296    20264
     189 3    20246    20288    20313
     190 3    20238    20259    20314
     191 3    20231    20300    20274
     192 3    20201    20299    20265
     193 3    20226    20251    20317
     194 3    20237    20311    20287
     195 3    20239    20264    20325
     196 3    20225    20309    20271
     197 3    20240    20265    20327
     198 3    20238    20314    20286
     199 3    20242    20271    20334
     200 3    20253    20274    20337
     201 3    20245    20322    20300
     202 3    20226    20317    20288
     203 3    20252    20286    20340
     204 3    20259    20287    20344
     205 3    20239    20325    20292
     206 3    20240    20327    20296
     207 3    20253    20337    20311
     208 3    20242    20334    20299
     209 3    20251    20292    20358
     210 3    20259    20344    20314
     211 3    20252    20340    20309
     212 3    20264    20296    20366
     213 3    20274    20300    20367
     214 3    20265    20299    20370
     215 3    20271    20309    20378
     216 3    20287    20311    20379
     217 3    20286    20314    20384
     218 3    20251    20358    20317
     219 3    20274    20367    20337
     220 3    20264    20366    20325
     221 3    20265    20370    20327
     222 3    20300    20322    20388
     223 3    20287    20379    20344
     224 3    20271    20378    20334
     225 3    20292    20325    20392
     226 3    20286    20384    20340
     227 3    20296    20327    20394
     228 3    20311    20337    20398
     229 3    20299    20334    20401
     230 3    20300    20388    20367
     231 3    20309    20340    20407
     232 3    20314    20344    20408
     233 3    20292    20392    20358
     234 3    20311    20398    20379
     235 3    20296    20394    20366
     236 3    20299    20401    20370
     237 3    20314    20408    20384
     238 3    20309    20407    20378
     239 3    20337    20367    20428
     240 3    20322    20414    20388
     241 3    20325    20366    20431
     242 3    20327    20370    20433
     243 3    20344    20379    20436
     244 3    20334    20378    20437
     245 3    20340    20384    20441
     246 3    20337    20428    20398
     247 3    20325    20431    20392
     248 3    20344    20436    20408
     249 3    20327    20433    20394
     250 3    20367    20388    20447
     251 3    20334    20437    20401
     252 3    20340    20441    20407
     253 3    20358    20392    20451
     254 3    20379    20398    20456
     255 3    20366    20394    20458
     256 3    20370    20401    20460
     257 3    20367    20447    20428
     258 3    20384    20408    20465
     259 3    20378    20407    20466
     260 3    20388    20414    20470
     261 3    20379    20456    20436
     262 3    20366    20458    20431
     263 3    20384    20465    20441
     264 3    20370    20460    20433
     265 3    20378    20466    20437
     266 3    20398    20428    20476
     267 3    20388    20470    20447
     268 3    20392    20431    20478
     269 3    20408    20436    20481
     270 3    20394    20433    20482
     271 3    20401    20437    20484
     272 3    20407    20441    20486
     273 3    20398    20476    20456
     274 3    20408    20481    20465
     275 3    20392    20478    20451
     276 3    20428    20447    20494
     277 3    20414    20485    20470
     278 3    20394    20482    20458
     279 3    20407    20486    20466
     280 3    20401    20484    20460
     281 3    20436    20456    20506
     282 3    20431    20458    20509
     283 3    20428    20494    20476
     284 3    20441    20465    20512
     285 3    20433    20460    20514
     286 3    20437    20466    20516
     287 3    20436    20506    20481
     288 3    20447    20470    20524
     289 3    20441    20512    20486
     290 3    20431    20509    20478
     291 3    20437    20516    20484
     292 3    20433    20514    20482
     293 3    20456    20476    20534
     294 3    20447    20524    20494
     295 3    20465    20481    20539
     296 3    20458    20482    20541
     297 3    20466    20486    20546
     298 3    20460    20484    20548
     299 3    20456    20534    20506
     300 3    20470    20485    20551
     301 3    20465    20539    20512
     302 3    20476    20494    20561
     303 3    20470    20551    20524
     304 3    20466    20546    20516
     305 3    20458    20541    20509
     306 3    20460    20548    20514
     307 3    20481    20506    20570
     308 3    20476    20561    20534
     309 3    20486    20512    20577
     310 3    20482    20514    20579
     311 3    20484    20516    20580
     312 3    20481    20570    20539
     313 3    20494    20524    20585
     314 3    20485    20572    20551
     315 3    20486    20577    20546
     316 3    20506    20534    20593
     317 3    20484    20580    20548
     318 3    20482    20579    20541
     319 3    20494    20585    20561
     320 3    20512    20539    20600
     321 3    20516    20546    20602
     322 3    20506    20593    20570
     323 3    20514    20548    20604
     324 3    20524    20551    20609
     325 3    20512    20600    20577
     326 3    20534    20561    20616
     327 3    20524    20609    20585
     328 3    20516    20602    20580
     329 3    20514    20604    20579
     330 3    20539    20570    20621
     331 3    20534    20616    20593
     332 3    20546    20577    20629
     333 3    20551    20572    20631
     334 3    20548    20580    20633
     335 3    20539    20621    20600
     336 3    20561    20585    20636
     337 3    20551    20631    20609
     338 3    20546    20629    20602
     339 3    20570    20593    20643
     340 3    20548    20633    20604
     341 3    20561    20636    20616
     342 3    20577    20600    20651
     343 3    20580    20602    20654
     344 3    20570    20643    20621
     345 3    20585    20609    20661
     346 3    20572    20647    20631
     347 3    20577    20651    20629
     348 3    20593    20616    20670
     349 3    20585    20661    20636
     350 3    20580    20654    20633
     351 3    20600    20621    20676
     352 3    20593    20670    20643
     353 3    20602    20629    20681
     354 3    20609    20631    20682
     355 3    20600    20676    20651
     356 3    20616    20636    20691
     357 3    20609    20682    20661
     358 3    20602    20681    20654
     359 3    20621    20643    20702
     360 3    20616    20691    20670
     361 3    20629    20651    20710
     362 3    20621    20702    20676
     363 3    20636    20661    20718
     364 3    20631    20647    20719
     365 3    20631    20719    20682
     366 3    20629    20710    20681
     367 3    20643    20670    20724
     368 3    20636    20718    20691
     369 3    20651    20676    20733
     370 3    20643    20724    20702
     371 3    20661    20682    20737
     372 3    20654    20681    20739
     373 3    20651    20733    20710
     374 3    20670    20691    20747
     375 3    20661    20737    20718
     376 3    20676    20702    20751
     377 3    20670    20747    20724
     378 3    20647    20736    20719
     379 3    20682    20719    20755
     380 3    20681    20710    20757
     381 3    20676    20751    20733
     382 3    20691    20718    20765
     383 3    20682    20755    20737
     384 3    20681    20757    20739
     385 3    20702    20724    20775
     386 3    20691    20765    20747
     387 3    20710    20733    20778
     388 3    20702    20775    20751
     389 3    20719    20782    20755
     390 3    20718    20737    20784
     391 3    20710    20778    20757
     392 3    20724    20747    20794
     393 3    20718    20784    20765
     394 3    20733    20751    20806
     395 3    20724    20794    20775
     396 3    20737    20755    20813
     397 3    20733    20806    20778
     398 3    20747    20765    20821
     399 3    20737    20813    20784
     400 3    20751    20775    20831
     401 3    20747    20821    20794
     402 3    20755    20782    20835
     403 3    20817    20837    20838
     404 3    20751    20831    20806
     405 3    20765    20784    20853
     406 3    20782    20854    20855
     407 3    20838    20859    20854
     408 3    20755    20835    20813
     409 3    20775    20794    20869
     410 3    20765    20853    20821
     411 3    20838    20837    20859
     412 3    20854    20859    20877
     413 3    20817    20816    20837
     414 3    20782    20855    20835
     415 3    20775    20869    20831
     416 3    20854    20877    20855
     417 3    20784    20813    20886
     418 3    20816    20888    20837
     419 3    20794    20821    20896
     420 3    20784    20886    20853
     421 3    20816    20861    20888
     422 3    20794    20896    20869
     423 3    20837    20905    20859
     424 3    20813    20835    20907
     425 3    20821    20853    20916
     426 3    20837    20888    20905
     427 3    20859    20917    20877
     428 3    20861    20922    20888
     429 3    20813    20907    20886
     430 3    20877    20929    20855
     431 3    20821    20916    20896
     432 3    20859    20905    20917
     433 3    20835    20855    20936
     434 3    20853    20886    20942
     435 3    20877    20917    20929
     436 3    20888    20946    20905
     437 3    20869    20896    20948
     438 3    20853    20942    20916
     439 3    20835    20936    20907
     440 3    20888    20922    20946
     441 3    20855    20929    20936
     442 3    20886    20907    20971
     443 3    20905    20974    20917
     444 3    20896    20916    20975
     445 3    20886    20971    20942
     446 3    20896    20975    20948
     447 3    20905    20946    20974
     448 3    20917    20985    20929
     449 3    20929    20989    20936
     450 3    20907    20936    20996
     451 3    20916    20942    21000
     452 3    20917    20974    20985
     453 3    20929    20985    20989
     454 3    20916    21000    20975
     455 3    20907    20996    20971
     456 3    20936    20989    21027
     457 3    20942    20971    21032
     458 3    20948    20975    21039
     459 3    20942    21032    21000
     460 3    20936    21027    20996
     461 3    20989    20985    21056
     462 3    20971    20996    21060
     463 3    20975    21000    21061
     464 3    20975    21061    21039
     465 3    20971    21060    21032
     466 3    20989    21056    21027
     467 3    20996    21027    21084
     468 3    21000    21032    21085
     469 3    21000    21085    21061
     470 3    20996    21084    21060
     471 3    21027    21056    21104
     472 3    21039    21061    21110
     473 3    21032    21060    21111
     474 3    21032    21111    21085
     475 3    21027    21104    21084
     476 3    21061    21085    21132
     477 3    21061    21132    21110
     478 3    21060    21084    21137
     479 3    21060    21137    21111
     480 3    21056    21131    21104
     481 3    21085    21111    21155
     482 3    21084    21104    21158
     483 3    21085    21155    21132
     484 3    21084    21158    21137
     485 3    21110    21132    21180
     486 3    21104    21131    21187
     487 3    21111    21137    21193
     488 3    21111    21193    21155
     489 3    21104    21187    21158
     490 3    21132    21155    21209
     491 3    21132    21209    21180
     492 3    21158    21187    21220
     493 3    21137    21229    21193
     494 3    21137    21158    21229
     495 3    21155    21193    21231
     496 3    21155    21231    21209
     497 3    21158    21220    21229
     498 3    21193    21253    21231
     499 3    21193    21229    21253
     500 3    21231    21253    21287
 0                                                                              
 0                                                                              
 4                                                                              
 52                                                                             
      16       0                                                                
   21220
   21229
   21253
   21287
   20313
   20246
   20188
   20103
   20024
   19958
   19905
   19842
   19787
   19760
   19718
   19700
      13       1                                                                
   19732
   19780
   19819
   19868
   19918
   20030
   20086
   20089
   20079
   20064
   19988
   19884
   19799
      14       1                                                                
   19699
   19717
   19759
   19806
   19865
   19913
   20004
   19978
   19979
   19942
   19881
   19840
   19794
   19755
       7       1                                                                
   20719
   20782
   20854
   20838
   20817
   20736
   20719
