FileFmt      1050624           0           0
NELG           58641         560         504
        7678
        8052
        8086
        8672
        8684
        8933
        8970
        9140
        9204
        9352
        9442
        9555
        9678
        9930
       10762
       10826
       11372
       11549
       11884
       12072
       12326
       12598
       12879
       13320
       18476
       18512
       21209
       21705
       22908
       23539
       24181
       24706
       25199
       26040
       26332
       27062
       34595
       35284
       35459
       35999
       36272
       36743
       37188
       37520
       37940
       38076
       38416
       38481
       40321
       40341
       40344
       40372
       40399
       40449
       40477
       40530
       40544
       40590
       40595
       40627
       41592
       41617
       41621
       41658
       41673
       41721
       41729
       41769
       41770
       41782
       41819
       41844
       42813
       42833
       42845
       42861
       42872
       42874
       42876
       42899
       42903
       42911
       42917
       42926
       43694
       43705
       43713
       43718
       43727
       43740
       43743
       43746
       43747
       43748
       43762
       43768
       43780
       44728
       44835
       44857
       44862
       44881
       44884
       44890
       44921
       44929
       44931
       44940
       44978
       44994
       46080
       46081
       46146
       46168
       46173
       46175
       46179
       46199
       46205
       46209
       46230
       46254
       46341
       47025
       47196
       47216
       47294
       47333
       47342
       47353
       47403
       47412
       47427
       47473
       47646
       47674
       48530
       48533
       48632
       48643
       48670
       48690
       48703
       48712
       48730
       48741
       48772
       48786
       48954
       49161
       49241
       49245
       49289
       49304
       49323
       49336
       49347
       49351
       49357
       49370
       49450
       49453
       49796
       49799
       49880
       49893
       49935
       49951
       49955
       49962
       49982
       49991
       49998
       50021
       50165
       50379
       50470
       50478
       50543
       50558
       50587
       50600
       50602
       50613
       50631
       50632
       50655
       50660
       51069
       51073
       51164
       51171
       51230
       51233
       51249
       51250
       51261
       51270
       51283
       51284
       51285
       51571
       51579
       51677
       51679
       51751
       51762
       51771
       51776
       51779
       51812
       51820
       51828
       51837
       51848
      -51993
       52068
       52071
       52129
       52137
       52139
       52163
       52188
       52189
       52191
       52200
       52209
       52215
       52221
      -52364
       52366
       52386
       52398
       52423
       52424
       52468
       52479
       52483
       52508
       52517
       52518
       52524
       52532
      -52609
       52683
       52690
       52710
       52769
       52770
       52789
       52815
       52816
       52821
       52840
       52848
       52857
       52928
      -52959
      -52968
       53086
       53092
       53239
       53242
       53245
       53252
       53405
       53425
       53449
       53471
       53532
      -53842
       53859
       53953
       53959
       53988
       54008
       54013
       54016
       54029
       54036
       54045
       54046
      -54101
       54164
       54173
       54223
       54225
       54243
       54253
       54261
       54268
       54270
       54274
       54284
      -54350
       54363
       54431
       54436
       54507
       54508
       54512
       54519
       54552
       54555
       54563
       54568
      -54612
       54757
       54780
       54890
       54913
       54922
       55022
       55029
       55041
       55059
       55062
       55076
      -55183
       55211
       55351
       55365
       55466
       55474
       55532
       55539
       55543
       55548
       55558
       55569
      -55571
       55702
       55728
       55849
       55862
       55955
       55958
       55992
       55996
       55997
       56005
       56019
      -56037
       56072
       56180
       56192
       56281
       56290
      -56334
       56341
       56343
       56368
       56371
       56377
       56381
       56437
       56456
       56540
       56550
       56596
       56601
       56633
      -56636
       56637
       56645
      -56646
       56649
       56677
       56702
       56724
       56768
       56774
       56800
       56801
       56818
       56820
       56833
      -56834
       56835
       56860
       56907
       56917
       56958
       56963
      -56987
       56992
       56995
       57012
       57013
       57042
       57054
       57068
       57124
       57137
       57163
       57166
       57194
       57197
      -57198
       57210
       57228
       57234
       57279
       57288
       57327
       57331
      -57334
       57353
       57355
       57373
       57375
       57397
       57415
       57446
       57457
       57469
       57493
       57494
      -57498
       57509
       57512
       57530
       57540
       57545
       57587
       57609
      -57628
       57645
       57646
       57658
       57661
       57664
       57668
       57702
       57726
       57727
       57789
       57799
      -57801
       57806
       57815
       57818
       57819
       57822
       57823
       57845
       57922
      -57929
       57940
       57963
       57968
       57969
       57980
       57982
       57986
       57994
       58020
       58062
       58091
       58096
      -58104
       58118
       58136
       58152
       58158
       58160
       58176
       58177
       58179
       58248
      -58251
       58262
       58272
       58304
       58309
       58313
       58315
       58326
       58334
       58343
       58351
      -58376
       58380
       58407
       58415
       58419
       58530
       58548
       58552
       58553
       58554
       58556
      -58558
       58571
       58579
       58581
       58588
       58604
       58608
      -58610
       58611
       58612
       58613
       58614
NNODG          32218         319         284
       -3341
       -3500
       -3695
       -3771
       -3840
       -3905
       -3971
        3977
       -4090
        4167
       -4238
       -4311
       -4377
        4485
        4620
        4729
        4833
        4939
       -5050
        5134
        5586
        5905
        6175
        6404
        6716
       -7049
        9903
       11410
       12328
       13014
       13617
       14300
       18876
       19261
       19664
       20115
       20536
       20841
      -21022
       22085
       22097
       22131
       22177
       22221
       22250
       22883
       22899
       22933
       22969
       22997
      -22998
       23043
       23633
       23645
      -23657
       23660
       23668
       23684
       23687
       24153
       24159
       24166
       24170
       24180
       24182
       24183
      -24702
       24775
       24790
       24801
       24803
       24807
       24849
       25435
       25466
       25479
       25480
       25481
       25511
       25570
      -25935
       26049
       26100
       26123
       26134
       26168
       26293
       26751
       26800
       26822
       26835
       26846
       26873
       26966
      -27074
       27119
       27140
       27158
       27166
       27175
       27223
       27411
       27457
       27489
       27502
       27507
       27528
       27616
      -27740
       27791
       27832
       27858
       27864
       27865
       27890
      -28058
       28127
       28179
       28217
       28220
       28229
       28234
       28244
       28401
       28469
       28505
       28515
       28523
       28539
       28542
      -28631
       28670
       28704
       28709
       28735
       28736
       28737
       28749
       28833
       28843
       28863
       28887
       28892
       28912
       28913
      -28961
       29003
       29017
       29054
       29077
       29078
       29092
       29138
      -29156
       29225
       29316
       29317
       29423
       29434
       29640
       29697
       29717
       29732
       29739
       29744
      -29771
       29814
       29849
       29860
       29867
       29872
       29877
       29925
       29972
       30029
       30031
       30055
       30057
      -30071
       30185
       30261
       30270
       30335
       30339
       30352
       30413
       30503
       30564
       30593
       30602
      -30603
       30610
       30685
       30772
       30827
       30849
       30853
       30864
       30876
       30961
       31019
      -31039
       31053
       31071
       31076
       31109
       31168
       31200
       31221
      -31222
       31228
       31245
       31257
       31292
       31308
       31318
       31326
       31327
       31364
       31390
      -31394
       31406
       31416
       31431
       31439
       31475
       31494
       31511
       31513
       31528
       31551
      -31569
       31578
       31590
       31598
       31611
       31638
       31643
       31659
       31662
       31668
       31684
       31708
      -31718
       31736
       31744
       31747
       31767
       31777
       31815
       31818
       31820
       31826
       31828
      -31865
       31880
       31900
       31902
       31908
       31910
       31930
       31966
       31974
       31982
       32001
       32008
       32009
      -32029
       32048
       32057
       32074
       32076
       32087
       32093
       32109
       32112
       32185
       32203
       32207
       32208
       32209
       32211
      -32213
       32218
NFLUXF             0
NETA             128          29          29
          74
          75
          76
          77
          78
          79
          80
          81
          82
          83
          84
          85
          86
          87
          88
          89
          90
          91
          92
          93
          94
          95
          96
          97
          98
          99
         100
         101
         102
NSTAE              0           0           0
NSTAV              0           0           0
NSTAM              0           0           0
NSTAC              0           0           0
RES NODE          24         249
                   8          10          14          15          16          17
                  18          20          21          22          23          24
                  25          27          28          29          30          31
                  32          33          34          35          36          37
                  38          40          41          42          43          44
                  45          46          47          48          49          50
                  52          53          54          56          57          58
                  59          60          61          62          63          64
                  65          66          68          69          70          71
                  72          73          74          75          76          77
                  78          79          80          82          83          84
                  85          86          87          88          89          90
                  91          92          93          94          96          97
                  98          99         100         101         102         103
                 104         105         106         107         108         110
                 111         112         113         114         115         117
                 118         119         120         121         122         123
                 124         125         126         127         128         129
                 130         132         133         134         135         136
                 137         138         139         140         141         142
                 143         144         145         147         148         149
                 150         151         152         153         155         156
                 157         158         159         160         161         162
                 163         164         165         167         168         169
                 170         171         172         173         174         175
                 176         177         178         180         181         182
                 183         184         185         186         187         188
                 189         190         192         193         194         195
                 196         197         198         199         200         201
                 203         204         205         206         207         208
                 209         211         212         213         214         215
                 216         217         218         219         220         222
                 223         224         225         226         227         228
                 229         230         231         233         234         235
                 236         237         238         239         240         241
                 242         243         245         246         247         248
                 249         250         251         252         253         254
                 256         257         258         259         260         261
                 262         263         264         265         266         267
                 269         270         271         272         273         274
                 275         276         277         278         279         280
                 281         282         284
COMM PE            3
RECV PE           23          14
                 131         146         154         166         179         191
                 202         210         221         232         244         255
                 268         283
RECV PE           25          12
                   1           2           3           4           5           6
                   7           9          11          12          13          19
RECV PE           26           9
                  26          39          51          55          67          81
                  95         109         116
SEND PE           23          15
                 124         139         147         160         173         186
                 199         206         218         229         240         251
                 263         275         282
SEND PE           25          12
                   8          10          14          15          16          17
                  18          21          23          24          25          32
SEND PE           26           9
                  32          45          59          61          74          88
                 102         117         124
