FileFmt      1050624           0           0
NELG           58641         560         494
       10487
       10626
       10706
       10775
       10837
       10901
       10976
       11048
       11135
       11168
       11240
       11344
       11391
       11397
       11414
       11438
       11519
       11568
       11574
       11582
       11591
       11664
       11686
       11698
       11750
       11781
       11785
       11845
      -11863
       11871
       11872
       11891
       11895
       11992
       12001
       12020
       12027
       12031
       12035
       12075
       12091
       12110
       12112
       12153
       12163
       12183
      -12192
       12207
       12214
       12219
       12222
       12223
       12235
       12267
       12292
       12298
       12300
       12314
       12316
       12318
       12361
       12371
       12373
       12381
       12395
       12430
       12435
       12462
       12465
       12474
       12490
       12492
       12520
       12525
       12534
       12535
       12556
      -12558
       12566
       12576
       12584
       12590
       12594
       12610
       12611
       12613
       12668
       12678
       12687
       12721
       12728
       12752
       12777
       12784
       12794
       12812
       12824
       12837
       12840
       12855
       12878
       12898
       12913
       12915
      -12917
       12928
       12936
       12950
       12968
       12989
       13016
       13032
       13039
       13048
       13081
       13094
       13111
       13115
       13121
       13128
      -13141
       13145
       13202
       13210
       13231
       13233
       13249
       13258
       13265
       13291
       13303
       13324
       13332
       13335
       13352
       13355
       13358
       13363
       13370
       13377
       13384
       13405
       13458
       13462
       13464
       13465
      -13475
       13513
       13525
       13535
       13539
       13540
       13574
       13586
       13588
       13609
       13610
       13622
       13627
       13632
       13645
       13665
       13670
       13676
       13680
       13705
       13716
       13725
       13765
       13766
       13772
       13780
       13802
       13819
       13862
      -13863
       13869
       13872
       13876
       13882
       13892
       13899
       13905
       13916
       13930
       13931
       13942
       13950
       13952
       13957
       13973
       13992
       14017
       14019
       14045
       14052
       14053
       14069
       14074
       14079
       14084
       14090
       14092
       14095
       14114
       14170
       14202
       14217
       14220
       14228
      -14235
       14240
       14242
       14245
       14247
       14270
       14283
       14292
       14296
       14303
       14326
       14330
       14333
       14345
       14348
       14350
       14369
       14375
       14390
       14404
       14428
       14465
       14475
       14484
       14521
       14524
       14532
       14544
       14554
       14574
       14584
       14605
       14611
       14630
       14654
       14657
       14671
       14680
       14683
      -14684
       14701
       14707
       14709
       14725
       14728
       14741
       14742
       14749
       14759
       14780
       14796
       14809
       14829
       14830
       14845
       14850
       14859
       14884
       14896
       14935
       14951
       14953
       14972
       14998
       15015
       15037
       15045
       15046
       15048
       15059
       15070
       15078
       15084
       15085
       15097
       15102
       15103
      -15113
       15143
       15148
       15151
       15155
       15161
       15163
       15185
       15187
       15207
       15216
       15223
       15256
       15264
       15266
       15271
       15277
       15292
       15302
       15327
       15351
       15353
       15357
       15380
       15384
       15389
       15394
       15395
       15402
       15407
       15419
       15430
       15431
       15447
       15460
       15484
       15498
       15504
       15506
       15510
       15513
      -15514
       15526
      -15567
       15572
       15574
       15583
       15584
       15594
       15604
       15627
       15641
       15643
       15658
       15683
       15691
       15697
       15699
       15709
       15724
       15736
       15742
       15747
       15750
       15782
       15783
       15815
       15822
       15841
       15844
       15847
       15857
       15864
       15885
       15896
       15903
       15909
       15931
       15960
       15965
       15971
       15980
      -16000
       16033
       16034
       16040
       16053
       16074
       16085
       16097
       16106
       16158
       16162
       16163
       16175
       16197
       16222
       16229
       16260
       16268
       16296
       16300
       16301
       16308
       16309
       16317
       16325
       16332
       16333
       16347
       16370
      -16377
       16379
       16391
       16461
       16479
       16604
       16689
       16715
       16747
       16748
       16763
       16766
       16778
       16857
       16861
       16868
       16873
       16900
       16908
       16921
       16938
       16957
       16992
       17054
       17101
       17144
       17185
      -17220
       17237
       17314
       17341
       17402
       17406
       17453
       17463
       17466
       17512
       17519
       17526
       17565
       17578
       17595
       17648
       17654
       17714
       17719
       17742
       17803
       17809
       17869
       17882
      -17900
       17924
       17934
       18019
       18049
       18132
       18174
       18185
       18279
       18330
       18336
       18368
       18449
       18452
       18491
       18530
       18546
       18583
      -18626
       18685
       18691
       18722
       18746
       18755
       18757
       18876
       18881
       18893
       18936
       18989
       19112
       19117
      -19121
       19209
       19228
       19311
       19530
       19674
       19732
       19742
       19849
       19879
      -19882
       19912
      -20038
NNODG          32218         319         275
       -5141
       -5164
       -5256
       -5270
        5438
       -5467
        5515
       -5534
        5553
        5626
       -5695
       -5713
        5730
        5795
        5892
        5916
        5928
        5942
       -5966
        6011
        6018
        6022
        6080
        6119
        6121
       -6145
       -6164
        6170
        6224
        6226
        6240
        6244
        6246
        6277
        6290
       -6293
        6328
        6334
        6343
        6347
        6350
        6351
        6356
        6375
        6400
       -6415
        6423
        6427
       -6457
        6463
        6467
        6484
        6486
        6497
        6499
        6518
        6520
        6526
        6543
        6548
        6561
        6603
        6609
        6633
        6649
        6665
        6670
        6683
       -6694
        6695
        6703
        6728
        6738
       -6740
        6754
        6764
        6782
        6803
        6829
        6847
        6851
        6911
        6912
        6919
        6926
        6931
        6946
        6955
        6967
        6970
        6979
        6994
        7008
       -7011
        7034
        7039
        7043
        7068
        7084
        7110
        7122
        7128
        7149
        7154
        7161
        7173
        7176
        7181
        7200
        7204
        7223
        7235
        7254
       -7255
        7260
        7272
        7291
        7292
       -7301
        7302
        7317
        7328
        7338
        7360
        7369
        7373
        7379
        7381
        7396
        7449
        7458
        7466
        7470
        7471
        7491
        7497
       -7503
        7520
        7529
        7531
        7561
        7571
        7589
        7619
        7621
        7626
        7632
        7638
        7657
        7683
        7698
        7704
        7710
        7711
       -7712
        7726
        7739
        7743
        7780
        7798
        7816
        7822
        7856
        7865
        7883
        7894
        7906
        7912
        7913
        7914
        7927
        7932
        7937
        7962
        7966
        7973
       -7991
        7997
        8002
        8027
        8032
        8033
        8049
        8077
        8101
        8102
        8105
        8109
        8124
        8131
        8148
        8157
        8162
        8167
        8168
        8174
        8197
        8232
        8239
        8248
        8260
        8265
        8270
        8272
        8285
        8296
        8299
        8339
        8354
        8357
        8364
        8388
        8423
       -8439
        8457
        8458
        8462
        8482
        8490
        8499
        8532
        8549
        8570
        8584
        8591
        8606
        8608
        8609
        8619
        8632
        8668
        8716
        8810
        8887
        8898
        8900
        8957
        8958
        8984
        9003
        9098
        9149
       -9176
        9183
        9243
        9278
        9280
        9337
        9345
        9374
        9437
        9467
        9480
        9562
        9593
        9652
        9668
        9736
        9746
        9795
        9890
        9891
        9909
        9955
       -9974
       10016
       10021
       10060
       10163
       10191
       10256
       10376
       10500
      -10684
       10702
NFLUXF             0
NETA             128          29           0
NSTAE              0           0           0
NSTAV              0           0           0
NSTAM              0           0           0
NSTAC              0           0           0
RES NODE          51         249
                   5           7           9          10          13          14
                  15          16          17          18          20          21
                  22          23          24          25          28          29
                  30          31          32          33          34          35
                  37          38          39          40          41          42
                  43          44          45          47          48          50
                  51          52          53          54          55          56
                  57          58          59          60          61          62
                  63          64          65          66          67          68
                  70          71          72          73          75          76
                  77          78          79          80          81          82
                  83          84          85          86          87          88
                  89          90          91          92          93          95
                  96          97          98          99         100         101
                 102         103         104         105         106         107
                 108         109         110         111         112         113
                 115         116         117         118         120         121
                 122         123         124         125         126         127
                 128         129         130         131         132         133
                 134         135         136         138         139         140
                 141         142         143         144         145         146
                 147         148         149         150         151         152
                 153         154         156         157         158         159
                 160         161         162         163         164         165
                 166         167         168         169         170         171
                 172         173         174         175         176         178
                 179         180         181         182         183         184
                 185         186         187         188         189         190
                 191         192         193         194         195         196
                 197         198         199         200         201         202
                 203         204         205         206         207         208
                 209         210         211         212         213         215
                 216         217         218         219         220         221
                 222         223         224         225         226         227
                 228         229         230         231         232         233
                 234         235         236         237         238         239
                 240         241         242         244         245         246
                 247         248         249         250         251         252
                 253         254         255         256         257         258
                 259         260         261         262         263         264
                 266         267         268         269         270         271
                 272         273         275
COMM PE            2
RECV PE           38          10
                  27          46          74         114         155         177
                 214         243         265         274
RECV PE           55          16
                   1           2           3           4           6           8
                  11          12          19          26          36          49
                  69          94         119         137
SEND PE           38          11
                  21          38          65          97         132         173
                 195         228         253         270         275
SEND PE           55          15
                   5           7           9          10          13          15
                  16          21          23          31          45          63
                  85         116         144
