bi_1997_v2.grd                                                                  
     546     305
    3703 -0.764821700000E+02  0.344305300000E+02  0.165700000000E+02
    3705 -0.764747800000E+02  0.344307800000E+02  0.157580000000E+02
    3711 -0.764675100000E+02  0.344310800000E+02  0.153140000000E+02
    3712 -0.764603500000E+02  0.344314200000E+02  0.148570000000E+02
    3738 -0.764862100000E+02  0.344365900000E+02  0.141890000000E+02
    3740 -0.764787800000E+02  0.344368300000E+02  0.136080000000E+02
    3743 -0.764714800000E+02  0.344371300000E+02  0.144810000000E+02
    3744 -0.764643100000E+02  0.344374800000E+02  0.150900000000E+02
    3752 -0.764572200000E+02  0.344378900000E+02  0.143450000000E+02
    3757 -0.764502000000E+02  0.344383800000E+02  0.143270000000E+02
    3760 -0.764430900000E+02  0.344390000000E+02  0.148910000000E+02
    3765 -0.764355500000E+02  0.344398500000E+02  0.156570000000E+02
    3767 -0.764273700000E+02  0.344413500000E+02  0.152820000000E+02
    3775 -0.764902600000E+02  0.344426700000E+02  0.140130000000E+02
    3777 -0.764828000000E+02  0.344428700000E+02  0.133030000000E+02
    3780 -0.764754900000E+02  0.344431500000E+02  0.133510000000E+02
    3782 -0.764682900000E+02  0.344434900000E+02  0.145950000000E+02
    3783 -0.764612200000E+02  0.344438900000E+02  0.165100000000E+02
    3785 -0.764542500000E+02  0.344443600000E+02  0.166720000000E+02
    3787 -0.764473700000E+02  0.344449800000E+02  0.140980000000E+02
    3791 -0.764405400000E+02  0.344459800000E+02  0.145330000000E+02
    3802 -0.764331700000E+02  0.344486500000E+02  0.157440000000E+02
    3805 -0.764868400000E+02  0.344489100000E+02  0.159300000000E+02
    3808 -0.764795000000E+02  0.344491600000E+02  0.156270000000E+02
    3811 -0.764256500000E+02  0.344488300000E+02  0.157590000000E+02
    3813 -0.764722900000E+02  0.344494700000E+02  0.135070000000E+02
    3816 -0.764652000000E+02  0.344498400000E+02  0.141830000000E+02
    3818 -0.764582500000E+02  0.344502600000E+02  0.184100000000E+02
    3825 -0.764514500000E+02  0.344507600000E+02  0.194580000000E+02
    3828 -0.764449100000E+02  0.344513500000E+02  0.181340000000E+02
    3834 -0.764392800000E+02  0.344520300000E+02  0.164640000000E+02
    3838 -0.764207700000E+02  0.344538800000E+02  0.159930000000E+02
    3845 -0.764908800000E+02  0.344549500000E+02  0.155500000000E+02
    3847 -0.764835200000E+02  0.344551600000E+02  0.149240000000E+02
    3849 -0.764762900000E+02  0.344554400000E+02  0.134210000000E+02
    3851 -0.764283800000E+02  0.344556300000E+02  0.170130000000E+02
    3852 -0.764691800000E+02  0.344557800000E+02  0.106870000000E+02
    3854 -0.764622100000E+02  0.344561500000E+02  0.140170000000E+02
    3856 -0.764553800000E+02  0.344565600000E+02  0.194480000000E+02
    3857 -0.764356300000E+02  0.344567900000E+02  0.175560000000E+02
    3859 -0.764487300000E+02  0.344570000000E+02  0.202170000000E+02
    3860 -0.764422600000E+02  0.344573400000E+02  0.194460000000E+02
    3871 -0.764153700000E+02  0.344602000000E+02  0.167120000000E+02
    3877 -0.764949000000E+02  0.344609900000E+02  0.134970000000E+02
    3880 -0.764875400000E+02  0.344611600000E+02  0.117790000000E+02
    3885 -0.764802900000E+02  0.344614100000E+02  0.963100000000E+01
    3886 -0.764731600000E+02  0.344617200000E+02  0.789600000000E+01
    3888 -0.764661500000E+02  0.344620600000E+02  0.827800000000E+01
    3890 -0.764235600000E+02  0.344621600000E+02  0.181860000000E+02
    3892 -0.764592800000E+02  0.344624100000E+02  0.147520000000E+02
    3894 -0.764525600000E+02  0.344627800000E+02  0.190300000000E+02
    3896 -0.764459700000E+02  0.344631900000E+02  0.200700000000E+02
    3898 -0.764316600000E+02  0.344634100000E+02  0.192700000000E+02
    3900 -0.764391800000E+02  0.344636400000E+02  0.198770000000E+02
    3909 -0.764100800000E+02  0.344664800000E+02  0.173660000000E+02
    3913 -0.764915500000E+02  0.344671500000E+02  0.112260000000E+02
    3916 -0.764843000000E+02  0.344673800000E+02  0.993900000000E+01
    3919 -0.764771500000E+02  0.344676600000E+02  0.867100000000E+01
    3922 -0.764701000000E+02  0.344679800000E+02  0.836500000000E+01
    3924 -0.764631700000E+02  0.344683000000E+02  0.893400000000E+01
    3926 -0.764563800000E+02  0.344685800000E+02  0.140230000000E+02
    3929 -0.763989200000E+02  0.344686100000E+02  0.159410000000E+02
    3931 -0.764498100000E+02  0.344688800000E+02  0.170300000000E+02
    3932 -0.764182100000E+02  0.344691000000E+02  0.191230000000E+02
    3933 -0.764434100000E+02  0.344694700000E+02  0.184120000000E+02
    3938 -0.764271000000E+02  0.344706500000E+02  0.198250000000E+02
    3946 -0.764362500000E+02  0.344715700000E+02  0.191870000000E+02
    3954 -0.764883000000E+02  0.344733200000E+02  0.905200000000E+01
    3955 -0.764811500000E+02  0.344735900000E+02  0.737800000000E+01
    3958 -0.764740800000E+02  0.344739100000E+02  0.867400000000E+01
    3959 -0.764670900000E+02  0.344742300000E+02  0.101620000000E+02
    3961 -0.764601800000E+02  0.344744900000E+02  0.115410000000E+02
    3962 -0.764534500000E+02  0.344746200000E+02  0.141250000000E+02
    3963 -0.764472700000E+02  0.344745900000E+02  0.157740000000E+02
    3969 -0.764421500000E+02  0.344749200000E+02  0.163480000000E+02
    3975 -0.764113200000E+02  0.344766300000E+02  0.188700000000E+02
    3981 -0.764219000000E+02  0.344784200000E+02  0.197040000000E+02
    3985 -0.764311800000E+02  0.344791300000E+02  0.186200000000E+02
    3987 -0.764447300000E+02  0.344791900000E+02  0.154470000000E+02
    3988 -0.764922700000E+02  0.344792200000E+02  0.803400000000E+01
    3990 -0.764851500000E+02  0.344794800000E+02  0.628800000000E+01
    3992 -0.764781000000E+02  0.344798000000E+02  0.602700000000E+01
    3993 -0.764391900000E+02  0.344797200000E+02  0.164080000000E+02
    3995 -0.764710800000E+02  0.344801700000E+02  0.830600000000E+01
    3997 -0.764501600000E+02  0.344804200000E+02  0.145560000000E+02
    3999 -0.764640900000E+02  0.344805100000E+02  0.114780000000E+02
    4000 -0.763836800000E+02  0.344797400000E+02  0.155800000000E+02
    4002 -0.764570800000E+02  0.344806900000E+02  0.127010000000E+02
    4022 -0.764962200000E+02  0.344850800000E+02  0.921900000000E+01
    4025 -0.764891400000E+02  0.344853100000E+02  0.821600000000E+01
    4027 -0.764821300000E+02  0.344856400000E+02  0.765400000000E+01
    4030 -0.764751600000E+02  0.344860400000E+02  0.733100000000E+01
    4035 -0.764681700000E+02  0.344865000000E+02  0.907600000000E+01
    4037 -0.764450100000E+02  0.344862600000E+02  0.145810000000E+02
    4040 -0.764610700000E+02  0.344869300000E+02  0.117180000000E+02
    4041 -0.764536200000E+02  0.344871200000E+02  0.128760000000E+02
    4043 -0.764268500000E+02  0.344871600000E+02  0.173620000000E+02
    4044 -0.764358900000E+02  0.344872000000E+02  0.165080000000E+02
    4046 -0.764168400000E+02  0.344877800000E+02  0.190650000000E+02
    4053 -0.764020600000E+02  0.344893300000E+02  0.176620000000E+02
    4062 -0.765000900000E+02  0.344908900000E+02  0.109250000000E+02
    4064 -0.764931000000E+02  0.344910800000E+02  0.819900000000E+01
    4067 -0.763674600000E+02  0.344903000000E+02  0.188300000000E+02
    4068 -0.764861500000E+02  0.344913800000E+02  0.778100000000E+01
    4070 -0.764792600000E+02  0.344918000000E+02  0.795100000000E+01
    4074 -0.764723700000E+02  0.344923200000E+02  0.876800000000E+01
    4077 -0.764654200000E+02  0.344929700000E+02  0.115640000000E+02
    4080 -0.764582100000E+02  0.344937400000E+02  0.123670000000E+02
    4085 -0.764503000000E+02  0.344946600000E+02  0.130550000000E+02
    4087 -0.764235200000E+02  0.344948700000E+02  0.172340000000E+02
    4089 -0.764413200000E+02  0.344954000000E+02  0.149510000000E+02
    4091 -0.764318900000E+02  0.344954500000E+02  0.169870000000E+02
    4095 -0.765038800000E+02  0.344966500000E+02  0.102470000000E+02
    4098 -0.764969700000E+02  0.344967700000E+02  0.644200000000E+01
    4102 -0.764901200000E+02  0.344970300000E+02  0.637400000000E+01
    4105 -0.764833100000E+02  0.344974200000E+02  0.779800000000E+01
    4109 -0.764765600000E+02  0.344979500000E+02  0.807900000000E+01
    4114 -0.764698100000E+02  0.344986500000E+02  0.108980000000E+02
    4118 -0.764630100000E+02  0.344996100000E+02  0.133840000000E+02
    4120 -0.764154200000E+02  0.345001800000E+02  0.182620000000E+02
    4124 -0.764559600000E+02  0.345010500000E+02  0.131170000000E+02
    4128 -0.763850100000E+02  0.345004100000E+02  0.166120000000E+02
    4129 -0.763511700000E+02  0.345008800000E+02  0.219740000000E+02
    4131 -0.765007600000E+02  0.345024000000E+02  0.572700000000E+01
    4135 -0.764940000000E+02  0.345025900000E+02  0.431500000000E+01
    4139 -0.764873000000E+02  0.345029300000E+02  0.711700000000E+01
    4141 -0.764806600000E+02  0.345034100000E+02  0.786700000000E+01
    4145 -0.764267100000E+02  0.345036800000E+02  0.176010000000E+02
    4147 -0.764740900000E+02  0.345040600000E+02  0.830800000000E+01
    4150 -0.764371000000E+02  0.345043600000E+02  0.155480000000E+02
    4152 -0.764478300000E+02  0.345043500000E+02  0.134600000000E+02
    4153 -0.764675800000E+02  0.345049600000E+02  0.117850000000E+02
    4159 -0.764611900000E+02  0.345062200000E+02  0.133040000000E+02
    4168 -0.765044300000E+02  0.345079600000E+02  0.671900000000E+01
    4171 -0.764977700000E+02  0.345080800000E+02  0.520700000000E+01
    4173 -0.764911800000E+02  0.345083400000E+02  0.544400000000E+01
    4174 -0.764553500000E+02  0.345076600000E+02  0.136170000000E+02
    4177 -0.764846400000E+02  0.345087500000E+02  0.869500000000E+01
    4181 -0.764781900000E+02  0.345093000000E+02  0.865300000000E+01
    4185 -0.764718500000E+02  0.345100500000E+02  0.951000000000E+01
    4189 -0.764657000000E+02  0.345110900000E+02  0.128780000000E+02
    4193 -0.763684700000E+02  0.345105300000E+02  0.197270000000E+02
    4196 -0.764032700000E+02  0.345118400000E+02  0.174140000000E+02
    4201 -0.764596300000E+02  0.345128800000E+02  0.136720000000E+02
    4206 -0.765079700000E+02  0.345134600000E+02  0.823700000000E+01
    4207 -0.764201700000E+02  0.345134600000E+02  0.175990000000E+02
    4208 -0.765014300000E+02  0.345135000000E+02  0.565600000000E+01
    4209 -0.764427000000E+02  0.345135100000E+02  0.144990000000E+02
    4211 -0.764322300000E+02  0.345136600000E+02  0.164860000000E+02
    4212 -0.764949400000E+02  0.345136800000E+02  0.431100000000E+01
    4215 -0.764885000000E+02  0.345140000000E+02  0.670100000000E+01
    4216 -0.764521700000E+02  0.345137600000E+02  0.143920000000E+02
    4219 -0.764821400000E+02  0.345144600000E+02  0.102600000000E+02
    4224 -0.764758600000E+02  0.345150500000E+02  0.106580000000E+02
    4226 -0.764697600000E+02  0.345157800000E+02  0.115490000000E+02
    4232 -0.764643100000E+02  0.345165800000E+02  0.136710000000E+02
    4241 -0.765049700000E+02  0.345188500000E+02  0.660400000000E+01
    4242 -0.765113800000E+02  0.345189000000E+02  0.912400000000E+01
    4244 -0.764985900000E+02  0.345189500000E+02  0.420900000000E+01
    4247 -0.764922600000E+02  0.345191900000E+02  0.509200000000E+01
    4251 -0.764859700000E+02  0.345195700000E+02  0.850100000000E+01
    4255 -0.764797400000E+02  0.345200500000E+02  0.104770000000E+02
    4257 -0.764735800000E+02  0.345206300000E+02  0.122570000000E+02
    4259 -0.764673300000E+02  0.345212300000E+02  0.134020000000E+02
    4264 -0.763526900000E+02  0.345209400000E+02  0.225920000000E+02
    4265 -0.763850900000E+02  0.345206200000E+02  0.190360000000E+02
    4266 -0.764591800000E+02  0.345219000000E+02  0.144540000000E+02
    4269 -0.764484000000E+02  0.345222300000E+02  0.149930000000E+02
    4272 -0.764385500000E+02  0.345225900000E+02  0.159590000000E+02
    4276 -0.765083600000E+02  0.345241300000E+02  0.747900000000E+01
    4277 -0.765021100000E+02  0.345241500000E+02  0.414000000000E+01
    4279 -0.765146500000E+02  0.345242600000E+02  0.869200000000E+01
    4280 -0.764958800000E+02  0.345243200000E+02  0.430200000000E+01
    4283 -0.764281800000E+02  0.345243000000E+02  0.176610000000E+02
    4284 -0.764897000000E+02  0.345246200000E+02  0.740500000000E+01
    4288 -0.764835600000E+02  0.345250300000E+02  0.939400000000E+01
    4292 -0.764774500000E+02  0.345255400000E+02  0.111700000000E+02
    4297 -0.764714100000E+02  0.345260500000E+02  0.133270000000E+02
    4304 -0.764658300000E+02  0.345263900000E+02  0.137690000000E+02
    4309 -0.764152300000E+02  0.345270300000E+02  0.180650000000E+02
    4318 -0.765054900000E+02  0.345292800000E+02  0.364600000000E+01
    4319 -0.765116200000E+02  0.345293400000E+02  0.655500000000E+01
    4320 -0.764993900000E+02  0.345293700000E+02  0.314400000000E+01
    4321 -0.765177600000E+02  0.345295400000E+02  0.770500000000E+01
    4322 -0.764933200000E+02  0.345296000000E+02  0.587600000000E+01
    4325 -0.764872800000E+02  0.345299600000E+02  0.888900000000E+01
    4332 -0.764812600000E+02  0.345304300000E+02  0.106470000000E+02
    4335 -0.764536700000E+02  0.345307700000E+02  0.151200000000E+02
    4336 -0.764442100000E+02  0.345307700000E+02  0.158160000000E+02
    4337 -0.763692900000E+02  0.345299000000E+02  0.206540000000E+02
    4338 -0.764752200000E+02  0.345309900000E+02  0.123160000000E+02
    4340 -0.764355900000E+02  0.345309700000E+02  0.170300000000E+02
    4341 -0.764622000000E+02  0.345312800000E+02  0.142620000000E+02
    4342 -0.764690700000E+02  0.345314800000E+02  0.135730000000E+02
    4347 -0.763998600000E+02  0.345317300000E+02  0.184200000000E+02
    4357 -0.765087400000E+02  0.345343300000E+02  0.274000000000E+01
    4358 -0.765027600000E+02  0.345343500000E+02  0.320200000000E+01
    4359 -0.765147200000E+02  0.345344600000E+02  0.416100000000E+01
    4361 -0.764968200000E+02  0.345345000000E+02  0.487600000000E+01
    4366 -0.764909000000E+02  0.345348000000E+02  0.735000000000E+01
    4368 -0.764850100000E+02  0.345352400000E+02  0.979100000000E+01
    4373 -0.764791000000E+02  0.345358200000E+02  0.110050000000E+02
    4379 -0.764731100000E+02  0.345365600000E+02  0.128680000000E+02
    4385 -0.764666900000E+02  0.345375600000E+02  0.141570000000E+02
    4387 -0.764273100000E+02  0.345380100000E+02  0.173800000000E+02
    4393 -0.764493400000E+02  0.345388100000E+02  0.158190000000E+02
    4394 -0.764397400000E+02  0.345391500000E+02  0.168270000000E+02
    4396 -0.765060000000E+02  0.345392500000E+02  0.340200000000E+01
    4397 -0.765118500000E+02  0.345393000000E+02  0.334400000000E+01
    4398 -0.765001800000E+02  0.345393300000E+02  0.425200000000E+01
    4401 -0.764943900000E+02  0.345395500000E+02  0.604600000000E+01
    4402 -0.764587900000E+02  0.345395400000E+02  0.146930000000E+02
    4405 -0.764886300000E+02  0.345399200000E+02  0.901000000000E+01
    4407 -0.763845700000E+02  0.345392200000E+02  0.196270000000E+02
    4411 -0.764828900000E+02  0.345404500000E+02  0.107290000000E+02
    4413 -0.763545400000E+02  0.345400200000E+02  0.218600000000E+02
    4421 -0.764771700000E+02  0.345412000000E+02  0.117200000000E+02
    4428 -0.764714100000E+02  0.345422800000E+02  0.134690000000E+02
    4433 -0.764125900000E+02  0.345427300000E+02  0.181180000000E+02
    4438 -0.765091100000E+02  0.345440700000E+02  0.379200000000E+01
    4439 -0.765034100000E+02  0.345440800000E+02  0.385200000000E+01
    4443 -0.764977300000E+02  0.345442200000E+02  0.572900000000E+01
    4445 -0.764921000000E+02  0.345445100000E+02  0.792500000000E+01
    4450 -0.764656200000E+02  0.345441700000E+02  0.146490000000E+02
    4453 -0.764865100000E+02  0.345449500000E+02  0.104140000000E+02
    4456 -0.764535800000E+02  0.345454500000E+02  0.153800000000E+02
    4458 -0.764810000000E+02  0.345455800000E+02  0.118940000000E+02
    4462 -0.764755600000E+02  0.345464700000E+02  0.124230000000E+02
    4466 -0.764460800000E+02  0.345471200000E+02  0.170070000000E+02
    4469 -0.764703600000E+02  0.345476900000E+02  0.140350000000E+02
    4474 -0.764604300000E+02  0.345486900000E+02  0.150330000000E+02
    4475 -0.765065100000E+02  0.345487600000E+02  0.354600000000E+01
    4477 -0.763702400000E+02  0.345479200000E+02  0.211200000000E+02
    4479 -0.765009500000E+02  0.345488200000E+02  0.540100000000E+01
    4484 -0.764954100000E+02  0.345490200000E+02  0.818400000000E+01
    4487 -0.764899400000E+02  0.345493500000E+02  0.100550000000E+02
    4489 -0.764660900000E+02  0.345492000000E+02  0.144790000000E+02
    4491 -0.763983500000E+02  0.345488100000E+02  0.189990000000E+02
    4493 -0.764359400000E+02  0.345491800000E+02  0.173090000000E+02
    4495 -0.764845500000E+02  0.345498400000E+02  0.118950000000E+02
    4500 -0.764792900000E+02  0.345505300000E+02  0.124130000000E+02
    4513 -0.764741900000E+02  0.345514900000E+02  0.134340000000E+02
    4519 -0.764692900000E+02  0.345525300000E+02  0.142510000000E+02
    4522 -0.764238800000E+02  0.345526000000E+02  0.176550000000E+02
    4525 -0.764648000000E+02  0.345528800000E+02  0.146900000000E+02
    4527 -0.765040300000E+02  0.345533600000E+02  0.477300000000E+01
    4529 -0.764986000000E+02  0.345534800000E+02  0.805600000000E+01
    4532 -0.764932100000E+02  0.345537100000E+02  0.109040000000E+02
    4533 -0.764533100000E+02  0.345530500000E+02  0.162760000000E+02
    4536 -0.764878900000E+02  0.345540700000E+02  0.119230000000E+02
    4543 -0.764827000000E+02  0.345545500000E+02  0.122120000000E+02
    4549 -0.764777400000E+02  0.345552300000E+02  0.127720000000E+02
    4557 -0.764607900000E+02  0.345565300000E+02  0.153320000000E+02
    4558 -0.764729000000E+02  0.345564400000E+02  0.138020000000E+02
    4564 -0.763844700000E+02  0.345561900000E+02  0.203970000000E+02
    4566 -0.764674100000E+02  0.345574400000E+02  0.144540000000E+02
    4571 -0.764445800000E+02  0.345570000000E+02  0.168470000000E+02
    4573 -0.765069900000E+02  0.345578300000E+02  0.450900000000E+01
    4575 -0.765016500000E+02  0.345578800000E+02  0.724500000000E+01
    4577 -0.764963400000E+02  0.345580400000E+02  0.956600000000E+01
    4582 -0.764910700000E+02  0.345582900000E+02  0.113480000000E+02
    4585 -0.764858900000E+02  0.345586200000E+02  0.122760000000E+02
    4587 -0.764108800000E+02  0.345581100000E+02  0.185120000000E+02
    4588 -0.764808700000E+02  0.345590100000E+02  0.123350000000E+02
    4592 -0.764764800000E+02  0.345593100000E+02  0.130360000000E+02
    4612 -0.764340100000E+02  0.345611100000E+02  0.176300000000E+02
    4614 -0.765045900000E+02  0.345622400000E+02  0.663500000000E+01
    4616 -0.764993600000E+02  0.345623300000E+02  0.861400000000E+01
    4618 -0.764941500000E+02  0.345625100000E+02  0.103780000000E+02
    4621 -0.764723100000E+02  0.345626200000E+02  0.137780000000E+02
    4622 -0.764889800000E+02  0.345627600000E+02  0.111730000000E+02
    4627 -0.764838300000E+02  0.345630500000E+02  0.128270000000E+02
    4629 -0.764786000000E+02  0.345632500000E+02  0.129220000000E+02
    4631 -0.764544100000E+02  0.345634500000E+02  0.156360000000E+02
    4633 -0.764643900000E+02  0.345636200000E+02  0.148220000000E+02
    4649 -0.763976000000E+02  0.345648000000E+02  0.196560000000E+02
    4656 -0.765074400000E+02  0.345665600000E+02  0.599700000000E+01
    4658 -0.765022700000E+02  0.345665900000E+02  0.802900000000E+01
    4661 -0.764971200000E+02  0.345667000000E+02  0.933100000000E+01
    4663 -0.764920000000E+02  0.345669000000E+02  0.107800000000E+02
    4665 -0.764868900000E+02  0.345671600000E+02  0.119940000000E+02
    4666 -0.764225200000E+02  0.345664100000E+02  0.175200000000E+02
    4672 -0.764817500000E+02  0.345674900000E+02  0.135280000000E+02
    4679 -0.764763500000E+02  0.345680100000E+02  0.132180000000E+02
    4684 -0.764437300000E+02  0.345680700000E+02  0.167610000000E+02
    4701 -0.764700100000E+02  0.345702400000E+02  0.137040000000E+02
    4705 -0.765051000000E+02  0.345708100000E+02  0.781800000000E+01
    4707 -0.765000200000E+02  0.345708700000E+02  0.850900000000E+01
    4709 -0.764949500000E+02  0.345710100000E+02  0.976000000000E+01
    4712 -0.764899100000E+02  0.345712300000E+02  0.111910000000E+02
    4717 -0.764848900000E+02  0.345715200000E+02  0.127020000000E+02
    4721 -0.764614300000E+02  0.345714400000E+02  0.144630000000E+02
    4725 -0.764799300000E+02  0.345719300000E+02  0.140140000000E+02
    4736 -0.764754900000E+02  0.345725300000E+02  0.141490000000E+02
    4741 -0.764102600000E+02  0.345732200000E+02  0.190470000000E+02
    4743 -0.764334000000E+02  0.345733200000E+02  0.165920000000E+02
    4747 -0.764525900000E+02  0.345743600000E+02  0.156800000000E+02
    4773 -0.764730200000E+02  0.345762900000E+02  0.142790000000E+02
    4777 -0.764670400000E+02  0.345770900000E+02  0.137790000000E+02
    4812 -0.764433900000E+02  0.345791100000E+02  0.157490000000E+02
    4823 -0.764601500000E+02  0.345798500000E+02  0.141980000000E+02
    4826 -0.764226400000E+02  0.345800300000E+02  0.178710000000E+02
    4873 -0.764524200000E+02  0.345841700000E+02  0.142830000000E+02
    4885 -0.764340400000E+02  0.345851300000E+02  0.164580000000E+02
    4945 -0.764441200000E+02  0.345895800000E+02  0.159100000000E+02
       1 3     3703     3705     3740
       2 3     3705     3711     3743
       3 3     3711     3712     3744
       4 3     3703     3740     3738
       5 3     3705     3743     3740
       6 3     3711     3744     3743
       7 3     3712     3752     3744
       8 3     3738     3740     3777
       9 3     3740     3743     3780
      10 3     3743     3744     3782
      11 3     3744     3752     3783
      12 3     3752     3757     3785
      13 3     3757     3760     3787
      14 3     3738     3777     3775
      15 3     3740     3780     3777
      16 3     3743     3782     3780
      17 3     3744     3783     3782
      18 3     3752     3785     3783
      19 3     3760     3765     3791
      20 3     3757     3787     3785
      21 3     3760     3791     3787
      22 3     3765     3767     3802
      23 3     3775     3777     3805
      24 3     3777     3780     3808
      25 3     3780     3782     3813
      26 3     3765     3802     3791
      27 3     3782     3783     3816
      28 3     3783     3785     3818
      29 3     3767     3811     3802
      30 3     3785     3787     3825
      31 3     3777     3808     3805
      32 3     3787     3791     3828
      33 3     3780     3813     3808
      34 3     3782     3816     3813
      35 3     3783     3818     3816
      36 3     3785     3825     3818
      37 3     3791     3802     3834
      38 3     3787     3828     3825
      39 3     3791     3834     3828
      40 3     3805     3808     3847
      41 3     3808     3813     3849
      42 3     3811     3851     3802
      43 3     3813     3816     3852
      44 3     3816     3818     3854
      45 3     3818     3825     3856
      46 3     3834     3802     3857
      47 3     3825     3828     3859
      48 3     3805     3847     3845
      49 3     3811     3838     3851
      50 3     3834     3860     3828
      51 3     3808     3849     3847
      52 3     3813     3852     3849
      53 3     3816     3854     3852
      54 3     3802     3851     3857
      55 3     3818     3856     3854
      56 3     3825     3859     3856
      57 3     3828     3860     3859
      58 3     3834     3857     3860
      59 3     3845     3847     3880
      60 3     3847     3849     3885
      61 3     3849     3852     3886
      62 3     3852     3854     3888
      63 3     3838     3890     3851
      64 3     3854     3856     3892
      65 3     3856     3859     3894
      66 3     3859     3860     3896
      67 3     3845     3880     3877
      68 3     3857     3851     3898
      69 3     3847     3885     3880
      70 3     3838     3871     3890
      71 3     3849     3886     3885
      72 3     3860     3857     3900
      73 3     3852     3888     3886
      74 3     3854     3892     3888
      75 3     3856     3894     3892
      76 3     3859     3896     3894
      77 3     3851     3890     3898
      78 3     3860     3900     3896
      79 3     3857     3898     3900
      80 3     3877     3880     3913
      81 3     3880     3885     3916
      82 3     3885     3886     3919
      83 3     3886     3888     3922
      84 3     3888     3892     3924
      85 3     3892     3894     3926
      86 3     3894     3896     3931
      87 3     3871     3932     3890
      88 3     3880     3916     3913
      89 3     3896     3900     3933
      90 3     3885     3919     3916
      91 3     3886     3922     3919
      92 3     3888     3924     3922
      93 3     3871     3909     3932
      94 3     3892     3926     3924
      95 3     3894     3931     3926
      96 3     3890     3938     3898
      97 3     3896     3933     3931
      98 3     3900     3898     3946
      99 3     3890     3932     3938
     100 3     3900     3946     3933
     101 3     3913     3916     3954
     102 3     3916     3919     3955
     103 3     3898     3938     3946
     104 3     3919     3922     3958
     105 3     3922     3924     3959
     106 3     3924     3926     3961
     107 3     3926     3931     3962
     108 3     3931     3933     3963
     109 3     3933     3946     3969
     110 3     3916     3955     3954
     111 3     3919     3958     3955
     112 3     3933     3969     3963
     113 3     3922     3959     3958
     114 3     3931     3963     3962
     115 3     3924     3961     3959
     116 3     3926     3962     3961
     117 3     3909     3975     3932
     118 3     3932     3981     3938
     119 3     3938     3985     3946
     120 3     3969     3987     3963
     121 3     3954     3955     3990
     122 3     3909     3929     3975
     123 3     3955     3958     3992
     124 3     3969     3946     3993
     125 3     3958     3959     3995
     126 3     3963     3997     3962
     127 3     3959     3961     3999
     128 3     3961     3962     4002
     129 3     3932     3975     3981
     130 3     3969     3993     3987
     131 3     3963     3987     3997
     132 3     3938     3981     3985
     133 3     3954     3990     3988
     134 3     3946     3985     3993
     135 3     3955     3992     3990
     136 3     3958     3995     3992
     137 3     3959     3999     3995
     138 3     3962     3997     4002
     139 3     3961     4002     3999
     140 3     3988     3990     4025
     141 3     3990     3992     4027
     142 3     3992     3995     4030
     143 3     3995     3999     4035
     144 3     3987     4037     3997
     145 3     3999     4002     4040
     146 3     4002     3997     4041
     147 3     3985     3981     4043
     148 3     3987     3993     4037
     149 3     3993     3985     4044
     150 3     3988     4025     4022
     151 3     3990     4027     4025
     152 3     3981     3975     4046
     153 3     3992     4030     4027
     154 3     3995     4035     4030
     155 3     3999     4040     4035
     156 3     4002     4041     4040
     157 3     3975     3929     4053
     158 3     3997     4037     4041
     159 3     3993     4044     4037
     160 3     3985     4043     4044
     161 3     3981     4046     4043
     162 3     4022     4025     4064
     163 3     4025     4027     4068
     164 3     3929     4000     4053
     165 3     4027     4030     4070
     166 3     4030     4035     4074
     167 3     4035     4040     4077
     168 3     4022     4064     4062
     169 3     3975     4053     4046
     170 3     4025     4068     4064
     171 3     4027     4070     4068
     172 3     4040     4041     4080
     173 3     4030     4074     4070
     174 3     4035     4077     4074
     175 3     4041     4037     4085
     176 3     4043     4046     4087
     177 3     4040     4080     4077
     178 3     4037     4044     4089
     179 3     4044     4043     4091
     180 3     4041     4085     4080
     181 3     4062     4064     4098
     182 3     4064     4068     4102
     183 3     4043     4087     4091
     184 3     4037     4089     4085
     185 3     4068     4070     4105
     186 3     4070     4074     4109
     187 3     4044     4091     4089
     188 3     4074     4077     4114
     189 3     4062     4098     4095
     190 3     4064     4102     4098
     191 3     4068     4105     4102
     192 3     4070     4109     4105
     193 3     4077     4080     4118
     194 3     4074     4114     4109
     195 3     4046     4120     4087
     196 3     4077     4118     4114
     197 3     4080     4085     4124
     198 3     4000     4128     4053
     199 3     4000     4067     4128
     200 3     4046     4053     4120
     201 3     4080     4124     4118
     202 3     4095     4098     4131
     203 3     4098     4102     4135
     204 3     4102     4105     4139
     205 3     4105     4109     4141
     206 3     4087     4145     4091
     207 3     4109     4114     4147
     208 3     4089     4091     4150
     209 3     4098     4135     4131
     210 3     4085     4089     4152
     211 3     4102     4139     4135
     212 3     4114     4118     4153
     213 3     4105     4141     4139
     214 3     4085     4152     4124
     215 3     4109     4147     4141
     216 3     4114     4153     4147
     217 3     4118     4124     4159
     218 3     4087     4120     4145
     219 3     4091     4145     4150
     220 3     4118     4159     4153
     221 3     4089     4150     4152
     222 3     4131     4135     4171
     223 3     4135     4139     4173
     224 3     4124     4174     4159
     225 3     4124     4152     4174
     226 3     4139     4141     4177
     227 3     4141     4147     4181
     228 3     4131     4171     4168
     229 3     4147     4153     4185
     230 3     4135     4173     4171
     231 3     4139     4177     4173
     232 3     4141     4181     4177
     233 3     4153     4159     4189
     234 3     4147     4185     4181
     235 3     4067     4193     4128
     236 3     4053     4196     4120
     237 3     4067     4129     4193
     238 3     4153     4189     4185
     239 3     4159     4174     4201
     240 3     4053     4128     4196
     241 3     4145     4120     4207
     242 3     4168     4171     4208
     243 3     4152     4150     4209
     244 3     4150     4145     4211
     245 3     4171     4173     4212
     246 3     4159     4201     4189
     247 3     4173     4177     4215
     248 3     4174     4152     4216
     249 3     4177     4181     4219
     250 3     4181     4185     4224
     251 3     4168     4208     4206
     252 3     4171     4212     4208
     253 3     4173     4215     4212
     254 3     4174     4216     4201
     255 3     4185     4189     4226
     256 3     4152     4209     4216
     257 3     4177     4219     4215
     258 3     4150     4211     4209
     259 3     4181     4224     4219
     260 3     4189     4201     4232
     261 3     4185     4226     4224
     262 3     4145     4207     4211
     263 3     4189     4232     4226
     264 3     4120     4196     4207
     265 3     4206     4208     4241
     266 3     4208     4212     4244
     267 3     4212     4215     4247
     268 3     4215     4219     4251
     269 3     4219     4224     4255
     270 3     4224     4226     4257
     271 3     4206     4241     4242
     272 3     4208     4244     4241
     273 3     4212     4247     4244
     274 3     4215     4251     4247
     275 3     4226     4232     4259
     276 3     4219     4255     4251
     277 3     4129     4264     4193
     278 3     4128     4193     4265
     279 3     4201     4266     4232
     280 3     4224     4257     4255
     281 3     4216     4209     4269
     282 3     4128     4265     4196
     283 3     4209     4211     4272
     284 3     4201     4216     4266
     285 3     4226     4259     4257
     286 3     4242     4241     4276
     287 3     4241     4244     4277
     288 3     4244     4247     4280
     289 3     4211     4207     4283
     290 3     4247     4251     4284
     291 3     4232     4266     4259
     292 3     4251     4255     4288
     293 3     4209     4272     4269
     294 3     4216     4269     4266
     295 3     4255     4257     4292
     296 3     4241     4277     4276
     297 3     4244     4280     4277
     298 3     4242     4276     4279
     299 3     4257     4259     4297
     300 3     4247     4284     4280
     301 3     4211     4283     4272
     302 3     4251     4288     4284
     303 3     4255     4292     4288
     304 3     4259     4266     4304
     305 3     4257     4297     4292
     306 3     4259     4304     4297
     307 3     4207     4196     4309
     308 3     4276     4277     4318
     309 3     4207     4309     4283
     310 3     4279     4276     4319
     311 3     4277     4280     4320
     312 3     4280     4284     4322
     313 3     4284     4288     4325
     314 3     4288     4292     4332
     315 3     4269     4335     4266
     316 3     4269     4272     4336
     317 3     4193     4337     4265
     318 3     4292     4297     4338
     319 3     4277     4320     4318
     320 3     4276     4318     4319
     321 3     4280     4322     4320
     322 3     4279     4319     4321
     323 3     4272     4283     4340
     324 3     4193     4264     4337
     325 3     4304     4266     4341
     326 3     4297     4304     4342
     327 3     4284     4325     4322
     328 3     4288     4332     4325
     329 3     4196     4265     4347
     330 3     4292     4338     4332
     331 3     4266     4335     4341
     332 3     4297     4342     4338
     333 3     4272     4340     4336
     334 3     4196     4347     4309
     335 3     4269     4336     4335
     336 3     4304     4341     4342
     337 3     4319     4318     4357
     338 3     4318     4320     4358
     339 3     4321     4319     4359
     340 3     4320     4322     4361
     341 3     4322     4325     4366
     342 3     4325     4332     4368
     343 3     4332     4338     4373
     344 3     4318     4358     4357
     345 3     4320     4361     4358
     346 3     4319     4357     4359
     347 3     4322     4366     4361
     348 3     4338     4342     4379
     349 3     4325     4368     4366
     350 3     4332     4373     4368
     351 3     4342     4341     4385
     352 3     4338     4379     4373
     353 3     4283     4387     4340
     354 3     4335     4336     4393
     355 3     4342     4385     4379
     356 3     4340     4394     4336
     357 3     4357     4358     4396
     358 3     4359     4357     4397
     359 3     4283     4309     4387
     360 3     4358     4361     4398
     361 3     4361     4366     4401
     362 3     4341     4335     4402
     363 3     4366     4368     4405
     364 3     4265     4337     4407
     365 3     4265     4407     4347
     366 3     4368     4373     4411
     367 3     4264     4413     4337
     368 3     4341     4402     4385
     369 3     4358     4398     4396
     370 3     4357     4396     4397
     371 3     4361     4401     4398
     372 3     4373     4379     4421
     373 3     4366     4405     4401
     374 3     4336     4394     4393
     375 3     4335     4393     4402
     376 3     4368     4411     4405
     377 3     4373     4421     4411
     378 3     4379     4385     4428
     379 3     4379     4428     4421
     380 3     4309     4347     4433
     381 3     4340     4387     4394
     382 3     4397     4396     4438
     383 3     4396     4398     4439
     384 3     4398     4401     4443
     385 3     4401     4405     4445
     386 3     4309     4433     4387
     387 3     4385     4402     4450
     388 3     4385     4450     4428
     389 3     4405     4411     4453
     390 3     4393     4456     4402
     391 3     4411     4421     4458
     392 3     4396     4439     4438
     393 3     4398     4443     4439
     394 3     4401     4445     4443
     395 3     4405     4453     4445
     396 3     4421     4428     4462
     397 3     4411     4458     4453
     398 3     4393     4394     4466
     399 3     4421     4462     4458
     400 3     4428     4450     4469
     401 3     4393     4466     4456
     402 3     4428     4469     4462
     403 3     4402     4474     4450
     404 3     4438     4439     4475
     405 3     4337     4477     4407
     406 3     4439     4443     4479
     407 3     4443     4445     4484
     408 3     4402     4456     4474
     409 3     4445     4453     4487
     410 3     4337     4413     4477
     411 3     4450     4489     4469
     412 3     4347     4407     4491
     413 3     4394     4387     4493
     414 3     4453     4458     4495
     415 3     4347     4491     4433
     416 3     4450     4474     4489
     417 3     4439     4479     4475
     418 3     4443     4484     4479
     419 3     4458     4462     4500
     420 3     4445     4487     4484
     421 3     4394     4493     4466
     422 3     4453     4495     4487
     423 3     4462     4469     4513
     424 3     4458     4500     4495
     425 3     4462     4513     4500
     426 3     4469     4489     4519
     427 3     4387     4433     4522
     428 3     4489     4474     4525
     429 3     4475     4479     4527
     430 3     4469     4519     4513
     431 3     4479     4484     4529
     432 3     4484     4487     4532
     433 3     4456     4533     4474
     434 3     4456     4466     4533
     435 3     4387     4522     4493
     436 3     4489     4525     4519
     437 3     4487     4495     4536
     438 3     4495     4500     4543
     439 3     4479     4529     4527
     440 3     4484     4532     4529
     441 3     4500     4513     4549
     442 3     4487     4536     4532
     443 3     4495     4543     4536
     444 3     4500     4549     4543
     445 3     4474     4557     4525
     446 3     4513     4519     4558
     447 3     4407     4564     4491
     448 3     4513     4558     4549
     449 3     4407     4477     4564
     450 3     4474     4533     4557
     451 3     4519     4525     4566
     452 3     4466     4493     4571
     453 3     4527     4529     4575
     454 3     4466     4571     4533
     455 3     4529     4532     4577
     456 3     4532     4536     4582
     457 3     4536     4543     4585
     458 3     4519     4566     4558
     459 3     4433     4491     4587
     460 3     4543     4549     4588
     461 3     4433     4587     4522
     462 3     4527     4575     4573
     463 3     4549     4558     4592
     464 3     4529     4577     4575
     465 3     4525     4557     4566
     466 3     4532     4582     4577
     467 3     4536     4585     4582
     468 3     4543     4588     4585
     469 3     4549     4592     4588
     470 3     4493     4522     4612
     471 3     4573     4575     4614
     472 3     4575     4577     4616
     473 3     4493     4612     4571
     474 3     4577     4582     4618
     475 3     4558     4621     4592
     476 3     4582     4585     4622
     477 3     4558     4566     4621
     478 3     4585     4588     4627
     479 3     4592     4629     4588
     480 3     4533     4631     4557
     481 3     4566     4557     4633
     482 3     4575     4616     4614
     483 3     4577     4618     4616
     484 3     4582     4622     4618
     485 3     4585     4627     4622
     486 3     4533     4571     4631
     487 3     4588     4629     4627
     488 3     4592     4621     4629
     489 3     4491     4564     4649
     490 3     4566     4633     4621
     491 3     4491     4649     4587
     492 3     4614     4616     4658
     493 3     4616     4618     4661
     494 3     4618     4622     4663
     495 3     4557     4631     4633
     496 3     4622     4627     4665
     497 3     4522     4587     4666
     498 3     4522     4666     4612
     499 3     4627     4629     4672
     500 3     4614     4658     4656
     501 3     4629     4621     4679
     502 3     4616     4661     4658
     503 3     4618     4663     4661
     504 3     4622     4665     4663
     505 3     4627     4672     4665
     506 3     4571     4612     4684
     507 3     4629     4679     4672
     508 3     4571     4684     4631
     509 3     4621     4633     4701
     510 3     4656     4658     4705
     511 3     4658     4661     4707
     512 3     4621     4701     4679
     513 3     4661     4663     4709
     514 3     4663     4665     4712
     515 3     4665     4672     4717
     516 3     4633     4631     4721
     517 3     4672     4679     4725
     518 3     4658     4707     4705
     519 3     4661     4709     4707
     520 3     4663     4712     4709
     521 3     4665     4717     4712
     522 3     4672     4725     4717
     523 3     4679     4701     4736
     524 3     4679     4736     4725
     525 3     4633     4721     4701
     526 3     4587     4741     4666
     527 3     4587     4649     4741
     528 3     4612     4743     4684
     529 3     4612     4666     4743
     530 3     4631     4684     4747
     531 3     4631     4747     4721
     532 3     4736     4701     4773
     533 3     4701     4721     4777
     534 3     4701     4777     4773
     535 3     4684     4812     4747
     536 3     4684     4743     4812
     537 3     4721     4747     4823
     538 3     4721     4823     4777
     539 3     4666     4826     4743
     540 3     4666     4741     4826
     541 3     4747     4873     4823
     542 3     4747     4812     4873
     543 3     4743     4885     4812
     544 3     4743     4826     4885
     545 3     4812     4945     4873
     546 3     4812     4885     4945
 0                                                                              
 0                                                                              
 0                                                                              
 0                                                                              
