bi_1997_v2.grd                                                                  
     409     296
   22967 -0.766918300000E+02  0.348777400000E+02  0.390800000000E+01
   22970 -0.766915400000E+02  0.348779500000E+02  0.390800000000E+01
   22971 -0.766920900000E+02  0.348780300000E+02  0.390800000000E+01
   22973 -0.766918200000E+02  0.348782100000E+02  0.390800000000E+01
   22976 -0.766915100000E+02  0.348784100000E+02  0.390800000000E+01
   22977 -0.766921400000E+02  0.348784900000E+02  0.390800000000E+01
   22978 -0.766918000000E+02  0.348786300000E+02  0.390800000000E+01
   22980 -0.766914600000E+02  0.348787400000E+02  0.390800000000E+01
   22981 -0.766920900000E+02  0.348789300000E+02  0.390800000000E+01
   22983 -0.766917600000E+02  0.348790600000E+02  0.390800000000E+01
   22984 -0.766914400000E+02  0.348792200000E+02  0.390800000000E+01
   22985 -0.766920200000E+02  0.348793500000E+02  0.390800000000E+01
   22987 -0.766917000000E+02  0.348795100000E+02  0.390800000000E+01
   22989 -0.766914100000E+02  0.348796200000E+02  0.390800000000E+01
   22992 -0.766919700000E+02  0.348798400000E+02  0.390800000000E+01
   22993 -0.766916300000E+02  0.348799400000E+02  0.390800000000E+01
   22999 -0.766912500000E+02  0.348801300000E+02  0.390800000000E+01
   23000 -0.766918700000E+02  0.348802300000E+02  0.390800000000E+01
   23001 -0.766915400000E+02  0.348803400000E+02  0.390800000000E+01
   23003 -0.766912100000E+02  0.348804100000E+02  0.390800000000E+01
   23004 -0.766918400000E+02  0.348806200000E+02  0.390800000000E+01
   23008 -0.766914700000E+02  0.348807000000E+02  0.390800000000E+01
   23010 -0.766910800000E+02  0.348808100000E+02  0.390800000000E+01
   23011 -0.766917400000E+02  0.348809700000E+02  0.390800000000E+01
   23012 -0.766913900000E+02  0.348811300000E+02  0.390800000000E+01
   23013 -0.766910200000E+02  0.348813100000E+02  0.390800000000E+01
   23016 -0.766917000000E+02  0.348814600000E+02  0.390800000000E+01
   23018 -0.766913300000E+02  0.348815700000E+02  0.390800000000E+01
   23020 -0.766909600000E+02  0.348816900000E+02  0.390800000000E+01
   23022 -0.766916200000E+02  0.348818600000E+02  0.390800000000E+01
   23023 -0.766912200000E+02  0.348819500000E+02  0.390800000000E+01
   23025 -0.766908300000E+02  0.348820000000E+02  0.390800000000E+01
   23026 -0.766914900000E+02  0.348823100000E+02  0.390800000000E+01
   23027 -0.766910600000E+02  0.348823200000E+02  0.390800000000E+01
   23029 -0.766906400000E+02  0.348823100000E+02  0.390800000000E+01
   23032 -0.766913200000E+02  0.348826500000E+02  0.390800000000E+01
   23033 -0.766908700000E+02  0.348827100000E+02  0.390800000000E+01
   23034 -0.766905000000E+02  0.348827300000E+02  0.390800000000E+01
   23038 -0.766906700000E+02  0.348831000000E+02  0.390800000000E+01
   23039 -0.766910200000E+02  0.348831300000E+02  0.390800000000E+01
   23040 -0.766903300000E+02  0.348830700000E+02  0.390800000000E+01
   23045 -0.766908000000E+02  0.348834700000E+02  0.390800000000E+01
   23046 -0.766904400000E+02  0.348834700000E+02  0.390800000000E+01
   23047 -0.766900500000E+02  0.348835000000E+02  0.390800000000E+01
   23049 -0.766905800000E+02  0.348838300000E+02  0.390800000000E+01
   23050 -0.766902100000E+02  0.348838300000E+02  0.390800000000E+01
   23051 -0.766897700000E+02  0.348838200000E+02  0.390800000000E+01
   23054 -0.766903800000E+02  0.348842000000E+02  0.390800000000E+01
   23055 -0.766899600000E+02  0.348842000000E+02  0.390800000000E+01
   23056 -0.766896200000E+02  0.348842300000E+02  0.390800000000E+01
   23062 -0.766897000000E+02  0.348845600000E+02  0.390800000000E+01
   23063 -0.766900600000E+02  0.348845700000E+02  0.390800000000E+01
   23065 -0.766893900000E+02  0.348845700000E+02  0.390800000000E+01
   23067 -0.766897800000E+02  0.348849000000E+02  0.390800000000E+01
   23068 -0.766894300000E+02  0.348849100000E+02  0.390800000000E+01
   23069 -0.766891000000E+02  0.348848900000E+02  0.390800000000E+01
   23071 -0.766891500000E+02  0.348852700000E+02  0.390800000000E+01
   23072 -0.766894800000E+02  0.348852900000E+02  0.390800000000E+01
   23074 -0.766888000000E+02  0.348853100000E+02  0.390800000000E+01
   23075 -0.766888900000E+02  0.348856100000E+02  0.390800000000E+01
   23076 -0.766892000000E+02  0.348856400000E+02  0.390800000000E+01
   23077 -0.766885500000E+02  0.348856200000E+02  0.390800000000E+01
   23078 -0.766886500000E+02  0.348859300000E+02  0.390800000000E+01
   23079 -0.766889400000E+02  0.348859400000E+02  0.390800000000E+01
   23080 -0.766883200000E+02  0.348859200000E+02  0.390800000000E+01
   23083 -0.766887700000E+02  0.348861900000E+02  0.390800000000E+01
   23085 -0.766884100000E+02  0.348861900000E+02  0.390800000000E+01
   23087 -0.766881000000E+02  0.348862100000E+02  0.390800000000E+01
   23089 -0.766884800000E+02  0.348865300000E+02  0.390800000000E+01
   23090 -0.766881600000E+02  0.348865300000E+02  0.390800000000E+01
   23091 -0.766878100000E+02  0.348866000000E+02  0.390800000000E+01
   23092 -0.766882400000E+02  0.348868500000E+02  0.390800000000E+01
   23095 -0.766879100000E+02  0.348868800000E+02  0.390800000000E+01
   23096 -0.766876200000E+02  0.348868600000E+02  0.390800000000E+01
   23097 -0.766877200000E+02  0.348871700000E+02  0.390800000000E+01
   23098 -0.766879700000E+02  0.348871800000E+02  0.390800000000E+01
   23099 -0.766874100000E+02  0.348871100000E+02  0.390800000000E+01
   23101 -0.766875200000E+02  0.348874400000E+02  0.390800000000E+01
   23102 -0.766878300000E+02  0.348874600000E+02  0.390800000000E+01
   23103 -0.766871800000E+02  0.348874200000E+02  0.390800000000E+01
   23105 -0.766876400000E+02  0.348877200000E+02  0.390800000000E+01
   23106 -0.766873200000E+02  0.348877300000E+02  0.390800000000E+01
   23108 -0.766869900000E+02  0.348877900000E+02  0.390800000000E+01
   23110 -0.766874800000E+02  0.348880300000E+02  0.390800000000E+01
   23111 -0.766871600000E+02  0.348880700000E+02  0.390800000000E+01
   23112 -0.766868100000E+02  0.348880700000E+02  0.390800000000E+01
   23114 -0.766873200000E+02  0.348883800000E+02  0.390800000000E+01
   23115 -0.766870000000E+02  0.348884000000E+02  0.390800000000E+01
   23118 -0.766866500000E+02  0.348885000000E+02  0.390800000000E+01
   23119 -0.766871900000E+02  0.348886500000E+02  0.390800000000E+01
   23120 -0.766868700000E+02  0.348887800000E+02  0.390800000000E+01
   23121 -0.766865700000E+02  0.348889000000E+02  0.390800000000E+01
   23122 -0.766870600000E+02  0.348890500000E+02  0.390800000000E+01
   23124 -0.766867600000E+02  0.348891900000E+02  0.390800000000E+01
   23126 -0.766864900000E+02  0.348892900000E+02  0.390800000000E+01
   23129 -0.766869300000E+02  0.348894800000E+02  0.390800000000E+01
   23131 -0.766866800000E+02  0.348896100000E+02  0.390800000000E+01
   23133 -0.766863900000E+02  0.348898100000E+02  0.390800000000E+01
   23134 -0.766868800000E+02  0.348898600000E+02  0.390800000000E+01
   23136 -0.766866100000E+02  0.348899800000E+02  0.390800000000E+01
   23138 -0.766863200000E+02  0.348901300000E+02  0.390800000000E+01
   23139 -0.766868400000E+02  0.348902400000E+02  0.390800000000E+01
   23140 -0.766865900000E+02  0.348903600000E+02  0.390800000000E+01
   23141 -0.766862800000E+02  0.348905100000E+02  0.390800000000E+01
   23142 -0.766868400000E+02  0.348905700000E+02  0.390800000000E+01
   23144 -0.766865500000E+02  0.348907200000E+02  0.390800000000E+01
   23146 -0.766862200000E+02  0.348908200000E+02  0.390800000000E+01
   23147 -0.766868400000E+02  0.348909300000E+02  0.390800000000E+01
   23149 -0.766864900000E+02  0.348910800000E+02  0.390800000000E+01
   23151 -0.766861500000E+02  0.348911700000E+02  0.390800000000E+01
   23152 -0.766867400000E+02  0.348914100000E+02  0.390800000000E+01
   23154 -0.766864200000E+02  0.348915000000E+02  0.390800000000E+01
   23158 -0.766860400000E+02  0.348915100000E+02  0.390800000000E+01
   23159 -0.766866500000E+02  0.348918700000E+02  0.390800000000E+01
   23160 -0.766863300000E+02  0.348919200000E+02  0.390800000000E+01
   23161 -0.766859400000E+02  0.348920500000E+02  0.390800000000E+01
   23162 -0.766866000000E+02  0.348922300000E+02  0.390800000000E+01
   23163 -0.766862800000E+02  0.348923700000E+02  0.390800000000E+01
   23164 -0.766859100000E+02  0.348924400000E+02  0.390800000000E+01
   23167 -0.766866400000E+02  0.348926500000E+02  0.390800000000E+01
   23170 -0.766863200000E+02  0.348928500000E+02  0.390800000000E+01
   23171 -0.766859400000E+02  0.348929800000E+02  0.390800000000E+01
   23172 -0.766866100000E+02  0.348930700000E+02  0.390800000000E+01
   23174 -0.766863200000E+02  0.348932600000E+02  0.390800000000E+01
   23175 -0.766859700000E+02  0.348934000000E+02  0.390800000000E+01
   23176 -0.766866500000E+02  0.348934300000E+02  0.390800000000E+01
   23178 -0.766863300000E+02  0.348936400000E+02  0.390800000000E+01
   23179 -0.766859700000E+02  0.348938000000E+02  0.390800000000E+01
   23180 -0.766866400000E+02  0.348938600000E+02  0.390800000000E+01
   23183 -0.766863200000E+02  0.348941000000E+02  0.390800000000E+01
   23186 -0.766866800000E+02  0.348942700000E+02  0.390800000000E+01
   23187 -0.766859000000E+02  0.348942600000E+02  0.390800000000E+01
   23190 -0.766863300000E+02  0.348945900000E+02  0.390800000000E+01
   23191 -0.766867400000E+02  0.348947800000E+02  0.390800000000E+01
   23192 -0.766857200000E+02  0.348947100000E+02  0.390800000000E+01
   23193 -0.766861700000E+02  0.348949200000E+02  0.390800000000E+01
   23194 -0.766855500000E+02  0.348950600000E+02  0.390800000000E+01
   23196 -0.766859700000E+02  0.348953900000E+02  0.390800000000E+01
   23198 -0.766866000000E+02  0.348954000000E+02  0.390800000000E+01
   23202 -0.766853300000E+02  0.348953800000E+02  0.125300000000E+01
   23203 -0.766857100000E+02  0.348958100000E+02  0.390800000000E+01
   23205 -0.766863500000E+02  0.348958900000E+02  0.109800000000E+01
   23206 -0.766850900000E+02  0.348958700000E+02  0.120300000000E+01
   23207 -0.766855000000E+02  0.348962700000E+02  0.390800000000E+01
   23208 -0.766861000000E+02  0.348964100000E+02  0.104500000000E+01
   23210 -0.766848800000E+02  0.348961800000E+02  0.117600000000E+01
   23213 -0.766851800000E+02  0.348968000000E+02  0.390800000000E+01
   23214 -0.766856800000E+02  0.348967900000E+02  0.102600000000E+01
   23215 -0.766845800000E+02  0.348966000000E+02  0.114000000000E+01
   23218 -0.766848600000E+02  0.348972400000E+02  0.390800000000E+01
   23220 -0.766853000000E+02  0.348972500000E+02  0.990000000000E+00
   23221 -0.766842300000E+02  0.348970600000E+02  0.110300000000E+01
   23228 -0.766845300000E+02  0.348976400000E+02  0.390800000000E+01
   23230 -0.766849900000E+02  0.348976900000E+02  0.953000000000E+00
   23231 -0.766838100000E+02  0.348974900000E+02  0.107700000000E+01
   23232 -0.766841400000E+02  0.348980600000E+02  0.390800000000E+01
   23235 -0.766847700000E+02  0.348982000000E+02  0.898000000000E+00
   23236 -0.766834800000E+02  0.348978400000E+02  0.105300000000E+01
   23239 -0.766837500000E+02  0.348985100000E+02  0.390800000000E+01
   23240 -0.766832100000E+02  0.348981000000E+02  0.103700000000E+01
   23241 -0.766845700000E+02  0.348987100000E+02  0.842000000000E+00
   23242 -0.766834200000E+02  0.348987900000E+02  0.390800000000E+01
   23243 -0.766828800000E+02  0.348983100000E+02  0.103500000000E+01
   23246 -0.766830100000E+02  0.348990400000E+02  0.390800000000E+01
   23247 -0.766825500000E+02  0.348985700000E+02  0.102600000000E+01
   23248 -0.766840400000E+02  0.348990600000E+02  0.834000000000E+00
   23252 -0.766770400000E+02  0.348985500000E+02  0.103200000000E+01
   23253 -0.766776000000E+02  0.348992000000E+02  0.943000000000E+00
   23254 -0.766784900000E+02  0.348987000000E+02  0.103200000000E+01
   23255 -0.766821100000E+02  0.348988000000E+02  0.102700000000E+01
   23256 -0.766824900000E+02  0.348992200000E+02  0.390800000000E+01
   23257 -0.766836000000E+02  0.348993800000E+02  0.825000000000E+00
   23259 -0.766815600000E+02  0.348988700000E+02  0.106200000000E+01
   23260 -0.766820000000E+02  0.348993900000E+02  0.390800000000E+01
   23262 -0.766757200000E+02  0.348987000000E+02  0.989000000000E+00
   23263 -0.766765900000E+02  0.348994600000E+02  0.889000000000E+00
   23265 -0.766791200000E+02  0.348995500000E+02  0.704000000000E+00
   23266 -0.766799900000E+02  0.348991000000E+02  0.115600000000E+01
   23267 -0.766807900000E+02  0.348990100000E+02  0.110300000000E+01
   23268 -0.766813700000E+02  0.348995500000E+02  0.390800000000E+01
   23269 -0.766830100000E+02  0.348996900000E+02  0.830000000000E+00
   23270 -0.766758000000E+02  0.348998000000E+02  0.913000000000E+00
   23271 -0.766749300000E+02  0.348992300000E+02  0.897000000000E+00
   23273 -0.766806800000E+02  0.348998200000E+02  0.390800000000E+01
   23274 -0.766784400000E+02  0.348998700000E+02  0.817000000000E+00
   23276 -0.766824600000E+02  0.348999500000E+02  0.837000000000E+00
   23278 -0.766818400000E+02  0.349001000000E+02  0.866000000000E+00
   23279 -0.766799300000E+02  0.349000500000E+02  0.390800000000E+01
   23283 -0.766750000000E+02  0.349002100000E+02  0.973000000000E+00
   23284 -0.766811700000E+02  0.349002700000E+02  0.895000000000E+00
   23285 -0.766741300000E+02  0.348999400000E+02  0.866000000000E+00
   23286 -0.766775400000E+02  0.349002500000E+02  0.956000000000E+00
   23287 -0.766792500000E+02  0.349003500000E+02  0.390800000000E+01
   23288 -0.766804900000E+02  0.349005400000E+02  0.912000000000E+00
   23290 -0.766766700000E+02  0.349005100000E+02  0.105700000000E+01
   23291 -0.766798200000E+02  0.349007800000E+02  0.888000000000E+00
   23292 -0.766783700000E+02  0.349007400000E+02  0.390800000000E+01
   23293 -0.766741000000E+02  0.349008500000E+02  0.903000000000E+00
   23294 -0.766731500000E+02  0.349006600000E+02  0.110600000000E+01
   23295 -0.766758300000E+02  0.349009600000E+02  0.106300000000E+01
   23298 -0.766790800000E+02  0.349011500000E+02  0.938000000000E+00
   23299 -0.766775400000E+02  0.349011200000E+02  0.390800000000E+01
   23301 -0.766751200000E+02  0.349013800000E+02  0.944000000000E+00
   23304 -0.766767400000E+02  0.349015700000E+02  0.390800000000E+01
   23305 -0.766733300000E+02  0.349015700000E+02  0.113200000000E+01
   23306 -0.766782500000E+02  0.349015700000E+02  0.946000000000E+00
   23308 -0.766723200000E+02  0.349016800000E+02  0.131700000000E+01
   23310 -0.766743900000E+02  0.349020600000E+02  0.911000000000E+00
   23311 -0.766759400000E+02  0.349020600000E+02  0.390800000000E+01
   23312 -0.766775000000E+02  0.349020600000E+02  0.938000000000E+00
   23317 -0.766752600000E+02  0.349025500000E+02  0.390800000000E+01
   23318 -0.766768100000E+02  0.349025500000E+02  0.923000000000E+00
   23319 -0.766736000000E+02  0.349025500000E+02  0.111600000000E+01
   23321 -0.766726200000E+02  0.349028500000E+02  0.138100000000E+01
   23322 -0.766717100000E+02  0.349022400000E+02  0.144700000000E+01
   23324 -0.766760200000E+02  0.349030800000E+02  0.887000000000E+00
   23325 -0.766745500000E+02  0.349031500000E+02  0.390800000000E+01
   23329 -0.766734800000E+02  0.349035300000E+02  0.390800000000E+01
   23330 -0.766753000000E+02  0.349036000000E+02  0.942000000000E+00
   23332 -0.766707300000E+02  0.349033000000E+02  0.146900000000E+01
   23333 -0.766715200000E+02  0.349036400000E+02  0.143400000000E+01
   23337 -0.766725400000E+02  0.349039800000E+02  0.390800000000E+01
   23338 -0.766746600000E+02  0.349042800000E+02  0.104900000000E+01
   23340 -0.766691000000E+02  0.349040200000E+02  0.131900000000E+01
   23341 -0.766704600000E+02  0.349042400000E+02  0.141900000000E+01
   23344 -0.766714900000E+02  0.349045800000E+02  0.390800000000E+01
   23345 -0.766734800000E+02  0.349047700000E+02  0.121200000000E+01
   23347 -0.766724700000E+02  0.349051500000E+02  0.120400000000E+01
   23348 -0.766675100000E+02  0.349024400000E+02  0.115800000000E+01
   23349 -0.766674300000E+02  0.349054500000E+02  0.120700000000E+01
   23350 -0.766702700000E+02  0.349052600000E+02  0.390800000000E+01
   23353 -0.766713300000E+02  0.349056800000E+02  0.117700000000E+01
   23356 -0.766691400000E+02  0.349061300000E+02  0.390800000000E+01
   23358 -0.766702700000E+02  0.349063900000E+02  0.107800000000E+01
   23366 -0.766681200000E+02  0.349073300000E+02  0.390800000000E+01
   23367 -0.766694000000E+02  0.349073700000E+02  0.936000000000E+00
   23370 -0.766663700000E+02  0.349071800000E+02  0.129700000000E+01
   23375 -0.766670600000E+02  0.349084300000E+02  0.390800000000E+01
   23376 -0.766685000000E+02  0.349085000000E+02  0.940000000000E+00
   23377 -0.766656200000E+02  0.349085800000E+02  0.136700000000E+01
   23384 -0.766660400000E+02  0.349097500000E+02  0.390800000000E+01
   23387 -0.766674700000E+02  0.349100100000E+02  0.884000000000E+00
   23392 -0.766644600000E+02  0.349090000000E+02  0.145600000000E+01
   23398 -0.766628300000E+02  0.349092400000E+02  0.166100000000E+01
   23399 -0.766635100000E+02  0.349105200000E+02  0.154100000000E+01
   23407 -0.766650500000E+02  0.349109000000E+02  0.390800000000E+01
   23411 -0.766618800000E+02  0.349106300000E+02  0.170200000000E+01
   23418 -0.766662400000E+02  0.349113000000E+02  0.933000000000E+00
   23424 -0.766640700000E+02  0.349123600000E+02  0.390800000000E+01
   23427 -0.766659000000E+02  0.349123600000E+02  0.878000000000E+00
   23430 -0.766622900000E+02  0.349125200000E+02  0.189700000000E+01
   23432 -0.766608600000E+02  0.349125900000E+02  0.177400000000E+01
   23441 -0.766652800000E+02  0.349139500000E+02  0.151900000000E+01
   23442 -0.766663500000E+02  0.349134600000E+02  0.107200000000E+01
   23446 -0.766633900000E+02  0.349142100000E+02  0.390800000000E+01
   23447 -0.766617700000E+02  0.349143300000E+02  0.209200000000E+01
   23451 -0.766603300000E+02  0.349142100000E+02  0.167100000000E+01
   23464 -0.766665300000E+02  0.349153800000E+02  0.116100000000E+01
   23467 -0.766644500000E+02  0.349156100000E+02  0.193600000000E+01
   23472 -0.766625200000E+02  0.349158600000E+02  0.390800000000E+01
   23473 -0.766604600000E+02  0.349157400000E+02  0.176700000000E+01
   23486 -0.766637000000E+02  0.349172300000E+02  0.177400000000E+01
   23489 -0.766615400000E+02  0.349174200000E+02  0.390800000000E+01
   23493 -0.766663900000E+02  0.349176500000E+02  0.130300000000E+01
   23499 -0.766589000000E+02  0.349170100000E+02  0.142200000000E+01
   23502 -0.766629800000E+02  0.349189000000E+02  0.177400000000E+01
   23507 -0.766604200000E+02  0.349191100000E+02  0.390800000000E+01
   23518 -0.766573300000E+02  0.349187800000E+02  0.132800000000E+01
   23519 -0.766653700000E+02  0.349201800000E+02  0.116400000000E+01
   23527 -0.766586500000E+02  0.349214500000E+02  0.390800000000E+01
   23528 -0.766613700000E+02  0.349214900000E+02  0.156400000000E+01
   23531 -0.766642400000E+02  0.349217700000E+02  0.116400000000E+01
   23535 -0.766557600000E+02  0.349210000000E+02  0.157100000000E+01
   23547 -0.766568400000E+02  0.349236700000E+02  0.390800000000E+01
   23553 -0.766594300000E+02  0.349239500000E+02  0.238100000000E+01
   23556 -0.766630600000E+02  0.349246000000E+02  0.154200000000E+01
   23559 -0.766531100000E+02  0.349233100000E+02  0.127100000000E+01
   23576 -0.766608700000E+02  0.349265200000E+02  0.164500000000E+01
   23578 -0.766575800000E+02  0.349265000000E+02  0.174900000000E+01
   23579 -0.766546900000E+02  0.349266200000E+02  0.390800000000E+01
   23591 -0.766517000000E+02  0.349284900000E+02  0.118500000000E+01
   23600 -0.766598800000E+02  0.349295000000E+02  0.137200000000E+01
   23605 -0.766556000000E+02  0.349296600000E+02  0.287500000000E+01
   23624 -0.766491300000E+02  0.349302600000E+02  0.129500000000E+01
   23625 -0.766526700000E+02  0.349309800000E+02  0.390800000000E+01
   23640 -0.766580300000E+02  0.349332800000E+02  0.155600000000E+01
   23651 -0.766546100000E+02  0.349341000000E+02  0.390800000000E+01
   23662 -0.766495000000E+02  0.349354100000E+02  0.109700000000E+01
   23672 -0.766583200000E+02  0.349355700000E+02  0.157400000000E+01
   23685 -0.766564300000E+02  0.349379100000E+02  0.390800000000E+01
   23686 -0.766520200000E+02  0.349380000000E+02  0.116400000000E+01
   23693 -0.766598800000E+02  0.349380000000E+02  0.169900000000E+01
   23704 -0.766546500000E+02  0.349408300000E+02  0.120300000000E+01
   23708 -0.766577000000E+02  0.349409500000E+02  0.390800000000E+01
   23715 -0.766617000000E+02  0.349404200000E+02  0.152700000000E+01
   23726 -0.766576200000E+02  0.349439500000E+02  0.117300000000E+01
       1 3    22967    22973    22971
       2 3    22967    22970    22973
       3 3    22970    22976    22973
       4 3    22971    22973    22977
       5 3    22973    22976    22978
       6 3    22973    22978    22977
       7 3    22976    22980    22978
       8 3    22977    22978    22981
       9 3    22978    22980    22983
      10 3    22978    22983    22981
      11 3    22980    22984    22983
      12 3    22981    22983    22985
      13 3    22983    22984    22987
      14 3    22983    22987    22985
      15 3    22984    22989    22987
      16 3    22985    22987    22992
      17 3    22987    22989    22993
      18 3    22987    22993    22992
      19 3    22989    22999    22993
      20 3    22992    22993    23000
      21 3    22993    22999    23001
      22 3    22993    23001    23000
      23 3    22999    23003    23001
      24 3    23000    23001    23004
      25 3    23001    23003    23008
      26 3    23001    23008    23004
      27 3    23003    23010    23008
      28 3    23004    23008    23011
      29 3    23008    23010    23012
      30 3    23008    23012    23011
      31 3    23010    23013    23012
      32 3    23011    23012    23016
      33 3    23012    23013    23018
      34 3    23012    23018    23016
      35 3    23013    23020    23018
      36 3    23016    23018    23022
      37 3    23018    23020    23023
      38 3    23018    23023    23022
      39 3    23020    23025    23023
      40 3    23022    23023    23026
      41 3    23023    23025    23027
      42 3    23023    23027    23026
      43 3    23025    23029    23027
      44 3    23026    23027    23032
      45 3    23027    23029    23033
      46 3    23029    23034    23033
      47 3    23027    23033    23032
      48 3    23034    23038    23033
      49 3    23033    23039    23032
      50 3    23034    23040    23038
      51 3    23033    23038    23039
      52 3    23038    23045    23039
      53 3    23040    23046    23038
      54 3    23038    23046    23045
      55 3    23040    23047    23046
      56 3    23046    23049    23045
      57 3    23047    23050    23046
      58 3    23046    23050    23049
      59 3    23047    23051    23050
      60 3    23050    23054    23049
      61 3    23051    23055    23050
      62 3    23051    23056    23055
      63 3    23050    23055    23054
      64 3    23056    23062    23055
      65 3    23055    23063    23054
      66 3    23056    23065    23062
      67 3    23055    23062    23063
      68 3    23062    23067    23063
      69 3    23065    23068    23062
      70 3    23065    23069    23068
      71 3    23062    23068    23067
      72 3    23069    23071    23068
      73 3    23068    23072    23067
      74 3    23068    23071    23072
      75 3    23069    23074    23071
      76 3    23074    23075    23071
      77 3    23071    23076    23072
      78 3    23071    23075    23076
      79 3    23074    23077    23075
      80 3    23077    23078    23075
      81 3    23075    23079    23076
      82 3    23075    23078    23079
      83 3    23077    23080    23078
      84 3    23078    23083    23079
      85 3    23080    23085    23078
      86 3    23080    23087    23085
      87 3    23078    23085    23083
      88 3    23085    23089    23083
      89 3    23087    23090    23085
      90 3    23085    23090    23089
      91 3    23087    23091    23090
      92 3    23090    23092    23089
      93 3    23091    23095    23090
      94 3    23090    23095    23092
      95 3    23091    23096    23095
      96 3    23096    23097    23095
      97 3    23095    23098    23092
      98 3    23095    23097    23098
      99 3    23096    23099    23097
     100 3    23099    23101    23097
     101 3    23097    23102    23098
     102 3    23099    23103    23101
     103 3    23097    23101    23102
     104 3    23101    23105    23102
     105 3    23103    23106    23101
     106 3    23101    23106    23105
     107 3    23103    23108    23106
     108 3    23106    23110    23105
     109 3    23108    23111    23106
     110 3    23106    23111    23110
     111 3    23108    23112    23111
     112 3    23111    23114    23110
     113 3    23111    23112    23115
     114 3    23111    23115    23114
     115 3    23112    23118    23115
     116 3    23114    23115    23119
     117 3    23115    23118    23120
     118 3    23115    23120    23119
     119 3    23118    23121    23120
     120 3    23120    23122    23119
     121 3    23121    23124    23120
     122 3    23120    23124    23122
     123 3    23121    23126    23124
     124 3    23124    23129    23122
     125 3    23126    23131    23124
     126 3    23124    23131    23129
     127 3    23126    23133    23131
     128 3    23129    23131    23134
     129 3    23131    23133    23136
     130 3    23131    23136    23134
     131 3    23133    23138    23136
     132 3    23134    23136    23139
     133 3    23136    23140    23139
     134 3    23136    23138    23140
     135 3    23138    23141    23140
     136 3    23139    23140    23142
     137 3    23140    23141    23144
     138 3    23140    23144    23142
     139 3    23141    23146    23144
     140 3    23142    23144    23147
     141 3    23144    23146    23149
     142 3    23144    23149    23147
     143 3    23146    23151    23149
     144 3    23147    23149    23152
     145 3    23149    23151    23154
     146 3    23149    23154    23152
     147 3    23151    23158    23154
     148 3    23152    23154    23159
     149 3    23154    23158    23160
     150 3    23154    23160    23159
     151 3    23158    23161    23160
     152 3    23159    23160    23162
     153 3    23160    23163    23162
     154 3    23160    23161    23163
     155 3    23161    23164    23163
     156 3    23162    23163    23167
     157 3    23163    23170    23167
     158 3    23163    23164    23170
     159 3    23164    23171    23170
     160 3    23167    23170    23172
     161 3    23170    23174    23172
     162 3    23170    23171    23174
     163 3    23171    23175    23174
     164 3    23172    23174    23176
     165 3    23174    23178    23176
     166 3    23174    23175    23178
     167 3    23175    23179    23178
     168 3    23176    23178    23180
     169 3    23178    23183    23180
     170 3    23178    23179    23183
     171 3    23180    23183    23186
     172 3    23179    23187    23183
     173 3    23183    23190    23186
     174 3    23183    23187    23190
     175 3    23186    23190    23191
     176 3    23187    23192    23190
     177 3    23190    23192    23193
     178 3    23190    23193    23191
     179 3    23192    23194    23193
     180 3    23193    23194    23196
     181 3    23191    23193    23198
     182 3    23193    23196    23198
     183 3    23194    23202    23196
     184 3    23196    23202    23203
     185 3    23198    23196    23205
     186 3    23202    23206    23203
     187 3    23196    23203    23205
     188 3    23203    23206    23207
     189 3    23205    23203    23208
     190 3    23206    23210    23207
     191 3    23203    23207    23208
     192 3    23207    23210    23213
     193 3    23207    23214    23208
     194 3    23210    23215    23213
     195 3    23207    23213    23214
     196 3    23213    23215    23218
     197 3    23213    23220    23214
     198 3    23215    23221    23218
     199 3    23213    23218    23220
     200 3    23218    23221    23228
     201 3    23218    23230    23220
     202 3    23218    23228    23230
     203 3    23221    23231    23228
     204 3    23231    23232    23228
     205 3    23230    23228    23235
     206 3    23231    23236    23232
     207 3    23228    23232    23235
     208 3    23236    23239    23232
     209 3    23236    23240    23239
     210 3    23235    23232    23241
     211 3    23239    23240    23242
     212 3    23240    23243    23242
     213 3    23232    23239    23241
     214 3    23243    23246    23242
     215 3    23243    23247    23246
     216 3    23239    23248    23241
     217 3    23239    23242    23248
     218 3    23252    23253    23254
     219 3    23247    23255    23256
     220 3    23247    23256    23246
     221 3    23242    23257    23248
     222 3    23255    23259    23260
     223 3    23255    23260    23256
     224 3    23252    23262    23263
     225 3    23242    23246    23257
     226 3    23254    23265    23266
     227 3    23259    23267    23268
     228 3    23259    23268    23260
     229 3    23252    23263    23253
     230 3    23246    23256    23269
     231 3    23246    23269    23257
     232 3    23262    23270    23263
     233 3    23262    23271    23270
     234 3    23267    23266    23273
     235 3    23254    23274    23265
     236 3    23267    23273    23268
     237 3    23254    23253    23274
     238 3    23256    23260    23276
     239 3    23256    23276    23269
     240 3    23260    23268    23278
     241 3    23266    23265    23279
     242 3    23266    23279    23273
     243 3    23260    23278    23276
     244 3    23271    23283    23270
     245 3    23268    23273    23284
     246 3    23271    23285    23283
     247 3    23253    23286    23274
     248 3    23253    23263    23286
     249 3    23268    23284    23278
     250 3    23265    23287    23279
     251 3    23265    23274    23287
     252 3    23273    23279    23288
     253 3    23263    23290    23286
     254 3    23263    23270    23290
     255 3    23273    23288    23284
     256 3    23279    23287    23291
     257 3    23274    23286    23292
     258 3    23274    23292    23287
     259 3    23279    23291    23288
     260 3    23285    23293    23283
     261 3    23285    23294    23293
     262 3    23270    23295    23290
     263 3    23270    23283    23295
     264 3    23287    23292    23298
     265 3    23286    23299    23292
     266 3    23286    23290    23299
     267 3    23287    23298    23291
     268 3    23283    23301    23295
     269 3    23283    23293    23301
     270 3    23290    23304    23299
     271 3    23294    23305    23293
     272 3    23292    23299    23306
     273 3    23290    23295    23304
     274 3    23292    23306    23298
     275 3    23294    23308    23305
     276 3    23293    23310    23301
     277 3    23295    23311    23304
     278 3    23299    23304    23312
     279 3    23299    23312    23306
     280 3    23295    23301    23311
     281 3    23293    23305    23310
     282 3    23301    23317    23311
     283 3    23304    23318    23312
     284 3    23305    23319    23310
     285 3    23301    23310    23317
     286 3    23304    23311    23318
     287 3    23308    23321    23305
     288 3    23308    23322    23321
     289 3    23305    23321    23319
     290 3    23311    23324    23318
     291 3    23311    23317    23324
     292 3    23310    23325    23317
     293 3    23310    23319    23325
     294 3    23319    23321    23329
     295 3    23317    23330    23324
     296 3    23317    23325    23330
     297 3    23322    23332    23333
     298 3    23319    23329    23325
     299 3    23322    23333    23321
     300 3    23321    23337    23329
     301 3    23321    23333    23337
     302 3    23325    23338    23330
     303 3    23332    23340    23341
     304 3    23325    23329    23338
     305 3    23332    23341    23333
     306 3    23333    23341    23344
     307 3    23333    23344    23337
     308 3    23329    23337    23345
     309 3    23329    23345    23338
     310 3    23337    23344    23347
     311 3    23337    23347    23345
     312 3    23348    23349    23340
     313 3    23341    23340    23350
     314 3    23341    23350    23344
     315 3    23344    23350    23353
     316 3    23344    23353    23347
     317 3    23340    23356    23350
     318 3    23340    23349    23356
     319 3    23350    23358    23353
     320 3    23350    23356    23358
     321 3    23356    23349    23366
     322 3    23356    23367    23358
     323 3    23356    23366    23367
     324 3    23349    23370    23366
     325 3    23370    23375    23366
     326 3    23366    23376    23367
     327 3    23366    23375    23376
     328 3    23370    23377    23375
     329 3    23377    23384    23375
     330 3    23375    23387    23376
     331 3    23377    23392    23384
     332 3    23375    23384    23387
     333 3    23398    23399    23392
     334 3    23384    23392    23407
     335 3    23398    23411    23399
     336 3    23392    23399    23407
     337 3    23384    23418    23387
     338 3    23384    23407    23418
     339 3    23399    23424    23407
     340 3    23418    23407    23427
     341 3    23411    23430    23399
     342 3    23411    23432    23430
     343 3    23399    23430    23424
     344 3    23407    23424    23427
     345 3    23427    23424    23441
     346 3    23427    23441    23442
     347 3    23424    23430    23446
     348 3    23430    23432    23447
     349 3    23432    23451    23447
     350 3    23424    23446    23441
     351 3    23430    23447    23446
     352 3    23442    23441    23464
     353 3    23441    23446    23467
     354 3    23447    23472    23446
     355 3    23451    23473    23447
     356 3    23441    23467    23464
     357 3    23446    23472    23467
     358 3    23447    23473    23472
     359 3    23467    23472    23486
     360 3    23472    23473    23489
     361 3    23464    23467    23493
     362 3    23472    23489    23486
     363 3    23467    23486    23493
     364 3    23473    23499    23489
     365 3    23486    23489    23502
     366 3    23489    23499    23507
     367 3    23489    23507    23502
     368 3    23499    23518    23507
     369 3    23493    23486    23519
     370 3    23486    23502    23519
     371 3    23518    23527    23507
     372 3    23507    23528    23502
     373 3    23519    23502    23531
     374 3    23518    23535    23527
     375 3    23507    23527    23528
     376 3    23502    23528    23531
     377 3    23535    23547    23527
     378 3    23527    23553    23528
     379 3    23527    23547    23553
     380 3    23531    23528    23556
     381 3    23535    23559    23547
     382 3    23528    23553    23556
     383 3    23553    23576    23556
     384 3    23547    23578    23553
     385 3    23559    23579    23547
     386 3    23547    23579    23578
     387 3    23553    23578    23576
     388 3    23559    23591    23579
     389 3    23576    23578    23600
     390 3    23579    23605    23578
     391 3    23578    23605    23600
     392 3    23591    23624    23625
     393 3    23600    23605    23640
     394 3    23625    23651    23605
     395 3    23605    23651    23640
     396 3    23624    23662    23625
     397 3    23625    23662    23651
     398 3    23640    23651    23672
     399 3    23672    23651    23685
     400 3    23662    23686    23651
     401 3    23651    23686    23685
     402 3    23672    23685    23693
     403 3    23685    23686    23704
     404 3    23685    23708    23693
     405 3    23685    23704    23708
     406 3    23693    23708    23715
     407 3    23708    23704    23726
     408 3    23605    23579    23625
     409 3    23625    23579    23591
 0                                                                              
 0                                                                              
 2                                                                              
 180                                                                            
      89       0                                                                
   23715
   23693
   23672
   23640
   23600
   23576
   23556
   23531
   23519
   23493
   23464
   23442
   23427
   23418
   23387
   23376
   23367
   23358
   23353
   23347
   23345
   23338
   23330
   23324
   23318
   23312
   23306
   23298
   23291
   23288
   23284
   23278
   23276
   23269
   23257
   23248
   23241
   23235
   23230
   23220
   23214
   23208
   23205
   23198
   23191
   23186
   23180
   23176
   23172
   23167
   23162
   23159
   23152
   23147
   23142
   23139
   23134
   23129
   23122
   23119
   23114
   23110
   23105
   23102
   23098
   23092
   23089
   23083
   23079
   23076
   23072
   23067
   23063
   23054
   23049
   23045
   23039
   23032
   23026
   23022
   23016
   23011
   23004
   23000
   22992
   22985
   22981
   22977
   22971
      90       1                                                                
   22970
   22976
   22980
   22984
   22989
   22999
   23003
   23010
   23013
   23020
   23025
   23029
   23034
   23040
   23047
   23051
   23056
   23065
   23069
   23074
   23077
   23080
   23087
   23091
   23096
   23099
   23103
   23108
   23112
   23118
   23121
   23126
   23133
   23138
   23141
   23146
   23151
   23158
   23161
   23164
   23171
   23175
   23179
   23187
   23192
   23194
   23202
   23206
   23210
   23215
   23221
   23231
   23236
   23240
   23243
   23247
   23255
   23259
   23267
   23266
   23254
   23252
   23262
   23271
   23285
   23294
   23308
   23322
   23332
   23340
   23348
   23349
   23370
   23377
   23392
   23398
   23411
   23432
   23451
   23473
   23499
   23518
   23535
   23559
   23591
   23624
   23662
   23686
   23704
   23726
