FileFmt      1050624           0           0
NELG           58641         560         511
      -43434
      -43494
       43515
      -43627
      -43632
       43682
      -43692
      -43710
       43736
       43773
       43805
       43819
      -43829
       43848
       43859
       43861
       43871
      -43880
       43881
       43898
       43932
       43935
       43936
       43937
       43941
       43970
       43972
       43974
       43975
      -43976
       43977
       43985
       43999
      -44008
       44013
       44018
       44024
       44030
      -44034
       44036
       44038
       44039
       44049
       44056
       44066
       44082
      -44083
       44086
      -44090
       44092
       44094
       44099
       44101
       44104
       44107
       44108
       44114
       44119
       44122
       44129
       44130
       44133
       44136
       44137
       44140
       44149
       44152
       44158
       44162
       44163
       44165
       44168
       44169
      -44170
       44171
       44172
       44178
       44179
       44181
       44187
       44188
       44189
       44190
       44194
       44195
       44198
       44201
       44202
       44205
       44206
       44208
       44211
       44217
       44222
       44227
       44228
       44231
       44233
       44238
       44239
       44240
       44243
       44244
       44245
       44248
       44253
       44258
       44260
      -44263
       44265
       44267
       44268
       44269
       44271
       44274
       44281
       44283
       44284
       44286
       44289
       44290
       44291
       44292
       44298
       44299
       44300
       44301
       44304
       44306
       44307
       44310
       44312
       44315
       44318
       44320
       44322
       44327
       44332
       44333
       44334
       44336
       44338
       44339
       44341
       44344
       44345
       44347
       44348
       44351
       44352
       44355
       44356
       44357
       44364
       44365
       44371
       44373
       44374
       44380
       44389
       44390
       44392
       44397
       44398
       44399
       44401
       44402
       44403
       44405
       44407
       44410
       44413
       44414
       44415
       44420
       44424
       44425
       44426
       44428
       44429
       44432
       44437
       44438
       44439
       44440
       44442
       44443
       44444
       44446
       44447
       44453
       44455
       44456
       44458
       44459
       44461
       44466
       44467
       44469
       44470
       44471
       44473
       44474
       44475
       44476
       44478
       44479
       44482
       44483
       44484
       44487
       44489
       44490
       44492
       44494
       44495
       44499
       44504
       44505
       44506
       44507
       44508
       44511
       44517
       44519
       44523
       44526
       44527
       44529
       44530
       44533
       44534
       44535
       44538
       44539
       44542
       44543
       44544
       44545
       44546
       44549
       44551
       44552
       44553
       44555
       44556
       44557
       44558
       44559
       44563
       44564
       44569
       44571
       44574
       44578
       44581
       44582
       44583
       44585
       44592
       44594
       44596
       44597
       44598
       44599
       44601
       44604
       44608
       44609
       44611
       44612
       44613
       44614
       44615
       44618
       44619
       44620
       44621
       44622
       44624
       44627
       44628
       44629
       44630
       44632
       44634
       44635
       44637
       44639
       44640
       44642
       44643
       44644
       44647
       44648
       44649
       44650
       44651
       44653
       44655
       44657
       44660
       44662
       44663
       44664
       44667
       44668
       44669
       44671
       44672
       44674
       44675
       44679
       44680
       44681
       44682
       44683
       44686
       44690
       44693
       44695
       44696
       44697
       44699
       44701
       44704
       44705
       44706
       44708
       44714
       44717
       44718
       44721
       44722
       44723
       44727
       44734
       44735
       44736
       44737
       44738
       44741
       44742
       44743
       44744
       44745
       44747
       44748
       44750
       44751
       44752
       44754
       44763
       44764
       44767
       44769
       44771
       44773
       44777
       44779
       44781
       44784
       44785
       44786
       44788
       44792
       44795
       44796
       44797
       44799
       44800
       44802
       44806
       44808
       44809
       44810
       44812
       44817
       44819
       44821
       44823
       44824
       44826
       44827
       44829
       44831
       44832
       44836
       44837
       44838
       44839
       44840
       44842
       44845
       44851
       44852
       44858
       44859
       44863
       44867
       44868
       44872
       44875
       44876
       44879
       44880
       44882
       44886
       44887
       44889
       44892
       44893
       44894
       44896
       44901
       44904
       44906
       44907
       44909
       44911
       44913
       44915
       44920
       44922
       44924
       44926
       44928
       44930
       44935
       44936
       44942
       44943
       44947
       44948
       44951
       44952
       44953
       44960
       44961
       44962
       44964
       44966
       44967
       44969
       44970
       44975
       44977
       44980
       44984
       44986
       44990
       44992
       44995
       44996
       44997
       45001
       45004
       45005
       45006
       45007
       45009
       45011
       45012
       45018
       45020
       45022
       45027
       45030
       45031
       45034
       45035
       45036
       45037
       45038
       45043
       45046
       45047
       45054
       45055
       45058
       45059
       45062
       45063
       45064
       45065
       45068
       45072
       45073
       45074
       45076
       45078
       45081
       45083
       45085
       45095
       45097
       45104
       45105
       45109
       45113
       45127
       45131
       45141
       45142
       45150
       45159
       45160
       45176
       45180
       45207
       45208
NNODG          32218         319         283
      -23873
      -23883
      -23999
       24000
      -24008
      -24010
       24109
       24113
      -24130
       24147
      -24169
       24213
       24222
       24228
      -24229
       24245
      -24246
       24254
      -24266
       24270
       24291
       24293
       24294
      -24303
       24311
       24313
       24316
       24317
       24329
       24336
       24340
       24347
       24349
      -24351
       24358
       24376
       24377
       24379
       24383
       24385
       24387
       24388
       24393
       24396
       24401
       24402
       24406
       24413
       24415
       24418
       24419
       24420
      -24421
       24422
       24423
       24427
       24432
       24433
       24436
       24441
       24442
      -24444
       24445
       24450
       24456
       24457
       24460
       24461
       24462
       24463
       24466
       24472
       24475
       24476
       24477
       24484
       24486
       24487
       24489
       24490
      -24494
       24495
       24496
       24497
       24499
       24503
       24506
       24511
       24512
       24514
       24516
       24517
       24519
       24521
       24524
       24525
       24529
       24531
       24532
       24537
       24541
       24542
       24545
       24546
       24548
       24549
       24553
       24558
       24559
       24560
       24566
       24567
       24568
      -24569
       24570
       24572
       24575
       24577
       24578
       24579
       24580
       24581
       24582
       24583
       24585
       24587
       24588
       24589
       24592
       24593
       24597
       24601
       24602
       24608
       24612
       24615
       24616
       24619
       24620
       24622
       24624
       24625
       24627
       24628
       24630
       24631
      -24632
       24634
       24638
       24641
       24643
       24644
       24649
       24650
       24651
       24653
       24655
       24656
       24658
       24659
       24660
       24661
       24662
       24664
       24665
       24666
       24668
       24669
       24670
       24672
       24673
       24674
       24676
       24679
       24681
       24683
      -24684
       24686
       24687
       24690
       24691
       24692
       24697
       24699
       24701
       24703
       24706
       24707
       24712
       24713
       24715
       24719
       24720
       24721
       24723
       24724
       24725
       24726
       24728
       24736
       24740
      -24742
       24743
       24746
       24748
       24749
       24750
       24755
       24756
       24757
       24759
       24761
       24766
       24768
       24770
       24771
       24772
       24773
       24776
      -24777
       24778
       24785
       24786
       24791
       24794
       24796
       24799
       24802
       24805
       24806
       24808
       24811
       24813
       24814
       24816
       24821
       24822
      -24823
       24826
       24828
       24832
       24834
       24836
       24837
       24840
       24842
       24843
       24848
       24851
       24852
       24858
       24860
       24862
      -24863
       24864
       24865
       24867
       24870
       24872
       24874
       24875
      -24877
       24878
      -24881
      -24889
       24890
       24895
       24896
       24897
       24900
      -24903
      -24904
      -24905
       24915
       24918
       24919
      -24929
       24935
      -24941
      -24948
      -24958
      -24960
      -24971
NFLUXF             0
NETA             128          29           0
NSTAE              0           0           0
NSTAV              0           0           0
NSTAM              0           0           0
NSTAC              0           0           0
RES NODE          14         249
                   4           7           8          10          12          13
                  14          16          18          20          21          22
                  23          25          26          27          28          29
                  30          31          32          33          35          36
                  37          38          39          40          41          42
                  43          44          45          46          47          48
                  49          50          51          52          54          55
                  56          57          58          59          60          61
                  63          64          65          66          67          68
                  69          70          71          72          73          74
                  75          76          77          78          79          80
                  82          83          84          85          86          87
                  88          89          90          91          92          93
                  94          95          96          97          98          99
                 100         101         102         103         104         105
                 106         107         108         109         110         111
                 112         113         115         116         117         118
                 119         120         121         122         123         124
                 125         126         127         128         129         130
                 131         132         133         134         135         136
                 137         138         139         140         141         142
                 143         144         145         146         148         149
                 150         151         152         153         154         155
                 156         157         158         159         160         161
                 162         163         164         165         166         167
                 168         169         170         171         172         173
                 174         175         176         178         179         180
                 181         182         183         184         185         186
                 187         188         189         190         191         192
                 193         194         195         196         197         198
                 199         200         201         203         204         205
                 206         207         208         209         210         211
                 212         213         214         215         216         217
                 218         219         221         222         223         224
                 225         226         227         228         229         230
                 231         232         233         234         235         236
                 237         239         240         241         242         243
                 244         245         246         247         248         249
                 250         251         252         253         255         256
                 257         258         259         260         261         263
                 266         267         268         269         270         274
                 275         276         278
COMM PE            3
RECV PE           10           8
                   2           3           6           9          17          19
                  24          53
RECV PE           15          17
                   1           5          11          15          34          62
                  81         114         147         177         202         220
                 238         254         264         271         279
RECV PE           93           9
                 262         265         272         273         277         280
                 281         282         283
SEND PE           10           8
                   4           7           8          14          28          30
                  37          73
SEND PE           15          17
                   4          10          16          23          38          49
                  77          92         130         160         188         210
                 229         246         253         260         275
SEND PE           93           8
                 248         252         257         258         266         274
                 276         278
