bi_1997_v2.grd                                                                  
     511     283
   23873 -0.760260500000E+02  0.349638300000E+02  0.191720000000E+02
   23883 -0.760423300000E+02  0.349650800000E+02  0.183630000000E+02
   23999 -0.760490300000E+02  0.349783200000E+02  0.176370000000E+02
   24000 -0.760340300000E+02  0.349784000000E+02  0.177550000000E+02
   24008 -0.760171700000E+02  0.349793500000E+02  0.166600000000E+02
   24010 -0.760630700000E+02  0.349794700000E+02  0.162490000000E+02
   24109 -0.760419200000E+02  0.349904600000E+02  0.164310000000E+02
   24113 -0.760549400000E+02  0.349905900000E+02  0.153220000000E+02
   24130 -0.760676600000E+02  0.349921400000E+02  0.139150000000E+02
   24147 -0.760274200000E+02  0.349933700000E+02  0.127900000000E+02
   24169 -0.760114200000E+02  0.349949600000E+02  0.118430000000E+02
   24213 -0.760481700000E+02  0.350008600000E+02  0.101760000000E+02
   24222 -0.760376900000E+02  0.350012200000E+02  0.967000000000E+01
   24228 -0.760596200000E+02  0.350022500000E+02  0.962700000000E+01
   24229 -0.759960700000E+02  0.350008000000E+02  0.121170000000E+02
   24245 -0.760201500000E+02  0.350041500000E+02  0.896000000000E+01
   24246 -0.760714200000E+02  0.350040400000E+02  0.928000000000E+01
   24254 -0.760293000000E+02  0.350051100000E+02  0.848600000000E+01
   24266 -0.760827100000E+02  0.350069600000E+02  0.878300000000E+01
   24270 -0.760431000000E+02  0.350078600000E+02  0.793300000000E+01
   24291 -0.760245500000E+02  0.350098500000E+02  0.743900000000E+01
   24293 -0.760360900000E+02  0.350097000000E+02  0.742400000000E+01
   24294 -0.760092100000E+02  0.350092400000E+02  0.824900000000E+01
   24303 -0.760938300000E+02  0.350108700000E+02  0.674000000000E+01
   24311 -0.760297500000E+02  0.350123700000E+02  0.684700000000E+01
   24313 -0.760187500000E+02  0.350124200000E+02  0.706800000000E+01
   24316 -0.760515700000E+02  0.350128100000E+02  0.683000000000E+01
   24317 -0.760638900000E+02  0.350130500000E+02  0.699200000000E+01
   24329 -0.760418500000E+02  0.350147100000E+02  0.628000000000E+01
   24336 -0.760744200000E+02  0.350151700000E+02  0.667600000000E+01
   24340 -0.760246500000E+02  0.350152500000E+02  0.622900000000E+01
   24347 -0.760138800000E+02  0.350167000000E+02  0.630800000000E+01
   24349 -0.760347000000E+02  0.350169900000E+02  0.579100000000E+01
   24351 -0.759966700000E+02  0.350163600000E+02  0.768300000000E+01
   24358 -0.760291100000E+02  0.350173200000E+02  0.574100000000E+01
   24376 -0.760199400000E+02  0.350193600000E+02  0.575000000000E+01
   24377 -0.760841100000E+02  0.350188400000E+02  0.475700000000E+01
   24379 -0.760073100000E+02  0.350192800000E+02  0.605700000000E+01
   24383 -0.760256700000E+02  0.350201900000E+02  0.533600000000E+01
   24385 -0.760457200000E+02  0.350202900000E+02  0.526200000000E+01
   24387 -0.760397600000E+02  0.350205900000E+02  0.523300000000E+01
   24388 -0.760585500000E+02  0.350214200000E+02  0.497800000000E+01
   24393 -0.760306700000E+02  0.350218000000E+02  0.507500000000E+01
   24396 -0.760514800000E+02  0.350220400000E+02  0.474100000000E+01
   24401 -0.760676800000E+02  0.350226100000E+02  0.486600000000E+01
   24402 -0.760354500000E+02  0.350224700000E+02  0.496500000000E+01
   24406 -0.760229800000E+02  0.350230400000E+02  0.526800000000E+01
   24413 -0.760140200000E+02  0.350231900000E+02  0.574500000000E+01
   24415 -0.760020100000E+02  0.350239100000E+02  0.575400000000E+01
   24418 -0.760385200000E+02  0.350243000000E+02  0.468800000000E+01
   24419 -0.760265400000E+02  0.350243600000E+02  0.478000000000E+01
   24420 -0.760422000000E+02  0.350247500000E+02  0.461300000000E+01
   24421 -0.760924000000E+02  0.350247400000E+02  0.166500000000E+01
   24422 -0.760194500000E+02  0.350247000000E+02  0.551300000000E+01
   24423 -0.760330400000E+02  0.350249600000E+02  0.460400000000E+01
   24427 -0.760767100000E+02  0.350255000000E+02  0.347300000000E+01
   24432 -0.760359100000E+02  0.350261500000E+02  0.442100000000E+01
   24433 -0.760299900000E+02  0.350262500000E+02  0.442800000000E+01
   24436 -0.760079300000E+02  0.350262700000E+02  0.574800000000E+01
   24441 -0.760472600000E+02  0.350268600000E+02  0.429300000000E+01
   24442 -0.760231600000E+02  0.350265800000E+02  0.502700000000E+01
   24444 -0.759954500000E+02  0.350269000000E+02  0.577700000000E+01
   24445 -0.760165800000E+02  0.350272500000E+02  0.562700000000E+01
   24450 -0.760391500000E+02  0.350274800000E+02  0.421800000000E+01
   24456 -0.760330400000E+02  0.350280900000E+02  0.414500000000E+01
   24457 -0.760266300000E+02  0.350282600000E+02  0.440100000000E+01
   24460 -0.760198800000E+02  0.350287100000E+02  0.521400000000E+01
   24461 -0.760542500000E+02  0.350288100000E+02  0.355700000000E+01
   24462 -0.760128600000E+02  0.350287400000E+02  0.574000000000E+01
   24463 -0.760622800000E+02  0.350291700000E+02  0.336200000000E+01
   24466 -0.760426600000E+02  0.350289900000E+02  0.399000000000E+01
   24472 -0.760361400000E+02  0.350295900000E+02  0.391500000000E+01
   24475 -0.760846200000E+02  0.350297900000E+02  0.124300000000E+01
   24476 -0.760299100000E+02  0.350299600000E+02  0.399700000000E+01
   24477 -0.760233300000E+02  0.350303500000E+02  0.475500000000E+01
   24484 -0.760453900000E+02  0.350310000000E+02  0.368900000000E+01
   24486 -0.760025500000E+02  0.350307400000E+02  0.638600000000E+01
   24487 -0.760165800000E+02  0.350308500000E+02  0.539400000000E+01
   24489 -0.760393400000E+02  0.350310900000E+02  0.368900000000E+01
   24490 -0.760701900000E+02  0.350313700000E+02  0.301100000000E+01
   24494 -0.759903300000E+02  0.350317000000E+02  0.576900000000E+01
   24495 -0.760330700000E+02  0.350315700000E+02  0.363900000000E+01
   24496 -0.760087700000E+02  0.350317000000E+02  0.575800000000E+01
   24497 -0.760266900000E+02  0.350319700000E+02  0.412300000000E+01
   24499 -0.760489700000E+02  0.350320900000E+02  0.343200000000E+01
   24503 -0.760200700000E+02  0.350324800000E+02  0.494100000000E+01
   24506 -0.760424500000E+02  0.350327000000E+02  0.344300000000E+01
   24511 -0.760131500000E+02  0.350331300000E+02  0.557800000000E+01
   24512 -0.760362200000E+02  0.350330900000E+02  0.340100000000E+01
   24514 -0.760299300000E+02  0.350335500000E+02  0.365000000000E+01
   24516 -0.760234600000E+02  0.350340500000E+02  0.449300000000E+01
   24517 -0.759962500000E+02  0.350340300000E+02  0.574000000000E+01
   24519 -0.760455200000E+02  0.350343200000E+02  0.319900000000E+01
   24521 -0.760583700000E+02  0.350346900000E+02  0.243400000000E+01
   24524 -0.760393300000E+02  0.350346100000E+02  0.317000000000E+01
   24525 -0.760168200000E+02  0.350346700000E+02  0.512000000000E+01
   24529 -0.760791700000E+02  0.350352200000E+02  0.800000000000E+00
   24531 -0.760331000000E+02  0.350350700000E+02  0.328300000000E+01
   24532 -0.760527600000E+02  0.350353800000E+02  0.271300000000E+01
   24537 -0.760059700000E+02  0.350354600000E+02  0.671400000000E+01
   24541 -0.760100800000E+02  0.350357900000E+02  0.572500000000E+01
   24542 -0.760267500000E+02  0.350355800000E+02  0.390400000000E+01
   24545 -0.760645800000E+02  0.350361200000E+02  0.189500000000E+01
   24546 -0.760485400000E+02  0.350361700000E+02  0.287400000000E+01
   24548 -0.760202600000E+02  0.350361600000E+02  0.467400000000E+01
   24549 -0.760423700000E+02  0.350361600000E+02  0.293400000000E+01
   24553 -0.760362100000E+02  0.350365600000E+02  0.293300000000E+01
   24558 -0.760013400000E+02  0.350368500000E+02  0.896200000000E+01
   24559 -0.760136900000E+02  0.350369500000E+02  0.528200000000E+01
   24560 -0.760299500000E+02  0.350370600000E+02  0.331100000000E+01
   24566 -0.760235700000E+02  0.350376400000E+02  0.424000000000E+01
   24567 -0.760453200000E+02  0.350377500000E+02  0.269400000000E+01
   24568 -0.760505400000E+02  0.350381000000E+02  0.247000000000E+01
   24569 -0.759910200000E+02  0.350377800000E+02  0.574400000000E+01
   24570 -0.760079900000E+02  0.350382100000E+02  0.660500000000E+01
   24572 -0.760392600000E+02  0.350380300000E+02  0.267000000000E+01
   24575 -0.760171200000E+02  0.350383200000E+02  0.484500000000E+01
   24577 -0.760330900000E+02  0.350385100000E+02  0.294800000000E+01
   24578 -0.760558500000E+02  0.350388500000E+02  0.200500000000E+01
   24579 -0.760526900000E+02  0.350389200000E+02  0.220800000000E+01
   24580 -0.760108400000E+02  0.350392000000E+02  0.561600000000E+01
   24581 -0.760268100000E+02  0.350390800000E+02  0.369400000000E+01
   24582 -0.760480300000E+02  0.350393400000E+02  0.245000000000E+01
   24583 -0.760049700000E+02  0.350393400000E+02  0.813500000000E+01
   24585 -0.760422400000E+02  0.350395100000E+02  0.244200000000E+01
   24587 -0.760604600000E+02  0.350398300000E+02  0.155800000000E+01
   24588 -0.760707300000E+02  0.350396000000E+02  0.106500000000E+01
   24589 -0.760204300000E+02  0.350397200000E+02  0.441600000000E+01
   24592 -0.760361600000E+02  0.350399400000E+02  0.260300000000E+01
   24593 -0.759967300000E+02  0.350401400000E+02  0.575900000000E+01
   24597 -0.760140800000E+02  0.350404700000E+02  0.501100000000E+01
   24601 -0.760299700000E+02  0.350404900000E+02  0.306400000000E+01
   24602 -0.760506400000E+02  0.350406600000E+02  0.209700000000E+01
   24608 -0.760451300000E+02  0.350409800000E+02  0.222100000000E+01
   24612 -0.760236700000E+02  0.350411100000E+02  0.399600000000E+01
   24615 -0.760080200000E+02  0.350411400000E+02  0.724200000000E+01
   24616 -0.760015000000E+02  0.350413200000E+02  0.865000000000E+01
   24619 -0.760391800000E+02  0.350413500000E+02  0.226400000000E+01
   24620 -0.760536000000E+02  0.350416000000E+02  0.176200000000E+01
   24622 -0.760173500000E+02  0.350418100000E+02  0.458600000000E+01
   24624 -0.760330700000E+02  0.350418700000E+02  0.262400000000E+01
   24625 -0.760654700000E+02  0.350420500000E+02  0.902000000000E+00
   24627 -0.760479700000E+02  0.350423700000E+02  0.201100000000E+01
   24628 -0.760111400000E+02  0.350425300000E+02  0.618600000000E+01
   24630 -0.760572200000E+02  0.350426900000E+02  0.136400000000E+01
   24631 -0.760268600000E+02  0.350424800000E+02  0.349200000000E+01
   24632 -0.759922700000E+02  0.350425300000E+02  0.574000000000E+01
   24634 -0.760421300000E+02  0.350427500000E+02  0.197100000000E+01
   24638 -0.760049700000E+02  0.350429500000E+02  0.894100000000E+01
   24641 -0.760205800000E+02  0.350431600000E+02  0.417000000000E+01
   24643 -0.760361200000E+02  0.350432200000E+02  0.228300000000E+01
   24644 -0.759989800000E+02  0.350436000000E+02  0.693000000000E+01
   24649 -0.760509300000E+02  0.350436100000E+02  0.165100000000E+01
   24650 -0.760143400000E+02  0.350438700000E+02  0.512300000000E+01
   24651 -0.760299800000E+02  0.350438200000E+02  0.287000000000E+01
   24653 -0.760450400000E+02  0.350441200000E+02  0.175800000000E+01
   24655 -0.760081800000E+02  0.350444800000E+02  0.790500000000E+01
   24656 -0.760237700000E+02  0.350444900000E+02  0.375900000000E+01
   24658 -0.760612300000E+02  0.350445600000E+02  0.825000000000E+00
   24659 -0.759957000000E+02  0.350447700000E+02  0.564000000000E+01
   24660 -0.760391000000E+02  0.350445700000E+02  0.195200000000E+01
   24661 -0.760542400000E+02  0.350448600000E+02  0.125000000000E+01
   24662 -0.760019600000E+02  0.350449100000E+02  0.783900000000E+01
   24664 -0.760330600000E+02  0.350451300000E+02  0.230600000000E+01
   24665 -0.760175300000E+02  0.350451900000E+02  0.434200000000E+01
   24666 -0.760479800000E+02  0.350454400000E+02  0.155600000000E+01
   24668 -0.760269100000E+02  0.350457800000E+02  0.329700000000E+01
   24669 -0.760113500000E+02  0.350458700000E+02  0.682500000000E+01
   24670 -0.760420300000E+02  0.350459100000E+02  0.162600000000E+01
   24672 -0.760579300000E+02  0.350464100000E+02  0.782000000000E+00
   24673 -0.760051800000E+02  0.350464000000E+02  0.856400000000E+01
   24674 -0.760360700000E+02  0.350464300000E+02  0.197200000000E+01
   24676 -0.760207100000E+02  0.350464900000E+02  0.393200000000E+01
   24679 -0.760511200000E+02  0.350467400000E+02  0.119000000000E+01
   24681 -0.759989400000E+02  0.350467800000E+02  0.558500000000E+01
   24683 -0.760300100000E+02  0.350470500000E+02  0.268200000000E+01
   24684 -0.759915400000E+02  0.350468200000E+02  0.525600000000E+01
   24686 -0.760145300000E+02  0.350472000000E+02  0.573000000000E+01
   24687 -0.760449400000E+02  0.350472500000E+02  0.130200000000E+01
   24690 -0.760390300000E+02  0.350477200000E+02  0.164900000000E+01
   24691 -0.760238600000E+02  0.350477600000E+02  0.353000000000E+01
   24692 -0.760083700000E+02  0.350478300000E+02  0.910000000000E+01
   24697 -0.760546200000E+02  0.350481200000E+02  0.757000000000E+00
   24699 -0.760021700000E+02  0.350483300000E+02  0.629400000000E+01
   24701 -0.760330700000E+02  0.350483100000E+02  0.207400000000E+01
   24703 -0.760176900000E+02  0.350484800000E+02  0.466100000000E+01
   24706 -0.760478900000E+02  0.350485700000E+02  0.109800000000E+01
   24707 -0.759956600000E+02  0.350486900000E+02  0.474800000000E+01
   24712 -0.760419200000E+02  0.350490200000E+02  0.132900000000E+01
   24713 -0.760269800000E+02  0.350489900000E+02  0.310300000000E+01
   24715 -0.760115500000E+02  0.350491800000E+02  0.778600000000E+01
   24719 -0.760360600000E+02  0.350495400000E+02  0.166900000000E+01
   24720 -0.760208400000E+02  0.350497200000E+02  0.370100000000E+01
   24721 -0.760053900000E+02  0.350497900000E+02  0.705700000000E+01
   24723 -0.760510500000E+02  0.350498300000E+02  0.750000000000E+00
   24724 -0.759991300000E+02  0.350502700000E+02  0.432900000000E+01
   24725 -0.760300800000E+02  0.350502100000E+02  0.249000000000E+01
   24726 -0.760447800000E+02  0.350503700000E+02  0.100600000000E+01
   24728 -0.760147200000E+02  0.350504500000E+02  0.643700000000E+01
   24736 -0.760389800000E+02  0.350507900000E+02  0.135100000000E+01
   24740 -0.760239800000E+02  0.350509400000E+02  0.330300000000E+01
   24742 -0.759924100000E+02  0.350512000000E+02  0.422600000000E+01
   24743 -0.760085900000E+02  0.350511500000E+02  0.836100000000E+01
   24746 -0.760331300000E+02  0.350514000000E+02  0.188700000000E+01
   24748 -0.760178700000E+02  0.350516800000E+02  0.525300000000E+01
   24749 -0.760474800000E+02  0.350518100000E+02  0.684000000000E+00
   24750 -0.760024000000E+02  0.350517400000E+02  0.472400000000E+01
   24755 -0.760417700000E+02  0.350520800000E+02  0.103800000000E+01
   24756 -0.760270900000E+02  0.350521200000E+02  0.290100000000E+01
   24757 -0.759961600000E+02  0.350522800000E+02  0.390100000000E+01
   24759 -0.760117600000E+02  0.350524300000E+02  0.957300000000E+01
   24761 -0.760361300000E+02  0.350525700000E+02  0.136600000000E+01
   24766 -0.760210000000E+02  0.350528800000E+02  0.417900000000E+01
   24768 -0.760056300000E+02  0.350531400000E+02  0.551700000000E+01
   24770 -0.760301900000E+02  0.350532800000E+02  0.229400000000E+01
   24771 -0.760446400000E+02  0.350534700000E+02  0.711000000000E+00
   24772 -0.760149300000E+02  0.350536300000E+02  0.816600000000E+01
   24773 -0.759994300000E+02  0.350537000000E+02  0.350300000000E+01
   24776 -0.760389600000E+02  0.350537800000E+02  0.105900000000E+01
   24777 -0.759937800000E+02  0.350541600000E+02  0.350600000000E+01
   24778 -0.760241200000E+02  0.350540500000E+02  0.313300000000E+01
   24785 -0.760088300000E+02  0.350544300000E+02  0.687300000000E+01
   24786 -0.760332800000E+02  0.350544100000E+02  0.168900000000E+01
   24791 -0.760180700000E+02  0.350548100000E+02  0.676900000000E+01
   24794 -0.760413600000E+02  0.350550600000E+02  0.774000000000E+00
   24796 -0.760026600000E+02  0.350551400000E+02  0.317500000000E+01
   24799 -0.760272400000E+02  0.350551900000E+02  0.267700000000E+01
   24802 -0.760363500000E+02  0.350555100000E+02  0.109000000000E+01
   24805 -0.759965100000E+02  0.350555700000E+02  0.312500000000E+01
   24806 -0.760120100000E+02  0.350556100000E+02  0.832900000000E+01
   24808 -0.760212000000E+02  0.350559700000E+02  0.537500000000E+01
   24811 -0.760303800000E+02  0.350562900000E+02  0.209000000000E+01
   24813 -0.760058800000E+02  0.350564900000E+02  0.398400000000E+01
   24814 -0.760391700000E+02  0.350566400000E+02  0.765000000000E+00
   24816 -0.760151700000E+02  0.350567300000E+02  0.963000000000E+01
   24821 -0.759996800000E+02  0.350571300000E+02  0.269800000000E+01
   24822 -0.760243200000E+02  0.350571100000E+02  0.401400000000E+01
   24823 -0.759933900000E+02  0.350571100000E+02  0.282800000000E+01
   24826 -0.760335600000E+02  0.350573400000E+02  0.147100000000E+01
   24828 -0.760090900000E+02  0.350576800000E+02  0.534800000000E+01
   24832 -0.760183200000E+02  0.350578700000E+02  0.847600000000E+01
   24834 -0.760369900000E+02  0.350583300000E+02  0.812000000000E+00
   24836 -0.760274500000E+02  0.350582300000E+02  0.259800000000E+01
   24837 -0.760029300000E+02  0.350585900000E+02  0.229100000000E+01
   24840 -0.760123000000E+02  0.350587000000E+02  0.696600000000E+01
   24842 -0.759965700000E+02  0.350590100000E+02  0.232300000000E+01
   24843 -0.760214300000E+02  0.350590200000E+02  0.631000000000E+01
   24848 -0.760306000000E+02  0.350592900000E+02  0.231600000000E+01
   24851 -0.760154800000E+02  0.350597200000E+02  0.848700000000E+01
   24852 -0.760061700000E+02  0.350599200000E+02  0.243600000000E+01
   24858 -0.760245400000E+02  0.350601900000E+02  0.321700000000E+01
   24860 -0.760337900000E+02  0.350602100000E+02  0.228400000000E+01
   24862 -0.759999300000E+02  0.350606800000E+02  0.186000000000E+01
   24863 -0.759931700000E+02  0.350607700000E+02  0.246900000000E+01
   24864 -0.760093900000E+02  0.350608700000E+02  0.386500000000E+01
   24865 -0.760186000000E+02  0.350608800000E+02  0.688400000000E+01
   24867 -0.760367900000E+02  0.350607000000E+02  0.119700000000E+01
   24870 -0.760276800000E+02  0.350613100000E+02  0.139300000000E+01
   24872 -0.760126600000E+02  0.350615400000E+02  0.571700000000E+01
   24874 -0.760032600000E+02  0.350621700000E+02  0.144800000000E+01
   24875 -0.760216900000E+02  0.350621200000E+02  0.331100000000E+01
   24877 -0.760308300000E+02  0.350623500000E+02  0.129400000000E+01
   24878 -0.760158500000E+02  0.350625800000E+02  0.751100000000E+01
   24881 -0.759967400000E+02  0.350627700000E+02  0.192500000000E+01
   24889 -0.760340000000E+02  0.350632600000E+02  0.258900000000E+01
   24890 -0.760248000000E+02  0.350633300000E+02  0.116700000000E+01
   24895 -0.760064700000E+02  0.350636800000E+02  0.103100000000E+01
   24896 -0.760133500000E+02  0.350636800000E+02  0.525100000000E+01
   24897 -0.760096400000E+02  0.350636800000E+02  0.255800000000E+01
   24900 -0.760188900000E+02  0.350639800000E+02  0.496300000000E+01
   24903 -0.760004000000E+02  0.350644200000E+02  0.141000000000E+01
   24904 -0.760372900000E+02  0.350640400000E+02  0.981000000000E+00
   24905 -0.760279200000E+02  0.350644800000E+02  0.116400000000E+01
   24915 -0.760219600000E+02  0.350653300000E+02  0.116400000000E+01
   24918 -0.760036200000E+02  0.350657100000E+02  0.973000000000E+00
   24919 -0.760161300000E+02  0.350656600000E+02  0.631500000000E+01
   24929 -0.760250600000E+02  0.350665800000E+02  0.116400000000E+01
   24935 -0.760191700000E+02  0.350673500000E+02  0.576200000000E+01
   24941 -0.760015900000E+02  0.350683100000E+02  0.903000000000E+00
   24948 -0.760222400000E+02  0.350686900000E+02  0.428900000000E+01
   24958 -0.760163700000E+02  0.350696200000E+02  0.483800000000E+01
   24960 -0.760134100000E+02  0.350683100000E+02  0.235800000000E+01
   24971 -0.760194500000E+02  0.350708900000E+02  0.639700000000E+01
       1 3    23883    23873    24000
       2 3    23883    24000    23999
       3 3    23873    24008    24000
       4 3    23999    24000    24109
       5 3    23999    24113    24010
       6 3    24000    24008    24147
       7 3    23999    24109    24113
       8 3    24010    24113    24130
       9 3    24000    24147    24109
      10 3    24008    24169    24147
      11 3    24109    24213    24113
      12 3    24109    24147    24222
      13 3    24113    24228    24130
      14 3    24109    24222    24213
      15 3    24147    24169    24245
      16 3    24113    24213    24228
      17 3    24147    24254    24222
      18 3    24130    24228    24246
      19 3    24147    24245    24254
      20 3    24213    24222    24270
      21 3    24245    24291    24254
      22 3    24222    24254    24293
      23 3    24169    24294    24245
      24 3    24169    24229    24294
      25 3    24222    24293    24270
      26 3    24254    24291    24311
      27 3    24245    24313    24291
      28 3    24254    24311    24293
      29 3    24213    24316    24228
      30 3    24228    24317    24246
      31 3    24213    24270    24316
      32 3    24245    24294    24313
      33 3    24270    24293    24329
      34 3    24246    24336    24266
      35 3    24291    24340    24311
      36 3    24291    24313    24340
      37 3    24228    24316    24317
      38 3    24313    24294    24347
      39 3    24246    24317    24336
      40 3    24293    24311    24349
      41 3    24229    24351    24294
      42 3    24270    24329    24316
      43 3    24311    24340    24358
      44 3    24293    24349    24329
      45 3    24311    24358    24349
      46 3    24313    24376    24340
      47 3    24266    24377    24303
      48 3    24294    24379    24347
      49 3    24266    24336    24377
      50 3    24313    24347    24376
      51 3    24340    24383    24358
      52 3    24329    24385    24316
      53 3    24294    24351    24379
      54 3    24329    24349    24387
      55 3    24317    24316    24388
      56 3    24340    24376    24383
      57 3    24329    24387    24385
      58 3    24358    24393    24349
      59 3    24316    24385    24396
      60 3    24317    24401    24336
      61 3    24349    24402    24387
      62 3    24358    24383    24393
      63 3    24316    24396    24388
      64 3    24383    24376    24406
      65 3    24349    24393    24402
      66 3    24347    24413    24376
      67 3    24379    24351    24415
      68 3    24347    24379    24413
      69 3    24317    24388    24401
      70 3    24387    24402    24418
      71 3    24383    24419    24393
      72 3    24383    24406    24419
      73 3    24387    24420    24385
      74 3    24303    24377    24421
      75 3    24376    24422    24406
      76 3    24402    24393    24423
      77 3    24387    24418    24420
      78 3    24376    24413    24422
      79 3    24336    24427    24377
      80 3    24402    24432    24418
      81 3    24402    24423    24432
      82 3    24393    24419    24433
      83 3    24393    24433    24423
      84 3    24336    24401    24427
      85 3    24379    24436    24413
      86 3    24379    24415    24436
      87 3    24385    24441    24396
      88 3    24406    24442    24419
      89 3    24406    24422    24442
      90 3    24351    24444    24415
      91 3    24413    24445    24422
      92 3    24385    24420    24441
      93 3    24418    24450    24420
      94 3    24418    24432    24450
      95 3    24423    24456    24432
      96 3    24423    24433    24456
      97 3    24419    24457    24433
      98 3    24419    24442    24457
      99 3    24422    24460    24442
     100 3    24396    24461    24388
     101 3    24413    24462    24445
     102 3    24422    24445    24460
     103 3    24413    24436    24462
     104 3    24388    24463    24401
     105 3    24420    24450    24466
     106 3    24420    24466    24441
     107 3    24432    24472    24450
     108 3    24432    24456    24472
     109 3    24377    24475    24421
     110 3    24396    24441    24461
     111 3    24377    24427    24475
     112 3    24433    24476    24456
     113 3    24433    24457    24476
     114 3    24442    24477    24457
     115 3    24442    24460    24477
     116 3    24441    24466    24484
     117 3    24415    24486    24436
     118 3    24388    24461    24463
     119 3    24445    24487    24460
     120 3    24445    24462    24487
     121 3    24450    24489    24466
     122 3    24450    24472    24489
     123 3    24401    24490    24427
     124 3    24415    24444    24486
     125 3    24456    24495    24472
     126 3    24436    24496    24462
     127 3    24456    24476    24495
     128 3    24457    24497    24476
     129 3    24457    24477    24497
     130 3    24441    24484    24499
     131 3    24441    24499    24461
     132 3    24401    24463    24490
     133 3    24460    24503    24477
     134 3    24460    24487    24503
     135 3    24466    24506    24484
     136 3    24466    24489    24506
     137 3    24436    24486    24496
     138 3    24462    24511    24487
     139 3    24472    24512    24489
     140 3    24472    24495    24512
     141 3    24462    24496    24511
     142 3    24476    24514    24495
     143 3    24476    24497    24514
     144 3    24477    24516    24497
     145 3    24477    24503    24516
     146 3    24444    24517    24486
     147 3    24444    24494    24517
     148 3    24484    24506    24519
     149 3    24463    24461    24521
     150 3    24484    24519    24499
     151 3    24489    24512    24524
     152 3    24487    24525    24503
     153 3    24489    24524    24506
     154 3    24487    24511    24525
     155 3    24427    24529    24475
     156 3    24495    24531    24512
     157 3    24461    24499    24532
     158 3    24495    24514    24531
     159 3    24496    24486    24537
     160 3    24496    24541    24511
     161 3    24497    24542    24514
     162 3    24497    24516    24542
     163 3    24463    24545    24490
     164 3    24499    24519    24546
     165 3    24461    24532    24521
     166 3    24503    24548    24516
     167 3    24506    24524    24549
     168 3    24427    24490    24529
     169 3    24506    24549    24519
     170 3    24503    24525    24548
     171 3    24496    24537    24541
     172 3    24512    24531    24553
     173 3    24512    24553    24524
     174 3    24499    24546    24532
     175 3    24463    24521    24545
     176 3    24486    24517    24558
     177 3    24511    24559    24525
     178 3    24486    24558    24537
     179 3    24514    24560    24531
     180 3    24514    24542    24560
     181 3    24511    24541    24559
     182 3    24516    24566    24542
     183 3    24519    24549    24567
     184 3    24516    24548    24566
     185 3    24546    24568    24532
     186 3    24519    24567    24546
     187 3    24494    24569    24517
     188 3    24541    24537    24570
     189 3    24524    24553    24572
     190 3    24524    24572    24549
     191 3    24525    24575    24548
     192 3    24525    24559    24575
     193 3    24531    24577    24553
     194 3    24531    24560    24577
     195 3    24521    24532    24578
     196 3    24532    24568    24579
     197 3    24541    24580    24559
     198 3    24542    24581    24560
     199 3    24542    24566    24581
     200 3    24532    24579    24578
     201 3    24546    24567    24582
     202 3    24541    24570    24580
     203 3    24546    24582    24568
     204 3    24537    24558    24583
     205 3    24537    24583    24570
     206 3    24549    24572    24585
     207 3    24549    24585    24567
     208 3    24521    24587    24545
     209 3    24490    24545    24588
     210 3    24548    24589    24566
     211 3    24548    24575    24589
     212 3    24553    24577    24592
     213 3    24553    24592    24572
     214 3    24517    24593    24558
     215 3    24521    24578    24587
     216 3    24490    24588    24529
     217 3    24559    24597    24575
     218 3    24560    24601    24577
     219 3    24568    24602    24579
     220 3    24560    24581    24601
     221 3    24517    24569    24593
     222 3    24559    24580    24597
     223 3    24568    24582    24602
     224 3    24567    24585    24608
     225 3    24567    24608    24582
     226 3    24566    24612    24581
     227 3    24570    24615    24580
     228 3    24566    24589    24612
     229 3    24558    24616    24583
     230 3    24570    24583    24615
     231 3    24572    24592    24619
     232 3    24572    24619    24585
     233 3    24579    24620    24578
     234 3    24575    24622    24589
     235 3    24558    24593    24616
     236 3    24577    24601    24624
     237 3    24577    24624    24592
     238 3    24575    24597    24622
     239 3    24579    24602    24620
     240 3    24545    24625    24588
     241 3    24545    24587    24625
     242 3    24582    24627    24602
     243 3    24582    24608    24627
     244 3    24580    24628    24597
     245 3    24578    24630    24587
     246 3    24581    24631    24601
     247 3    24569    24632    24593
     248 3    24581    24612    24631
     249 3    24580    24615    24628
     250 3    24585    24619    24634
     251 3    24585    24634    24608
     252 3    24583    24638    24615
     253 3    24578    24620    24630
     254 3    24583    24616    24638
     255 3    24589    24641    24612
     256 3    24589    24622    24641
     257 3    24592    24624    24643
     258 3    24592    24643    24619
     259 3    24593    24644    24616
     260 3    24602    24649    24620
     261 3    24602    24627    24649
     262 3    24597    24650    24622
     263 3    24601    24651    24624
     264 3    24601    24631    24651
     265 3    24597    24628    24650
     266 3    24608    24634    24653
     267 3    24608    24653    24627
     268 3    24615    24655    24628
     269 3    24612    24656    24631
     270 3    24587    24658    24625
     271 3    24612    24641    24656
     272 3    24615    24638    24655
     273 3    24593    24632    24659
     274 3    24619    24643    24660
     275 3    24619    24660    24634
     276 3    24587    24630    24658
     277 3    24593    24659    24644
     278 3    24620    24661    24630
     279 3    24616    24662    24638
     280 3    24616    24644    24662
     281 3    24620    24649    24661
     282 3    24624    24664    24643
     283 3    24622    24665    24641
     284 3    24624    24651    24664
     285 3    24622    24650    24665
     286 3    24627    24666    24649
     287 3    24627    24653    24666
     288 3    24631    24668    24651
     289 3    24628    24669    24650
     290 3    24631    24656    24668
     291 3    24634    24660    24670
     292 3    24628    24655    24669
     293 3    24634    24670    24653
     294 3    24630    24672    24658
     295 3    24638    24673    24655
     296 3    24643    24664    24674
     297 3    24643    24674    24660
     298 3    24638    24662    24673
     299 3    24641    24676    24656
     300 3    24641    24665    24676
     301 3    24630    24661    24672
     302 3    24649    24679    24661
     303 3    24644    24681    24662
     304 3    24649    24666    24679
     305 3    24644    24659    24681
     306 3    24651    24683    24664
     307 3    24632    24684    24659
     308 3    24651    24668    24683
     309 3    24650    24686    24665
     310 3    24653    24670    24687
     311 3    24650    24669    24686
     312 3    24653    24687    24666
     313 3    24660    24674    24690
     314 3    24660    24690    24670
     315 3    24656    24691    24668
     316 3    24655    24692    24669
     317 3    24656    24676    24691
     318 3    24655    24673    24692
     319 3    24661    24697    24672
     320 3    24662    24699    24673
     321 3    24664    24701    24674
     322 3    24664    24683    24701
     323 3    24661    24679    24697
     324 3    24662    24681    24699
     325 3    24665    24703    24676
     326 3    24665    24686    24703
     327 3    24666    24687    24706
     328 3    24659    24707    24681
     329 3    24666    24706    24679
     330 3    24659    24684    24707
     331 3    24670    24690    24712
     332 3    24668    24713    24683
     333 3    24668    24691    24713
     334 3    24670    24712    24687
     335 3    24669    24715    24686
     336 3    24669    24692    24715
     337 3    24674    24719    24690
     338 3    24674    24701    24719
     339 3    24676    24720    24691
     340 3    24673    24721    24692
     341 3    24676    24703    24720
     342 3    24673    24699    24721
     343 3    24679    24706    24723
     344 3    24679    24723    24697
     345 3    24681    24724    24699
     346 3    24683    24725    24701
     347 3    24683    24713    24725
     348 3    24687    24712    24726
     349 3    24681    24707    24724
     350 3    24686    24728    24703
     351 3    24687    24726    24706
     352 3    24686    24715    24728
     353 3    24690    24719    24736
     354 3    24690    24736    24712
     355 3    24691    24740    24713
     356 3    24684    24742    24707
     357 3    24691    24720    24740
     358 3    24692    24743    24715
     359 3    24692    24721    24743
     360 3    24701    24746    24719
     361 3    24701    24725    24746
     362 3    24703    24748    24720
     363 3    24706    24726    24749
     364 3    24699    24750    24721
     365 3    24703    24728    24748
     366 3    24699    24724    24750
     367 3    24712    24736    24755
     368 3    24713    24756    24725
     369 3    24707    24757    24724
     370 3    24706    24749    24723
     371 3    24712    24755    24726
     372 3    24713    24740    24756
     373 3    24715    24759    24728
     374 3    24715    24743    24759
     375 3    24719    24761    24736
     376 3    24707    24742    24757
     377 3    24719    24746    24761
     378 3    24720    24766    24740
     379 3    24720    24748    24766
     380 3    24721    24768    24743
     381 3    24721    24750    24768
     382 3    24725    24770    24746
     383 3    24725    24756    24770
     384 3    24726    24755    24771
     385 3    24726    24771    24749
     386 3    24728    24772    24748
     387 3    24724    24773    24750
     388 3    24728    24759    24772
     389 3    24736    24776    24755
     390 3    24736    24761    24776
     391 3    24724    24757    24773
     392 3    24742    24777    24757
     393 3    24740    24778    24756
     394 3    24740    24766    24778
     395 3    24743    24785    24759
     396 3    24746    24786    24761
     397 3    24746    24770    24786
     398 3    24743    24768    24785
     399 3    24748    24791    24766
     400 3    24755    24776    24794
     401 3    24748    24772    24791
     402 3    24750    24796    24768
     403 3    24756    24799    24770
     404 3    24750    24773    24796
     405 3    24756    24778    24799
     406 3    24755    24794    24771
     407 3    24761    24802    24776
     408 3    24757    24805    24773
     409 3    24757    24777    24805
     410 3    24759    24806    24772
     411 3    24761    24786    24802
     412 3    24759    24785    24806
     413 3    24766    24808    24778
     414 3    24766    24791    24808
     415 3    24770    24811    24786
     416 3    24768    24813    24785
     417 3    24776    24814    24794
     418 3    24770    24799    24811
     419 3    24768    24796    24813
     420 3    24772    24816    24791
     421 3    24776    24802    24814
     422 3    24772    24806    24816
     423 3    24773    24821    24796
     424 3    24778    24822    24799
     425 3    24773    24805    24821
     426 3    24778    24808    24822
     427 3    24786    24826    24802
     428 3    24777    24823    24805
     429 3    24786    24811    24826
     430 3    24785    24828    24806
     431 3    24785    24813    24828
     432 3    24791    24832    24808
     433 3    24791    24816    24832
     434 3    24802    24834    24814
     435 3    24799    24836    24811
     436 3    24799    24822    24836
     437 3    24796    24837    24813
     438 3    24806    24840    24816
     439 3    24796    24821    24837
     440 3    24802    24826    24834
     441 3    24806    24828    24840
     442 3    24805    24842    24821
     443 3    24808    24843    24822
     444 3    24805    24823    24842
     445 3    24808    24832    24843
     446 3    24811    24848    24826
     447 3    24811    24836    24848
     448 3    24816    24851    24832
     449 3    24813    24852    24828
     450 3    24816    24840    24851
     451 3    24813    24837    24852
     452 3    24822    24858    24836
     453 3    24822    24843    24858
     454 3    24826    24860    24834
     455 3    24826    24848    24860
     456 3    24821    24862    24837
     457 3    24821    24842    24862
     458 3    24828    24864    24840
     459 3    24832    24865    24843
     460 3    24823    24863    24842
     461 3    24834    24860    24867
     462 3    24828    24852    24864
     463 3    24832    24851    24865
     464 3    24836    24870    24848
     465 3    24836    24858    24870
     466 3    24840    24872    24851
     467 3    24840    24864    24872
     468 3    24837    24874    24852
     469 3    24843    24875    24858
     470 3    24843    24865    24875
     471 3    24837    24862    24874
     472 3    24848    24877    24860
     473 3    24851    24878    24865
     474 3    24848    24870    24877
     475 3    24842    24881    24862
     476 3    24851    24872    24878
     477 3    24842    24863    24881
     478 3    24860    24889    24867
     479 3    24858    24890    24870
     480 3    24860    24877    24889
     481 3    24858    24875    24890
     482 3    24852    24895    24864
     483 3    24872    24896    24878
     484 3    24852    24874    24895
     485 3    24864    24897    24872
     486 3    24865    24900    24875
     487 3    24865    24878    24900
     488 3    24864    24895    24897
     489 3    24862    24903    24874
     490 3    24867    24889    24904
     491 3    24870    24905    24877
     492 3    24870    24890    24905
     493 3    24862    24881    24903
     494 3    24872    24897    24896
     495 3    24875    24915    24890
     496 3    24875    24900    24915
     497 3    24874    24918    24895
     498 3    24878    24919    24900
     499 3    24878    24896    24919
     500 3    24874    24903    24918
     501 3    24890    24929    24905
     502 3    24890    24915    24929
     503 3    24900    24935    24915
     504 3    24900    24919    24935
     505 3    24918    24903    24941
     506 3    24915    24948    24929
     507 3    24915    24935    24948
     508 3    24919    24958    24935
     509 3    24919    24960    24958
     510 3    24935    24971    24948
     511 3    24935    24958    24971
 0                                                                              
 0                                                                              
 2                                                                              
 25                                                                             
      16       1                                                                
   24904
   24867
   24834
   24814
   24794
   24771
   24749
   24723
   24697
   24672
   24658
   24625
   24588
   24529
   24475
   24421
       8       1                                                                
   24895
   24897
   24896
   24919
   24960
   24941
   24918
   24895
