FileFmt      1050624           0           0
NELG           58641         560         496
       26982
       27103
       27159
       27222
       27258
       27369
       27497
       27512
       27542
       27543
       27586
       27605
       27615
       27618
       27657
       27667
       27676
       27717
       27768
       27806
       27835
       27836
       27878
       27921
       27948
       27955
       27964
       27979
       27984
       28014
       28016
       28037
       28047
       28068
       28072
       28073
       28103
       28114
       28122
       28147
       28150
       28169
       28176
       28180
       28212
       28241
       28252
       28253
       28275
       28307
       28343
       28363
       28366
       28372
       28430
       28443
       28446
       28447
       28456
       28460
       28470
       28496
       28532
       28545
       28561
       28576
       28594
       28601
       28613
       28618
       28629
       28652
       28653
       28681
       28692
       28693
       28702
       28716
       28733
       28744
       28753
       28759
       28762
       28764
       28769
       28783
       28795
       28817
       28827
       28842
       28850
       28858
       28863
       28865
       28873
       28880
       28900
       28901
       28925
       28927
       28931
       28960
       28970
       28973
       28976
       28989
       28996
       29001
       29036
       29039
       29044
       29052
       29059
       29064
       29071
       29076
       29082
       29095
       29100
       29105
       29107
       29112
       29127
       29128
       29134
       29138
       29144
       29155
       29156
       29160
       29168
       29191
       29194
       29202
       29213
       29219
       29225
       29249
       29253
       29258
       29260
       29270
       29271
       29278
       29284
       29291
       29296
       29305
       29307
       29311
       29314
       29324
       29339
       29341
       29344
       29348
       29351
       29357
       29361
       29363
       29374
       29383
       29384
       29386
       29395
       29401
       29410
       29415
       29427
       29440
       29446
       29447
       29449
       29452
       29459
       29475
       29476
       29478
       29491
       29494
       29499
       29503
       29515
       29518
       29524
       29526
       29529
       29531
       29539
       29547
       29551
       29568
       29584
       29588
       29589
       29593
       29596
       29603
       29604
       29613
       29618
       29619
       29627
       29637
       29645
       29650
       29655
       29658
       29664
       29665
       29669
       29670
       29676
       29688
       29691
       29693
       29694
       29697
       29706
       29708
       29711
       29715
       29731
       29743
       29747
       29749
       29759
       29762
       29766
       29768
       29779
       29784
       29789
       29799
       29803
       29808
       29811
       29830
       29839
       29840
       29848
       29849
       29852
       29853
       29859
       29869
       29875
       29876
       29878
       29880
       29881
       29887
       29899
       29900
       29904
       29905
       29911
       29918
       29923
       29927
       29930
       29932
       29948
       29949
       29955
       29959
       29965
       29972
       29983
       29987
       29988
       29989
       29992
       30008
       30010
       30014
       30019
       30028
       30029
       30033
       30034
       30040
       30041
       30042
       30056
       30060
       30063
       30067
       30069
       30073
       30074
       30079
       30080
       30083
       30084
       30089
       30093
       30100
       30101
       30104
       30105
       30106
       30111
       30115
       30116
       30118
       30122
       30124
       30127
       30140
       30141
       30150
       30155
       30158
       30165
       30166
       30168
       30170
       30173
       30183
       30184
       30194
       30199
       30200
       30205
       30213
       30214
       30215
       30222
       30226
       30239
       30240
       30241
       30243
       30254
       30258
       30262
       30263
       30270
       30272
       30274
       30275
       30279
       30285
       30289
       30291
       30292
       30299
       30303
       30306
       30317
       30319
       30321
       30328
       30334
       30336
       30337
       30343
       30344
       30345
       30351
       30353
       30368
       30372
       30380
       30385
       30390
       30396
       30405
       30409
       30417
       30420
       30421
       30422
       30429
       30438
       30439
       30444
       30448
       30450
       30452
       30456
       30460
       30463
       30471
       30480
       30481
       30485
       30487
       30488
       30490
       30493
       30499
       30501
       30502
       30508
       30517
       30529
       30530
       30547
       30555
       30562
       30565
       30567
       30576
       30585
       30586
       30593
       30594
       30597
       30605
       30606
       30616
       30620
       30621
       30630
       30637
       30642
       30651
       30674
       30680
       30685
       30692
       30693
       30701
       30705
       30707
       30711
       30717
       30720
       30723
       30730
       30731
       30733
       30746
       30748
       30750
       30755
       30756
       30757
       30762
       30766
       30768
       30776
       30789
       30796
       30816
       30832
       30833
       30838
       30842
       30858
       30860
       30863
       30870
       30871
       30880
       30889
       30893
       30899
       30902
       30913
       30918
       30919
       30926
       30931
       30945
       30953
       30957
       30961
       30964
       30968
       30970
       30981
       30988
       30999
       31025
       31029
       31047
       31051
       31055
       31076
       31094
       31095
       31148
       31156
       31168
       31200
       31229
       31239
       31253
       31255
       31273
       31322
       31359
       31468
NNODG          32218         319         282
       14689
       14690
       14691
      -14702
       14764
       14804
      -14867
      -14923
       14932
      -14978
       15007
       15008
       15018
       15019
       15038
       15039
      -15049
       15061
       15062
       15076
       15079
       15112
       15113
       15200
       15201
      -15213
       15222
      -15247
      -15248
      -15251
       15267
       15274
       15275
       15288
       15289
       15293
       15311
       15312
       15332
       15341
       15356
       15375
       15376
       15434
       15443
      -15499
      -15500
       15506
       15510
      -15523
       15543
       15548
       15550
       15551
       15558
       15576
       15594
       15614
       15636
       15640
       15645
       15672
       15673
       15710
       15711
      -15712
       15713
      -15736
       15745
       15758
       15760
       15770
       15772
       15786
       15787
       15805
       15827
       15835
       15836
       15844
      -15862
       15867
       15869
       15872
       15883
       15886
       15893
       15901
       15902
       15905
       15915
       15932
       15935
       15939
       15949
      -15950
      -15960
       15961
       15979
       15982
       15986
       15992
       16001
       16003
       16011
       16012
       16015
       16032
       16034
       16045
       16049
       16050
       16051
       16067
       16075
       16083
       16084
       16088
       16095
       16097
       16104
       16111
       16121
       16127
       16128
       16132
       16137
       16151
       16161
      -16169
       16175
       16176
       16185
       16186
      -16190
       16192
       16201
       16209
       16210
       16215
       16223
       16225
       16233
       16238
       16251
       16262
       16264
       16266
       16271
       16282
       16284
       16285
       16295
       16303
       16304
       16307
       16308
       16315
       16319
       16321
       16322
       16329
       16332
       16341
       16349
       16350
       16359
       16365
       16373
       16374
       16375
       16385
       16386
       16390
       16392
      -16396
       16398
       16399
       16400
       16405
      -16410
       16414
       16417
       16421
       16424
       16428
       16431
       16439
       16442
       16445
       16454
       16457
       16459
       16466
       16470
       16477
       16485
       16488
       16493
      -16494
       16500
       16504
       16509
       16517
       16518
       16521
       16528
       16531
       16537
       16541
       16542
       16548
       16557
       16558
       16564
       16566
       16571
       16572
       16574
       16576
       16585
       16594
       16602
       16604
       16611
       16612
      -16619
       16621
       16625
       16632
       16637
       16643
       16647
       16651
       16660
       16669
       16677
       16682
       16686
       16690
       16696
       16697
       16705
       16708
       16712
      -16715
       16717
       16721
       16744
       16745
       16752
       16756
       16767
       16779
       16780
       16781
       16785
       16786
       16787
       16792
       16794
       16795
       16801
       16825
       16836
       16839
       16841
       16853
       16858
       16867
       16874
       16876
      -16885
       16894
       16914
       16953
       16987
       16988
       17014
       17024
       17039
      -17061
NFLUXF             0
NETA             128          29           0
NSTAE              0           0           0
NSTAV              0           0           0
NSTAM              0           0           0
NSTAC              0           0           0
RES NODE         108         256
                   1           2           3           5           6           9
                  11          12          13          14          15          16
                  18          19          20          21          22          23
                  24          25          27          31          32          33
                  34          35          36          37          38          39
                  40          41          42          43          44          45
                  48          49          51          52          53          54
                  55          56          57          58          59          60
                  61          62          63          64          65          67
                  69          70          71          72          73          74
                  75          76          77          78          79          80
                  82          83          84          85          86          87
                  88          89          90          91          92          93
                  94          95          98          99         100         101
                 102         103         104         105         106         107
                 108         109         110         111         112         113
                 114         115         116         117         118         119
                 120         121         122         123         124         125
                 126         127         128         129         131         132
                 133         134         136         137         138         139
                 140         141         142         143         144         145
                 146         147         148         149         150         151
                 152         153         154         155         156         157
                 158         159         160         161         162         163
                 164         165         166         167         168         169
                 170         171         172         173         174         175
                 177         178         179         180         182         183
                 184         185         186         187         188         189
                 190         191         192         193         194         195
                 196         197         198         199         201         202
                 203         204         205         206         207         208
                 209         210         211         212         213         214
                 215         216         217         218         219         220
                 221         222         223         224         225         226
                 228         229         230         231         232         233
                 234         235         236         237         238         239
                 240         241         242         243         244         245
                 247         248         249         250         251         252
                 253         254         255         256         257         258
                 259         260         261         262         263         264
                 265         266         267         268         269         270
                 271         272         274         275         276         277
                 278         279         280         281
COMM PE            2
RECV PE          109          13
                  28          29          46          47          66          96
                 135         181         200         227         246         273
                 282
RECV PE          110          13
                   4           7           8          10          17          26
                  30          50          68          81          97         130
                 176
SEND PE          109          11
                  32          33          54          86         123         168
                 206         226         244         270         281
SEND PE          110          13
                   1           5          21          36          39          41
                  52          56          64          84         103         138
                 193
