bi_1997_v2.grd                                                                  
     462     292
   12590 -0.765936200000E+02  0.346941700000E+02  0.288600000000E+01
   12605 -0.766230100000E+02  0.346937600000E+02  0.676000000000E+00
   12606 -0.766245200000E+02  0.346941900000E+02  0.793000000000E+00
   12652 -0.766261800000E+02  0.346946600000E+02  0.338400000000E+01
   12664 -0.765962300000E+02  0.346948400000E+02  0.104800000000E+01
   12718 -0.766213500000E+02  0.346945100000E+02  0.629000000000E+00
   12719 -0.766227900000E+02  0.346953000000E+02  0.860000000000E+00
   12761 -0.765985500000E+02  0.346955900000E+02  0.629000000000E+00
   12785 -0.765917700000E+02  0.346960300000E+02  0.166500000000E+01
   12789 -0.766244800000E+02  0.346959100000E+02  0.862000000000E+00
   12821 -0.766190000000E+02  0.346955500000E+02  0.965000000000E+00
   12822 -0.766208000000E+02  0.346963500000E+02  0.784000000000E+00
   12832 -0.766263700000E+02  0.346964600000E+02  0.864000000000E+00
   12853 -0.765943700000E+02  0.346967500000E+02  0.187400000000E+01
   12883 -0.765876200000E+02  0.346972000000E+02  0.823000000000E+00
   12887 -0.766225700000E+02  0.346971000000E+02  0.860000000000E+00
   12904 -0.765971500000E+02  0.346974600000E+02  0.107900000000E+01
   12910 -0.766170400000E+02  0.346965500000E+02  0.739000000000E+00
   12911 -0.766186300000E+02  0.346974100000E+02  0.701000000000E+00
   12921 -0.765899700000E+02  0.346975300000E+02  0.866000000000E+00
   12959 -0.766244900000E+02  0.346977700000E+02  0.867000000000E+00
   12986 -0.766204500000E+02  0.346982600000E+02  0.860000000000E+00
   12993 -0.766144900000E+02  0.346972000000E+02  0.649000000000E+00
   12994 -0.766163300000E+02  0.346983300000E+02  0.796000000000E+00
   13003 -0.766266000000E+02  0.346983700000E+02  0.146800000000E+01
   13040 -0.765923000000E+02  0.346989700000E+02  0.573000000000E+00
   13045 -0.765951300000E+02  0.346990100000E+02  0.207500000000E+01
   13051 -0.765860900000E+02  0.346991600000E+02  0.101000000000E+01
   13053 -0.765833200000E+02  0.346991500000E+02  0.158600000000E+01
   13062 -0.766223900000E+02  0.346990200000E+02  0.866000000000E+00
   13066 -0.766118200000E+02  0.346979700000E+02  0.573000000000E+00
   13067 -0.766138900000E+02  0.346991300000E+02  0.666000000000E+00
   13083 -0.766181700000E+02  0.346993900000E+02  0.746000000000E+00
   13121 -0.766245300000E+02  0.346997400000E+02  0.232300000000E+01
   13127 -0.766094900000E+02  0.346987200000E+02  0.710000000000E+00
   13128 -0.766115200000E+02  0.346998900000E+02  0.810000000000E+00
   13140 -0.765889000000E+02  0.347001700000E+02  0.715000000000E+00
   13162 -0.766157800000E+02  0.347003300000E+02  0.683000000000E+00
   13164 -0.766201300000E+02  0.347002900000E+02  0.866000000000E+00
   13181 -0.766271400000E+02  0.347006300000E+02  0.127100000000E+01
   13190 -0.765974700000E+02  0.347006300000E+02  0.738000000000E+00
   13192 -0.766075800000E+02  0.346997700000E+02  0.971000000000E+00
   13193 -0.766093400000E+02  0.347006200000E+02  0.137400000000E+01
   13230 -0.766134200000E+02  0.347010800000E+02  0.645000000000E+00
   13234 -0.766221700000E+02  0.347009900000E+02  0.201600000000E+01
   13245 -0.765943800000E+02  0.347012400000E+02  0.113100000000E+01
   13259 -0.766052600000E+02  0.346997300000E+02  0.759000000000E+00
   13260 -0.766072500000E+02  0.347011500000E+02  0.961000000000E+00
   13273 -0.766041800000E+02  0.347004200000E+02  0.104800000000E+01
   13274 -0.766053900000E+02  0.347015700000E+02  0.494300000000E+01
   13295 -0.766177000000E+02  0.347017300000E+02  0.562400000000E+01
   13307 -0.766111800000E+02  0.347018100000E+02  0.394500000000E+01
   13312 -0.766244000000E+02  0.347016600000E+02  0.124600000000E+01
   13323 -0.766022400000E+02  0.347010800000E+02  0.117100000000E+01
   13324 -0.766036500000E+02  0.347020500000E+02  0.371300000000E+01
   13336 -0.765915800000E+02  0.347020900000E+02  0.673000000000E+00
   13354 -0.766151700000E+02  0.347023200000E+02  0.117500000000E+01
   13362 -0.766089900000E+02  0.347024000000E+02  0.120500000000E+01
   13366 -0.766003000000E+02  0.347013500000E+02  0.684000000000E+00
   13367 -0.766018000000E+02  0.347024400000E+02  0.340200000000E+01
   13374 -0.766199000000E+02  0.347023400000E+02  0.136900000000E+01
   13395 -0.765989000000E+02  0.347011600000E+02  0.657000000000E+00
   13396 -0.765982700000E+02  0.347027000000E+02  0.614100000000E+01
   13399 -0.766000300000E+02  0.347026300000E+02  0.445700000000E+01
   13416 -0.766069500000E+02  0.347028300000E+02  0.947000000000E+00
   13419 -0.765857900000E+02  0.347026900000E+02  0.140900000000E+01
   13422 -0.765961200000E+02  0.347030100000E+02  0.531200000000E+01
   13424 -0.766216700000E+02  0.347028800000E+02  0.744000000000E+00
   13441 -0.766129900000E+02  0.347030000000E+02  0.269200000000E+01
   13458 -0.766050500000E+02  0.347032200000E+02  0.132100000000E+01
   13492 -0.766032000000E+02  0.347035900000E+02  0.183200000000E+01
   13496 -0.766165100000E+02  0.347036900000E+02  0.235900000000E+01
   13502 -0.765889500000E+02  0.347035500000E+02  0.652000000000E+00
   13513 -0.766182600000E+02  0.347037400000E+02  0.119500000000E+01
   13516 -0.765936700000E+02  0.347037400000E+02  0.823000000000E+00
   13532 -0.766107800000E+02  0.347038700000E+02  0.116500000000E+01
   13534 -0.766013700000E+02  0.347039200000E+02  0.150900000000E+01
   13560 -0.766146200000E+02  0.347041300000E+02  0.238300000000E+01
   13561 -0.766085100000E+02  0.347041300000E+02  0.218800000000E+01
   13565 -0.765995200000E+02  0.347042000000E+02  0.116200000000E+01
   13583 -0.766194800000E+02  0.347044000000E+02  0.919000000000E+00
   13605 -0.766065200000E+02  0.347044900000E+02  0.211100000000E+01
   13609 -0.765975500000E+02  0.347045700000E+02  0.118000000000E+01
   13655 -0.766046100000E+02  0.347048000000E+02  0.173500000000E+01
   13662 -0.766173700000E+02  0.347049300000E+02  0.223300000000E+01
   13673 -0.765912900000E+02  0.347048200000E+02  0.766000000000E+00
   13680 -0.766128000000E+02  0.347048000000E+02  0.192400000000E+01
   13702 -0.766027700000E+02  0.347051400000E+02  0.110000000000E+01
   13704 -0.765954100000E+02  0.347051800000E+02  0.216500000000E+01
   13707 -0.766097100000E+02  0.347052600000E+02  0.146900000000E+01
   13721 -0.766159400000E+02  0.347053000000E+02  0.231700000000E+01
   13724 -0.765869700000E+02  0.347053300000E+02  0.275700000000E+01
   13725 -0.766186100000E+02  0.347053500000E+02  0.976000000000E+00
   13761 -0.766009200000E+02  0.347054900000E+02  0.118200000000E+01
   13762 -0.765848600000E+02  0.347048200000E+02  0.115300000000E+01
   13771 -0.766178200000E+02  0.347056500000E+02  0.199400000000E+01
   13787 -0.766112700000E+02  0.347057100000E+02  0.146400000000E+01
   13789 -0.766143000000E+02  0.347056600000E+02  0.213500000000E+01
   13804 -0.766182400000E+02  0.347059000000E+02  0.185000000000E+01
   13813 -0.766171000000E+02  0.347058500000E+02  0.224300000000E+01
   13819 -0.765990000000E+02  0.347058900000E+02  0.137000000000E+01
   13826 -0.766080600000E+02  0.347059400000E+02  0.114700000000E+01
   13844 -0.766059400000E+02  0.347060500000E+02  0.107800000000E+01
   13857 -0.765932400000E+02  0.347060800000E+02  0.531300000000E+01
   13862 -0.766178000000E+02  0.347062000000E+02  0.263700000000E+01
   13872 -0.765891700000E+02  0.347062200000E+02  0.914000000000E+00
   13876 -0.766152900000E+02  0.347063400000E+02  0.172500000000E+01
   13883 -0.766041400000E+02  0.347063200000E+02  0.970000000000E+00
   13891 -0.766163700000E+02  0.347065100000E+02  0.201900000000E+01
   13893 -0.765969900000E+02  0.347064500000E+02  0.112500000000E+01
   13895 -0.766128700000E+02  0.347064000000E+02  0.120500000000E+01
   13899 -0.766173000000E+02  0.347065400000E+02  0.261100000000E+01
   13928 -0.766099400000E+02  0.347066700000E+02  0.146600000000E+01
   13931 -0.766023600000E+02  0.347067100000E+02  0.118000000000E+01
   13949 -0.765856200000E+02  0.347069400000E+02  0.154200000000E+01
   13966 -0.766142900000E+02  0.347069900000E+02  0.178200000000E+01
   13987 -0.766004900000E+02  0.347071100000E+02  0.158700000000E+01
   14007 -0.766164200000E+02  0.347072400000E+02  0.243400000000E+01
   14015 -0.766155300000E+02  0.347072700000E+02  0.174700000000E+01
   14016 -0.765949500000E+02  0.347072500000E+02  0.143800000000E+01
   14022 -0.766071100000E+02  0.347073300000E+02  0.688000000000E+00
   14025 -0.766115300000E+02  0.347072600000E+02  0.116800000000E+01
   14030 -0.765911600000E+02  0.347072500000E+02  0.858000000000E+00
   14040 -0.766052300000E+02  0.347074500000E+02  0.728000000000E+00
   14075 -0.766087400000E+02  0.347076000000E+02  0.701000000000E+00
   14084 -0.765985300000E+02  0.347075600000E+02  0.126700000000E+01
   14111 -0.765874300000E+02  0.347077400000E+02  0.230600000000E+01
   14139 -0.766039400000E+02  0.347077400000E+02  0.891000000000E+00
   14159 -0.766130600000E+02  0.347080100000E+02  0.818000000000E+00
   14187 -0.766146800000E+02  0.347082700000E+02  0.108200000000E+01
   14188 -0.766103100000E+02  0.347082500000E+02  0.145600000000E+01
   14192 -0.766161600000E+02  0.347082900000E+02  0.139300000000E+01
   14195 -0.765965000000E+02  0.347082600000E+02  0.800000000000E+00
   14203 -0.765929600000E+02  0.347082800000E+02  0.499600000000E+01
   14218 -0.766019100000E+02  0.347084500000E+02  0.129400000000E+01
   14245 -0.766116900000E+02  0.347085200000E+02  0.547000000000E+00
   14252 -0.765892300000E+02  0.347086300000E+02  0.281100000000E+01
   14259 -0.766002500000E+02  0.347085400000E+02  0.150900000000E+01
   14294 -0.765862300000E+02  0.347090200000E+02  0.100700000000E+01
   14307 -0.765979500000E+02  0.347090900000E+02  0.648000000000E+00
   14319 -0.766138200000E+02  0.347092000000E+02  0.256000000000E+01
   14340 -0.765946000000E+02  0.347092400000E+02  0.192200000000E+01
   14359 -0.766125400000E+02  0.347094200000E+02  0.797000000000E+00
   14385 -0.765910600000E+02  0.347094800000E+02  0.210700000000E+01
   14393 -0.766110200000E+02  0.347096400000E+02  0.532000000000E+00
   14419 -0.766089900000E+02  0.347098200000E+02  0.703000000000E+00
   14421 -0.766152000000E+02  0.347098400000E+02  0.905000000000E+00
   14445 -0.765959280000E+02  0.347096250000E+02  0.126700000000E+01
   14478 -0.765873600000E+02  0.347103100000E+02  0.122300000000E+01
   14507 -0.765968000000E+02  0.347104900000E+02  0.960000000000E+00
   14511 -0.765927800000E+02  0.347103900000E+02  0.411300000000E+01
   14513 -0.766135900000E+02  0.347104600000E+02  0.956000000000E+00
   14545 -0.766120800000E+02  0.347107100000E+02  0.112500000000E+01
   14567 -0.765892300000E+02  0.347107600000E+02  0.237800000000E+01
   14630 -0.766104800000E+02  0.347111200000E+02  0.194500000000E+01
   14659 -0.765944200000E+02  0.347112700000E+02  0.197100000000E+01
   14704 -0.766130900000E+02  0.347115900000E+02  0.925000000000E+00
   14716 -0.765909700000E+02  0.347115500000E+02  0.290300000000E+01
   14720 -0.765957900000E+02  0.347116900000E+02  0.100000000000E+01
   14782 -0.766087100000E+02  0.347117600000E+02  0.820000000000E+00
   14787 -0.766148100000E+02  0.347120100000E+02  0.765000000000E+00
   14788 -0.766160300000E+02  0.347110000000E+02  0.839000000000E+00
   14823 -0.766117900000E+02  0.347120400000E+02  0.173300000000E+01
   14835 -0.765875400000E+02  0.347120000000E+02  0.997000000000E+00
   14930 -0.766161400000E+02  0.347125300000E+02  0.163200000000E+01
   14931 -0.766172800000E+02  0.347114200000E+02  0.740000000000E+00
   14945 -0.765926700000E+02  0.347125500000E+02  0.146300000000E+01
   14973 -0.765892700000E+02  0.347126000000E+02  0.181700000000E+01
   15005 -0.766102900000E+02  0.347127300000E+02  0.559000000000E+00
   15028 -0.765970400000E+02  0.347129400000E+02  0.596000000000E+00
   15037 -0.766131700000E+02  0.347127000000E+02  0.648000000000E+00
   15151 -0.765871100000E+02  0.347130300000E+02  0.893000000000E+00
   15152 -0.765879600000E+02  0.347134600000E+02  0.194500000000E+01
   15170 -0.766116100000E+02  0.347134200000E+02  0.110600000000E+01
   15183 -0.765908100000E+02  0.347135400000E+02  0.151900000000E+01
   15186 -0.766183100000E+02  0.347128400000E+02  0.102700000000E+01
   15207 -0.766089400000E+02  0.347136900000E+02  0.369200000000E+01
   15209 -0.765946800000E+02  0.347137300000E+02  0.225700000000E+01
   15211 -0.766077500000E+02  0.347132700000E+02  0.116500000000E+01
   15309 -0.765860900000E+02  0.347136900000E+02  0.130800000000E+01
   15310 -0.765869100000E+02  0.347140900000E+02  0.208400000000E+01
   15344 -0.765891400000E+02  0.347142600000E+02  0.125700000000E+01
   15352 -0.766163600000E+02  0.347140300000E+02  0.729000000000E+00
   15366 -0.766102300000E+02  0.347143300000E+02  0.918000000000E+00
   15382 -0.765852100000E+02  0.347138300000E+02  0.117000000000E+01
   15383 -0.765858800000E+02  0.347145000000E+02  0.210000000000E+01
   15398 -0.765762000000E+02  0.347131400000E+02  0.690000000000E+00
   15446 -0.765840700000E+02  0.347136900000E+02  0.987000000000E+00
   15447 -0.765847200000E+02  0.347147100000E+02  0.205000000000E+01
   15458 -0.765826500000E+02  0.347135100000E+02  0.602000000000E+00
   15459 -0.765834100000E+02  0.347147400000E+02  0.171400000000E+01
   15472 -0.765877600000E+02  0.347148000000E+02  0.144600000000E+01
   15475 -0.765812000000E+02  0.347137400000E+02  0.547000000000E+00
   15476 -0.765820400000E+02  0.347148100000E+02  0.148900000000E+01
   15484 -0.765924100000E+02  0.347148100000E+02  0.867000000000E+00
   15496 -0.766185000000E+02  0.347144400000E+02  0.792000000000E+00
   15504 -0.766062400000E+02  0.347145300000E+02  0.911000000000E+00
   15505 -0.766075900000E+02  0.347148300000E+02  0.362300000000E+01
   15507 -0.765796100000E+02  0.347139200000E+02  0.471000000000E+00
   15508 -0.765806500000E+02  0.347149600000E+02  0.185100000000E+01
   15513 -0.765763200000E+02  0.347147500000E+02  0.152600000000E+01
   15514 -0.765782300000E+02  0.347139500000E+02  0.720000000000E+00
   15527 -0.765866800000E+02  0.347150500000E+02  0.170000000000E+01
   15553 -0.765793500000E+02  0.347151200000E+02  0.226000000000E+01
   15570 -0.766090600000E+02  0.347152400000E+02  0.971000000000E+00
   15606 -0.765773500000E+02  0.347154700000E+02  0.244300000000E+01
   15610 -0.765783800000E+02  0.347154500000E+02  0.251700000000E+01
   15611 -0.765903500000E+02  0.347154900000E+02  0.862000000000E+00
   15650 -0.765856600000E+02  0.347156000000E+02  0.143800000000E+01
   15655 -0.765887200000E+02  0.347156700000E+02  0.114000000000E+01
   15675 -0.765828200000E+02  0.347158100000E+02  0.176200000000E+01
   15694 -0.765841500000E+02  0.347159200000E+02  0.151600000000E+01
   15722 -0.765801800000E+02  0.347160500000E+02  0.161600000000E+01
   15729 -0.766163500000E+02  0.347156500000E+02  0.665000000000E+00
   15731 -0.766046100000E+02  0.347155000000E+02  0.149700000000E+01
   15732 -0.766060600000E+02  0.347159300000E+02  0.329200000000E+01
   15734 -0.765815100000E+02  0.347161300000E+02  0.117200000000E+01
   15766 -0.765871700000E+02  0.347162700000E+02  0.142600000000E+01
   15774 -0.765779300000E+02  0.347163200000E+02  0.171200000000E+01
   15780 -0.765790300000E+02  0.347163800000E+02  0.140000000000E+01
   15794 -0.765963100000E+02  0.347164400000E+02  0.718000000000E+00
   15797 -0.765941100000E+02  0.347164300000E+02  0.202600000000E+01
   15815 -0.766074800000E+02  0.347163000000E+02  0.169600000000E+01
   15841 -0.765768700000E+02  0.347165800000E+02  0.144500000000E+01
   15899 -0.766181400000E+02  0.347168000000E+02  0.108600000000E+01
   15933 -0.766030100000E+02  0.347163800000E+02  0.275500000000E+01
   15934 -0.766044700000E+02  0.347169200000E+02  0.570000000000E+00
   15947 -0.765918500000E+02  0.347171400000E+02  0.866000000000E+00
   15954 -0.765853100000E+02  0.347171600000E+02  0.113000000000E+01
   16016 -0.765829900000E+02  0.347174600000E+02  0.584000000000E+00
   16028 -0.765891800000E+02  0.347175100000E+02  0.947000000000E+00
   16041 -0.766059600000E+02  0.347175300000E+02  0.960000000000E+00
   16056 -0.765803800000E+02  0.347176500000E+02  0.555000000000E+00
   16059 -0.766031400000E+02  0.347176200000E+02  0.804000000000E+00
   16068 -0.765955700000E+02  0.347177700000E+02  0.147800000000E+01
   16070 -0.765758100000E+02  0.347177000000E+02  0.710000000000E+00
   16071 -0.766161100000E+02  0.347174700000E+02  0.675000000000E+00
   16074 -0.765779900000E+02  0.347177200000E+02  0.556000000000E+00
   16076 -0.766018400000E+02  0.347174000000E+02  0.455300000000E+01
   16138 -0.765869300000E+02  0.347181100000E+02  0.103200000000E+01
   16149 -0.765972800000E+02  0.347176200000E+02  0.961000000000E+00
   16214 -0.766040400000E+02  0.347185500000E+02  0.595000000000E+00
   16268 -0.765938500000E+02  0.347186700000E+02  0.100200000000E+01
   16273 -0.766023300000E+02  0.347188300000E+02  0.619000000000E+00
   16278 -0.766176700000E+02  0.347188000000E+02  0.169200000000E+01
   16318 -0.766010300000E+02  0.347179400000E+02  0.343700000000E+01
   16362 -0.765994400000E+02  0.347177800000E+02  0.652000000000E+00
   16363 -0.766007500000E+02  0.347191200000E+02  0.603000000000E+00
   16395 -0.766158300000E+02  0.347190700000E+02  0.894000000000E+00
   16409 -0.765767900000E+02  0.347195400000E+02  0.117300000000E+01
   16433 -0.765963000000E+02  0.347196700000E+02  0.168100000000E+01
   16446 -0.765989900000E+02  0.347195700000E+02  0.852000000000E+00
   16450 -0.765849700000E+02  0.347196200000E+02  0.692000000000E+00
   16463 -0.765791100000E+02  0.347198700000E+02  0.649000000000E+00
   16484 -0.765818200000E+02  0.347199500000E+02  0.676000000000E+00
   16491 -0.765880100000E+02  0.347199700000E+02  0.768000000000E+00
   16497 -0.765912200000E+02  0.347199400000E+02  0.860000000000E+00
   16551 -0.766176100000E+02  0.347198800000E+02  0.178200000000E+01
   16687 -0.765755800000E+02  0.347209900000E+02  0.117900000000E+01
   16751 -0.765940600000E+02  0.347210700000E+02  0.860000000000E+00
   16761 -0.765983100000E+02  0.347211500000E+02  0.580000000000E+00
   16824 -0.766169700000E+02  0.347213500000E+02  0.903000000000E+00
   16886 -0.766213900000E+02  0.347193300000E+02  0.966000000000E+00
   16887 -0.766189700000E+02  0.347206300000E+02  0.932000000000E+00
   16888 -0.766203800000E+02  0.347216400000E+02  0.129800000000E+01
   16904 -0.765775500000E+02  0.347216500000E+02  0.125600000000E+01
   17033 -0.765960500000E+02  0.347218700000E+02  0.232100000000E+01
   17116 -0.765864000000E+02  0.347222700000E+02  0.122100000000E+01
   17170 -0.765833300000E+02  0.347223900000E+02  0.155400000000E+01
   17190 -0.765893700000E+02  0.347224100000E+02  0.861000000000E+00
   17223 -0.765759300000E+02  0.347223200000E+02  0.706000000000E+00
   17268 -0.765801500000E+02  0.347227000000E+02  0.135100000000E+01
   17284 -0.766182800000E+02  0.347227600000E+02  0.146700000000E+01
   17317 -0.765922000000E+02  0.347228100000E+02  0.860000000000E+00
   17486 -0.765947000000E+02  0.347234200000E+02  0.224800000000E+01
   17657 -0.765969000000E+02  0.347240300000E+02  0.822000000000E+00
   17733 -0.765777200000E+02  0.347244500000E+02  0.682000000000E+00
   17750 -0.765878100000E+02  0.347246200000E+02  0.165500000000E+01
   17751 -0.765848900000E+02  0.347246200000E+02  0.151100000000E+01
   17792 -0.765906000000E+02  0.347248300000E+02  0.748000000000E+00
   17853 -0.765817300000E+02  0.347251500000E+02  0.112200000000E+01
   17855 -0.765932500000E+02  0.347251800000E+02  0.812000000000E+00
   17908 -0.765957300000E+02  0.347255500000E+02  0.197900000000E+01
   17909 -0.765797900000E+02  0.347254500000E+02  0.938000000000E+00
   17961 -0.765980500000E+02  0.347257900000E+02  0.679000000000E+00
   17962 -0.766007700000E+02  0.347244800000E+02  0.716000000000E+00
   18022 -0.765836600000E+02  0.347266000000E+02  0.100400000000E+01
   18035 -0.765864300000E+02  0.347267200000E+02  0.124600000000E+01
   18059 -0.765891400000E+02  0.347268800000E+02  0.685000000000E+00
   18076 -0.765918200000E+02  0.347271100000E+02  0.120500000000E+01
   18099 -0.765944400000E+02  0.347273600000E+02  0.244200000000E+01
   18112 -0.765970400000E+02  0.347275200000E+02  0.111000000000E+01
       1 3    12605    12718    12719
       2 3    12605    12719    12606
       3 3    12606    12719    12789
       4 3    12606    12789    12652
       5 3    12718    12821    12822
       6 3    12718    12822    12719
       7 3    12652    12789    12832
       8 3    12590    12853    12664
       9 3    12590    12785    12853
      10 3    12719    12822    12887
      11 3    12719    12887    12789
      12 3    12761    12664    12904
      13 3    12821    12910    12911
      14 3    12821    12911    12822
      15 3    12664    12853    12904
      16 3    12789    12959    12832
      17 3    12789    12887    12959
      18 3    12822    12911    12986
      19 3    12910    12993    12994
      20 3    12822    12986    12887
      21 3    12832    12959    13003
      22 3    12910    12994    12911
      23 3    12785    13040    12853
      24 3    12853    13045    12904
      25 3    12785    12921    13040
      26 3    12887    12986    13062
      27 3    12993    13066    13067
      28 3    12887    13062    12959
      29 3    12911    12994    13083
      30 3    12993    13067    12994
      31 3    12853    13040    13045
      32 3    12911    13083    12986
      33 3    12959    13121    13003
      34 3    12959    13062    13121
      35 3    13066    13127    13128
      36 3    12921    12883    13140
      37 3    13066    13128    13067
      38 3    12994    13067    13162
      39 3    12986    13083    13164
      40 3    12883    13051    13140
      41 3    12986    13164    13062
      42 3    12904    13045    13190
      43 3    13127    13192    13193
      44 3    12994    13162    13083
      45 3    13127    13193    13128
      46 3    12921    13140    13040
      47 3    13003    13121    13181
      48 3    13067    13128    13230
      49 3    13062    13164    13234
      50 3    13045    13040    13245
      51 3    13062    13234    13121
      52 3    13192    13259    13260
      53 3    13067    13230    13162
      54 3    13259    13273    13274
      55 3    13192    13260    13193
      56 3    13083    13162    13295
      57 3    13259    13274    13260
      58 3    13128    13193    13307
      59 3    13121    13234    13312
      60 3    13273    13323    13324
      61 3    13045    13245    13190
      62 3    13083    13295    13164
      63 3    13040    13140    13336
      64 3    13128    13307    13230
      65 3    13121    13312    13181
      66 3    13273    13324    13274
      67 3    13162    13230    13354
      68 3    13040    13336    13245
      69 3    13193    13260    13362
      70 3    13323    13366    13367
      71 3    13164    13295    13374
      72 3    13164    13374    13234
      73 3    13395    13190    13396
      74 3    13366    13395    13399
      75 3    13193    13362    13307
      76 3    13323    13367    13324
      77 3    13260    13274    13416
      78 3    13162    13354    13295
      79 3    13051    13053    13419
      80 3    13190    13245    13422
      81 3    13234    13374    13424
      82 3    13051    13419    13140
      83 3    13366    13399    13367
      84 3    13230    13307    13441
      85 3    13395    13396    13399
      86 3    13260    13416    13362
      87 3    13274    13324    13458
      88 3    13190    13422    13396
      89 3    13230    13441    13354
      90 3    13274    13458    13416
      91 3    13324    13367    13492
      92 3    13354    13496    13295
      93 3    13234    13424    13312
      94 3    13140    13502    13336
      95 3    13295    13513    13374
      96 3    13245    13336    13516
      97 3    13140    13419    13502
      98 3    13307    13362    13532
      99 3    13367    13399    13534
     100 3    13324    13492    13458
     101 3    13295    13496    13513
     102 3    13245    13516    13422
     103 3    13354    13441    13560
     104 3    13362    13416    13561
     105 3    13399    13396    13565
     106 3    13307    13532    13441
     107 3    13367    13534    13492
     108 3    13374    13513    13583
     109 3    13354    13560    13496
     110 3    13416    13458    13605
     111 3    13396    13422    13609
     112 3    13399    13565    13534
     113 3    13362    13561    13532
     114 3    13374    13583    13424
     115 3    13458    13492    13655
     116 3    13496    13662    13513
     117 3    13416    13605    13561
     118 3    13396    13609    13565
     119 3    13336    13502    13673
     120 3    13441    13532    13680
     121 3    13441    13680    13560
     122 3    13336    13673    13516
     123 3    13492    13534    13702
     124 3    13422    13516    13704
     125 3    13532    13561    13707
     126 3    13458    13655    13605
     127 3    13496    13560    13721
     128 3    13419    13724    13502
     129 3    13513    13725    13583
     130 3    13513    13662    13725
     131 3    13496    13721    13662
     132 3    13422    13704    13609
     133 3    13534    13565    13761
     134 3    13492    13702    13655
     135 3    13419    13762    13724
     136 3    13662    13771    13725
     137 3    13532    13787    13680
     138 3    13560    13680    13789
     139 3    13725    13771    13804
     140 3    13532    13707    13787
     141 3    13534    13761    13702
     142 3    13662    13813    13771
     143 3    13565    13609    13819
     144 3    13560    13789    13721
     145 3    13662    13721    13813
     146 3    13561    13605    13826
     147 3    13605    13655    13844
     148 3    13561    13826    13707
     149 3    13516    13673    13857
     150 3    13771    13862    13804
     151 3    13771    13813    13862
     152 3    13565    13819    13761
     153 3    13502    13872    13673
     154 3    13721    13789    13876
     155 3    13516    13857    13704
     156 3    13655    13702    13883
     157 3    13502    13724    13872
     158 3    13721    13891    13813
     159 3    13609    13704    13893
     160 3    13680    13895    13789
     161 3    13813    13899    13862
     162 3    13680    13787    13895
     163 3    13721    13876    13891
     164 3    13605    13844    13826
     165 3    13655    13883    13844
     166 3    13707    13928    13787
     167 3    13702    13761    13931
     168 3    13813    13891    13899
     169 3    13609    13893    13819
     170 3    13762    13949    13724
     171 3    13789    13966    13876
     172 3    13702    13931    13883
     173 3    13707    13826    13928
     174 3    13789    13895    13966
     175 3    13761    13819    13987
     176 3    13876    14015    13891
     177 3    13704    13857    14016
     178 3    13826    13844    14022
     179 3    13787    14025    13895
     180 3    13673    13872    14030
     181 3    13673    14030    13857
     182 3    13844    13883    14040
     183 3    13891    14015    14007
     184 3    13787    13928    14025
     185 3    13761    13987    13931
     186 3    13704    14016    13893
     187 3    13876    13966    14015
     188 3    13826    14075    13928
     189 3    13819    13893    14084
     190 3    13724    14111    13872
     191 3    13724    13949    14111
     192 3    13826    14022    14075
     193 3    13883    14139    14040
     194 3    13883    13931    14139
     195 3    13819    14084    13987
     196 3    13844    14040    14022
     197 3    13895    14159    13966
     198 3    13895    14025    14159
     199 3    13966    14187    14015
     200 3    13928    14188    14025
     201 3    14007    14015    14192
     202 3    13893    14016    14195
     203 3    13857    14030    14203
     204 3    13928    14075    14188
     205 3    13857    14203    14016
     206 3    13931    13987    14218
     207 3    13893    14195    14084
     208 3    14025    14245    14159
     209 3    13966    14159    14187
     210 3    13872    14111    14252
     211 3    13872    14252    14030
     212 3    13987    14084    14259
     213 3    14025    14188    14245
     214 3    14015    14187    14192
     215 3    13931    14218    14139
     216 3    13987    14259    14218
     217 3    13949    14294    14111
     218 3    14084    14195    14307
     219 3    14159    14319    14187
     220 3    14016    14203    14340
     221 3    14159    14245    14359
     222 3    14016    14340    14195
     223 3    14030    14252    14385
     224 3    14159    14359    14319
     225 3    14245    14188    14393
     226 3    14030    14385    14203
     227 3    14084    14307    14259
     228 3    14075    14419    14188
     229 3    14187    14421    14192
     230 3    14187    14319    14421
     231 3    14195    14340    14445
     232 3    14245    14393    14359
     233 3    14294    14478    14111
     234 3    14188    14419    14393
     235 3    14195    14445    14307
     236 3    14111    14478    14252
     237 3    14445    14507    14307
     238 3    14203    14385    14511
     239 3    14319    14359    14513
     240 3    14203    14511    14340
     241 3    14359    14393    14545
     242 3    14319    14513    14421
     243 3    14252    14567    14385
     244 3    14252    14478    14567
     245 3    14359    14545    14513
     246 3    14393    14419    14630
     247 3    14340    14511    14659
     248 3    14340    14659    14445
     249 3    14393    14630    14545
     250 3    14513    14545    14704
     251 3    14385    14567    14716
     252 3    14445    14720    14507
     253 3    14385    14716    14511
     254 3    14445    14659    14720
     255 3    14419    14782    14630
     256 3    14421    14787    14788
     257 3    14421    14513    14787
     258 3    14545    14630    14823
     259 3    14478    14835    14567
     260 3    14545    14823    14704
     261 3    14513    14704    14787
     262 3    14788    14930    14931
     263 3    14511    14716    14945
     264 3    14788    14787    14930
     265 3    14511    14945    14659
     266 3    14567    14973    14716
     267 3    14567    14835    14973
     268 3    14630    14782    15005
     269 3    14630    15005    14823
     270 3    14507    14720    15028
     271 3    14704    14823    15037
     272 3    14704    15037    14787
     273 3    14835    15151    15152
     274 3    14835    15152    14973
     275 3    14823    15005    15170
     276 3    14716    14973    15183
     277 3    14931    14930    15186
     278 3    14823    15170    15037
     279 3    14782    15207    15005
     280 3    14659    15209    14720
     281 3    14782    15211    15207
     282 3    14716    15183    14945
     283 3    14659    14945    15209
     284 3    15151    15309    15310
     285 3    15151    15310    15152
     286 3    14720    15209    15028
     287 3    14973    15152    15344
     288 3    14930    15352    15186
     289 3    15005    15207    15366
     290 3    15005    15366    15170
     291 3    14973    15344    15183
     292 3    15309    15382    15383
     293 3    15382    15446    15447
     294 3    15446    15458    15459
     295 3    15309    15383    15310
     296 3    15152    15310    15472
     297 3    15458    15475    15476
     298 3    14945    15183    15484
     299 3    15186    15352    15496
     300 3    15211    15504    15505
     301 3    15475    15507    15508
     302 3    15211    15505    15207
     303 3    15152    15472    15344
     304 3    15398    15513    15514
     305 3    15382    15447    15383
     306 3    15310    15383    15527
     307 3    14945    15484    15209
     308 3    15446    15459    15447
     309 3    15458    15476    15459
     310 3    15507    15514    15553
     311 3    15310    15527    15472
     312 3    15207    15570    15366
     313 3    15475    15508    15476
     314 3    15507    15553    15508
     315 3    15207    15505    15570
     316 3    15514    15513    15606
     317 3    15514    15610    15553
     318 3    15183    15344    15611
     319 3    15514    15606    15610
     320 3    15383    15447    15650
     321 3    15344    15472    15655
     322 3    15383    15650    15527
     323 3    15459    15476    15675
     324 3    15183    15611    15484
     325 3    15447    15459    15694
     326 3    15508    15553    15722
     327 3    15344    15655    15611
     328 3    15352    15729    15496
     329 3    15504    15731    15732
     330 3    15476    15508    15734
     331 3    15459    15675    15694
     332 3    15504    15732    15505
     333 3    15527    15766    15472
     334 3    15447    15694    15650
     335 3    15610    15606    15774
     336 3    15476    15734    15675
     337 3    15553    15610    15780
     338 3    15028    15209    15794
     339 3    15209    15484    15797
     340 3    15508    15722    15734
     341 3    15505    15732    15815
     342 3    15553    15780    15722
     343 3    15472    15766    15655
     344 3    15505    15815    15570
     345 3    15610    15774    15780
     346 3    15527    15650    15766
     347 3    15606    15841    15774
     348 3    15209    15797    15794
     349 3    15496    15729    15899
     350 3    15731    15933    15934
     351 3    15484    15611    15947
     352 3    15650    15694    15954
     353 3    15731    15934    15732
     354 3    15484    15947    15797
     355 3    15675    16016    15694
     356 3    15650    15954    15766
     357 3    15655    16028    15611
     358 3    15732    15934    16041
     359 3    15675    15734    16016
     360 3    15722    16056    15734
     361 3    15732    16041    15815
     362 3    15933    16059    15934
     363 3    15794    15797    16068
     364 3    15729    16071    15899
     365 3    15722    15780    16056
     366 3    15774    16074    15780
     367 3    15774    15841    16074
     368 3    15933    16076    16059
     369 3    15655    15766    16028
     370 3    15766    15954    16138
     371 3    15794    16068    16149
     372 3    15694    16016    15954
     373 3    15611    16028    15947
     374 3    15934    16059    16214
     375 3    15766    16138    16028
     376 3    15734    16056    16016
     377 3    15841    16070    16074
     378 3    15780    16074    16056
     379 3    15797    16268    16068
     380 3    16076    16273    16059
     381 3    15797    15947    16268
     382 3    15899    16071    16278
     383 3    15934    16214    16041
     384 3    16076    16318    16273
     385 3    16318    16362    16363
     386 3    16059    16273    16214
     387 3    16071    16395    16278
     388 3    16318    16363    16273
     389 3    16070    16409    16074
     390 3    16068    16433    16149
     391 3    16362    16149    16446
     392 3    15954    16016    16450
     393 3    15954    16450    16138
     394 3    16074    16463    16056
     395 3    16362    16446    16363
     396 3    16016    16056    16484
     397 3    16138    16491    16028
     398 3    15947    16028    16497
     399 3    16278    16395    16551
     400 3    15947    16497    16268
     401 3    16068    16268    16433
     402 3    16074    16409    16463
     403 3    16149    16433    16446
     404 3    16056    16463    16484
     405 3    16016    16484    16450
     406 3    16028    16491    16497
     407 3    16138    16450    16491
     408 3    16268    16751    16433
     409 3    16446    16433    16761
     410 3    16551    16395    16824
     411 3    16268    16497    16751
     412 3    16886    16887    16888
     413 3    16409    16904    16463
     414 3    16409    16687    16904
     415 3    16551    16824    16887
     416 3    16433    16751    17033
     417 3    16433    17033    16761
     418 3    16450    17116    16491
     419 3    16484    17170    16450
     420 3    16491    17190    16497
     421 3    16687    17223    16904
     422 3    16463    17268    16484
     423 3    16887    16824    17284
     424 3    16497    17317    16751
     425 3    16463    16904    17268
     426 3    16887    17284    16888
     427 3    16450    17170    17116
     428 3    16491    17116    17190
     429 3    16497    17190    17317
     430 3    16751    17486    17033
     431 3    16484    17268    17170
     432 3    16751    17317    17486
     433 3    17033    17657    16761
     434 3    17033    17486    17657
     435 3    16904    17223    17733
     436 3    17116    17750    17190
     437 3    17116    17170    17751
     438 3    16904    17733    17268
     439 3    17190    17792    17317
     440 3    17268    17853    17170
     441 3    17317    17855    17486
     442 3    17116    17751    17750
     443 3    17657    17486    17908
     444 3    17268    17733    17909
     445 3    17190    17750    17792
     446 3    17268    17909    17853
     447 3    17317    17792    17855
     448 3    17170    17853    17751
     449 3    17657    17961    17962
     450 3    17486    17855    17908
     451 3    17657    17908    17961
     452 3    17751    17853    18022
     453 3    17750    17751    18035
     454 3    17750    18059    17792
     455 3    17792    18076    17855
     456 3    17908    17855    18099
     457 3    17961    17908    18112
     458 3    17751    18022    18035
     459 3    17750    18035    18059
     460 3    17792    18059    18076
     461 3    17855    18076    18099
     462 3    17908    18099    18112
 0                                                                              
 0                                                                              
 6                                                                              
 102                                                                            
      16       1                                                                
   12605
   12718
   12821
   12910
   12993
   13066
   13127
   13192
   13259
   13273
   13323
   13366
   13395
   13190
   12904
   12761
      16       1                                                                
   13053
   13419
   13762
   13949
   14294
   14478
   14835
   15151
   15309
   15382
   15446
   15458
   15475
   15507
   15514
   15398
       6       1                                                                
   13804
   13725
   13583
   13424
   13312
   13181
      17       1                                                                
   17223
   17733
   17909
   17853
   18022
   16886
   16887
   16551
   16278
   15899
   15496
   15186
   14931
   14788
   14421
   14192
   14007
      21       1                                                                
   14022
   14075
   14419
   14782
   15211
   15504
   15731
   15933
   16076
   16318
   16362
   16149
   15794
   15028
   14507
   14307
   14259
   14218
   14139
   14040
   14022
      22       1                                                                
   14787
   14930
   15352
   15729
   16071
   16395
   16824
   17284
   17962
   17657
   16761
   16446
   16363
   16273
   16214
   16041
   15815
   15570
   15366
   15170
   15037
   14787
