bi_1997_v2.grd                                                                  
     453     282
   14364 -0.769464600000E+02  0.347090400000E+02  0.179200000000E+01
   14365 -0.769469000000E+02  0.347094500000E+02  0.355300000000E+01
   14389 -0.769458400000E+02  0.347092100000E+02  0.175200000000E+01
   14390 -0.769462300000E+02  0.347096200000E+02  0.354100000000E+01
   14410 -0.769451100000E+02  0.347094000000E+02  0.167000000000E+01
   14411 -0.769455700000E+02  0.347097600000E+02  0.340300000000E+01
   14429 -0.769445100000E+02  0.347095600000E+02  0.166800000000E+01
   14430 -0.769449500000E+02  0.347098900000E+02  0.328400000000E+01
   14443 -0.769439400000E+02  0.347096500000E+02  0.143000000000E+01
   14444 -0.769444000000E+02  0.347100300000E+02  0.323900000000E+01
   14449 -0.769466500000E+02  0.347100800000E+02  0.280700000000E+01
   14461 -0.769459500000E+02  0.347101800000E+02  0.329600000000E+01
   14462 -0.769434400000E+02  0.347097800000E+02  0.135700000000E+01
   14463 -0.769438600000E+02  0.347101700000E+02  0.324900000000E+01
   14474 -0.769453400000E+02  0.347102600000E+02  0.389700000000E+01
   14481 -0.769429200000E+02  0.347099300000E+02  0.134100000000E+01
   14482 -0.769433300000E+02  0.347103100000E+02  0.325800000000E+01
   14490 -0.769448100000E+02  0.347103600000E+02  0.390100000000E+01
   14508 -0.769423800000E+02  0.347101000000E+02  0.137200000000E+01
   14509 -0.769428200000E+02  0.347104800000E+02  0.330400000000E+01
   14515 -0.769443000000E+02  0.347105200000E+02  0.386900000000E+01
   14534 -0.769419300000E+02  0.347101900000E+02  0.119900000000E+01
   14535 -0.769423100000E+02  0.347106500000E+02  0.337500000000E+01
   14536 -0.769451300000E+02  0.347106700000E+02  0.121900000000E+01
   14537 -0.769462700000E+02  0.347106700000E+02  0.652000000000E+00
   14541 -0.769456600000E+02  0.347107000000E+02  0.790000000000E+00
   14542 -0.769437300000E+02  0.347107200000E+02  0.385900000000E+01
   14553 -0.769414200000E+02  0.347103500000E+02  0.123200000000E+01
   14554 -0.769417700000E+02  0.347108100000E+02  0.337000000000E+01
   14555 -0.769447200000E+02  0.347107800000E+02  0.119300000000E+01
   14556 -0.769432200000E+02  0.347108000000E+02  0.390500000000E+01
   14573 -0.769408000000E+02  0.347105300000E+02  0.124800000000E+01
   14574 -0.769411900000E+02  0.347109800000E+02  0.333800000000E+01
   14602 -0.769427600000E+02  0.347110600000E+02  0.337600000000E+01
   14612 -0.769442600000E+02  0.347110800000E+02  0.105900000000E+01
   14619 -0.769401100000E+02  0.347106400000E+02  0.958000000000E+00
   14620 -0.769405700000E+02  0.347111400000E+02  0.324700000000E+01
   14640 -0.769421800000E+02  0.347112600000E+02  0.322400000000E+01
   14641 -0.769451100000E+02  0.347112500000E+02  0.612000000000E+00
   14648 -0.769394300000E+02  0.347108500000E+02  0.104900000000E+01
   14649 -0.769399400000E+02  0.347112900000E+02  0.321700000000E+01
   14670 -0.769434400000E+02  0.347114200000E+02  0.101400000000E+01
   14671 -0.769416000000E+02  0.347114300000E+02  0.323100000000E+01
   14680 -0.769388600000E+02  0.347110000000E+02  0.102900000000E+01
   14681 -0.769393300000E+02  0.347114600000E+02  0.329300000000E+01
   14703 -0.769410000000E+02  0.347116100000E+02  0.318200000000E+01
   14709 -0.769382900000E+02  0.347111500000E+02  0.101100000000E+01
   14710 -0.769387500000E+02  0.347116200000E+02  0.337600000000E+01
   14732 -0.769404000000E+02  0.347117700000E+02  0.313000000000E+01
   14734 -0.769426300000E+02  0.347117800000E+02  0.980000000000E+00
   14735 -0.769377100000E+02  0.347113000000E+02  0.104400000000E+01
   14736 -0.769381700000E+02  0.347117800000E+02  0.344700000000E+01
   14740 -0.769419900000E+02  0.347118100000E+02  0.110900000000E+01
   14765 -0.769398000000E+02  0.347119100000E+02  0.310600000000E+01
   14769 -0.769442700000E+02  0.347118200000E+02  0.612000000000E+00
   14771 -0.769371000000E+02  0.347114700000E+02  0.109300000000E+01
   14772 -0.769375900000E+02  0.347119300000E+02  0.351000000000E+01
   14808 -0.769392100000E+02  0.347120800000E+02  0.298300000000E+01
   14816 -0.769365200000E+02  0.347116300000E+02  0.113300000000E+01
   14817 -0.769370000000E+02  0.347120900000E+02  0.356700000000E+01
   14818 -0.769414400000E+02  0.347121100000E+02  0.110300000000E+01
   14840 -0.769408300000E+02  0.347122100000E+02  0.111200000000E+01
   14854 -0.769386400000E+02  0.347122500000E+02  0.273500000000E+01
   14855 -0.769359100000E+02  0.347117700000E+02  0.105700000000E+01
   14856 -0.769364200000E+02  0.347122400000E+02  0.351600000000E+01
   14889 -0.769380600000E+02  0.347124100000E+02  0.260800000000E+01
   14891 -0.769352800000E+02  0.347119400000E+02  0.107400000000E+01
   14892 -0.769358200000E+02  0.347124000000E+02  0.348700000000E+01
   14894 -0.769402500000E+02  0.347124300000E+02  0.109700000000E+01
   14899 -0.769396400000E+02  0.347124600000E+02  0.112500000000E+01
   14909 -0.769421300000E+02  0.347124700000E+02  0.892000000000E+00
   14926 -0.769374800000E+02  0.347125500000E+02  0.256800000000E+01
   14937 -0.769347200000E+02  0.347120500000E+02  0.916000000000E+00
   14938 -0.769352300000E+02  0.347125600000E+02  0.346000000000E+01
   14948 -0.769432400000E+02  0.347126700000E+02  0.587000000000E+00
   14960 -0.769369100000E+02  0.347127000000E+02  0.242700000000E+01
   14965 -0.769341500000E+02  0.347121900000E+02  0.918000000000E+00
   14966 -0.769346500000E+02  0.347127200000E+02  0.341300000000E+01
   14977 -0.769391100000E+02  0.347127600000E+02  0.107600000000E+01
   15004 -0.769385200000E+02  0.347128600000E+02  0.107200000000E+01
   15010 -0.769336200000E+02  0.347123400000E+02  0.100100000000E+01
   15011 -0.769340500000E+02  0.347128900000E+02  0.341300000000E+01
   15012 -0.769363300000E+02  0.347128700000E+02  0.216100000000E+01
   15054 -0.769330600000E+02  0.347125100000E+02  0.113100000000E+01
   15055 -0.769334300000E+02  0.347130700000E+02  0.349000000000E+01
   15060 -0.769357500000E+02  0.347130400000E+02  0.198400000000E+01
   15066 -0.769379800000E+02  0.347130800000E+02  0.106400000000E+01
   15068 -0.769373700000E+02  0.347130900000E+02  0.109600000000E+01
   15072 -0.769398200000E+02  0.347131100000E+02  0.982000000000E+00
   15078 -0.769410500000E+02  0.347131400000E+02  0.931000000000E+00
   15095 -0.769351600000E+02  0.347132200000E+02  0.193200000000E+01
   15102 -0.769320400000E+02  0.347127600000E+02  0.112000000000E+01
   15103 -0.769327100000E+02  0.347132800000E+02  0.341500000000E+01
   15120 -0.769424600000E+02  0.347133300000E+02  0.689000000000E+00
   15125 -0.769368500000E+02  0.347133600000E+02  0.960000000000E+00
   15139 -0.769345500000E+02  0.347134100000E+02  0.173700000000E+01
   15154 -0.769362600000E+02  0.347134500000E+02  0.636000000000E+00
   15181 -0.769339200000E+02  0.347136000000E+02  0.148700000000E+01
   15220 -0.769357100000E+02  0.347137500000E+02  0.635000000000E+00
   15221 -0.769376100000E+02  0.347137800000E+02  0.781000000000E+00
   15223 -0.769388400000E+02  0.347138000000E+02  0.860000000000E+00
   15228 -0.769332400000E+02  0.347138200000E+02  0.118400000000E+01
   15240 -0.769350600000E+02  0.347138400000E+02  0.739000000000E+00
   15258 -0.769416300000E+02  0.347139400000E+02  0.848000000000E+00
   15318 -0.769400300000E+02  0.347140600000E+02  0.860000000000E+00
   15322 -0.769344600000E+02  0.347141600000E+02  0.855000000000E+00
   15337 -0.769366300000E+02  0.347142400000E+02  0.824000000000E+00
   15342 -0.769337700000E+02  0.347142800000E+02  0.860000000000E+00
   15399 -0.769408500000E+02  0.347146000000E+02  0.847000000000E+00
   15429 -0.769354100000E+02  0.347146900000E+02  0.840000000000E+00
   15536 -0.769380000000E+02  0.347151100000E+02  0.860000000000E+00
   15542 -0.769341000000E+02  0.347151600000E+02  0.833000000000E+00
   15659 -0.769365900000E+02  0.347155800000E+02  0.820000000000E+00
   15660 -0.769395800000E+02  0.347156500000E+02  0.933000000000E+00
   15749 -0.769352900000E+02  0.347160900000E+02  0.743000000000E+00
   15777 -0.769390200000E+02  0.347163000000E+02  0.109500000000E+01
   15817 -0.769377200000E+02  0.347164200000E+02  0.948000000000E+00
   15851 -0.769340400000E+02  0.347164500000E+02  0.684000000000E+00
   15909 -0.769403500000E+02  0.347163100000E+02  0.674000000000E+00
   15916 -0.769365000000E+02  0.347169000000E+02  0.706000000000E+00
   15931 -0.769398300000E+02  0.347170600000E+02  0.100700000000E+01
   15964 -0.769386400000E+02  0.347172300000E+02  0.998000000000E+00
   15990 -0.769330900000E+02  0.347174100000E+02  0.579000000000E+00
   16010 -0.769375800000E+02  0.347174100000E+02  0.883000000000E+00
   16024 -0.769411100000E+02  0.347169700000E+02  0.678000000000E+00
   16057 -0.769405000000E+02  0.347177600000E+02  0.878000000000E+00
   16064 -0.769350700000E+02  0.347177800000E+02  0.572000000000E+00
   16069 -0.769393800000E+02  0.347178100000E+02  0.840000000000E+00
   16116 -0.769367700000E+02  0.347181100000E+02  0.613000000000E+00
   16147 -0.769417700000E+02  0.347175500000E+02  0.688000000000E+00
   16183 -0.769382800000E+02  0.347183800000E+02  0.611000000000E+00
   16219 -0.769412000000E+02  0.347185700000E+02  0.713000000000E+00
   16242 -0.769396900000E+02  0.347186100000E+02  0.611000000000E+00
   16299 -0.769425000000E+02  0.347180800000E+02  0.579000000000E+00
   17399 -0.768777100000E+02  0.347224900000E+02  0.282100000000E+01
   17400 -0.768783100000E+02  0.347230800000E+02  0.161100000000E+01
   17407 -0.768769700000E+02  0.347225600000E+02  0.262400000000E+01
   17408 -0.768774800000E+02  0.347231500000E+02  0.161600000000E+01
   17419 -0.768762300000E+02  0.347226400000E+02  0.293900000000E+01
   17420 -0.768766900000E+02  0.347232300000E+02  0.139800000000E+01
   17449 -0.768753400000E+02  0.347227200000E+02  0.319400000000E+01
   17450 -0.768758500000E+02  0.347233200000E+02  0.117300000000E+01
   17472 -0.768744700000E+02  0.347228000000E+02  0.346500000000E+01
   17473 -0.768749800000E+02  0.347233600000E+02  0.140400000000E+01
   17488 -0.768736400000E+02  0.347228800000E+02  0.325700000000E+01
   17489 -0.768741600000E+02  0.347234200000E+02  0.172000000000E+01
   17511 -0.768728200000E+02  0.347229500000E+02  0.279500000000E+01
   17512 -0.768733500000E+02  0.347234900000E+02  0.185300000000E+01
   17527 -0.768719600000E+02  0.347230400000E+02  0.289800000000E+01
   17528 -0.768725100000E+02  0.347236000000E+02  0.174900000000E+01
   17544 -0.768711000000E+02  0.347231200000E+02  0.298700000000E+01
   17545 -0.768716400000E+02  0.347236700000E+02  0.232500000000E+01
   17550 -0.768702400000E+02  0.347231800000E+02  0.277100000000E+01
   17551 -0.768707900000E+02  0.347237000000E+02  0.304300000000E+01
   17556 -0.768790100000E+02  0.347236800000E+02  0.116300000000E+01
   17559 -0.768772000000E+02  0.347237500000E+02  0.108300000000E+01
   17565 -0.768694000000E+02  0.347232900000E+02  0.281500000000E+01
   17566 -0.768699900000E+02  0.347237600000E+02  0.341700000000E+01
   17574 -0.768780100000E+02  0.347238100000E+02  0.109300000000E+01
   17577 -0.768680600000E+02  0.347233900000E+02  0.182300000000E+01
   17578 -0.768674000000E+02  0.347234600000E+02  0.107700000000E+01
   17579 -0.768677600000E+02  0.347238400000E+02  0.388400000000E+01
   17586 -0.768687600000E+02  0.347233500000E+02  0.253100000000E+01
   17587 -0.768692600000E+02  0.347238500000E+02  0.348200000000E+01
   17595 -0.768746400000E+02  0.347239100000E+02  0.109300000000E+01
   17609 -0.768667400000E+02  0.347235300000E+02  0.105700000000E+01
   17610 -0.768672000000E+02  0.347239300000E+02  0.383600000000E+01
   17615 -0.768764300000E+02  0.347239500000E+02  0.105700000000E+01
   17621 -0.768754500000E+02  0.347240000000E+02  0.105800000000E+01
   17627 -0.768662200000E+02  0.347235800000E+02  0.106100000000E+01
   17628 -0.768665900000E+02  0.347240100000E+02  0.383100000000E+01
   17629 -0.768684600000E+02  0.347240300000E+02  0.311000000000E+01
   17642 -0.768738900000E+02  0.347240500000E+02  0.108000000000E+01
   17643 -0.768657000000E+02  0.347236300000E+02  0.113200000000E+01
   17644 -0.768660100000E+02  0.347240700000E+02  0.390200000000E+01
   17645 -0.768730800000E+02  0.347240600000E+02  0.110200000000E+01
   17651 -0.768651200000E+02  0.347236800000E+02  0.117200000000E+01
   17652 -0.768654300000E+02  0.347241200000E+02  0.389000000000E+01
   17665 -0.768645500000E+02  0.347237400000E+02  0.124900000000E+01
   17666 -0.768648100000E+02  0.347241800000E+02  0.385900000000E+01
   17667 -0.768712600000E+02  0.347241800000E+02  0.110200000000E+01
   17679 -0.768638700000E+02  0.347238000000E+02  0.121400000000E+01
   17680 -0.768641800000E+02  0.347242400000E+02  0.377800000000E+01
   17682 -0.768697700000E+02  0.347242400000E+02  0.112800000000E+01
   17684 -0.768704800000E+02  0.347242800000E+02  0.110100000000E+01
   17687 -0.768573800000E+02  0.347240200000E+02  0.803000000000E+00
   17688 -0.768631800000E+02  0.347238700000E+02  0.132300000000E+01
   17689 -0.768635100000E+02  0.347243000000E+02  0.368200000000E+01
   17697 -0.768624400000E+02  0.347239400000E+02  0.140700000000E+01
   17698 -0.768628200000E+02  0.347243600000E+02  0.371800000000E+01
   17700 -0.768800400000E+02  0.347243500000E+02  0.116300000000E+01
   17704 -0.768722200000E+02  0.347243800000E+02  0.104400000000E+01
   17705 -0.768670000000E+02  0.347243900000E+02  0.264500000000E+01
   17706 -0.768676800000E+02  0.347243700000E+02  0.206300000000E+01
   17709 -0.768617000000E+02  0.347240200000E+02  0.154400000000E+01
   17710 -0.768621300000E+02  0.347244200000E+02  0.376500000000E+01
   17714 -0.768572000000E+02  0.347244300000E+02  0.390300000000E+01
   17720 -0.768611500000E+02  0.347240700000E+02  0.167600000000E+01
   17721 -0.768614900000E+02  0.347244800000E+02  0.390000000000E+01
   17723 -0.768691900000E+02  0.347244000000E+02  0.114300000000E+01
   17728 -0.768657500000E+02  0.347245200000E+02  0.251500000000E+01
   17729 -0.768605900000E+02  0.347241100000E+02  0.150700000000E+01
   17730 -0.768609000000E+02  0.347245300000E+02  0.389700000000E+01
   17735 -0.768663800000E+02  0.347245400000E+02  0.185600000000E+01
   17739 -0.768600100000E+02  0.347241700000E+02  0.144000000000E+01
   17740 -0.768603100000E+02  0.347245700000E+02  0.390600000000E+01
   17741 -0.768577200000E+02  0.347243700000E+02  0.369800000000E+01
   17748 -0.768594300000E+02  0.347242300000E+02  0.188700000000E+01
   17749 -0.768597300000E+02  0.347246200000E+02  0.386900000000E+01
   17753 -0.768644900000E+02  0.347246300000E+02  0.307200000000E+01
   17754 -0.768787200000E+02  0.347246200000E+02  0.105100000000E+01
   17755 -0.768773700000E+02  0.347246100000E+02  0.951000000000E+00
   17757 -0.768651400000E+02  0.347246600000E+02  0.199100000000E+01
   17759 -0.768588300000E+02  0.347242700000E+02  0.249900000000E+01
   17760 -0.768591500000E+02  0.347246600000E+02  0.388900000000E+01
   17767 -0.768582600000E+02  0.347243500000E+02  0.344700000000E+01
   17768 -0.768585800000E+02  0.347247100000E+02  0.384100000000E+01
   17773 -0.768631700000E+02  0.347247400000E+02  0.381500000000E+01
   17775 -0.768734100000E+02  0.347247500000E+02  0.978000000000E+00
   17777 -0.768580400000E+02  0.347247600000E+02  0.383600000000E+01
   17779 -0.768638400000E+02  0.347247700000E+02  0.279800000000E+01
   17782 -0.768747200000E+02  0.347247000000E+02  0.962000000000E+00
   17783 -0.768566900000E+02  0.347247700000E+02  0.355300000000E+01
   17785 -0.768760600000E+02  0.347247800000E+02  0.927000000000E+00
   17793 -0.768574500000E+02  0.347248500000E+02  0.322100000000E+01
   17794 -0.768618400000E+02  0.347248500000E+02  0.370500000000E+01
   17798 -0.768625000000E+02  0.347248800000E+02  0.338700000000E+01
   17806 -0.768606200000E+02  0.347249400000E+02  0.298900000000E+01
   17808 -0.768711900000E+02  0.347248600000E+02  0.966000000000E+00
   17810 -0.768612200000E+02  0.347249800000E+02  0.277700000000E+01
   17813 -0.768699000000E+02  0.347249300000E+02  0.984000000000E+00
   17815 -0.768685200000E+02  0.347249600000E+02  0.128000000000E+01
   17823 -0.768594500000E+02  0.347250200000E+02  0.229400000000E+01
   17828 -0.768600300000E+02  0.347250600000E+02  0.210600000000E+01
   17838 -0.768583400000E+02  0.347250900000E+02  0.166900000000E+01
   17846 -0.768671300000E+02  0.347250800000E+02  0.105100000000E+01
   17847 -0.768588800000E+02  0.347251300000E+02  0.144300000000E+01
   17862 -0.768578600000E+02  0.347251900000E+02  0.121000000000E+01
   17869 -0.768658100000E+02  0.347252000000E+02  0.105800000000E+01
   17889 -0.768645000000E+02  0.347253000000E+02  0.144400000000E+01
   17900 -0.768559200000E+02  0.347254300000E+02  0.109900000000E+01
   17902 -0.768631700000E+02  0.347254000000E+02  0.165300000000E+01
   17911 -0.768571920000E+02  0.347256840000E+02  0.143900000000E+01
   17912 -0.768618500000E+02  0.347254900000E+02  0.169200000000E+01
   17914 -0.768796100000E+02  0.347256000000E+02  0.948000000000E+00
   17916 -0.768724400000E+02  0.347255800000E+02  0.837000000000E+00
   17919 -0.768606300000E+02  0.347255700000E+02  0.131400000000E+01
   17928 -0.768782600000E+02  0.347256600000E+02  0.897000000000E+00
   17929 -0.768740800000E+02  0.347257000000E+02  0.809000000000E+00
   17932 -0.768583100000E+02  0.347256700000E+02  0.115800000000E+01
   17933 -0.768594400000E+02  0.347256400000E+02  0.123200000000E+01
   17934 -0.768768900000E+02  0.347257000000E+02  0.789000000000E+00
   17935 -0.768755100000E+02  0.347257200000E+02  0.786000000000E+00
   17949 -0.768708300000E+02  0.347258300000E+02  0.803000000000E+00
   17957 -0.768693700000E+02  0.347259200000E+02  0.800000000000E+00
   17965 -0.768679500000E+02  0.347259900000E+02  0.832000000000E+00
   17975 -0.768665700000E+02  0.347260900000E+02  0.851000000000E+00
   17984 -0.768652100000E+02  0.347261700000E+02  0.988000000000E+00
   17990 -0.768638400000E+02  0.347262500000E+02  0.104000000000E+01
   17995 -0.768624600000E+02  0.347263300000E+02  0.104700000000E+01
   18001 -0.768611800000E+02  0.347264100000E+02  0.105400000000E+01
   18006 -0.768600000000E+02  0.347264700000E+02  0.105900000000E+01
   18011 -0.768588300000E+02  0.347265200000E+02  0.105200000000E+01
   18012 -0.768564100000E+02  0.347265200000E+02  0.906000000000E+00
   18014 -0.768576300000E+02  0.347265400000E+02  0.976000000000E+00
   18037 -0.768763700000E+02  0.347267100000E+02  0.633000000000E+00
   18038 -0.768749300000E+02  0.347267200000E+02  0.628000000000E+00
   18042 -0.768792000000E+02  0.347267100000E+02  0.646000000000E+00
   18044 -0.768777800000E+02  0.347267300000E+02  0.650000000000E+00
   18046 -0.768735000000E+02  0.347267300000E+02  0.633000000000E+00
   18054 -0.768718600000E+02  0.347268000000E+02  0.628000000000E+00
   18058 -0.768702200000E+02  0.347268600000E+02  0.625000000000E+00
   18064 -0.768687700000E+02  0.347269300000E+02  0.620000000000E+00
   18071 -0.768673400000E+02  0.347270000000E+02  0.644000000000E+00
   18073 -0.768659700000E+02  0.347270700000E+02  0.694000000000E+00
   18078 -0.768645900000E+02  0.347271300000E+02  0.707000000000E+00
   18081 -0.768631100000E+02  0.347271900000E+02  0.723000000000E+00
   18090 -0.768616300000E+02  0.347272600000E+02  0.735000000000E+00
   18094 -0.768605300000E+02  0.347273300000E+02  0.738000000000E+00
   18098 -0.768594100000E+02  0.347273500000E+02  0.759000000000E+00
   18107 -0.768581500000E+02  0.347274400000E+02  0.759000000000E+00
   18113 -0.768569000000E+02  0.347275400000E+02  0.754000000000E+00
       1 3    14364    14389    14390
       2 3    14389    14410    14411
       3 3    14364    14390    14365
       4 3    14410    14429    14430
       5 3    14389    14411    14390
       6 3    14410    14430    14411
       7 3    14429    14443    14444
       8 3    14365    14390    14449
       9 3    14429    14444    14430
      10 3    14390    14411    14461
      11 3    14443    14462    14463
      12 3    14443    14463    14444
      13 3    14411    14430    14474
      14 3    14462    14481    14482
      15 3    14390    14461    14449
      16 3    14430    14444    14490
      17 3    14462    14482    14463
      18 3    14411    14474    14461
      19 3    14430    14490    14474
      20 3    14481    14508    14509
      21 3    14481    14509    14482
      22 3    14444    14463    14515
      23 3    14444    14515    14490
      24 3    14508    14534    14535
      25 3    14474    14490    14536
      26 3    14461    14537    14449
      27 3    14474    14541    14461
      28 3    14508    14535    14509
      29 3    14463    14482    14542
      30 3    14534    14553    14554
      31 3    14463    14542    14515
      32 3    14490    14515    14555
      33 3    14482    14509    14556
      34 3    14490    14555    14536
      35 3    14474    14536    14541
      36 3    14461    14541    14537
      37 3    14534    14554    14535
      38 3    14482    14556    14542
      39 3    14553    14573    14574
      40 3    14553    14574    14554
      41 3    14509    14535    14602
      42 3    14509    14602    14556
      43 3    14515    14612    14555
      44 3    14515    14542    14612
      45 3    14573    14619    14620
      46 3    14573    14620    14574
      47 3    14535    14554    14640
      48 3    14536    14555    14641
      49 3    14619    14648    14649
      50 3    14535    14640    14602
      51 3    14536    14641    14541
      52 3    14619    14649    14620
      53 3    14556    14670    14542
      54 3    14554    14574    14671
      55 3    14648    14680    14681
      56 3    14554    14671    14640
      57 3    14648    14681    14649
      58 3    14556    14602    14670
      59 3    14574    14620    14703
      60 3    14542    14670    14612
      61 3    14680    14709    14710
      62 3    14555    14612    14641
      63 3    14574    14703    14671
      64 3    14680    14710    14681
      65 3    14620    14649    14732
      66 3    14602    14640    14734
      67 3    14709    14735    14736
      68 3    14640    14671    14740
      69 3    14709    14736    14710
      70 3    14620    14732    14703
      71 3    14649    14681    14765
      72 3    14602    14734    14670
      73 3    14612    14670    14769
      74 3    14735    14771    14772
      75 3    14612    14769    14641
      76 3    14640    14740    14734
      77 3    14649    14765    14732
      78 3    14735    14772    14736
      79 3    14681    14710    14808
      80 3    14771    14816    14817
      81 3    14671    14703    14818
      82 3    14671    14818    14740
      83 3    14681    14808    14765
      84 3    14771    14817    14772
      85 3    14703    14732    14840
      86 3    14710    14736    14854
      87 3    14816    14855    14856
      88 3    14703    14840    14818
      89 3    14710    14854    14808
      90 3    14816    14856    14817
      91 3    14736    14772    14889
      92 3    14855    14891    14892
      93 3    14732    14765    14894
      94 3    14765    14808    14899
      95 3    14736    14889    14854
      96 3    14855    14892    14856
      97 3    14732    14894    14840
      98 3    14740    14909    14734
      99 3    14772    14817    14926
     100 3    14740    14818    14909
     101 3    14891    14937    14938
     102 3    14765    14899    14894
     103 3    14772    14926    14889
     104 3    14891    14938    14892
     105 3    14670    14734    14948
     106 3    14817    14856    14960
     107 3    14937    14965    14966
     108 3    14808    14854    14977
     109 3    14817    14960    14926
     110 3    14670    14948    14769
     111 3    14937    14966    14938
     112 3    14808    14977    14899
     113 3    14854    14889    15004
     114 3    14965    15010    15011
     115 3    14856    14892    15012
     116 3    14856    15012    14960
     117 3    14965    15011    14966
     118 3    14854    15004    14977
     119 3    14734    14909    14948
     120 3    15010    15054    15055
     121 3    14892    14938    15060
     122 3    14889    14926    15066
     123 3    14892    15060    15012
     124 3    14926    14960    15068
     125 3    14899    15072    14894
     126 3    14889    15066    15004
     127 3    15010    15055    15011
     128 3    14840    15078    14818
     129 3    14926    15068    15066
     130 3    14899    14977    15072
     131 3    14938    14966    15095
     132 3    14840    14894    15078
     133 3    15054    15102    15103
     134 3    14938    15095    15060
     135 3    14909    15120    14948
     136 3    14818    15078    14909
     137 3    14960    15012    15125
     138 3    15054    15103    15055
     139 3    14960    15125    15068
     140 3    14966    15011    15139
     141 3    14966    15139    15095
     142 3    15012    15060    15154
     143 3    15012    15154    15125
     144 3    15011    15055    15181
     145 3    14894    15072    15078
     146 3    15011    15181    15139
     147 3    15060    15220    15154
     148 3    15068    15221    15066
     149 3    15060    15095    15220
     150 3    15004    15223    14977
     151 3    14909    15078    15120
     152 3    15055    15103    15228
     153 3    15095    15139    15240
     154 3    15055    15228    15181
     155 3    15078    15258    15120
     156 3    15068    15125    15221
     157 3    15004    15066    15223
     158 3    15095    15240    15220
     159 3    14977    15223    15072
     160 3    15072    15318    15078
     161 3    15139    15181    15322
     162 3    15139    15322    15240
     163 3    15125    15154    15337
     164 3    15066    15221    15223
     165 3    15181    15228    15342
     166 3    15072    15223    15318
     167 3    15181    15342    15322
     168 3    15125    15337    15221
     169 3    15154    15220    15337
     170 3    15078    15399    15258
     171 3    15078    15318    15399
     172 3    15240    15429    15220
     173 3    15240    15322    15429
     174 3    15220    15429    15337
     175 3    15221    15536    15223
     176 3    15342    15542    15322
     177 3    15221    15337    15536
     178 3    15322    15542    15429
     179 3    15337    15429    15659
     180 3    15318    15223    15660
     181 3    15337    15659    15536
     182 3    15318    15660    15399
     183 3    15223    15536    15660
     184 3    15429    15542    15749
     185 3    15429    15749    15659
     186 3    15660    15536    15777
     187 3    15536    15659    15817
     188 3    15542    15851    15749
     189 3    15536    15817    15777
     190 3    15660    15777    15909
     191 3    15659    15749    15916
     192 3    15659    15916    15817
     193 3    15909    15777    15931
     194 3    15777    15817    15964
     195 3    15817    15916    16010
     196 3    15777    15964    15931
     197 3    15909    15931    16024
     198 3    15817    16010    15964
     199 3    16024    15931    16057
     200 3    15749    15851    16064
     201 3    15931    15964    16069
     202 3    15749    16064    15916
     203 3    15916    16116    16010
     204 3    15931    16069    16057
     205 3    16024    16057    16147
     206 3    15964    16010    16183
     207 3    15851    15990    16064
     208 3    15964    16183    16069
     209 3    15916    16064    16116
     210 3    16147    16057    16219
     211 3    16069    16242    16057
     212 3    16010    16116    16183
     213 3    16147    16219    16299
     214 3    16069    16183    16242
     215 3    16057    16242    16219
     216 3    17399    17407    17408
     217 3    17407    17419    17420
     218 3    17419    17449    17450
     219 3    17449    17472    17473
     220 3    17399    17408    17400
     221 3    17472    17488    17489
     222 3    17407    17420    17408
     223 3    17488    17511    17512
     224 3    17419    17450    17420
     225 3    17511    17527    17528
     226 3    17449    17473    17450
     227 3    17472    17489    17473
     228 3    17527    17544    17545
     229 3    17544    17550    17551
     230 3    17488    17512    17489
     231 3    17408    17420    17559
     232 3    17550    17565    17566
     233 3    17400    17408    17574
     234 3    17577    17578    17579
     235 3    17511    17528    17512
     236 3    17565    17586    17587
     237 3    17473    17489    17595
     238 3    17527    17545    17528
     239 3    17578    17609    17610
     240 3    17420    17450    17615
     241 3    17544    17551    17545
     242 3    17450    17473    17621
     243 3    17550    17566    17551
     244 3    17609    17627    17628
     245 3    17586    17577    17629
     246 3    17408    17559    17574
     247 3    17565    17587    17566
     248 3    17489    17512    17642
     249 3    17627    17643    17644
     250 3    17512    17528    17645
     251 3    17578    17610    17579
     252 3    17420    17615    17559
     253 3    17400    17574    17556
     254 3    17651    17652    17643
     255 3    17609    17628    17610
     256 3    17577    17579    17629
     257 3    17665    17666    17651
     258 3    17545    17551    17667
     259 3    17627    17644    17628
     260 3    17586    17629    17587
     261 3    17473    17595    17621
     262 3    17489    17642    17595
     263 3    17679    17680    17665
     264 3    17566    17587    17682
     265 3    17643    17652    17644
     266 3    17551    17566    17684
     267 3    17688    17689    17679
     268 3    17512    17645    17642
     269 3    17450    17621    17615
     270 3    17651    17666    17652
     271 3    17688    17697    17698
     272 3    17528    17545    17704
     273 3    17610    17628    17705
     274 3    17579    17610    17706
     275 3    17665    17680    17666
     276 3    17697    17709    17710
     277 3    17709    17720    17721
     278 3    17587    17723    17682
     279 3    17566    17682    17684
     280 3    17679    17689    17680
     281 3    17587    17629    17723
     282 3    17551    17684    17667
     283 3    17644    17652    17728
     284 3    17720    17729    17730
     285 3    17628    17644    17735
     286 3    17528    17704    17645
     287 3    17729    17739    17740
     288 3    17687    17714    17741
     289 3    17579    17706    17629
     290 3    17688    17698    17689
     291 3    17739    17748    17749
     292 3    17610    17705    17706
     293 3    17680    17753    17666
     294 3    17556    17574    17754
     295 3    17559    17755    17574
     296 3    17697    17710    17698
     297 3    17666    17757    17652
     298 3    17545    17667    17704
     299 3    17748    17759    17760
     300 3    17709    17721    17710
     301 3    17628    17735    17705
     302 3    17720    17730    17721
     303 3    17759    17767    17768
     304 3    17698    17773    17689
     305 3    17644    17728    17735
     306 3    17729    17740    17730
     307 3    17645    17775    17642
     308 3    17767    17741    17777
     309 3    17689    17779    17680
     310 3    17595    17782    17621
     311 3    17615    17621    17785
     312 3    17739    17749    17740
     313 3    17652    17757    17728
     314 3    17559    17615    17755
     315 3    17748    17760    17749
     316 3    17714    17793    17741
     317 3    17710    17721    17794
     318 3    17595    17642    17782
     319 3    17666    17753    17757
     320 3    17698    17710    17798
     321 3    17759    17768    17760
     322 3    17767    17777    17768
     323 3    17730    17740    17806
     324 3    17680    17779    17753
     325 3    17667    17684    17808
     326 3    17721    17730    17810
     327 3    17682    17813    17684
     328 3    17629    17815    17723
     329 3    17556    17754    17700
     330 3    17689    17773    17779
     331 3    17741    17793    17777
     332 3    17749    17760    17823
     333 3    17749    17828    17740
     334 3    17629    17706    17815
     335 3    17698    17798    17773
     336 3    17682    17723    17813
     337 3    17768    17777    17838
     338 3    17710    17794    17798
     339 3    17705    17846    17706
     340 3    17760    17768    17847
     341 3    17667    17808    17704
     342 3    17721    17810    17794
     343 3    17730    17806    17810
     344 3    17714    17783    17793
     345 3    17574    17755    17754
     346 3    17777    17793    17862
     347 3    17740    17828    17806
     348 3    17645    17704    17775
     349 3    17615    17785    17755
     350 3    17749    17823    17828
     351 3    17705    17735    17846
     352 3    17728    17869    17735
     353 3    17760    17847    17823
     354 3    17777    17862    17838
     355 3    17768    17838    17847
     356 3    17728    17757    17869
     357 3    17642    17775    17782
     358 3    17621    17782    17785
     359 3    17753    17779    17889
     360 3    17753    17889    17757
     361 3    17773    17798    17902
     362 3    17773    17902    17779
     363 3    17684    17813    17808
     364 3    17793    17783    17911
     365 3    17794    17810    17912
     366 3    17794    17912    17798
     367 3    17700    17754    17914
     368 3    17704    17916    17775
     369 3    17806    17828    17919
     370 3    17793    17911    17862
     371 3    17806    17919    17810
     372 3    17754    17755    17928
     373 3    17782    17775    17929
     374 3    17838    17862    17932
     375 3    17823    17847    17933
     376 3    17755    17785    17934
     377 3    17785    17782    17935
     378 3    17823    17933    17828
     379 3    17706    17846    17815
     380 3    17838    17932    17847
     381 3    17704    17808    17916
     382 3    17723    17815    17813
     383 3    17735    17869    17846
     384 3    17808    17813    17949
     385 3    17813    17815    17957
     386 3    17757    17889    17869
     387 3    17815    17846    17965
     388 3    17783    17900    17911
     389 3    17754    17928    17914
     390 3    17846    17869    17975
     391 3    17755    17934    17928
     392 3    17779    17902    17889
     393 3    17869    17889    17984
     394 3    17798    17912    17902
     395 3    17782    17929    17935
     396 3    17785    17935    17934
     397 3    17810    17919    17912
     398 3    17828    17933    17919
     399 3    17902    17990    17889
     400 3    17847    17932    17933
     401 3    17912    17995    17902
     402 3    17862    17911    17932
     403 3    17775    17916    17929
     404 3    17808    17949    17916
     405 3    17919    18001    17912
     406 3    17813    17957    17949
     407 3    17815    17965    17957
     408 3    17933    18006    17919
     409 3    17932    18011    17933
     410 3    17900    18012    17911
     411 3    17846    17975    17965
     412 3    17911    18014    17932
     413 3    17869    17984    17975
     414 3    17934    17935    18037
     415 3    17889    17990    17984
     416 3    17935    17929    18038
     417 3    17914    17928    18042
     418 3    17928    17934    18044
     419 3    17929    17916    18046
     420 3    17916    17949    18054
     421 3    17902    17995    17990
     422 3    17912    18001    17995
     423 3    17919    18006    18001
     424 3    17949    17957    18058
     425 3    17933    18011    18006
     426 3    17911    18012    18014
     427 3    17957    17965    18064
     428 3    17932    18014    18011
     429 3    17965    17975    18071
     430 3    17975    17984    18073
     431 3    17984    17990    18078
     432 3    17928    18044    18042
     433 3    17995    18081    17990
     434 3    17934    18037    18044
     435 3    17929    18046    18038
     436 3    17935    18038    18037
     437 3    18001    18090    17995
     438 3    17916    18054    18046
     439 3    18006    18094    18001
     440 3    18011    18098    18006
     441 3    17957    18064    18058
     442 3    18014    18107    18011
     443 3    17949    18058    18054
     444 3    17965    18071    18064
     445 3    17975    18073    18071
     446 3    18012    18113    18014
     447 3    17984    18078    18073
     448 3    18001    18094    18090
     449 3    18006    18098    18094
     450 3    17990    18081    18078
     451 3    17995    18090    18081
     452 3    18011    18107    18098
     453 3    18014    18113    18107
 0                                                                              
 0                                                                              
 3                                                                              
 94                                                                             
      36       0                                                                
   18113
   18107
   18098
   18094
   18090
   18081
   18078
   18073
   18071
   18064
   18058
   18054
   18046
   18038
   18037
   18044
   18042
   15990
   16064
   16116
   16183
   16242
   16219
   16299
   16147
   16024
   15909
   15660
   15399
   15258
   15120
   14948
   14769
   14641
   14541
   14537
      25       1                                                                
   14364
   14389
   14410
   14429
   14443
   14462
   14481
   14508
   14534
   14553
   14573
   14619
   14648
   14680
   14709
   14735
   14771
   14816
   14855
   14891
   14937
   14965
   15010
   15054
   15102
      31       1                                                                
   17399
   17407
   17419
   17449
   17472
   17488
   17511
   17527
   17544
   17550
   17565
   17586
   17577
   17578
   17609
   17627
   17643
   17651
   17665
   17679
   17688
   17697
   17709
   17720
   17729
   17739
   17748
   17759
   17767
   17741
   17687
