FileFmt      1050624           0           0
NELG           58641         560         453
      -26477
       26504
      -26505
       26548
       26551
       26577
       26581
      -26586
       26603
       26609
       26611
       26627
       26631
       26648
      -26657
       26661
       26667
       26677
       26692
       26696
       26707
       26708
       26722
       26736
       26737
      -26738
       26745
       26747
       26749
       26764
       26765
       26766
       26767
       26772
       26775
      -26778
       26781
       26787
       26804
       26830
       26840
       26842
       26854
       26858
       26862
       26892
       26899
       26901
       26912
       26919
       26921
       26938
       26946
       26949
       26963
       26972
       26984
       26990
       27003
       27004
       27014
       27015
       27028
       27032
       27049
       27053
       27054
       27061
       27081
       27082
       27105
       27106
       27109
       27111
       27116
       27119
       27136
       27140
       27164
       27178
       27182
       27202
       27203
       27207
       27220
       27238
       27240
       27261
       27263
       27265
       27296
       27299
       27301
       27312
       27318
       27320
       27322
       27331
       27357
       27367
       27374
       27375
       27384
       27387
       27396
       27423
       27431
       27448
       27452
       27455
       27459
       27460
       27493
       27499
       27500
       27531
       27533
       27534
       27536
       27579
       27584
       27594
       27599
       27600
       27607
       27608
       27613
       27617
       27650
       27651
       27652
       27654
      -27663
       27664
       27688
       27694
       27698
      -27699
       27704
       27719
       27736
       27740
       27773
       27802
       27816
       27829
       27874
       27876
       27877
       27879
       27890
      -27891
       27906
      -27920
       27929
       27932
       27941
       27942
       27943
       28029
       28034
       28040
       28055
       28070
      -28077
       28098
      -28129
       28138
       28158
       28191
       28192
       28236
       28339
       28378
       28416
      -28429
       28511
      -28579
       28655
       28661
       28687
       28688
       28703
      -28824
       28846
       28878
       28941
      -29002
       29023
       29116
       29129
       29141
       29154
       29230
       29306
       29318
       29331
       29342
       29396
      -29408
       29417
       29456
       29512
       29544
       29563
       29614
      -29651
       29675
       29679
       29683
       29724
       29833
       29835
       29901
       29958
      -31913
       31933
       31979
       32013
      -32020
       32046
       32056
       32095
       32122
       32148
       32158
       32169
       32173
       32184
       32191
       32197
       32204
      -32218
       32223
       32225
       32239
       32254
       32275
       32277
       32287
       32301
       32302
       32309
       32313
       32314
       32319
       32323
       32342
       32344
       32345
       32346
       32353
      -32355
       32365
       32388
       32392
       32395
       32396
       32410
       32411
       32416
       32419
       32421
       32424
       32426
       32430
       32436
       32447
       32448
       32452
       32459
       32467
       32468
       32473
       32479
       32480
       32503
       32507
       32509
       32510
       32516
       32517
       32518
       32520
       32529
       32537
       32541
      -32542
       32547
       32548
       32558
       32561
       32564
      -32567
       32573
       32575
       32577
       32580
       32583
       32587
       32588
       32596
       32597
       32603
       32604
       32605
       32607
       32611
       32614
       32618
       32621
       32625
       32629
       32631
       32638
      -32640
       32641
       32646
       32647
       32651
       32654
       32666
       32669
       32670
       32674
       32679
       32682
       32684
      -32688
       32690
       32694
       32697
       32704
       32705
       32708
       32712
       32714
       32718
       32728
       32729
       32735
       32736
       32743
      -32746
       32747
       32760
       32761
       32765
       32767
       32770
       32774
       32782
       32788
       32793
       32796
       32805
       32809
       32811
       32826
       32828
       32845
       32856
       32868
      -32874
       32875
       32879
      -32881
       32885
       32891
       32895
       32897
       32902
       32903
       32906
       32908
       32910
       32914
       32917
       32921
       32926
       32930
       32937
       32945
       32947
       32961
       32973
       32975
      -32985
      -32992
       32997
       33003
       33007
       33017
       33022
       33024
       33027
       33028
       33034
       33040
       33044
       33051
       33054
       33062
       33064
       33068
       33071
       33076
       33079
       33086
      -33088
       33090
       33092
       33104
       33130
       33131
       33132
      -33139
       33141
       33144
       33154
       33155
       33159
       33160
       33165
       33171
      -33173
       33178
       33180
       33193
       33200
       33208
      -33212
       33214
       33217
       33220
       33222
       33232
       33234
       33237
       33241
       33252
       33254
       33260
       33261
       33265
      -33268
       33278
       33280
       33291
       33301
       33312
       33315
      -33323
NNODG          32218         319         282
      -14364
      -14365
       14389
       14390
       14410
       14411
       14429
       14430
       14443
       14444
      -14449
       14461
       14462
       14463
       14474
       14481
       14482
       14490
       14508
       14509
       14515
       14534
       14535
       14536
      -14537
       14541
       14542
       14553
       14554
       14555
       14556
       14573
       14574
       14602
       14612
       14619
       14620
       14640
       14641
       14648
       14649
       14670
       14671
       14680
       14681
       14703
       14709
       14710
       14732
       14734
       14735
       14736
       14740
       14765
       14769
       14771
       14772
       14808
       14816
       14817
       14818
       14840
       14854
       14855
       14856
       14889
       14891
       14892
       14894
       14899
       14909
       14926
       14937
       14938
       14948
       14960
       14965
       14966
       14977
       15004
       15010
       15011
       15012
       15054
       15055
       15060
       15066
       15068
       15072
       15078
       15095
      -15102
      -15103
       15120
       15125
       15139
       15154
       15181
       15220
       15221
       15223
      -15228
       15240
       15258
       15318
       15322
       15337
      -15342
       15399
       15429
       15536
      -15542
       15659
       15660
       15749
       15777
       15817
      -15851
       15909
       15916
       15931
       15964
      -15990
       16010
       16024
       16057
       16064
       16069
       16116
       16147
       16183
       16219
       16242
       16299
      -17399
      -17400
       17407
       17408
       17419
       17420
       17449
       17450
       17472
       17473
       17488
       17489
       17511
       17512
       17527
       17528
       17544
       17545
       17550
       17551
      -17556
       17559
       17565
       17566
       17574
       17577
       17578
       17579
       17586
       17587
       17595
       17609
       17610
       17615
       17621
       17627
       17628
       17629
       17642
       17643
       17644
       17645
       17651
       17652
       17665
       17666
       17667
       17679
       17680
       17682
       17684
      -17687
       17688
       17689
       17697
       17698
      -17700
       17704
       17705
       17706
       17709
       17710
      -17714
       17720
       17721
       17723
       17728
       17729
       17730
       17735
       17739
       17740
       17741
       17748
       17749
       17753
       17754
       17755
       17757
       17759
       17760
       17767
       17768
       17773
       17775
       17777
       17779
       17782
      -17783
       17785
       17793
       17794
       17798
       17806
       17808
       17810
       17813
       17815
       17823
       17828
       17838
       17846
       17847
       17862
       17869
       17889
      -17900
       17902
       17911
       17912
      -17914
       17916
       17919
       17928
       17929
       17932
       17933
       17934
       17935
       17949
       17957
       17965
       17975
       17984
       17990
       17995
       18001
       18006
       18011
      -18012
       18014
       18037
       18038
      -18042
       18044
       18046
       18054
       18058
       18064
       18071
       18073
       18078
       18081
       18090
       18094
       18098
       18107
      -18113
NFLUXF             0
NETA             128          29           0
NSTAE              0           0           0
NSTAV              0           0           0
NSTAM              0           0           0
NSTAC              0           0           0
RES NODE         103         259
                   3           4           5           6           7           8
                   9          10          12          13          14          15
                  16          17          18          19          20          21
                  22          23          24          26          27          28
                  29          30          31          32          33          34
                  35          36          37          38          39          40
                  41          42          43          44          45          46
                  47          48          49          50          51          52
                  53          54          55          56          57          58
                  59          60          61          62          63          64
                  65          66          67          68          69          70
                  71          72          73          74          75          76
                  77          78          79          80          81          82
                  83          84          85          86          87          88
                  89          90          91          94          95          96
                  97          98          99         100         101         103
                 104         105         106         107         109         110
                 111         113         114         115         116         117
                 119         120         121         122         124         125
                 126         127         128         129         130         131
                 132         133         134         137         138         139
                 140         141         142         143         144         145
                 146         147         148         149         150         151
                 152         153         154         156         157         158
                 159         160         161         162         163         164
                 165         166         167         168         169         170
                 171         172         173         174         175         176
                 177         178         179         180         181         182
                 183         184         185         187         188         189
                 190         192         193         194         195         196
                 198         199         200         201         202         203
                 204         205         206         207         208         209
                 210         211         212         213         214         215
                 216         217         218         219         220         221
                 222         224         225         226         227         228
                 229         230         231         232         233         234
                 235         236         237         238         239         240
                 242         243         244         246         247         248
                 249         250         251         252         253         254
                 255         256         257         258         259         260
                 261         262         263         265         266         267
                 269         270         271         272         273         274
                 275         276         277         278         279         280
                 281
COMM PE            3
RECV PE           98           4
                   1           2          11          25
RECV PE          100          12
                 135         136         155         186         191         197
                 223         241         245         264         268         282
RECV PE          102           7
                  92          93         102         108         112         118
                 123
SEND PE           98           4
                   3           4          12          26
SEND PE          100          11
                 137         138         159         207         211         225
                 243         248         265         269         281
SEND PE          102           7
                  84          85          98         106         110         115
                 127
