FileFmt      1050624           0           0
NELG           58641         560         490
      -24296
       24397
      -24442
       24530
       24560
       24661
       24686
      -24790
       24806
       24839
      -24860
       24911
       24966
       24975
       25005
       25033
       25080
       25106
       25134
       25160
       25208
       25222
      -25251
       25265
       25309
       25369
       25371
       25376
       25382
       25388
       25390
       25428
       25454
       25462
      -25464
       25487
       25511
       25519
       25536
       25542
       25544
       25563
       25578
       25583
       25594
       25622
       25626
       25663
       25675
       25693
       25710
       25734
       25760
       25793
       25842
       25845
       25854
       25857
       25878
       25910
       25936
       25943
       25966
      -25971
       25993
       26007
       26050
       26054
       26067
       26073
       26087
       26099
       26126
       26147
       26151
       26185
       26201
       26209
       26275
       26286
       26307
       26310
       26349
       26353
       26356
       26364
       26395
       26402
       26407
       26412
       26418
       26455
       26508
       26513
       26515
       26516
       26526
       26541
       26547
       26610
       26613
       26703
       26713
       26752
       26763
       26791
       26809
       26825
       26837
       26839
       26844
       26853
       26886
       26941
       26959
       26977
       27005
       27021
       27022
       27024
       27026
       27036
       27077
       27144
       27201
       27254
       27307
       27346
       27424
       27432
       27480
       27492
       27498
       27508
       27513
       27552
       27637
       27689
       27728
       27748
       27754
       27755
       27940
       28031
       28112
       28172
       28211
       28220
       28254
       28258
       28273
       28276
       28321
       28385
       28432
       28469
       28488
       28497
       28498
       28500
       28805
       28853
       28898
       28949
       28971
       28977
       28988
       28994
       28998
       29066
       29109
       29142
       29174
       29201
       29204
       29209
       29212
       29214
       29550
       29587
       29610
       29617
       29628
       29640
       29644
       29646
       29654
       29813
       29846
       29860
       29873
       29874
       29885
       29886
       29890
       29891
       30260
       30280
       30302
       30315
       30325
       30329
       30333
       30335
       30341
       30494
       30509
       30549
       30566
       30572
       30577
       30581
       30583
       30592
       30714
       30727
       30788
       30853
       30872
       30878
       30884
       30891
       30894
       30900
       30916
       30932
       30951
       31005
       31014
       31035
       31060
       31068
       31080
       31082
       31083
       31086
       31088
       31099
       31104
       31114
       31115
       31151
       31191
       31210
       31215
       31218
       31220
       31224
       31256
       31269
       31280
       31297
       31311
       31323
       31334
       31336
       31349
       31352
       31364
       31373
       31374
       31376
       31384
       31386
       31390
       31403
       31414
       31419
       31432
       31437
       31439
       31444
       31445
       31449
       31451
       31471
       31474
       31488
       31492
       31494
       31496
       31499
       31500
       31510
       31512
       31517
       31519
       31520
       31525
       31527
       31531
       31543
       31560
       31562
       31571
       31574
       31581
       31603
       31607
       31614
       31622
       31630
       31642
       31654
       31658
       31669
       31675
       31683
       31692
       31694
       31695
       31701
       31710
       31716
       31721
       31724
       31730
       31731
       31732
       31734
       31738
       31741
       31743
       31744
       31745
       31748
       31760
       31765
       31769
       31792
       31795
       31802
       31804
       31810
       31814
       31815
       31820
       31822
       31827
       31829
       31834
       31835
       31844
       31847
       31849
       31852
       31855
       31858
       31861
       31862
       31863
       31864
       31868
       31886
       31909
       31910
       31915
       31937
       31945
       31948
       31957
       31959
       31967
       31977
       31982
       31989
       31991
       31993
       31996
       31999
       32007
       32012
       32026
       32028
       32031
       32032
       32035
       32045
       32050
       32060
       32063
       32071
       32081
       32085
       32086
       32087
       32090
       32092
       32094
       32102
       32105
       32109
       32111
       32112
       32121
       32123
       32124
       32127
       32131
       32132
       32134
       32189
       32203
       32219
       32238
       32251
       32267
       32270
       32307
       32328
       32335
       32336
       32339
       32347
       32354
       32360
       32361
       32363
       32368
       32369
       32372
       32378
       32387
       32393
       32403
       32408
       32455
       32505
       32513
       32519
       32532
       32533
       32546
       32549
       32562
       32566
       32572
       32582
       32591
       32595
       32608
       32633
       32656
       32677
       32681
       32703
       32739
       32744
       32754
       32755
       32775
       32777
       32797
       32803
       32813
       32819
       32822
       32825
       32842
       32846
       32859
       32873
       32880
       32953
       32955
       32964
       32993
       32994
       33004
       33039
       33041
       33069
       33095
       33103
       33110
       33129
       33137
       33149
       33167
       33187
       33192
       33196
       33211
       33224
       33251
       33275
       33295
       33328
       33368
       33419
NNODG          32218         319         276
      -13029
       13078
      -13079
       13133
       13134
       13211
       13212
       13289
       13290
      -13304
       13357
       13368
       13369
       13439
       13474
       13475
       13509
       13552
       13553
       13590
       13638
       13639
      -13654
       13685
       13727
       13728
       13729
       13732
       13733
       13734
      -13740
      -13741
       13743
       13744
       13778
       13779
       13785
       13800
       13839
       13840
       13854
       13868
       13886
       13912
       13941
       13954
      -14012
       14019
       14023
       14037
       14056
       14079
       14094
      -14097
       14109
       14151
      -14167
       14215
       14221
       14269
       14284
       14311
      -14316
       14322
       14338
       14342
       14350
       14355
       14415
       14464
       14512
      -14544
       14552
       14577
      -14586
       14591
      -14599
       14601
       14605
       14611
      -14666
      -14721
       14792
       14869
       14920
       14961
       14994
      -15003
       15009
       15017
       15020
      -15264
       15320
       15360
       15386
       15409
      -15440
       15444
       15448
       15457
       15460
      -15735
       15763
       15784
       15821
      -15828
       15833
       15837
       15843
       15846
       15849
      -16140
       16164
      -16170
       16181
       16184
       16193
       16198
       16200
       16202
       16206
      -16516
       16520
       16532
      -16550
       16556
       16560
       16562
       16563
       16565
       16569
      -16757
       16765
       16809
       16848
       16859
       16864
      -16866
       16869
       16875
       16883
       16895
       16933
       16940
       16972
       16980
       16981
       16983
      -16991
       16998
       17017
       17036
       17043
       17046
       17051
       17067
       17076
       17091
       17099
       17113
       17115
       17126
       17129
       17136
      -17140
       17141
       17142
       17147
       17149
       17152
       17162
      -17176
       17177
       17179
       17183
       17186
       17198
       17206
       17208
       17209
       17211
       17218
       17222
      -17224
       17227
       17239
       17244
       17258
       17263
       17278
       17289
       17298
       17303
       17309
       17315
       17316
       17320
       17325
       17328
      -17331
       17332
       17333
       17338
       17339
       17340
       17342
       17345
       17348
       17349
       17350
       17351
      -17354
       17365
       17386
       17387
       17405
       17409
       17423
       17429
       17435
       17437
       17441
       17448
       17453
       17459
       17461
       17462
      -17464
       17468
       17471
       17477
       17478
       17479
       17487
       17490
       17494
      -17503
       17505
       17515
       17555
       17603
       17635
       17639
       17640
       17641
       17649
       17650
       17655
       17658
      -17659
      -17716
       17736
       17764
       17766
       17790
       17800
       17809
       17812
       17827
       17852
       17859
       17867
       17878
      -17884
      -17927
       17955
       17956
       17972
       17973
       17989
       18002
       18024
       18050
       18068
       18080
      -18106
NFLUXF             0
NETA             128          29           0
NSTAE              0           0           0
NSTAV              0           0           0
NSTAM              0           0           0
NSTAC              0           0           0
RES NODE         104         237
                   2           4           5           6           7           8
                   9          11          12          13          14          15
                  16          17          18          19          20          21
                  22          24          25          26          27          28
                  29          30          33          34          35          36
                  37          38          39          40          41          42
                  43          44          45          46          48          49
                  50          51          52          53          55          56
                  58          59          60          61          62          64
                  65          66          67          68          69          70
                  71          73          74          76          78          79
                  80          83          84          85          86          87
                  89          90          91          93          94          95
                  96          98          99         100         101         103
                 104         105         107         108         109         110
                 111         113         115         116         117         118
                 119         120         121         123         124         126
                 127         128         129         130         131         133
                 134         135         136         137         139         140
                 141         142         143         144         145         146
                 147         148         150         151         152         153
                 154         155         156         157         158         159
                 160         161         162         163         164         166
                 167         168         169         170         171         173
                 174         175         176         177         178         179
                 180         181         182         183         185         186
                 187         188         189         190         191         192
                 193         194         195         196         197         198
                 199         201         202         203         204         205
                 206         207         208         209         210         211
                 213         214         215         216         217         218
                 219         220         221         222         223         224
                 225         226         227         229         230         231
                 232         233         234         235         236         238
                 239         240         241         242         243         244
                 245         246         247         248         249         252
                 253         254         255         256         257         258
                 259         260         261         262         263         266
                 267         268         269         270         271         272
                 273         274         275
COMM PE            3
RECV PE          100           4
                   1           3          10          23
RECV PE          105          18
                  54          57          72          77          81          82
                  92         102         112         125         138         165
                 184         212         228         250         264         276
RECV PE          106          17
                  31          32          47          63          75          88
                  97         106         114         122         132         149
                 172         200         237         251         265
SEND PE          100           4
                   2           5          11          25
SEND PE          105          19
                  25          38          59          61          68          69
                  83          93         103         113         127         147
                 169         211         236         249         257         270
                 275
SEND PE          106          17
                  28          29          48          64          76          89
                  99         107         115         123         137         154
                 173         191         230         252         266
