bi_1997_v2.grd                                                                  
     423     289
   26980 -0.764680600000E+02  0.352615400000E+02  0.690000000000E+00
   26998 -0.764374800000E+02  0.352654000000E+02  0.557000000000E+01
   27037 -0.764539400000E+02  0.352726900000E+02  0.450300000000E+01
   27055 -0.764218500000E+02  0.352752100000E+02  0.543200000000E+01
   27085 -0.764709900000E+02  0.352800400000E+02  0.105100000000E+01
   27095 -0.764386800000E+02  0.352830000000E+02  0.570000000000E+01
   27106 -0.764059500000E+02  0.352845600000E+02  0.604000000000E+01
   27137 -0.764555100000E+02  0.352910600000E+02  0.382400000000E+01
   27147 -0.764231100000E+02  0.352927100000E+02  0.573700000000E+01
   27153 -0.763896900000E+02  0.352934000000E+02  0.441300000000E+01
   27187 -0.764720500000E+02  0.353003500000E+02  0.252000000000E+01
   27190 -0.764895300000E+02  0.352931700000E+02  0.140800000000E+01
   27194 -0.764402300000E+02  0.353009000000E+02  0.553900000000E+01
   27198 -0.764071500000E+02  0.353020400000E+02  0.528400000000E+01
   27227 -0.764571300000E+02  0.353094000000E+02  0.337800000000E+01
   27231 -0.764856300000E+02  0.353102100000E+02  0.627000000000E+00
   27238 -0.764247700000E+02  0.353105200000E+02  0.646800000000E+01
   27245 -0.765012400000E+02  0.353058300000E+02  0.577000000000E+00
   27246 -0.763905600000E+02  0.353108200000E+02  0.325700000000E+01
   27273 -0.764735400000E+02  0.353181900000E+02  0.294100000000E+01
   27280 -0.764421800000E+02  0.353187400000E+02  0.604400000000E+01
   27291 -0.764088400000E+02  0.353202600000E+02  0.360900000000E+01
   27313 -0.764904300000E+02  0.353262200000E+02  0.398600000000E+01
   27314 -0.765055400000E+02  0.353178300000E+02  0.153100000000E+01
   27318 -0.764592600000E+02  0.353271400000E+02  0.424800000000E+01
   27327 -0.764271400000E+02  0.353284300000E+02  0.584600000000E+01
   27340 -0.766148900000E+02  0.353174900000E+02  0.197500000000E+01
   27341 -0.766146500000E+02  0.353301500000E+02  0.196900000000E+01
   27342 -0.766254800000E+02  0.353229400000E+02  0.933000000000E+00
   27343 -0.763917500000E+02  0.353299100000E+02  0.271000000000E+01
   27349 -0.766008800000E+02  0.353256700000E+02  0.555000000000E+00
   27352 -0.765229600000E+02  0.353174900000E+02  0.640000000000E+00
   27353 -0.765206500000E+02  0.353304600000E+02  0.265400000000E+01
   27364 -0.765055300000E+02  0.353325600000E+02  0.335900000000E+01
   27370 -0.765393700000E+02  0.353253300000E+02  0.136100000000E+01
   27371 -0.766258200000E+02  0.353345300000E+02  0.993000000000E+00
   27373 -0.764767400000E+02  0.353358100000E+02  0.609800000000E+01
   27376 -0.764445600000E+02  0.353360700000E+02  0.673000000000E+01
   27390 -0.766018800000E+02  0.353378800000E+02  0.281000000000E+01
   27398 -0.764117000000E+02  0.353398600000E+02  0.263300000000E+01
   27405 -0.766189900000E+02  0.353423700000E+02  0.105000000000E+01
   27407 -0.764955900000E+02  0.353427300000E+02  0.614400000000E+01
   27408 -0.765602100000E+02  0.353294800000E+02  0.118600000000E+01
   27409 -0.765533400000E+02  0.353420300000E+02  0.474400000000E+01
   27412 -0.765796900000E+02  0.353294200000E+02  0.634000000000E+00
   27413 -0.765708400000E+02  0.353431100000E+02  0.459400000000E+01
   27423 -0.765350300000E+02  0.353439800000E+02  0.525400000000E+01
   27427 -0.765154600000E+02  0.353455700000E+02  0.580500000000E+01
   27428 -0.764307600000E+02  0.353451200000E+02  0.474000000000E+01
   27429 -0.764614000000E+02  0.353446600000E+02  0.642800000000E+01
   27438 -0.767437200000E+02  0.353382800000E+02  0.219900000000E+01
   27439 -0.767338100000E+02  0.353410000000E+02  0.169600000000E+01
   27440 -0.767409900000E+02  0.353464500000E+02  0.124700000000E+01
   27443 -0.765891700000E+02  0.353471400000E+02  0.502900000000E+01
   27458 -0.767526100000E+02  0.353406600000E+02  0.116000000000E+01
   27459 -0.767348400000E+02  0.353505400000E+02  0.216600000000E+01
   27462 -0.767266400000E+02  0.353440700000E+02  0.612000000000E+00
   27469 -0.766078700000E+02  0.353525100000E+02  0.409800000000E+01
   27472 -0.767163800000E+02  0.353478200000E+02  0.787000000000E+00
   27473 -0.767246300000E+02  0.353525000000E+02  0.298300000000E+01
   27475 -0.765640300000E+02  0.353531700000E+02  0.531300000000E+01
   27476 -0.766511200000E+02  0.353399800000E+02  0.943000000000E+00
   27477 -0.766557200000E+02  0.353530700000E+02  0.315200000000E+01
   27478 -0.766668300000E+02  0.353437300000E+02  0.595000000000E+00
   27480 -0.764466100000E+02  0.353523300000E+02  0.564700000000E+01
   27481 -0.764203300000E+02  0.353535400000E+02  0.312600000000E+01
   27493 -0.766945100000E+02  0.353444100000E+02  0.233100000000E+01
   27494 -0.766954700000E+02  0.353541500000E+02  0.273000000000E+01
   27495 -0.767068200000E+02  0.353498600000E+02  0.123200000000E+01
   27498 -0.767156500000E+02  0.353551300000E+02  0.282400000000E+01
   27499 -0.764802200000E+02  0.353559000000E+02  0.580800000000E+01
   27503 -0.766395200000E+02  0.353467800000E+02  0.139300000000E+01
   27504 -0.766822100000E+02  0.353485000000E+02  0.613000000000E+00
   27505 -0.765785700000E+02  0.353574300000E+02  0.512700000000E+01
   27509 -0.766264000000E+02  0.353574700000E+02  0.435400000000E+01
   27511 -0.767314200000E+02  0.353577000000E+02  0.623000000000E+00
   27512 -0.766713900000E+02  0.353576800000E+02  0.151600000000E+01
   27514 -0.765505300000E+02  0.353571200000E+02  0.543200000000E+01
   27518 -0.767078400000E+02  0.353590600000E+02  0.105200000000E+01
   27520 -0.767228800000E+02  0.353597400000E+02  0.112800000000E+01
   27521 -0.765051300000E+02  0.353603300000E+02  0.583900000000E+01
   27530 -0.764342300000E+02  0.353604900000E+02  0.300700000000E+01
   27533 -0.766856800000E+02  0.353613600000E+02  0.203900000000E+01
   27534 -0.764610000000E+02  0.353607200000E+02  0.463000000000E+01
   27537 -0.765962000000E+02  0.353625000000E+02  0.512400000000E+01
   27539 -0.766443900000E+02  0.353626200000E+02  0.141200000000E+01
   27541 -0.767153600000E+02  0.353617900000E+02  0.642000000000E+00
   27553 -0.766957200000E+02  0.353617200000E+02  0.110400000000E+01
   27556 -0.765308500000E+02  0.353633500000E+02  0.545800000000E+01
   27564 -0.765669100000E+02  0.353661800000E+02  0.538500000000E+01
   27569 -0.766610500000E+02  0.353676200000E+02  0.240300000000E+01
   27570 -0.766146200000E+02  0.353677000000E+02  0.525800000000E+01
   27571 -0.764477100000E+02  0.353669000000E+02  0.517700000000E+01
   27580 -0.764237200000E+02  0.353704500000E+02  0.154600000000E+01
   27583 -0.764702500000E+02  0.353709600000E+02  0.902000000000E+00
   27587 -0.766768300000E+02  0.353717900000E+02  0.451200000000E+01
   27591 -0.765842700000E+02  0.353724500000E+02  0.516100000000E+01
   27593 -0.766329800000E+02  0.353728500000E+02  0.534600000000E+01
   27602 -0.766925000000E+02  0.353743300000E+02  0.422800000000E+01
   27603 -0.764598200000E+02  0.353735700000E+02  0.105500000000E+01
   27605 -0.765530100000E+02  0.353740300000E+02  0.480500000000E+01
   27606 -0.767013500000E+02  0.353655700000E+02  0.735000000000E+00
   27607 -0.764362600000E+02  0.353745700000E+02  0.289600000000E+01
   27611 -0.764914800000E+02  0.353760600000E+02  0.159000000000E+01
   27620 -0.766506700000E+02  0.353779000000E+02  0.535400000000E+01
   27621 -0.766026900000E+02  0.353777900000E+02  0.527100000000E+01
   27626 -0.765172000000E+02  0.353784000000E+02  0.514000000000E+01
   27635 -0.764483200000E+02  0.353797400000E+02  0.231800000000E+01
   27638 -0.767141300000E+02  0.353727000000E+02  0.555000000000E+00
   27639 -0.767068600000E+02  0.353810300000E+02  0.402300000000E+01
   27640 -0.764712800000E+02  0.353786100000E+02  0.145300000000E+01
   27643 -0.764268300000E+02  0.353818100000E+02  0.563000000000E+01
   27645 -0.763723200000E+02  0.353696900000E+02  0.262300000000E+01
   27646 -0.763720700000E+02  0.353814100000E+02  0.129400000000E+01
   27647 -0.763825500000E+02  0.353745300000E+02  0.219500000000E+01
   27650 -0.766673000000E+02  0.353826800000E+02  0.482200000000E+01
   27653 -0.764175800000E+02  0.353740200000E+02  0.115300000000E+01
   27655 -0.766215400000E+02  0.353830800000E+02  0.535600000000E+01
   27658 -0.765710400000E+02  0.353828500000E+02  0.177500000000E+01
   27660 -0.763948200000E+02  0.353714700000E+02  0.166800000000E+01
   27661 -0.763953500000E+02  0.353821300000E+02  0.305200000000E+01
   27662 -0.764068500000E+02  0.353778400000E+02  0.213700000000E+01
   27664 -0.765396000000E+02  0.353839900000E+02  0.531400000000E+01
   27672 -0.763846000000E+02  0.353842200000E+02  0.243600000000E+01
   27673 -0.767223600000E+02  0.353855700000E+02  0.385800000000E+01
   27674 -0.767341500000E+02  0.353758900000E+02  0.722000000000E+00
   27675 -0.764603400000E+02  0.353845000000E+02  0.300200000000E+01
   27682 -0.766830400000E+02  0.353870800000E+02  0.482200000000E+01
   27684 -0.764172900000E+02  0.353867900000E+02  0.350200000000E+01
   27688 -0.765901900000E+02  0.353879500000E+02  0.137000000000E+01
   27689 -0.766403000000E+02  0.353883600000E+02  0.544600000000E+01
   27690 -0.764367600000E+02  0.353880400000E+02  0.105500000000E+01
   27692 -0.767384800000E+02  0.353882400000E+02  0.438100000000E+01
   27693 -0.767505600000E+02  0.353772500000E+02  0.629000000000E+00
   27700 -0.767533900000E+02  0.353903800000E+02  0.367700000000E+01
   27701 -0.767632000000E+02  0.353830500000E+02  0.108400000000E+01
   27702 -0.765591300000E+02  0.353907000000E+02  0.422800000000E+01
   27703 -0.765070700000E+02  0.353905900000E+02  0.219200000000E+01
   27707 -0.764063800000E+02  0.353905600000E+02  0.322200000000E+01
   27708 -0.766980100000E+02  0.353917700000E+02  0.482200000000E+01
   27710 -0.764728100000E+02  0.353895700000E+02  0.158100000000E+01
   27711 -0.764490300000E+02  0.353908500000E+02  0.145200000000E+01
   27715 -0.766093400000E+02  0.353930500000E+02  0.204200000000E+01
   27716 -0.766579500000E+02  0.353932800000E+02  0.512600000000E+01
   27723 -0.763968700000E+02  0.353941600000E+02  0.202700000000E+01
   27731 -0.765290300000E+02  0.353960900000E+02  0.221800000000E+01
   27732 -0.767127700000E+02  0.353962700000E+02  0.489400000000E+01
   27735 -0.764607900000E+02  0.353946700000E+02  0.344900000000E+01
   27739 -0.764293400000E+02  0.353969600000E+02  0.234200000000E+01
   27741 -0.767679900000E+02  0.353905400000E+02  0.362400000000E+01
   27744 -0.766743100000E+02  0.353983700000E+02  0.476300000000E+01
   27747 -0.766293300000E+02  0.353987000000E+02  0.118600000000E+01
   27753 -0.767277500000E+02  0.353993000000E+02  0.480500000000E+01
   27760 -0.764167900000E+02  0.353995400000E+02  0.323300000000E+01
   27762 -0.765768700000E+02  0.353961000000E+02  0.139600000000E+01
   27763 -0.765483800000E+02  0.354013400000E+02  0.481600000000E+01
   27764 -0.764728100000E+02  0.354010400000E+02  0.276700000000E+01
   27765 -0.764807400000E+02  0.353972200000E+02  0.669000000000E+00
   27766 -0.767426900000E+02  0.354010600000E+02  0.482200000000E+01
   27775 -0.767963500000E+02  0.353898600000E+02  0.178600000000E+01
   27776 -0.767966800000E+02  0.354010100000E+02  0.390800000000E+01
   27777 -0.767573900000E+02  0.354021500000E+02  0.482100000000E+01
   27778 -0.764051100000E+02  0.354029200000E+02  0.248800000000E+01
   27779 -0.767843900000E+02  0.353915700000E+02  0.281400000000E+01
   27780 -0.766892700000E+02  0.354035300000E+02  0.459100000000E+01
   27785 -0.766493300000E+02  0.354043400000E+02  0.733000000000E+00
   27787 -0.767719400000E+02  0.354037700000E+02  0.468000000000E+01
   27792 -0.765658700000E+02  0.354059000000E+02  0.475600000000E+01
   27801 -0.763945700000E+02  0.354063900000E+02  0.144800000000E+01
   27804 -0.766657900000E+02  0.354080400000E+02  0.359800000000E+01
   27807 -0.767854400000E+02  0.354079700000E+02  0.421200000000E+01
   27808 -0.767036700000E+02  0.354083600000E+02  0.386200000000E+01
   27817 -0.764285700000E+02  0.354084400000E+02  0.144800000000E+01
   27826 -0.767179700000E+02  0.354116000000E+02  0.337700000000E+01
   27828 -0.764140500000E+02  0.354115600000E+02  0.263200000000E+01
   27836 -0.767322300000E+02  0.354130400000E+02  0.373300000000E+01
   27839 -0.767469200000E+02  0.354132700000E+02  0.376900000000E+01
   27840 -0.765826900000E+02  0.354093600000E+02  0.117400000000E+01
   27842 -0.767614100000E+02  0.354138300000E+02  0.262700000000E+01
   27845 -0.765403100000E+02  0.354143000000E+02  0.181800000000E+01
   27848 -0.764019900000E+02  0.354153200000E+02  0.269400000000E+01
   27851 -0.766825200000E+02  0.354156300000E+02  0.900000000000E+00
   27857 -0.766589700000E+02  0.354164400000E+02  0.127700000000E+01
   27860 -0.767750300000E+02  0.354166000000E+02  0.468100000000E+01
   27862 -0.765563200000E+02  0.354171000000E+02  0.503000000000E+01
   27871 -0.764209100000E+02  0.354188900000E+02  0.151200000000E+01
   27877 -0.766940800000E+02  0.354199800000E+02  0.627000000000E+00
   27879 -0.766716200000E+02  0.354201900000E+02  0.113700000000E+01
   27880 -0.765718600000E+02  0.354207800000E+02  0.429100000000E+01
   27881 -0.767872500000E+02  0.354209800000E+02  0.458700000000E+01
   27889 -0.767512400000E+02  0.354222300000E+02  0.616000000000E+00
   27894 -0.764109300000E+02  0.354242400000E+02  0.196500000000E+01
   27905 -0.767659400000E+02  0.354249600000E+02  0.559000000000E+00
   27909 -0.767215100000E+02  0.354256400000E+02  0.555000000000E+00
   27917 -0.767098900000E+02  0.354270000000E+02  0.133900000000E+01
   27923 -0.767365500000E+02  0.354273400000E+02  0.614000000000E+00
   27927 -0.767782000000E+02  0.354280700000E+02  0.104200000000E+01
   27931 -0.765872700000E+02  0.354267400000E+02  0.884000000000E+00
   27934 -0.765632200000E+02  0.354296600000E+02  0.528300000000E+01
   27937 -0.765482900000E+02  0.354306300000E+02  0.320500000000E+01
   27942 -0.763976400000E+02  0.354298500000E+02  0.123800000000E+01
   27959 -0.765317800000E+02  0.354313200000E+02  0.244600000000E+01
   27968 -0.765757800000E+02  0.354359100000E+02  0.468100000000E+01
   27976 -0.764088900000E+02  0.354367300000E+02  0.158700000000E+01
   28025 -0.765638800000E+02  0.354439000000E+02  0.124400000000E+01
   28034 -0.765918600000E+02  0.354441300000E+02  0.360200000000E+01
   28069 -0.765765500000E+02  0.354502400000E+02  0.362500000000E+01
   28112 -0.765901000000E+02  0.354560600000E+02  0.393100000000E+01
   28123 -0.765629700000E+02  0.354578500000E+02  0.281700000000E+01
   28128 -0.766066500000E+02  0.354482300000E+02  0.626000000000E+00
   28140 -0.766036900000E+02  0.354609900000E+02  0.636000000000E+00
   28155 -0.765746800000E+02  0.354636000000E+02  0.394400000000E+01
   28185 -0.765871800000E+02  0.354691600000E+02  0.368900000000E+01
   28192 -0.765534700000E+02  0.354634100000E+02  0.647000000000E+00
   28193 -0.765611500000E+02  0.354710500000E+02  0.760000000000E+00
   28213 -0.765963900000E+02  0.354746400000E+02  0.199100000000E+01
   28231 -0.765701700000E+02  0.354772300000E+02  0.270900000000E+01
   28256 -0.765880700000E+02  0.354824400000E+02  0.244400000000E+01
   28282 -0.765993800000E+02  0.354835800000E+02  0.133600000000E+01
   28326 -0.765956900000E+02  0.354946700000E+02  0.449300000000E+01
   28328 -0.765795900000E+02  0.354953500000E+02  0.245300000000E+01
   28332 -0.765647800000E+02  0.354898500000E+02  0.775000000000E+00
   28346 -0.766121700000E+02  0.354891500000E+02  0.158500000000E+01
   28356 -0.766099200000E+02  0.354998100000E+02  0.352600000000E+01
   28357 -0.766213200000E+02  0.354930400000E+02  0.595000000000E+00
   28373 -0.765832200000E+02  0.355051800000E+02  0.867000000000E+00
   28379 -0.766236100000E+02  0.355047200000E+02  0.159800000000E+01
   28382 -0.765974500000E+02  0.355071500000E+02  0.381900000000E+01
   28398 -0.766093100000E+02  0.355101500000E+02  0.372600000000E+01
   28406 -0.765873000000E+02  0.355134200000E+02  0.210200000000E+01
   28412 -0.765044700000E+02  0.355047700000E+02  0.903000000000E+00
   28413 -0.764922200000E+02  0.355043700000E+02  0.123000000000E+01
   28414 -0.764983800000E+02  0.355154900000E+02  0.217700000000E+01
   28415 -0.765820200000E+02  0.355080800000E+02  0.569000000000E+00
   28416 -0.765685500000E+02  0.355080800000E+02  0.663000000000E+00
   28417 -0.765762900000E+02  0.355155400000E+02  0.304100000000E+01
   28420 -0.765091000000E+02  0.355157700000E+02  0.418100000000E+01
   28421 -0.765151100000E+02  0.355067900000E+02  0.156000000000E+01
   28423 -0.765250700000E+02  0.355090100000E+02  0.188300000000E+01
   28424 -0.765195000000E+02  0.355165100000E+02  0.418900000000E+01
   28426 -0.765577900000E+02  0.355087400000E+02  0.116300000000E+01
   28427 -0.765646400000E+02  0.355165000000E+02  0.445900000000E+01
   28428 -0.765300200000E+02  0.355167500000E+02  0.351700000000E+01
   28429 -0.765357100000E+02  0.355084800000E+02  0.582000000000E+00
   28430 -0.765408800000E+02  0.355167600000E+02  0.401900000000E+01
   28431 -0.765475500000E+02  0.355080800000E+02  0.576000000000E+00
   28433 -0.764790300000E+02  0.355098700000E+02  0.107200000000E+01
   28434 -0.764874400000E+02  0.355169100000E+02  0.361800000000E+01
   28441 -0.765527900000E+02  0.355183800000E+02  0.315100000000E+01
   28447 -0.764717000000E+02  0.355138900000E+02  0.887000000000E+00
   28448 -0.764779300000E+02  0.355193800000E+02  0.254300000000E+01
   28449 -0.766162900000E+02  0.355194100000E+02  0.354400000000E+01
   28451 -0.765992700000E+02  0.355196800000E+02  0.455600000000E+01
   28456 -0.764713600000E+02  0.355203600000E+02  0.728000000000E+00
   28465 -0.765839600000E+02  0.355230600000E+02  0.396600000000E+01
   28467 -0.766330000000E+02  0.355176400000E+02  0.123400000000E+01
   28470 -0.765712500000E+02  0.355241100000E+02  0.382100000000E+01
   28471 -0.765348400000E+02  0.355245500000E+02  0.192900000000E+01
   28472 -0.765612000000E+02  0.355241500000E+02  0.251700000000E+01
   28474 -0.765443700000E+02  0.355243200000E+02  0.271700000000E+01
   28478 -0.765241200000E+02  0.355251700000E+02  0.267400000000E+01
   28479 -0.765035600000E+02  0.355254700000E+02  0.315700000000E+01
   28480 -0.765135900000E+02  0.355255700000E+02  0.365700000000E+01
   28481 -0.764935100000E+02  0.355256400000E+02  0.385600000000E+01
   28483 -0.764835900000E+02  0.355267100000E+02  0.341600000000E+01
   28490 -0.764744400000E+02  0.355285400000E+02  0.153700000000E+01
   28500 -0.765530700000E+02  0.355301400000E+02  0.203700000000E+01
   28503 -0.766244600000E+02  0.355316000000E+02  0.230400000000E+01
   28506 -0.765402800000E+02  0.355317500000E+02  0.159000000000E+01
   28507 -0.765924800000E+02  0.355318600000E+02  0.275400000000E+01
   28508 -0.765642500000E+02  0.355316200000E+02  0.144100000000E+01
   28513 -0.765293800000E+02  0.355325600000E+02  0.148500000000E+01
   28516 -0.766081300000E+02  0.355326900000E+02  0.123000000000E+01
   28521 -0.765771600000E+02  0.355337600000E+02  0.303900000000E+01
   28524 -0.764891300000E+02  0.355343000000E+02  0.801000000000E+00
   28529 -0.764989500000E+02  0.355349700000E+02  0.715000000000E+00
   28531 -0.765174000000E+02  0.355351100000E+02  0.681000000000E+00
   28533 -0.765078400000E+02  0.355353700000E+02  0.137500000000E+01
   28534 -0.764790800000E+02  0.355355000000E+02  0.349300000000E+01
   28548 -0.764693100000E+02  0.355363800000E+02  0.994000000000E+00
   28552 -0.765861800000E+02  0.355408100000E+02  0.106000000000E+01
   28554 -0.766002000000E+02  0.355411500000E+02  0.607000000000E+00
   28558 -0.764840100000E+02  0.355428500000E+02  0.163400000000E+01
   28565 -0.764740100000E+02  0.355441800000E+02  0.288300000000E+01
   28576 -0.764641900000E+02  0.355449000000E+02  0.138100000000E+01
   28590 -0.764795600000E+02  0.355520500000E+02  0.126600000000E+01
   28599 -0.764679400000E+02  0.355534100000E+02  0.300600000000E+01
   28604 -0.764597500000E+02  0.355537500000E+02  0.187600000000E+01
   28619 -0.764723900000E+02  0.355605700000E+02  0.289500000000E+01
       1 3    26980    27037    27085
       2 3    26998    27095    27037
       3 3    26998    27055    27095
       4 3    27037    27137    27085
       5 3    27037    27095    27137
       6 3    27055    27147    27095
       7 3    27055    27106    27147
       8 3    27085    27137    27187
       9 3    27085    27187    27190
      10 3    27095    27194    27137
      11 3    27095    27147    27194
      12 3    27106    27198    27147
      13 3    27106    27153    27198
      14 3    27137    27227    27187
      15 3    27190    27187    27231
      16 3    27137    27194    27227
      17 3    27147    27238    27194
      18 3    27190    27231    27245
      19 3    27153    27246    27198
      20 3    27147    27198    27238
      21 3    27187    27273    27231
      22 3    27194    27280    27227
      23 3    27187    27227    27273
      24 3    27194    27238    27280
      25 3    27198    27291    27238
      26 3    27198    27246    27291
      27 3    27231    27313    27314
      28 3    27227    27318    27273
      29 3    27238    27327    27280
      30 3    27231    27273    27313
      31 3    27227    27280    27318
      32 3    27340    27341    27342
      33 3    27238    27291    27327
      34 3    27246    27343    27291
      35 3    27340    27349    27341
      36 3    27352    27314    27353
      37 3    27314    27313    27364
      38 3    27314    27364    27353
      39 3    27352    27353    27370
      40 3    27342    27341    27371
      41 3    27273    27373    27313
      42 3    27280    27376    27318
      43 3    27273    27318    27373
      44 3    27280    27327    27376
      45 3    27349    27390    27341
      46 3    27291    27398    27327
      47 3    27341    27405    27371
      48 3    27313    27407    27364
      49 3    27408    27370    27409
      50 3    27291    27343    27398
      51 3    27412    27408    27413
      52 3    27349    27412    27390
      53 3    27370    27353    27423
      54 3    27353    27364    27427
      55 3    27327    27428    27376
      56 3    27318    27429    27373
      57 3    27438    27439    27440
      58 3    27313    27373    27407
      59 3    27318    27376    27429
      60 3    27412    27443    27390
      61 3    27341    27390    27405
      62 3    27370    27423    27409
      63 3    27408    27409    27413
      64 3    27327    27398    27428
      65 3    27438    27440    27458
      66 3    27439    27459    27440
      67 3    27412    27413    27443
      68 3    27353    27427    27423
      69 3    27439    27462    27459
      70 3    27390    27469    27405
      71 3    27364    27407    27427
      72 3    27462    27472    27473
      73 3    27413    27409    27475
      74 3    27476    27477    27478
      75 3    27376    27480    27429
      76 3    27398    27481    27428
      77 3    27376    27428    27480
      78 3    27462    27473    27459
      79 3    27493    27494    27495
      80 3    27472    27495    27498
      81 3    27373    27499    27407
      82 3    27472    27498    27473
      83 3    27476    27503    27477
      84 3    27493    27504    27494
      85 3    27413    27505    27443
      86 3    27390    27443    27469
      87 3    27405    27509    27503
      88 3    27459    27473    27511
      89 3    27478    27512    27504
      90 3    27373    27429    27499
      91 3    27409    27423    27514
      92 3    27409    27514    27475
      93 3    27495    27518    27498
      94 3    27413    27475    27505
      95 3    27473    27498    27520
      96 3    27427    27407    27521
      97 3    27428    27530    27480
      98 3    27478    27477    27512
      99 3    27473    27520    27511
     100 3    27504    27533    27494
     101 3    27495    27494    27518
     102 3    27429    27480    27534
     103 3    27428    27481    27530
     104 3    27405    27469    27509
     105 3    27443    27537    27469
     106 3    27503    27539    27477
     107 3    27498    27518    27541
     108 3    27498    27541    27520
     109 3    27494    27533    27553
     110 3    27429    27534    27499
     111 3    27504    27512    27533
     112 3    27423    27427    27556
     113 3    27494    27553    27518
     114 3    27503    27509    27539
     115 3    27443    27505    27537
     116 3    27423    27556    27514
     117 3    27475    27564    27505
     118 3    27477    27569    27512
     119 3    27469    27570    27509
     120 3    27480    27571    27534
     121 3    27407    27499    27521
     122 3    27480    27530    27571
     123 3    27475    27514    27564
     124 3    27481    27580    27530
     125 3    27534    27583    27499
     126 3    27477    27539    27569
     127 3    27512    27587    27533
     128 3    27427    27521    27556
     129 3    27469    27537    27570
     130 3    27505    27591    27537
     131 3    27509    27593    27539
     132 3    27553    27533    27602
     133 3    27534    27571    27603
     134 3    27534    27603    27583
     135 3    27514    27605    27564
     136 3    27553    27602    27606
     137 3    27530    27607    27571
     138 3    27512    27569    27587
     139 3    27499    27611    27521
     140 3    27530    27580    27607
     141 3    27505    27564    27591
     142 3    27509    27570    27593
     143 3    27539    27620    27569
     144 3    27537    27621    27570
     145 3    27521    27626    27556
     146 3    27533    27587    27602
     147 3    27514    27556    27605
     148 3    27499    27583    27611
     149 3    27571    27635    27603
     150 3    27638    27606    27639
     151 3    27571    27607    27635
     152 3    27583    27603    27640
     153 3    27539    27593    27620
     154 3    27580    27643    27607
     155 3    27537    27591    27621
     156 3    27645    27646    27647
     157 3    27569    27650    27587
     158 3    27580    27653    27643
     159 3    27606    27602    27639
     160 3    27570    27655    27593
     161 3    27564    27658    27591
     162 3    27660    27661    27662
     163 3    27556    27664    27605
     164 3    27660    27647    27661
     165 3    27647    27672    27661
     166 3    27638    27673    27674
     167 3    27603    27675    27640
     168 3    27569    27620    27650
     169 3    27564    27605    27658
     170 3    27603    27635    27675
     171 3    27521    27611    27626
     172 3    27587    27682    27602
     173 3    27647    27646    27672
     174 3    27653    27684    27643
     175 3    27653    27662    27684
     176 3    27570    27621    27655
     177 3    27591    27688    27621
     178 3    27593    27689    27620
     179 3    27607    27643    27690
     180 3    27556    27626    27664
     181 3    27674    27692    27693
     182 3    27607    27690    27635
     183 3    27638    27639    27673
     184 3    27587    27650    27682
     185 3    27693    27700    27701
     186 3    27605    27702    27658
     187 3    27626    27611    27703
     188 3    27662    27661    27707
     189 3    27662    27707    27684
     190 3    27639    27602    27708
     191 3    27640    27675    27710
     192 3    27635    27711    27675
     193 3    27674    27673    27692
     194 3    27591    27658    27688
     195 3    27635    27690    27711
     196 3    27593    27655    27689
     197 3    27621    27715    27655
     198 3    27620    27716    27650
     199 3    27693    27692    27700
     200 3    27602    27682    27708
     201 3    27661    27723    27707
     202 3    27605    27664    27702
     203 3    27664    27626    27731
     204 3    27639    27732    27673
     205 3    27675    27735    27710
     206 3    27661    27672    27723
     207 3    27675    27711    27735
     208 3    27690    27643    27739
     209 3    27701    27700    27741
     210 3    27620    27689    27716
     211 3    27621    27688    27715
     212 3    27643    27684    27739
     213 3    27682    27650    27744
     214 3    27639    27708    27732
     215 3    27655    27747    27689
     216 3    27673    27753    27692
     217 3    27684    27707    27760
     218 3    27658    27702    27762
     219 3    27702    27664    27763
     220 3    27710    27764    27765
     221 3    27684    27760    27739
     222 3    27692    27766    27700
     223 3    27650    27716    27744
     224 3    27626    27703    27731
     225 3    27673    27732    27753
     226 3    27710    27735    27764
     227 3    27700    27777    27741
     228 3    27707    27723    27778
     229 3    27775    27779    27776
     230 3    27708    27682    27780
     231 3    27655    27715    27747
     232 3    27716    27689    27785
     233 3    27707    27778    27760
     234 3    27741    27787    27779
     235 3    27692    27753    27766
     236 3    27664    27731    27763
     237 3    27682    27744    27780
     238 3    27702    27792    27762
     239 3    27700    27766    27777
     240 3    27741    27777    27787
     241 3    27723    27801    27778
     242 3    27744    27716    27804
     243 3    27779    27807    27776
     244 3    27708    27808    27732
     245 3    27779    27787    27807
     246 3    27689    27747    27785
     247 3    27702    27763    27792
     248 3    27739    27760    27817
     249 3    27708    27780    27808
     250 3    27732    27826    27753
     251 3    27716    27785    27804
     252 3    27760    27778    27828
     253 3    27753    27836    27766
     254 3    27766    27839    27777
     255 3    27762    27792    27840
     256 3    27732    27808    27826
     257 3    27777    27842    27787
     258 3    27763    27731    27845
     259 3    27760    27828    27817
     260 3    27778    27801    27848
     261 3    27780    27744    27851
     262 3    27753    27826    27836
     263 3    27804    27785    27857
     264 3    27787    27860    27807
     265 3    27792    27763    27862
     266 3    27778    27848    27828
     267 3    27766    27836    27839
     268 3    27777    27839    27842
     269 3    27744    27804    27851
     270 3    27828    27871    27817
     271 3    27787    27842    27860
     272 3    27780    27877    27808
     273 3    27763    27845    27862
     274 3    27804    27879    27851
     275 3    27780    27851    27877
     276 3    27792    27880    27840
     277 3    27804    27857    27879
     278 3    27807    27860    27881
     279 3    27839    27889    27842
     280 3    27792    27862    27880
     281 3    27828    27848    27894
     282 3    27828    27894    27871
     283 3    27842    27905    27860
     284 3    27826    27909    27836
     285 3    27826    27808    27917
     286 3    27836    27923    27839
     287 3    27860    27927    27881
     288 3    27826    27917    27909
     289 3    27840    27880    27931
     290 3    27808    27877    27917
     291 3    27842    27889    27905
     292 3    27862    27934    27880
     293 3    27839    27923    27889
     294 3    27860    27905    27927
     295 3    27836    27909    27923
     296 3    27862    27845    27937
     297 3    27848    27942    27894
     298 3    27862    27937    27934
     299 3    27845    27959    27937
     300 3    27880    27968    27931
     301 3    27880    27934    27968
     302 3    27894    27942    27976
     303 3    27934    28025    27968
     304 3    27931    27968    28034
     305 3    27934    27937    28025
     306 3    27968    28025    28069
     307 3    27968    28069    28034
     308 3    28034    28069    28112
     309 3    28025    28123    28069
     310 3    28034    28112    28128
     311 3    28128    28112    28140
     312 3    28069    28123    28155
     313 3    28069    28155    28112
     314 3    28112    28155    28185
     315 3    28123    28192    28193
     316 3    28123    28193    28155
     317 3    28112    28185    28140
     318 3    28140    28185    28213
     319 3    28155    28193    28231
     320 3    28155    28231    28185
     321 3    28185    28256    28213
     322 3    28185    28231    28256
     323 3    28213    28256    28282
     324 3    28282    28256    28326
     325 3    28256    28231    28328
     326 3    28231    28332    28328
     327 3    28282    28326    28346
     328 3    28256    28328    28326
     329 3    28346    28326    28356
     330 3    28346    28356    28357
     331 3    28328    28373    28326
     332 3    28357    28356    28379
     333 3    28326    28382    28356
     334 3    28326    28373    28382
     335 3    28356    28382    28398
     336 3    28356    28398    28379
     337 3    28373    28406    28382
     338 3    28412    28413    28414
     339 3    28415    28416    28417
     340 3    28412    28420    28421
     341 3    28423    28421    28424
     342 3    28416    28426    28427
     343 3    28423    28428    28429
     344 3    28429    28430    28431
     345 3    28413    28433    28434
     346 3    28412    28414    28420
     347 3    28426    28431    28441
     348 3    28413    28434    28414
     349 3    28421    28420    28424
     350 3    28415    28417    28406
     351 3    28433    28447    28448
     352 3    28398    28449    28379
     353 3    28416    28427    28417
     354 3    28423    28424    28428
     355 3    28429    28428    28430
     356 3    28382    28451    28398
     357 3    28433    28448    28434
     358 3    28382    28406    28451
     359 3    28431    28430    28441
     360 3    28447    28456    28448
     361 3    28426    28441    28427
     362 3    28406    28417    28465
     363 3    28379    28449    28467
     364 3    28417    28427    28470
     365 3    28428    28471    28430
     366 3    28427    28441    28472
     367 3    28430    28474    28441
     368 3    28424    28478    28428
     369 3    28414    28479    28420
     370 3    28420    28480    28424
     371 3    28414    28434    28481
     372 3    28434    28448    28483
     373 3    28398    28451    28449
     374 3    28430    28471    28474
     375 3    28427    28472    28470
     376 3    28414    28481    28479
     377 3    28420    28479    28480
     378 3    28406    28465    28451
     379 3    28428    28478    28471
     380 3    28424    28480    28478
     381 3    28417    28470    28465
     382 3    28456    28490    28448
     383 3    28434    28483    28481
     384 3    28448    28490    28483
     385 3    28441    28500    28472
     386 3    28441    28474    28500
     387 3    28449    28503    28467
     388 3    28474    28471    28506
     389 3    28451    28465    28507
     390 3    28472    28508    28470
     391 3    28478    28513    28471
     392 3    28449    28451    28516
     393 3    28470    28521    28465
     394 3    28481    28483    28524
     395 3    28479    28481    28529
     396 3    28472    28500    28508
     397 3    28480    28531    28478
     398 3    28479    28533    28480
     399 3    28490    28534    28483
     400 3    28471    28513    28506
     401 3    28474    28506    28500
     402 3    28451    28507    28516
     403 3    28479    28529    28533
     404 3    28481    28524    28529
     405 3    28449    28516    28503
     406 3    28480    28533    28531
     407 3    28470    28508    28521
     408 3    28483    28534    28524
     409 3    28478    28531    28513
     410 3    28465    28521    28507
     411 3    28490    28548    28534
     412 3    28507    28521    28552
     413 3    28507    28554    28516
     414 3    28534    28558    28524
     415 3    28548    28565    28534
     416 3    28507    28552    28554
     417 3    28534    28565    28558
     418 3    28548    28576    28565
     419 3    28558    28565    28590
     420 3    28576    28599    28565
     421 3    28576    28604    28599
     422 3    28565    28599    28590
     423 3    28599    28619    28590
 0                                                                              
 0                                                                              
 1                                                                              
 144                                                                            
     144       0                                                                
   27343
   27398
   27481
   27580
   27653
   27662
   27660
   27647
   27645
   27646
   27672
   27723
   27801
   27848
   27942
   27976
   27894
   27871
   27817
   27739
   27690
   27711
   27735
   27764
   27765
   27710
   27640
   27583
   27611
   27703
   27731
   27845
   27959
   27937
   28025
   28123
   28192
   28193
   28231
   28332
   28328
   28373
   28406
   28415
   28416
   28426
   28431
   28429
   28423
   28421
   28412
   28413
   28433
   28447
   28456
   28490
   28548
   28576
   28604
   28599
   28619
   28590
   28558
   28524
   28529
   28533
   28531
   28513
   28506
   28500
   28508
   28521
   28552
   28554
   28516
   28503
   28467
   28379
   28357
   28346
   28282
   28213
   28140
   28128
   28034
   27931
   27840
   27762
   27658
   27688
   27715
   27747
   27785
   27857
   27879
   27851
   27877
   27917
   27909
   27923
   27889
   27905
   27927
   27775
   27779
   27741
   27701
   27693
   27674
   27638
   27606
   27553
   27518
   27541
   27520
   27511
   27459
   27440
   27458
   27438
   27439
   27462
   27472
   27495
   27493
   27504
   27478
   27476
   27503
   27405
   27371
   27342
   27340
   27349
   27412
   27408
   27370
   27352
   27314
   27231
   27245
   27190
   27085
   26980
