FileFmt      1050624           0           0
NELG           58641         560         423
      -49178
      -49196
      -49206
      -49279
      -49288
      -49297
      -49306
       49375
       49378
       49383
       49398
      -49401
      -49417
       49460
       49467
       49475
       49478
       49489
      -49490
       49492
       49542
       49556
       49563
       49576
       49579
      -49593
       49626
       49631
       49645
       49647
       49648
       49667
       49669
      -49670
       49680
       49686
       49708
       49719
       49723
       49726
       49728
       49734
       49748
       49751
       49759
       49772
       49787
       49790
       49792
      -49794
       49797
       49812
       49813
       49824
       49825
       49826
       49840
       49842
       49845
       49847
       49849
       49853
       49862
       49867
       49882
       49884
       49885
       49891
       49894
       49904
       49908
       49910
       49916
       49917
       49919
       49920
       49927
       49933
       49943
       49948
       49949
       49954
       49956
       49957
       49958
       49961
       49964
       49968
       49969
       49973
       49975
       49976
       49984
       49986
       49988
       49989
       50000
       50001
       50009
       50010
       50012
       50013
       50016
       50017
       50019
       50022
       50024
       50025
       50042
       50043
       50044
       50048
       50050
       50066
       50068
       50069
       50072
       50080
       50081
       50084
       50087
       50089
       50101
       50102
       50107
       50111
       50114
       50118
       50121
       50124
       50126
       50141
       50142
       50143
       50146
       50147
       50149
       50151
       50156
       50157
       50158
       50167
       50175
       50176
       50182
       50184
       50189
       50198
       50201
       50205
       50206
       50210
       50213
       50215
       50217
       50219
       50223
       50226
       50228
       50230
       50233
       50235
       50237
       50245
       50254
       50255
       50256
       50262
       50264
       50265
       50272
       50273
       50275
       50277
       50279
       50283
       50285
       50286
       50290
       50292
       50294
       50295
       50296
       50303
       50309
       50311
       50312
       50319
       50321
       50322
       50324
       50326
       50328
       50330
       50333
       50334
       50337
       50338
       50342
       50343
       50351
       50358
       50365
       50366
       50370
       50373
       50374
       50377
       50381
       50383
       50389
       50390
       50391
       50396
       50397
       50406
       50416
       50421
       50423
       50424
       50425
       50427
       50428
       50432
       50440
       50442
       50445
       50446
       50448
       50449
       50453
       50457
       50459
       50461
       50462
       50467
       50468
       50471
       50476
       50484
       50487
       50491
       50495
       50496
       50506
       50510
       50514
       50515
       50518
       50533
       50534
       50536
       50550
       50554
       50555
       50557
       50562
       50567
       50568
       50574
       50578
       50581
       50586
       50592
       50594
       50596
       50599
       50607
       50610
       50615
       50619
       50627
       50629
       50635
       50639
       50640
       50650
       50651
       50654
       50663
       50667
       50676
       50678
       50688
       50697
       50707
       50712
       50717
       50719
       50721
       50722
       50732
       50733
       50740
       50743
       50744
       50750
       50773
       50779
       50790
       50801
       50806
       50886
       50901
       50912
       50962
       50967
       51042
       51063
       51072
       51098
       51121
       51136
       51174
       51187
       51205
       51206
       51222
       51256
       51294
       51303
       51346
       51350
       51432
       51437
       51443
       51468
       51471
       51489
       51490
       51522
       51529
       51539
       51556
       51566
       51576
       51582
       51594
       51595
       51600
       51602
       51604
       51606
       51607
       51611
       51621
       51623
       51627
       51630
       51632
       51634
       51635
       51641
       51642
       51643
       51644
       51648
       51650
       51653
       51655
       51656
       51671
       51674
       51678
       51681
       51682
       51684
       51692
       51695
       51698
       51699
       51704
       51707
       51710
       51711
       51714
       51715
       51717
       51719
       51720
       51722
       51723
       51726
       51737
       51741
       51742
       51749
       51752
       51753
       51754
       51760
       51763
       51773
       51777
       51784
       51787
       51788
       51791
       51793
       51799
       51805
       51807
       51809
       51810
       51811
       51815
       51816
       51823
       51825
       51831
       51835
       51844
       51847
       51857
       51865
       51884
       51885
       51891
       51914
       51932
       51940
       51948
       51971
NNODG          32218         319         289
      -26980
      -26998
      -27037
      -27055
       27085
       27095
      -27106
       27137
       27147
      -27153
       27187
       27190
       27194
       27198
       27227
       27231
       27238
       27245
      -27246
       27273
       27280
       27291
       27313
       27314
       27318
       27327
       27340
       27341
       27342
      -27343
       27349
       27352
       27353
       27364
       27370
       27371
       27373
       27376
       27390
       27398
       27405
       27407
       27408
       27409
       27412
       27413
       27423
       27427
       27428
       27429
       27438
       27439
       27440
       27443
       27458
       27459
       27462
       27469
       27472
       27473
       27475
       27476
       27477
       27478
       27480
       27481
       27493
       27494
       27495
       27498
       27499
       27503
       27504
       27505
       27509
       27511
       27512
       27514
       27518
       27520
       27521
       27530
       27533
       27534
       27537
       27539
       27541
       27553
       27556
       27564
       27569
       27570
       27571
       27580
       27583
       27587
       27591
       27593
       27602
       27603
       27605
       27606
       27607
       27611
       27620
       27621
       27626
       27635
       27638
       27639
       27640
       27643
       27645
       27646
       27647
       27650
       27653
       27655
       27658
       27660
       27661
       27662
       27664
       27672
       27673
       27674
       27675
       27682
       27684
       27688
       27689
       27690
       27692
       27693
       27700
       27701
       27702
       27703
       27707
       27708
       27710
       27711
       27715
       27716
       27723
       27731
       27732
       27735
       27739
       27741
       27744
       27747
       27753
       27760
       27762
       27763
       27764
       27765
       27766
      -27775
      -27776
       27777
       27778
       27779
       27780
       27785
       27787
       27792
       27801
       27804
      -27807
       27808
       27817
       27826
       27828
       27836
       27839
       27840
       27842
       27845
       27848
       27851
       27857
       27860
       27862
       27871
       27877
       27879
       27880
      -27881
       27889
       27894
       27905
       27909
       27917
       27923
      -27927
       27931
       27934
       27937
       27942
       27959
       27968
       27976
       28025
       28034
       28069
       28112
       28123
       28128
       28140
       28155
       28185
       28192
       28193
       28213
       28231
       28256
       28282
       28326
       28328
       28332
       28346
       28356
       28357
       28373
       28379
       28382
       28398
       28406
       28412
       28413
       28414
       28415
       28416
       28417
       28420
       28421
       28423
       28424
       28426
       28427
       28428
       28429
       28430
       28431
       28433
       28434
       28441
       28447
       28448
       28449
       28451
       28456
       28465
       28467
       28470
       28471
       28472
       28474
       28478
       28479
       28480
       28481
       28483
       28490
       28500
       28503
       28506
       28507
       28508
       28513
       28516
       28521
       28524
       28529
       28531
       28533
       28534
       28548
       28552
       28554
       28558
       28565
       28576
       28590
       28599
       28604
       28619
NFLUXF             0
NETA             128          29           0
NSTAE              0           0           0
NSTAV              0           0           0
NSTAM              0           0           0
NSTAC              0           0           0
RES NODE          90         276
                   5           6           8           9          11          12
                  13          14          15          16          17          18
                  20          21          22          23          24          25
                  26          27          28          29          31          32
                  33          34          35          36          37          38
                  39          40          41          42          43          44
                  45          46          47          48          49          50
                  51          52          53          54          55          56
                  57          58          59          60          61          62
                  63          64          65          66          67          68
                  69          70          71          72          73          74
                  75          76          77          78          79          80
                  81          82          83          84          85          86
                  87          88          89          90          91          92
                  93          94          95          96          97          98
                  99         100         101         102         103         104
                 105         106         107         108         109         110
                 111         112         113         114         115         116
                 117         118         119         120         121         122
                 123         124         125         126         127         128
                 129         130         131         132         133         134
                 135         136         137         138         139         140
                 141         142         143         144         145         146
                 147         148         149         150         151         152
                 153         154         155         156         157         158
                 159         162         163         164         165         166
                 167         168         169         170         172         173
                 174         175         176         177         178         179
                 180         181         182         183         184         185
                 186         187         188         189         191         192
                 193         194         195         196         198         199
                 200         201         202         203         204         205
                 206         207         208         209         210         211
                 212         213         214         215         216         217
                 218         219         220         221         222         223
                 224         225         226         227         228         229
                 230         231         232         233         234         235
                 236         237         238         239         240         241
                 242         243         244         245         246         247
                 248         249         250         251         252         253
                 254         255         256         257         258         259
                 260         261         262         263         264         265
                 266         267         268         269         270         271
                 272         273         274         275         276         277
                 278         279         280         281         282         283
                 284         285         286         287         288         289
COMM PE            2
RECV PE           88           8
                   1           2           3           4           7          10
                  19          30
RECV PE           91           5
                 160         161         171         190         197
SEND PE           88           7
                   5           6           8           9          14          22
                  40
SEND PE           91           4
                 164         167         184         193
