bi_1997_v2.grd                                                                  
     471     299
   29029 -0.760139800000E+02  0.356801900000E+02  0.256900000000E+01
   29030 -0.760226300000E+02  0.357009300000E+02  0.255700000000E+01
   29031 -0.760346600000E+02  0.356776100000E+02  0.241000000000E+01
   29044 -0.760030000000E+02  0.357001600000E+02  0.237000000000E+01
   29049 -0.760450100000E+02  0.357008100000E+02  0.101400000000E+01
   29100 -0.760068700000E+02  0.357220700000E+02  0.280900000000E+01
   29104 -0.760322700000E+02  0.357247400000E+02  0.277300000000E+01
   29116 -0.760540500000E+02  0.357246500000E+02  0.151800000000E+01
   29175 -0.760187600000E+02  0.357469700000E+02  0.315900000000E+01
   29193 -0.759946000000E+02  0.357446200000E+02  0.229600000000E+01
   29200 -0.760463000000E+02  0.357530000000E+02  0.189400000000E+01
   29265 -0.760045500000E+02  0.357667000000E+02  0.332200000000E+01
   29289 -0.759855500000E+02  0.357658900000E+02  0.230900000000E+01
   29296 -0.760279500000E+02  0.357707200000E+02  0.337500000000E+01
   29412 -0.760508200000E+02  0.357762000000E+02  0.181100000000E+01
   29492 -0.759881300000E+02  0.357839300000E+02  0.240500000000E+01
   29517 -0.760122900000E+02  0.357880900000E+02  0.352000000000E+01
   29568 -0.760350200000E+02  0.357933500000E+02  0.360300000000E+01
   29610 -0.760559900000E+02  0.357993900000E+02  0.114000000000E+01
   29618 -0.759971800000E+02  0.358039100000E+02  0.265500000000E+01
   29645 -0.760209100000E+02  0.358099300000E+02  0.303600000000E+01
   29661 -0.760421600000E+02  0.358157900000E+02  0.322400000000E+01
   29686 -0.760605200000E+02  0.358219500000E+02  0.190200000000E+01
   29696 -0.760091500000E+02  0.358263400000E+02  0.263300000000E+01
   29705 -0.759907200000E+02  0.358225900000E+02  0.243900000000E+01
   29715 -0.760296800000E+02  0.358320800000E+02  0.291100000000E+01
   29730 -0.760508200000E+02  0.358380500000E+02  0.286800000000E+01
   29740 -0.759987500000E+02  0.358418300000E+02  0.320900000000E+01
   29747 -0.759810300000E+02  0.358354800000E+02  0.176400000000E+01
   29754 -0.760176600000E+02  0.358477100000E+02  0.283100000000E+01
   29769 -0.760373900000E+02  0.358546900000E+02  0.321300000000E+01
   29774 -0.759881300000E+02  0.358567400000E+02  0.306900000000E+01
   29784 -0.760058100000E+02  0.358621400000E+02  0.245600000000E+01
   29793 -0.760585700000E+02  0.358631900000E+02  0.173300000000E+01
   29798 -0.760251800000E+02  0.358691300000E+02  0.330900000000E+01
   29811 -0.759926500000E+02  0.358754300000E+02  0.134100000000E+01
   29818 -0.760424200000E+02  0.358780000000E+02  0.965000000000E+00
   29826 -0.760124800000E+02  0.358820100000E+02  0.243300000000E+01
   29840 -0.760353100000E+02  0.358902500000E+02  0.161400000000E+01
   29855 -0.759987400000E+02  0.358953600000E+02  0.392000000000E+01
   29862 -0.759797500000E+02  0.358941600000E+02  0.623000000000E+00
   29869 -0.760172000000E+02  0.358997300000E+02  0.304300000000E+01
   29876 -0.760307800000E+02  0.359037800000E+02  0.203900000000E+01
   29888 -0.759855200000E+02  0.359092000000E+02  0.244800000000E+01
   29894 -0.760048400000E+02  0.359116400000E+02  0.332900000000E+01
   29897 -0.760210900000E+02  0.359153800000E+02  0.160600000000E+01
   30036 -0.759995300000E+02  0.359621300000E+02  0.434600000000E+01
   30043 -0.760179800000E+02  0.359638400000E+02  0.848000000000E+00
   30084 -0.759905600000E+02  0.359737600000E+02  0.430500000000E+01
   30091 -0.760101200000E+02  0.359756900000E+02  0.450700000000E+01
   30124 -0.759800400000E+02  0.359853900000E+02  0.442500000000E+01
   30125 -0.760323300000E+02  0.359749600000E+02  0.198900000000E+01
   30144 -0.759998400000E+02  0.359884300000E+02  0.505600000000E+01
   30156 -0.760205100000E+02  0.359910400000E+02  0.512700000000E+01
   30182 -0.760529600000E+02  0.359872100000E+02  0.183100000000E+01
   30183 -0.760416800000E+02  0.359955400000E+02  0.476400000000E+01
   30193 -0.759685400000E+02  0.359969400000E+02  0.482200000000E+01
   30201 -0.759886800000E+02  0.360006700000E+02  0.482300000000E+01
   30202 -0.760632700000E+02  0.360008500000E+02  0.379100000000E+01
   30203 -0.760769200000E+02  0.359916800000E+02  0.134800000000E+01
   30220 -0.761913100000E+02  0.359911800000E+02  0.149700000000E+01
   30221 -0.762024200000E+02  0.360038400000E+02  0.453500000000E+01
   30222 -0.760091200000E+02  0.360040300000E+02  0.529400000000E+01
   30223 -0.760847900000E+02  0.360040300000E+02  0.467800000000E+01
   30224 -0.760979700000E+02  0.359929100000E+02  0.214900000000E+01
   30229 -0.761712600000E+02  0.359931600000E+02  0.138800000000E+01
   30230 -0.761819400000E+02  0.360062100000E+02  0.385900000000E+01
   30232 -0.761054400000E+02  0.360059100000E+02  0.424200000000E+01
   30233 -0.761190100000E+02  0.359941400000E+02  0.116400000000E+01
   30235 -0.761247200000E+02  0.360071200000E+02  0.488200000000E+01
   30236 -0.761351100000E+02  0.359946400000E+02  0.141300000000E+01
   30237 -0.761512000000E+02  0.359951300000E+02  0.764000000000E+00
   30238 -0.761619300000E+02  0.360074800000E+02  0.259100000000E+01
   30240 -0.760299500000E+02  0.360076000000E+02  0.521300000000E+01
   30242 -0.761429600000E+02  0.360077600000E+02  0.414500000000E+01
   30245 -0.759565700000E+02  0.360087900000E+02  0.522000000000E+01
   30260 -0.760510600000E+02  0.360115700000E+02  0.507000000000E+01
   30264 -0.759770100000E+02  0.360128000000E+02  0.491900000000E+01
   30274 -0.760721900000E+02  0.360151100000E+02  0.531400000000E+01
   30283 -0.759975100000E+02  0.360164500000E+02  0.535800000000E+01
   30290 -0.760929800000E+02  0.360177100000E+02  0.513000000000E+01
   30292 -0.762136800000E+02  0.360183900000E+02  0.603300000000E+01
   30295 -0.761131200000E+02  0.360195400000E+02  0.543100000000E+01
   30296 -0.760182300000E+02  0.360199700000E+02  0.540600000000E+01
   30298 -0.761926300000E+02  0.360203000000E+02  0.577500000000E+01
   30304 -0.761326500000E+02  0.360207600000E+02  0.502600000000E+01
   30307 -0.759446300000E+02  0.360211000000E+02  0.532400000000E+01
   30308 -0.761720700000E+02  0.360212700000E+02  0.508800000000E+01
   30309 -0.761521100000E+02  0.360213900000E+02  0.518600000000E+01
   30316 -0.760391300000E+02  0.360234800000E+02  0.531800000000E+01
   30324 -0.759650900000E+02  0.360250900000E+02  0.541800000000E+01
   30336 -0.760601000000E+02  0.360268200000E+02  0.522800000000E+01
   30341 -0.759856600000E+02  0.360288500000E+02  0.547300000000E+01
   30348 -0.760809200000E+02  0.360296900000E+02  0.537300000000E+01
   30358 -0.761014000000E+02  0.360319700000E+02  0.543200000000E+01
   30360 -0.760063900000E+02  0.360324100000E+02  0.543200000000E+01
   30364 -0.761215100000E+02  0.360337300000E+02  0.543200000000E+01
   30370 -0.761414400000E+02  0.360350600000E+02  0.545200000000E+01
   30374 -0.762034000000E+02  0.360357600000E+02  0.631400000000E+01
   30376 -0.760272500000E+02  0.360358300000E+02  0.543200000000E+01
   30379 -0.761615700000E+02  0.360359700000E+02  0.558900000000E+01
   30380 -0.761822100000E+02  0.360363100000E+02  0.603900000000E+01
   30386 -0.759530400000E+02  0.360376300000E+02  0.545700000000E+01
   30388 -0.760481900000E+02  0.360390800000E+02  0.544800000000E+01
   30402 -0.759736300000E+02  0.360413700000E+02  0.573600000000E+01
   30405 -0.760690600000E+02  0.360420100000E+02  0.518300000000E+01
   30416 -0.760897300000E+02  0.360445300000E+02  0.565800000000E+01
   30418 -0.759943800000E+02  0.360449600000E+02  0.562500000000E+01
   30423 -0.761101100000E+02  0.360466300000E+02  0.560700000000E+01
   30430 -0.760152900000E+02  0.360484000000E+02  0.572700000000E+01
   30431 -0.761302700000E+02  0.360484300000E+02  0.559500000000E+01
   30436 -0.761504700000E+02  0.360500900000E+02  0.591700000000E+01
   30438 -0.759408300000E+02  0.360504200000E+02  0.557500000000E+01
   30442 -0.760363000000E+02  0.360516600000E+02  0.569400000000E+01
   30443 -0.761710800000E+02  0.360517000000E+02  0.611000000000E+01
   30452 -0.761924400000E+02  0.360528500000E+02  0.607400000000E+01
   30459 -0.759613900000E+02  0.360540600000E+02  0.573600000000E+01
   30461 -0.760572900000E+02  0.360546600000E+02  0.565800000000E+01
   30471 -0.760781300000E+02  0.360573000000E+02  0.586700000000E+01
   30472 -0.759821700000E+02  0.360576200000E+02  0.573600000000E+01
   30476 -0.760987000000E+02  0.360595600000E+02  0.573700000000E+01
   30481 -0.760031400000E+02  0.360611000000E+02  0.573600000000E+01
   30483 -0.761189800000E+02  0.360615500000E+02  0.573600000000E+01
   30487 -0.761390800000E+02  0.360635200000E+02  0.584700000000E+01
   30488 -0.759283700000E+02  0.360634700000E+02  0.558500000000E+01
   30491 -0.760242700000E+02  0.360644400000E+02  0.573600000000E+01
   30504 -0.761593200000E+02  0.360658600000E+02  0.604000000000E+01
   30506 -0.759489500000E+02  0.360669300000E+02  0.559800000000E+01
   30509 -0.760454600000E+02  0.360675600000E+02  0.586900000000E+01
   30512 -0.761804300000E+02  0.360691000000E+02  0.595200000000E+01
   30518 -0.760665700000E+02  0.360703400000E+02  0.582700000000E+01
   30519 -0.759697300000E+02  0.360704000000E+02  0.573600000000E+01
   30528 -0.760873900000E+02  0.360726900000E+02  0.604000000000E+01
   30535 -0.759907500000E+02  0.360738800000E+02  0.573600000000E+01
   30538 -0.761078200000E+02  0.360746700000E+02  0.598300000000E+01
   30541 -0.761278400000E+02  0.360765000000E+02  0.601000000000E+01
   30543 -0.759156200000E+02  0.360769000000E+02  0.569900000000E+01
   30546 -0.760119900000E+02  0.360773200000E+02  0.573600000000E+01
   30550 -0.761475500000E+02  0.360786700000E+02  0.593400000000E+01
   30553 -0.759363200000E+02  0.360799900000E+02  0.550700000000E+01
   30555 -0.760334200000E+02  0.360806200000E+02  0.581400000000E+01
   30565 -0.761672500000E+02  0.360821000000E+02  0.567500000000E+01
   30569 -0.759570800000E+02  0.360832300000E+02  0.560400000000E+01
   30570 -0.760549100000E+02  0.360836400000E+02  0.555500000000E+01
   30578 -0.760761900000E+02  0.360861800000E+02  0.596200000000E+01
   30581 -0.759780700000E+02  0.360866500000E+02  0.552100000000E+01
   30584 -0.760969300000E+02  0.360881000000E+02  0.574300000000E+01
   30591 -0.761170200000E+02  0.360895700000E+02  0.584400000000E+01
   30594 -0.759993700000E+02  0.360901600000E+02  0.569500000000E+01
   30596 -0.761893600000E+02  0.360903200000E+02  0.423300000000E+01
   30600 -0.761365100000E+02  0.360910400000E+02  0.564900000000E+01
   30607 -0.761552700000E+02  0.360929900000E+02  0.524100000000E+01
   30608 -0.759236100000E+02  0.360932800000E+02  0.551300000000E+01
   30612 -0.760210000000E+02  0.360936900000E+02  0.567100000000E+01
   30618 -0.759442700000E+02  0.360961000000E+02  0.526600000000E+01
   30620 -0.760429000000E+02  0.360970700000E+02  0.546700000000E+01
   30623 -0.761715600000E+02  0.360956200000E+02  0.422800000000E+01
   30628 -0.759651300000E+02  0.360993400000E+02  0.543200000000E+01
   30630 -0.760649000000E+02  0.361000800000E+02  0.520000000000E+01
   30639 -0.760863900000E+02  0.361022400000E+02  0.553400000000E+01
   30643 -0.759863600000E+02  0.361028800000E+02  0.543200000000E+01
   30644 -0.761067700000E+02  0.361032900000E+02  0.520000000000E+01
   30646 -0.761262100000E+02  0.361038300000E+02  0.509600000000E+01
   30648 -0.761451400000E+02  0.361046500000E+02  0.477000000000E+01
   30651 -0.761635400000E+02  0.361059000000E+02  0.413200000000E+01
   30654 -0.760080500000E+02  0.361065900000E+02  0.543200000000E+01
   30655 -0.761823700000E+02  0.361068000000E+02  0.162400000000E+01
   30663 -0.759315500000E+02  0.361089200000E+02  0.539100000000E+01
   30671 -0.760302200000E+02  0.361103500000E+02  0.526100000000E+01
   30679 -0.759519900000E+02  0.361118500000E+02  0.534000000000E+01
   30683 -0.760529300000E+02  0.361140300000E+02  0.504300000000E+01
   30687 -0.759729800000E+02  0.361153400000E+02  0.529000000000E+01
   30692 -0.761352800000E+02  0.361169300000E+02  0.346300000000E+01
   30694 -0.761540300000E+02  0.361172300000E+02  0.361900000000E+01
   30695 -0.760760500000E+02  0.361173100000E+02  0.490300000000E+01
   30697 -0.761165500000E+02  0.361175100000E+02  0.456200000000E+01
   30698 -0.761728700000E+02  0.361180700000E+02  0.241600000000E+01
   30701 -0.760974600000E+02  0.361184600000E+02  0.448700000000E+01
   30705 -0.759945800000E+02  0.361191900000E+02  0.543200000000E+01
   30706 -0.761917600000E+02  0.361197900000E+02  0.253800000000E+01
   30714 -0.759193600000E+02  0.361214600000E+02  0.527700000000E+01
   30719 -0.760167700000E+02  0.361232600000E+02  0.517800000000E+01
   30724 -0.759388000000E+02  0.361240200000E+02  0.502700000000E+01
   30732 -0.760396900000E+02  0.361274800000E+02  0.472000000000E+01
   30735 -0.759592200000E+02  0.361274000000E+02  0.493100000000E+01
   30739 -0.761630900000E+02  0.361288000000E+02  0.674000000000E+00
   30742 -0.761442600000E+02  0.361290500000E+02  0.699000000000E+00
   30744 -0.761254500000E+02  0.361293000000E+02  0.836000000000E+00
   30749 -0.761824000000E+02  0.361298900000E+02  0.623000000000E+00
   30756 -0.759805800000E+02  0.361313700000E+02  0.512700000000E+01
   30758 -0.760637900000E+02  0.361318900000E+02  0.185000000000E+01
   30761 -0.762261100000E+02  0.361276000000E+02  0.120200000000E+01
   30765 -0.761081400000E+02  0.361332400000E+02  0.860000000000E+00
   30774 -0.760026900000E+02  0.361356900000E+02  0.479500000000E+01
   30775 -0.759256600000E+02  0.361356400000E+02  0.467800000000E+01
   30782 -0.762083600000E+02  0.361376300000E+02  0.921000000000E+00
   30784 -0.760908400000E+02  0.361371700000E+02  0.639000000000E+00
   30786 -0.762211900000E+02  0.361381400000E+02  0.312800000000E+01
   30791 -0.759450000000E+02  0.361388700000E+02  0.438900000000E+01
   30792 -0.760253900000E+02  0.361402500000E+02  0.395400000000E+01
   30801 -0.762347000000E+02  0.361394000000E+02  0.114100000000E+01
   30802 -0.759659700000E+02  0.361429600000E+02  0.389500000000E+01
   30811 -0.760490300000E+02  0.361451100000E+02  0.119800000000E+01
   30816 -0.762157600000E+02  0.361470600000E+02  0.970000000000E+00
   30820 -0.762285500000E+02  0.361479500000E+02  0.262900000000E+01
   30821 -0.759880800000E+02  0.361476200000E+02  0.346900000000E+01
   30832 -0.760742200000E+02  0.361502500000E+02  0.555000000000E+00
   30833 -0.759301100000E+02  0.361495800000E+02  0.360300000000E+01
   30837 -0.762388400000E+02  0.361509000000E+02  0.100600000000E+01
   30839 -0.760107300000E+02  0.361524800000E+02  0.287300000000E+01
   30844 -0.759502300000E+02  0.361536200000E+02  0.359800000000E+01
   30852 -0.762353400000E+02  0.361560000000E+02  0.276800000000E+01
   30854 -0.762255200000E+02  0.361562100000E+02  0.109600000000E+01
   30856 -0.760334500000E+02  0.361574600000E+02  0.261200000000E+01
   30865 -0.759726800000E+02  0.361588800000E+02  0.334300000000E+01
   30868 -0.762444500000E+02  0.361568000000E+02  0.116500000000E+01
   30872 -0.759155200000E+02  0.361602400000E+02  0.768000000000E+00
   30873 -0.762323300000E+02  0.361618200000E+02  0.131700000000E+01
   30877 -0.762423000000E+02  0.361623400000E+02  0.219000000000E+01
   30881 -0.760576100000E+02  0.361633300000E+02  0.147400000000E+01
   30886 -0.759958600000E+02  0.361643100000E+02  0.369100000000E+01
   30892 -0.762512600000E+02  0.361618200000E+02  0.106400000000E+01
   30894 -0.759317200000E+02  0.361623800000E+02  0.112900000000E+01
   30899 -0.762495200000E+02  0.361681000000E+02  0.295600000000E+01
   30905 -0.760188800000E+02  0.361695700000E+02  0.390800000000E+01
   30906 -0.759558900000E+02  0.361690500000E+02  0.120800000000E+01
   30909 -0.762586600000E+02  0.361665300000E+02  0.102100000000E+01
   30911 -0.762409100000E+02  0.361694900000E+02  0.188800000000E+01
   30916 -0.762551100000E+02  0.361724400000E+02  0.283400000000E+01
   30923 -0.760391200000E+02  0.361740400000E+02  0.379600000000E+01
   30927 -0.759800500000E+02  0.361757200000E+02  0.555000000000E+00
   30928 -0.762488900000E+02  0.361759800000E+02  0.133000000000E+01
   30939 -0.760536800000E+02  0.361782600000E+02  0.330000000000E+01
   30940 -0.760657800000E+02  0.361699900000E+02  0.993000000000E+00
   30949 -0.760047100000E+02  0.361816100000E+02  0.555000000000E+00
   30954 -0.760645300000E+02  0.361829100000E+02  0.220800000000E+01
   30955 -0.760739500000E+02  0.361766500000E+02  0.139000000000E+01
   30965 -0.760293900000E+02  0.361875000000E+02  0.249900000000E+01
   30970 -0.760756800000E+02  0.361867600000E+02  0.907000000000E+00
   30971 -0.760416800000E+02  0.361881000000E+02  0.324000000000E+01
   30984 -0.760533600000E+02  0.361912100000E+02  0.389200000000E+01
   30994 -0.760647400000E+02  0.361946000000E+02  0.213300000000E+01
   31001 -0.760318600000E+02  0.361976200000E+02  0.290100000000E+01
   31009 -0.760774200000E+02  0.361968800000E+02  0.961000000000E+00
   31014 -0.760426900000E+02  0.361999900000E+02  0.224300000000E+01
   31020 -0.760528500000E+02  0.362033800000E+02  0.375200000000E+01
   31031 -0.760645800000E+02  0.362064500000E+02  0.337600000000E+01
   31032 -0.760343400000E+02  0.362077300000E+02  0.734000000000E+00
   31040 -0.760775500000E+02  0.362099000000E+02  0.256700000000E+01
   31041 -0.760900400000E+02  0.362025500000E+02  0.860000000000E+00
   31042 -0.760420200000E+02  0.362119200000E+02  0.797000000000E+00
   31055 -0.760897800000E+02  0.362146300000E+02  0.250700000000E+01
   31056 -0.760496900000E+02  0.362161100000E+02  0.126800000000E+01
   31059 -0.761026700000E+02  0.362082200000E+02  0.860000000000E+00
   31068 -0.760652500000E+02  0.362178500000E+02  0.341500000000E+01
   31073 -0.761007000000E+02  0.362204900000E+02  0.315800000000E+01
   31074 -0.761130700000E+02  0.362158700000E+02  0.984000000000E+00
   31075 -0.760782200000E+02  0.362210700000E+02  0.349300000000E+01
   31086 -0.760538900000E+02  0.362257300000E+02  0.225600000000E+01
   31087 -0.760895200000E+02  0.362255400000E+02  0.350400000000E+01
   31090 -0.761100600000E+02  0.362274500000E+02  0.307100000000E+01
   31097 -0.760676000000E+02  0.362278000000E+02  0.320700000000E+01
   31100 -0.761234700000E+02  0.362235100000E+02  0.115400000000E+01
   31101 -0.760796400000E+02  0.362307100000E+02  0.290800000000E+01
   31102 -0.760991000000E+02  0.362312300000E+02  0.351400000000E+01
   31113 -0.760581100000E+02  0.362353500000E+02  0.717000000000E+00
   31114 -0.761171100000E+02  0.362358100000E+02  0.263400000000E+01
   31115 -0.760896500000E+02  0.362351300000E+02  0.241400000000E+01
   31116 -0.760704900000E+02  0.362360900000E+02  0.761000000000E+00
   31121 -0.761069300000E+02  0.362377900000E+02  0.356500000000E+01
   31122 -0.761284200000E+02  0.362363400000E+02  0.633000000000E+00
   31124 -0.760823700000E+02  0.362386000000E+02  0.860000000000E+00
   31128 -0.760977400000E+02  0.362409700000E+02  0.329800000000E+01
   31135 -0.761125900000E+02  0.362439200000E+02  0.305700000000E+01
   31137 -0.760895500000E+02  0.362437400000E+02  0.246000000000E+01
   31144 -0.761211900000E+02  0.362458600000E+02  0.319600000000E+01
   31149 -0.761049800000E+02  0.362473200000E+02  0.349100000000E+01
   31154 -0.760962400000E+02  0.362506400000E+02  0.839000000000E+00
   31155 -0.761333700000E+02  0.362491600000E+02  0.745000000000E+00
   31162 -0.761127300000E+02  0.362528300000E+02  0.341400000000E+01
   31173 -0.761228800000E+02  0.362571100000E+02  0.388400000000E+01
   31174 -0.761036600000E+02  0.362577900000E+02  0.126400000000E+01
   31180 -0.761347300000E+02  0.362614300000E+02  0.325100000000E+01
   31181 -0.761426200000E+02  0.362558700000E+02  0.100900000000E+01
   31187 -0.761110900000E+02  0.362649500000E+02  0.317500000000E+01
   31191 -0.761241800000E+02  0.362684100000E+02  0.329800000000E+01
   31193 -0.761486500000E+02  0.362652500000E+02  0.150300000000E+01
   31206 -0.761366700000E+02  0.362727900000E+02  0.350900000000E+01
   31209 -0.761151400000E+02  0.362750200000E+02  0.135400000000E+01
   31214 -0.761497700000E+02  0.362766300000E+02  0.329800000000E+01
   31215 -0.761603200000E+02  0.362675100000E+02  0.279700000000E+01
   31217 -0.761245500000E+02  0.362791400000E+02  0.202000000000E+01
   31218 -0.761628300000E+02  0.362797900000E+02  0.324000000000E+01
   31219 -0.761731300000E+02  0.362712600000E+02  0.247700000000E+01
   31224 -0.761753800000E+02  0.362836500000E+02  0.301500000000E+01
   31225 -0.761833000000E+02  0.362750200000E+02  0.197900000000E+01
   31231 -0.761381100000E+02  0.362859000000E+02  0.113300000000E+01
   31234 -0.761520400000E+02  0.362885300000E+02  0.198500000000E+01
   31242 -0.761663400000E+02  0.362911600000E+02  0.293200000000E+01
       1 3    29029    29030    29031
       2 3    29029    29044    29030
       3 3    29031    29030    29049
       4 3    29044    29100    29030
       5 3    29030    29104    29049
       6 3    29049    29104    29116
       7 3    29030    29100    29104
       8 3    29104    29100    29175
       9 3    29100    29193    29175
      10 3    29116    29104    29200
      11 3    29104    29175    29200
      12 3    29193    29265    29175
      13 3    29193    29289    29265
      14 3    29175    29296    29200
      15 3    29175    29265    29296
      16 3    29200    29296    29412
      17 3    29289    29492    29265
      18 3    29265    29517    29296
      19 3    29296    29568    29412
      20 3    29265    29492    29517
      21 3    29296    29517    29568
      22 3    29412    29568    29610
      23 3    29492    29618    29517
      24 3    29517    29645    29568
      25 3    29517    29618    29645
      26 3    29568    29661    29610
      27 3    29568    29645    29661
      28 3    29610    29661    29686
      29 3    29645    29618    29696
      30 3    29618    29705    29696
      31 3    29645    29715    29661
      32 3    29645    29696    29715
      33 3    29686    29661    29730
      34 3    29661    29715    29730
      35 3    29696    29705    29740
      36 3    29705    29747    29740
      37 3    29696    29754    29715
      38 3    29696    29740    29754
      39 3    29715    29769    29730
      40 3    29740    29747    29774
      41 3    29715    29754    29769
      42 3    29740    29784    29754
      43 3    29740    29774    29784
      44 3    29730    29769    29793
      45 3    29754    29798    29769
      46 3    29754    29784    29798
      47 3    29774    29811    29784
      48 3    29769    29818    29793
      49 3    29769    29798    29818
      50 3    29784    29826    29798
      51 3    29784    29811    29826
      52 3    29818    29798    29840
      53 3    29798    29826    29840
      54 3    29811    29855    29826
      55 3    29811    29862    29855
      56 3    29826    29869    29840
      57 3    29826    29855    29869
      58 3    29840    29869    29876
      59 3    29862    29888    29855
      60 3    29855    29894    29869
      61 3    29869    29897    29876
      62 3    29855    29888    29894
      63 3    29869    29894    29897
      64 3    30043    30036    30091
      65 3    30036    30084    30091
      66 3    30043    30091    30125
      67 3    30084    30144    30091
      68 3    30091    30156    30125
      69 3    30084    30124    30144
      70 3    30182    30125    30183
      71 3    30091    30144    30156
      72 3    30125    30156    30183
      73 3    30124    30201    30144
      74 3    30182    30202    30203
      75 3    30144    30222    30156
      76 3    30203    30223    30224
      77 3    30220    30229    30230
      78 3    30224    30232    30233
      79 3    30124    30193    30201
      80 3    30233    30235    30236
      81 3    30229    30237    30238
      82 3    30156    30240    30183
      83 3    30236    30242    30237
      84 3    30182    30183    30202
      85 3    30144    30201    30222
      86 3    30183    30260    30202
      87 3    30220    30230    30221
      88 3    30193    30264    30201
      89 3    30203    30202    30223
      90 3    30156    30222    30240
      91 3    30224    30223    30232
      92 3    30233    30232    30235
      93 3    30236    30235    30242
      94 3    30229    30238    30230
      95 3    30237    30242    30238
      96 3    30202    30274    30223
      97 3    30201    30283    30222
      98 3    30183    30240    30260
      99 3    30223    30290    30232
     100 3    30193    30245    30264
     101 3    30232    30295    30235
     102 3    30222    30296    30240
     103 3    30230    30298    30221
     104 3    30235    30304    30242
     105 3    30238    30308    30230
     106 3    30242    30309    30238
     107 3    30201    30264    30283
     108 3    30202    30260    30274
     109 3    30240    30316    30260
     110 3    30245    30324    30264
     111 3    30223    30274    30290
     112 3    30222    30283    30296
     113 3    30232    30290    30295
     114 3    30221    30298    30292
     115 3    30260    30336    30274
     116 3    30235    30295    30304
     117 3    30230    30308    30298
     118 3    30242    30304    30309
     119 3    30238    30309    30308
     120 3    30264    30341    30283
     121 3    30240    30296    30316
     122 3    30274    30348    30290
     123 3    30245    30307    30324
     124 3    30290    30358    30295
     125 3    30283    30360    30296
     126 3    30260    30316    30336
     127 3    30295    30364    30304
     128 3    30264    30324    30341
     129 3    30304    30370    30309
     130 3    30298    30374    30292
     131 3    30296    30376    30316
     132 3    30309    30379    30308
     133 3    30308    30380    30298
     134 3    30274    30336    30348
     135 3    30307    30386    30324
     136 3    30283    30341    30360
     137 3    30290    30348    30358
     138 3    30316    30388    30336
     139 3    30295    30358    30364
     140 3    30324    30402    30341
     141 3    30304    30364    30370
     142 3    30296    30360    30376
     143 3    30336    30405    30348
     144 3    30309    30370    30379
     145 3    30298    30380    30374
     146 3    30308    30379    30380
     147 3    30348    30416    30358
     148 3    30341    30418    30360
     149 3    30316    30376    30388
     150 3    30358    30423    30364
     151 3    30324    30386    30402
     152 3    30360    30430    30376
     153 3    30364    30431    30370
     154 3    30336    30388    30405
     155 3    30370    30436    30379
     156 3    30341    30402    30418
     157 3    30348    30405    30416
     158 3    30376    30442    30388
     159 3    30379    30443    30380
     160 3    30380    30452    30374
     161 3    30358    30416    30423
     162 3    30386    30459    30402
     163 3    30360    30418    30430
     164 3    30388    30461    30405
     165 3    30364    30423    30431
     166 3    30370    30431    30436
     167 3    30405    30471    30416
     168 3    30402    30472    30418
     169 3    30376    30430    30442
     170 3    30379    30436    30443
     171 3    30380    30443    30452
     172 3    30416    30476    30423
     173 3    30386    30438    30459
     174 3    30388    30442    30461
     175 3    30418    30481    30430
     176 3    30423    30483    30431
     177 3    30402    30459    30472
     178 3    30431    30487    30436
     179 3    30405    30461    30471
     180 3    30430    30491    30442
     181 3    30436    30504    30443
     182 3    30416    30471    30476
     183 3    30438    30506    30459
     184 3    30418    30472    30481
     185 3    30442    30509    30461
     186 3    30423    30476    30483
     187 3    30443    30512    30452
     188 3    30431    30483    30487
     189 3    30461    30518    30471
     190 3    30459    30519    30472
     191 3    30430    30481    30491
     192 3    30436    30487    30504
     193 3    30438    30488    30506
     194 3    30471    30528    30476
     195 3    30472    30535    30481
     196 3    30442    30491    30509
     197 3    30476    30538    30483
     198 3    30443    30504    30512
     199 3    30459    30506    30519
     200 3    30483    30541    30487
     201 3    30461    30509    30518
     202 3    30481    30546    30491
     203 3    30487    30550    30504
     204 3    30471    30518    30528
     205 3    30472    30519    30535
     206 3    30488    30553    30506
     207 3    30491    30555    30509
     208 3    30476    30528    30538
     209 3    30504    30565    30512
     210 3    30483    30538    30541
     211 3    30506    30569    30519
     212 3    30481    30535    30546
     213 3    30509    30570    30518
     214 3    30487    30541    30550
     215 3    30488    30543    30553
     216 3    30518    30578    30528
     217 3    30519    30581    30535
     218 3    30491    30546    30555
     219 3    30504    30550    30565
     220 3    30528    30584    30538
     221 3    30506    30553    30569
     222 3    30538    30591    30541
     223 3    30509    30555    30570
     224 3    30535    30594    30546
     225 3    30541    30600    30550
     226 3    30519    30569    30581
     227 3    30518    30570    30578
     228 3    30550    30607    30565
     229 3    30543    30608    30553
     230 3    30546    30612    30555
     231 3    30512    30565    30596
     232 3    30528    30578    30584
     233 3    30538    30584    30591
     234 3    30553    30618    30569
     235 3    30535    30581    30594
     236 3    30555    30620    30570
     237 3    30541    30591    30600
     238 3    30565    30623    30596
     239 3    30550    30600    30607
     240 3    30569    30628    30581
     241 3    30565    30607    30623
     242 3    30570    30630    30578
     243 3    30546    30594    30612
     244 3    30553    30608    30618
     245 3    30584    30578    30639
     246 3    30581    30643    30594
     247 3    30591    30584    30644
     248 3    30555    30612    30620
     249 3    30591    30646    30600
     250 3    30600    30648    30607
     251 3    30569    30618    30628
     252 3    30623    30607    30651
     253 3    30594    30654    30612
     254 3    30596    30623    30655
     255 3    30570    30620    30630
     256 3    30578    30630    30639
     257 3    30581    30628    30643
     258 3    30608    30663    30618
     259 3    30584    30639    30644
     260 3    30591    30644    30646
     261 3    30612    30671    30620
     262 3    30600    30646    30648
     263 3    30618    30679    30628
     264 3    30607    30648    30651
     265 3    30594    30643    30654
     266 3    30620    30683    30630
     267 3    30623    30651    30655
     268 3    30628    30687    30643
     269 3    30646    30692    30648
     270 3    30612    30654    30671
     271 3    30648    30694    30651
     272 3    30639    30630    30695
     273 3    30646    30644    30697
     274 3    30618    30663    30679
     275 3    30655    30651    30698
     276 3    30644    30639    30701
     277 3    30643    30705    30654
     278 3    30620    30671    30683
     279 3    30628    30679    30687
     280 3    30654    30719    30671
     281 3    30646    30697    30692
     282 3    30648    30692    30694
     283 3    30644    30701    30697
     284 3    30663    30724    30679
     285 3    30630    30683    30695
     286 3    30651    30694    30698
     287 3    30639    30695    30701
     288 3    30643    30687    30705
     289 3    30655    30698    30706
     290 3    30671    30732    30683
     291 3    30679    30735    30687
     292 3    30694    30739    30698
     293 3    30692    30742    30694
     294 3    30697    30744    30692
     295 3    30663    30714    30724
     296 3    30654    30705    30719
     297 3    30706    30698    30749
     298 3    30687    30756    30705
     299 3    30683    30758    30695
     300 3    30697    30701    30765
     301 3    30679    30724    30735
     302 3    30671    30719    30732
     303 3    30705    30774    30719
     304 3    30714    30775    30724
     305 3    30692    30744    30742
     306 3    30694    30742    30739
     307 3    30697    30765    30744
     308 3    30698    30739    30749
     309 3    30687    30735    30756
     310 3    30701    30695    30784
     311 3    30683    30732    30758
     312 3    30724    30791    30735
     313 3    30701    30784    30765
     314 3    30719    30792    30732
     315 3    30705    30756    30774
     316 3    30761    30786    30801
     317 3    30735    30802    30756
     318 3    30724    30775    30791
     319 3    30732    30811    30758
     320 3    30695    30758    30784
     321 3    30719    30774    30792
     322 3    30786    30782    30816
     323 3    30801    30786    30820
     324 3    30756    30821    30774
     325 3    30735    30791    30802
     326 3    30758    30832    30784
     327 3    30775    30833    30791
     328 3    30786    30816    30820
     329 3    30732    30792    30811
     330 3    30801    30820    30837
     331 3    30774    30839    30792
     332 3    30756    30802    30821
     333 3    30791    30844    30802
     334 3    30837    30820    30852
     335 3    30820    30816    30854
     336 3    30792    30856    30811
     337 3    30758    30811    30832
     338 3    30820    30854    30852
     339 3    30774    30821    30839
     340 3    30791    30833    30844
     341 3    30802    30865    30821
     342 3    30837    30852    30868
     343 3    30852    30854    30873
     344 3    30868    30852    30877
     345 3    30811    30881    30832
     346 3    30792    30839    30856
     347 3    30821    30886    30839
     348 3    30868    30877    30892
     349 3    30833    30894    30844
     350 3    30802    30844    30865
     351 3    30852    30873    30877
     352 3    30833    30872    30894
     353 3    30892    30877    30899
     354 3    30839    30905    30856
     355 3    30844    30906    30865
     356 3    30811    30856    30881
     357 3    30892    30899    30909
     358 3    30877    30873    30911
     359 3    30821    30865    30886
     360 3    30877    30911    30899
     361 3    30909    30899    30916
     362 3    30856    30923    30881
     363 3    30865    30927    30886
     364 3    30839    30886    30905
     365 3    30899    30928    30916
     366 3    30899    30911    30928
     367 3    30844    30894    30906
     368 3    30856    30905    30923
     369 3    30881    30939    30940
     370 3    30881    30923    30939
     371 3    30886    30949    30905
     372 3    30865    30906    30927
     373 3    30940    30954    30955
     374 3    30940    30939    30954
     375 3    30923    30905    30965
     376 3    30955    30954    30970
     377 3    30923    30971    30939
     378 3    30886    30927    30949
     379 3    30923    30965    30971
     380 3    30939    30984    30954
     381 3    30939    30971    30984
     382 3    30905    30949    30965
     383 3    30954    30994    30970
     384 3    30954    30984    30994
     385 3    30965    31001    30971
     386 3    30970    30994    31009
     387 3    30971    31014    30984
     388 3    30971    31001    31014
     389 3    30984    31014    31020
     390 3    30984    31020    30994
     391 3    30994    31020    31031
     392 3    31001    31032    31014
     393 3    30994    31031    31009
     394 3    31009    31040    31041
     395 3    31009    31031    31040
     396 3    31014    31032    31042
     397 3    31014    31042    31020
     398 3    31041    31040    31055
     399 3    31020    31042    31056
     400 3    31041    31055    31059
     401 3    31031    31068    31040
     402 3    31020    31056    31031
     403 3    31059    31055    31073
     404 3    31031    31056    31068
     405 3    31059    31073    31074
     406 3    31040    31075    31055
     407 3    31040    31068    31075
     408 3    31056    31086    31068
     409 3    31055    31075    31087
     410 3    31055    31087    31073
     411 3    31074    31073    31090
     412 3    31068    31097    31075
     413 3    31074    31090    31100
     414 3    31068    31086    31097
     415 3    31075    31101    31087
     416 3    31073    31087    31102
     417 3    31073    31102    31090
     418 3    31075    31097    31101
     419 3    31086    31113    31097
     420 3    31090    31114    31100
     421 3    31087    31115    31102
     422 3    31087    31101    31115
     423 3    31097    31116    31101
     424 3    31090    31102    31121
     425 3    31100    31114    31122
     426 3    31101    31124    31115
     427 3    31090    31121    31114
     428 3    31097    31113    31116
     429 3    31102    31115    31128
     430 3    31102    31128    31121
     431 3    31101    31116    31124
     432 3    31114    31121    31135
     433 3    31115    31124    31137
     434 3    31115    31137    31128
     435 3    31114    31144    31122
     436 3    31114    31135    31144
     437 3    31121    31128    31149
     438 3    31121    31149    31135
     439 3    31128    31137    31154
     440 3    31122    31144    31155
     441 3    31128    31154    31149
     442 3    31135    31149    31162
     443 3    31135    31162    31144
     444 3    31144    31173    31155
     445 3    31149    31154    31174
     446 3    31144    31162    31173
     447 3    31149    31174    31162
     448 3    31155    31180    31181
     449 3    31155    31173    31180
     450 3    31162    31174    31187
     451 3    31162    31187    31173
     452 3    31173    31191    31180
     453 3    31181    31180    31193
     454 3    31173    31187    31191
     455 3    31180    31206    31193
     456 3    31180    31191    31206
     457 3    31187    31209    31191
     458 3    31193    31214    31215
     459 3    31193    31206    31214
     460 3    31191    31209    31217
     461 3    31215    31218    31219
     462 3    31191    31217    31206
     463 3    31215    31214    31218
     464 3    31219    31224    31225
     465 3    31219    31218    31224
     466 3    31206    31231    31214
     467 3    31206    31217    31231
     468 3    31214    31234    31218
     469 3    31218    31242    31224
     470 3    31214    31231    31234
     471 3    31218    31234    31242
 0                                                                              
 0                                                                              
 1                                                                              
 95                                                                             
      95       0                                                                
   30872
   30894
   30906
   30927
   30949
   30965
   31001
   31032
   31042
   31056
   31086
   31113
   31116
   31124
   31137
   31154
   31174
   31187
   31209
   31217
   31231
   31234
   31242
   31224
   31225
   31219
   31215
   31193
   31181
   31155
   31122
   31100
   31074
   31059
   31041
   31009
   30970
   30955
   30940
   30881
   30832
   30784
   30765
   30744
   30742
   30739
   30749
   30782
   30816
   30854
   30873
   30911
   30928
   30916
   30909
   30892
   30868
   30837
   30801
   30761
   30220
   30229
   30237
   30236
   30233
   30224
   30203
   30182
   30125
   30043
   29897
   29876
   29840
   29818
   29793
   29730
   29686
   29610
   29412
   29200
   29116
   29049
   29031
   29029
   29044
   29100
   29193
   29289
   29492
   29618
   29705
   29747
   29774
   29811
   29862
