Nodal attrs for bi_1997_v2.grd - 10/24/2013                                     
         299
           1
primitive_weighting_in_continuity_equation                                      
1                                                                               
           1
  0.300000000E-01
primitive_weighting_in_continuity_equation                                      
          57
     29030    0.20000000E-01
     29031    0.20000000E-01
     29049    0.20000000E-01
     29100    0.20000000E-01
     29104    0.20000000E-01
     29116    0.20000000E-01
     29175    0.20000000E-01
     29193    0.20000000E-01
     29200    0.20000000E-01
     29265    0.20000000E-01
     29296    0.20000000E-01
     29412    0.20000000E-01
     29492    0.20000000E-01
     29517    0.20000000E-01
     29568    0.20000000E-01
     29610    0.20000000E-01
     29618    0.20000000E-01
     29645    0.20000000E-01
     29661    0.20000000E-01
     29696    0.20000000E-01
     29715    0.20000000E-01
     29730    0.20000000E-01
     29740    0.20000000E-01
     29754    0.20000000E-01
     29769    0.20000000E-01
     29784    0.20000000E-01
     29793    0.20000000E-01
     29798    0.20000000E-01
     29811    0.20000000E-01
     29826    0.20000000E-01
     30125    0.20000000E-01
     30292    0.20000000E-01
     30374    0.20000000E-01
     30452    0.20000000E-01
     30512    0.20000000E-01
     30596    0.20000000E-01
     30620    0.20000000E-01
     30630    0.20000000E-01
     30671    0.20000000E-01
     30683    0.20000000E-01
     30695    0.20000000E-01
     30719    0.20000000E-01
     30732    0.20000000E-01
     30758    0.20000000E-01
     30774    0.20000000E-01
     30784    0.20000000E-01
     30792    0.20000000E-01
     30811    0.20000000E-01
     30821    0.20000000E-01
     30832    0.20000000E-01
     30839    0.20000000E-01
     30856    0.20000000E-01
     30865    0.20000000E-01
     30886    0.20000000E-01
     30905    0.20000000E-01
     30927    0.20000000E-01
     30949    0.20000000E-01
