bi_1997_v2.grd                                                                  
     520     288
       4 -0.779449000000E+02  0.331064600000E+02  0.385170000000E+02
       5 -0.778820200000E+02  0.331053400000E+02  0.430090000000E+02
       6 -0.779158200000E+02  0.331331300000E+02  0.394230000000E+02
       7 -0.780650600000E+02  0.331064600000E+02  0.353340000000E+02
       8 -0.780010500000E+02  0.331064600000E+02  0.364840000000E+02
       9 -0.780359400000E+02  0.331332900000E+02  0.357900000000E+02
      10 -0.779755200000E+02  0.331333000000E+02  0.366310000000E+02
      13 -0.781313100000E+02  0.331087000000E+02  0.342870000000E+02
      14 -0.780993500000E+02  0.331339400000E+02  0.346170000000E+02
      15 -0.778202600000E+02  0.331087000000E+02  0.506800000000E+02
      16 -0.778552600000E+02  0.331338300000E+02  0.427500000000E+02
      17 -0.781908300000E+02  0.331075800000E+02  0.334220000000E+02
      18 -0.781616100000E+02  0.331343800000E+02  0.334640000000E+02
      19 -0.782537100000E+02  0.331087000000E+02  0.326000000000E+02
      20 -0.782226600000E+02  0.331345900000E+02  0.331930000000E+02
      22 -0.783109700000E+02  0.331087000000E+02  0.306910000000E+02
      23 -0.782828300000E+02  0.331352200000E+02  0.320610000000E+02
      24 -0.783727300000E+02  0.331098200000E+02  0.290570000000E+02
      25 -0.783426100000E+02  0.331360000000E+02  0.299520000000E+02
      26 -0.784319800000E+02  0.331083300000E+02  0.272260000000E+02
      27 -0.784029200000E+02  0.331366200000E+02  0.278700000000E+02
      28 -0.784922900000E+02  0.331133300000E+02  0.253710000000E+02
      29 -0.784630300000E+02  0.331386200000E+02  0.259990000000E+02
      31 -0.785524100000E+02  0.331154200000E+02  0.240240000000E+02
      32 -0.785237200000E+02  0.331418500000E+02  0.245180000000E+02
      41 -0.778867400000E+02  0.331458300000E+02  0.390840000000E+02
      44 -0.780064800000E+02  0.331457300000E+02  0.358090000000E+02
      45 -0.779470400000E+02  0.331457900000E+02  0.366940000000E+02
      51 -0.780684000000E+02  0.331458500000E+02  0.347540000000E+02
      58 -0.781923100000E+02  0.331466100000E+02  0.329100000000E+02
      59 -0.781312600000E+02  0.331465400000E+02  0.339190000000E+02
      60 -0.782532500000E+02  0.331472200000E+02  0.325430000000E+02
      63 -0.783128000000E+02  0.331479100000E+02  0.312540000000E+02
      64 -0.783731500000E+02  0.331489500000E+02  0.289530000000E+02
      65 -0.784332200000E+02  0.331500700000E+02  0.271710000000E+02
      68 -0.784937500000E+02  0.331531500000E+02  0.250170000000E+02
      72 -0.785551800000E+02  0.331559700000E+02  0.239190000000E+02
      85 -0.779781300000E+02  0.331621100000E+02  0.354410000000E+02
      86 -0.778590500000E+02  0.331626100000E+02  0.386350000000E+02
      87 -0.779183400000E+02  0.331622400000E+02  0.366380000000E+02
      88 -0.780386900000E+02  0.331620200000E+02  0.344260000000E+02
      91 -0.781007000000E+02  0.331622800000E+02  0.339170000000E+02
      92 -0.781623300000E+02  0.331625900000E+02  0.330930000000E+02
      95 -0.782231700000E+02  0.331629500000E+02  0.329700000000E+02
      97 -0.782833800000E+02  0.331636700000E+02  0.320350000000E+02
      98 -0.783433300000E+02  0.331646900000E+02  0.301690000000E+02
     100 -0.784035200000E+02  0.331660100000E+02  0.280140000000E+02
     102 -0.784638700000E+02  0.331682900000E+02  0.264790000000E+02
     105 -0.785248900000E+02  0.331713800000E+02  0.244350000000E+02
     114 -0.780095100000E+02  0.331773200000E+02  0.342630000000E+02
     115 -0.779495200000E+02  0.331775400000E+02  0.352680000000E+02
     116 -0.778899600000E+02  0.331777800000E+02  0.365250000000E+02
     121 -0.780706300000E+02  0.331772700000E+02  0.336450000000E+02
     123 -0.781322400000E+02  0.331774900000E+02  0.333580000000E+02
     124 -0.781932000000E+02  0.331777500000E+02  0.324380000000E+02
     129 -0.782536800000E+02  0.331783600000E+02  0.322690000000E+02
     132 -0.783136400000E+02  0.331793000000E+02  0.309200000000E+02
     137 -0.783737300000E+02  0.331806600000E+02  0.294070000000E+02
     138 -0.784339500000E+02  0.331825900000E+02  0.279620000000E+02
     143 -0.784946600000E+02  0.331855100000E+02  0.254400000000E+02
     148 -0.785562700000E+02  0.331886900000E+02  0.235730000000E+02
     162 -0.779806900000E+02  0.331930300000E+02  0.337190000000E+02
     163 -0.780411200000E+02  0.331927700000E+02  0.334160000000E+02
     164 -0.778621000000E+02  0.331935500000E+02  0.360410000000E+02
     166 -0.779209400000E+02  0.331933400000E+02  0.346390000000E+02
     167 -0.781022700000E+02  0.331927400000E+02  0.331480000000E+02
     169 -0.781633200000E+02  0.331929100000E+02  0.324120000000E+02
     171 -0.782238900000E+02  0.331933300000E+02  0.319740000000E+02
     176 -0.782840200000E+02  0.331941600000E+02  0.312090000000E+02
     180 -0.783439700000E+02  0.331954300000E+02  0.304540000000E+02
     183 -0.784040800000E+02  0.331972500000E+02  0.285780000000E+02
     187 -0.784645100000E+02  0.331998600000E+02  0.271470000000E+02
     189 -0.785256400000E+02  0.332031300000E+02  0.245930000000E+02
     206 -0.780119700000E+02  0.332083700000E+02  0.335360000000E+02
     207 -0.780726200000E+02  0.332081000000E+02  0.328770000000E+02
     209 -0.781335300000E+02  0.332080800000E+02  0.323550000000E+02
     210 -0.779519500000E+02  0.332087700000E+02  0.333500000000E+02
     211 -0.778925900000E+02  0.332091000000E+02  0.341080000000E+02
     212 -0.781941400000E+02  0.332083200000E+02  0.316030000000E+02
     215 -0.782543600000E+02  0.332089500000E+02  0.308410000000E+02
     218 -0.783142900000E+02  0.332100800000E+02  0.304580000000E+02
     224 -0.783742500000E+02  0.332117600000E+02  0.293790000000E+02
     227 -0.784344500000E+02  0.332141300000E+02  0.280750000000E+02
     236 -0.784951800000E+02  0.332173000000E+02  0.254460000000E+02
     245 -0.785567800000E+02  0.332209100000E+02  0.234170000000E+02
     255 -0.781039000000E+02  0.332234000000E+02  0.323030000000E+02
     256 -0.780432800000E+02  0.332236600000E+02  0.330000000000E+02
     257 -0.781644700000E+02  0.332234200000E+02  0.319260000000E+02
     258 -0.779830200000E+02  0.332241300000E+02  0.334030000000E+02
     260 -0.782247300000E+02  0.332238300000E+02  0.305420000000E+02
     261 -0.779233100000E+02  0.332246000000E+02  0.329000000000E+02
     262 -0.778644300000E+02  0.332247800000E+02  0.345090000000E+02
     265 -0.782846800000E+02  0.332247500000E+02  0.301560000000E+02
     270 -0.783445100000E+02  0.332262400000E+02  0.295990000000E+02
     274 -0.784044900000E+02  0.332284100000E+02  0.280780000000E+02
     279 -0.784648600000E+02  0.332313800000E+02  0.264530000000E+02
     286 -0.785259500000E+02  0.332350400000E+02  0.242820000000E+02
     295 -0.781349400000E+02  0.332386600000E+02  0.318380000000E+02
     296 -0.780745000000E+02  0.332388900000E+02  0.322350000000E+02
     297 -0.781951800000E+02  0.332388100000E+02  0.308320000000E+02
     298 -0.780141700000E+02  0.332393900000E+02  0.332700000000E+02
     300 -0.779541900000E+02  0.332400000000E+02  0.331370000000E+02
     301 -0.782551200000E+02  0.332394600000E+02  0.296630000000E+02
     303 -0.778947800000E+02  0.332404300000E+02  0.329120000000E+02
     306 -0.783148700000E+02  0.332407200000E+02  0.296760000000E+02
     312 -0.783746500000E+02  0.332426600000E+02  0.280650000000E+02
     318 -0.784346900000E+02  0.332453900000E+02  0.273770000000E+02
     325 -0.784953100000E+02  0.332489500000E+02  0.247740000000E+02
     331 -0.785568200000E+02  0.332531100000E+02  0.231470000000E+02
     332 -0.781657300000E+02  0.332539300000E+02  0.310070000000E+02
     333 -0.781055700000E+02  0.332540700000E+02  0.318930000000E+02
     335 -0.780453000000E+02  0.332545700000E+02  0.323820000000E+02
     336 -0.782256500000E+02  0.332542800000E+02  0.298600000000E+02
     338 -0.779851900000E+02  0.332552700000E+02  0.331530000000E+02
     342 -0.779254300000E+02  0.332559300000E+02  0.323370000000E+02
     343 -0.782853400000E+02  0.332552500000E+02  0.291080000000E+02
     344 -0.778662600000E+02  0.332562000000E+02  0.329680000000E+02
     346 -0.783449500000E+02  0.332569100000E+02  0.285030000000E+02
     350 -0.784047000000E+02  0.332593700000E+02  0.271390000000E+02
     358 -0.784648800000E+02  0.332627100000E+02  0.259110000000E+02
     366 -0.785258100000E+02  0.332668700000E+02  0.236370000000E+02
     369 -0.781364300000E+02  0.332692200000E+02  0.310050000000E+02
     370 -0.781963000000E+02  0.332692400000E+02  0.298470000000E+02
     371 -0.780763500000E+02  0.332696600000E+02  0.317040000000E+02
     372 -0.782559200000E+02  0.332698600000E+02  0.288630000000E+02
     373 -0.780162500000E+02  0.332704100000E+02  0.326120000000E+02
     376 -0.779562900000E+02  0.332712600000E+02  0.323330000000E+02
     379 -0.778966700000E+02  0.332718700000E+02  0.318900000000E+02
     380 -0.783153900000E+02  0.332712000000E+02  0.285870000000E+02
     385 -0.783748900000E+02  0.332733500000E+02  0.273610000000E+02
     391 -0.784346800000E+02  0.332764000000E+02  0.262840000000E+02
     398 -0.784950500000E+02  0.332804000000E+02  0.242270000000E+02
     406 -0.781670800000E+02  0.332843700000E+02  0.297180000000E+02
     407 -0.781072700000E+02  0.332846900000E+02  0.313420000000E+02
     408 -0.782266400000E+02  0.332846200000E+02  0.290260000000E+02
     410 -0.780472900000E+02  0.332854500000E+02  0.315410000000E+02
     411 -0.785563900000E+02  0.332852400000E+02  0.222290000000E+02
     413 -0.782860000000E+02  0.332855800000E+02  0.281090000000E+02
     414 -0.779872700000E+02  0.332864200000E+02  0.320440000000E+02
     415 -0.779273800000E+02  0.332873300000E+02  0.315260000000E+02
     417 -0.778678200000E+02  0.332877900000E+02  0.324730000000E+02
     419 -0.783452800000E+02  0.332873700000E+02  0.279250000000E+02
     424 -0.784047200000E+02  0.332900700000E+02  0.260630000000E+02
     428 -0.784645800000E+02  0.332937900000E+02  0.250260000000E+02
     440 -0.785252200000E+02  0.332985200000E+02  0.228290000000E+02
     444 -0.781975000000E+02  0.332995500000E+02  0.289930000000E+02
     445 -0.781379900000E+02  0.332996900000E+02  0.301660000000E+02
     448 -0.780782400000E+02  0.333003800000E+02  0.308030000000E+02
     449 -0.782567600000E+02  0.333001000000E+02  0.281460000000E+02
     450 -0.780183000000E+02  0.333014200000E+02  0.315850000000E+02
     452 -0.783158600000E+02  0.333014700000E+02  0.276170000000E+02
     453 -0.779583100000E+02  0.333025600000E+02  0.313210000000E+02
     456 -0.778984100000E+02  0.333034400000E+02  0.317970000000E+02
     460 -0.783749900000E+02  0.333037800000E+02  0.265660000000E+02
     466 -0.784343900000E+02  0.333071200000E+02  0.254250000000E+02
     479 -0.784943800000E+02  0.333115800000E+02  0.233830000000E+02
     484 -0.781685100000E+02  0.333146700000E+02  0.293800000000E+02
     485 -0.782276900000E+02  0.333147800000E+02  0.282540000000E+02
     486 -0.781090500000E+02  0.333152300000E+02  0.300580000000E+02
     489 -0.782866400000E+02  0.333157000000E+02  0.275750000000E+02
     490 -0.780493100000E+02  0.333162700000E+02  0.307440000000E+02
     495 -0.779893600000E+02  0.333175700000E+02  0.308540000000E+02
     497 -0.785553900000E+02  0.333171800000E+02  0.216890000000E+02
     500 -0.783455200000E+02  0.333175600000E+02  0.272550000000E+02
     501 -0.779292900000E+02  0.333188100000E+02  0.310380000000E+02
     504 -0.778692600000E+02  0.333195700000E+02  0.320200000000E+02
     506 -0.784045300000E+02  0.333204700000E+02  0.255010000000E+02
     515 -0.784639400000E+02  0.333245400000E+02  0.243910000000E+02
     523 -0.781987900000E+02  0.333296700000E+02  0.286910000000E+02
     524 -0.781396700000E+02  0.333300200000E+02  0.295340000000E+02
     525 -0.785241200000E+02  0.333298600000E+02  0.225110000000E+02
     526 -0.782576300000E+02  0.333301000000E+02  0.277390000000E+02
     528 -0.780802200000E+02  0.333310000000E+02  0.293860000000E+02
     532 -0.783162900000E+02  0.333314700000E+02  0.268870000000E+02
     533 -0.780204200000E+02  0.333323800000E+02  0.306100000000E+02
     538 -0.779603700000E+02  0.333338900000E+02  0.301380000000E+02
     541 -0.783749600000E+02  0.333338800000E+02  0.264480000000E+02
     542 -0.779001200000E+02  0.333351400000E+02  0.310090000000E+02
     550 -0.784338600000E+02  0.333374700000E+02  0.256520000000E+02
     557 -0.784933200000E+02  0.333423800000E+02  0.230560000000E+02
     563 -0.781700600000E+02  0.333447900000E+02  0.288790000000E+02
     564 -0.782288100000E+02  0.333447100000E+02  0.279750000000E+02
     566 -0.781109500000E+02  0.333456200000E+02  0.288000000000E+02
     569 -0.782873100000E+02  0.333455500000E+02  0.270740000000E+02
     571 -0.780514500000E+02  0.333470100000E+02  0.290360000000E+02
     574 -0.783456900000E+02  0.333474200000E+02  0.265150000000E+02
     575 -0.779915300000E+02  0.333487100000E+02  0.295660000000E+02
     578 -0.785537800000E+02  0.333487600000E+02  0.213470000000E+02
     580 -0.779312600000E+02  0.333503600000E+02  0.299290000000E+02
     582 -0.784041600000E+02  0.333504800000E+02  0.262010000000E+02
     584 -0.778707200000E+02  0.333515400000E+02  0.306560000000E+02
     592 -0.784629800000E+02  0.333548600000E+02  0.247400000000E+02
     598 -0.782002000000E+02  0.333595500000E+02  0.281250000000E+02
     600 -0.782585500000E+02  0.333598300000E+02  0.271780000000E+02
     601 -0.781414900000E+02  0.333601600000E+02  0.282520000000E+02
     603 -0.785225200000E+02  0.333607600000E+02  0.226180000000E+02
     604 -0.780823400000E+02  0.333614800000E+02  0.280530000000E+02
     605 -0.783167000000E+02  0.333611300000E+02  0.262060000000E+02
     608 -0.780227000000E+02  0.333632800000E+02  0.285480000000E+02
     611 -0.783748100000E+02  0.333636100000E+02  0.259630000000E+02
     614 -0.779625500000E+02  0.333652400000E+02  0.295070000000E+02
     620 -0.779019500000E+02  0.333669600000E+02  0.300000000000E+02
     624 -0.784331000000E+02  0.333674000000E+02  0.262470000000E+02
     634 -0.784918600000E+02  0.333727000000E+02  0.239180000000E+02
     638 -0.782300300000E+02  0.333743600000E+02  0.271090000000E+02
     639 -0.781717600000E+02  0.333746700000E+02  0.278490000000E+02
     640 -0.782879900000E+02  0.333750500000E+02  0.261310000000E+02
     641 -0.781130400000E+02  0.333758300000E+02  0.277190000000E+02
     644 -0.780537800000E+02  0.333776300000E+02  0.276080000000E+02
     646 -0.783458000000E+02  0.333769000000E+02  0.256860000000E+02
     652 -0.779939100000E+02  0.333798000000E+02  0.283630000000E+02
     653 -0.785515300000E+02  0.333797900000E+02  0.215030000000E+02
     655 -0.784036400000E+02  0.333800500000E+02  0.254270000000E+02
     659 -0.779334100000E+02  0.333819700000E+02  0.296580000000E+02
     661 -0.778723400000E+02  0.333836900000E+02  0.300290000000E+02
     666 -0.784617500000E+02  0.333846900000E+02  0.251970000000E+02
     675 -0.782017300000E+02  0.333891500000E+02  0.271120000000E+02
     677 -0.782595600000E+02  0.333892200000E+02  0.262730000000E+02
     678 -0.781434900000E+02  0.333900700000E+02  0.272020000000E+02
     682 -0.783171200000E+02  0.333904200000E+02  0.254480000000E+02
     683 -0.785204500000E+02  0.333910700000E+02  0.230500000000E+02
     684 -0.780846800000E+02  0.333917900000E+02  0.271280000000E+02
     691 -0.783745800000E+02  0.333928900000E+02  0.246840000000E+02
     692 -0.780252200000E+02  0.333940700000E+02  0.275320000000E+02
     694 -0.779650000000E+02  0.333965900000E+02  0.289390000000E+02
     697 -0.784321500000E+02  0.333968100000E+02  0.246910000000E+02
     699 -0.779040000000E+02  0.333989100000E+02  0.296510000000E+02
     711 -0.784900700000E+02  0.334024100000E+02  0.234620000000E+02
     714 -0.782313800000E+02  0.334036600000E+02  0.260790000000E+02
     715 -0.781736300000E+02  0.334042500000E+02  0.268310000000E+02
     716 -0.782887400000E+02  0.334041800000E+02  0.252500000000E+02
     718 -0.781153400000E+02  0.334058000000E+02  0.263770000000E+02
     721 -0.783458900000E+02  0.334059500000E+02  0.249210000000E+02
     726 -0.780563700000E+02  0.334080900000E+02  0.267030000000E+02
     728 -0.784030200000E+02  0.334091300000E+02  0.236290000000E+02
     730 -0.779965700000E+02  0.334108400000E+02  0.280940000000E+02
     739 -0.779358700000E+02  0.334136500000E+02  0.290830000000E+02
     740 -0.784603000000E+02  0.334139200000E+02  0.234140000000E+02
     744 -0.778742200000E+02  0.334160300000E+02  0.293620000000E+02
     750 -0.782034300000E+02  0.334184200000E+02  0.263640000000E+02
     751 -0.782606600000E+02  0.334182200000E+02  0.252160000000E+02
     753 -0.781457100000E+02  0.334196900000E+02  0.258420000000E+02
     755 -0.783175600000E+02  0.334192700000E+02  0.246120000000E+02
     762 -0.780873000000E+02  0.334218800000E+02  0.259020000000E+02
     763 -0.783743000000E+02  0.334216900000E+02  0.240220000000E+02
     768 -0.780280500000E+02  0.334247400000E+02  0.267260000000E+02
     771 -0.784310600000E+02  0.334256600000E+02  0.227240000000E+02
     776 -0.779677900000E+02  0.334279300000E+02  0.286430000000E+02
     781 -0.779064100000E+02  0.334309900000E+02  0.284390000000E+02
     783 -0.784880100000E+02  0.334314300000E+02  0.214290000000E+02
     784 -0.782328600000E+02  0.334325900000E+02  0.256580000000E+02
     786 -0.782895600000E+02  0.334328800000E+02  0.245840000000E+02
     789 -0.781757100000E+02  0.334335100000E+02  0.254610000000E+02
     795 -0.783459900000E+02  0.334345200000E+02  0.240920000000E+02
     796 -0.781179400000E+02  0.334355000000E+02  0.250710000000E+02
     800 -0.780593100000E+02  0.334383500000E+02  0.258570000000E+02
     801 -0.784023100000E+02  0.334376600000E+02  0.230510000000E+02
     806 -0.779996400000E+02  0.334417800000E+02  0.271220000000E+02
     810 -0.784586800000E+02  0.334425000000E+02  0.219040000000E+02
     813 -0.779387400000E+02  0.334453800000E+02  0.280400000000E+02
     818 -0.782618800000E+02  0.334468100000E+02  0.245260000000E+02
     820 -0.782053300000E+02  0.334472900000E+02  0.255670000000E+02
     821 -0.783180500000E+02  0.334476500000E+02  0.237980000000E+02
     823 -0.781481900000E+02  0.334489800000E+02  0.246080000000E+02
     833 -0.783740100000E+02  0.334499600000E+02  0.233690000000E+02
     836 -0.780902700000E+02  0.334517100000E+02  0.247480000000E+02
     841 -0.784298900000E+02  0.334539000000E+02  0.223100000000E+02
     842 -0.780313000000E+02  0.334552300000E+02  0.255110000000E+02
     851 -0.779710600000E+02  0.334592300000E+02  0.269840000000E+02
     858 -0.782345100000E+02  0.334610900000E+02  0.251020000000E+02
     859 -0.782904700000E+02  0.334611100000E+02  0.237830000000E+02
     861 -0.781780500000E+02  0.334623800000E+02  0.241200000000E+02
     866 -0.783461200000E+02  0.334625800000E+02  0.231180000000E+02
     867 -0.781208500000E+02  0.334648700000E+02  0.240640000000E+02
     872 -0.784015900000E+02  0.334656200000E+02  0.229450000000E+02
     878 -0.780626700000E+02  0.334683600000E+02  0.247170000000E+02
     892 -0.780032100000E+02  0.334725800000E+02  0.254980000000E+02
     895 -0.782632400000E+02  0.334749200000E+02  0.239140000000E+02
     897 -0.782074400000E+02  0.334757500000E+02  0.244970000000E+02
     899 -0.783186200000E+02  0.334755300000E+02  0.230030000000E+02
     904 -0.781510000000E+02  0.334779000000E+02  0.235280000000E+02
     907 -0.783737300000E+02  0.334776800000E+02  0.234110000000E+02
     912 -0.780936400000E+02  0.334812200000E+02  0.237260000000E+02
     923 -0.780350600000E+02  0.334855100000E+02  0.239110000000E+02
     933 -0.782363600000E+02  0.334891200000E+02  0.244860000000E+02
     949 -0.781241500000E+02  0.334938800000E+02  0.228640000000E+02
     959 -0.780665100000E+02  0.334980800000E+02  0.231400000000E+02
     993 -0.780974700000E+02  0.335103700000E+02  0.220590000000E+02
       1 3        4        5        6
       2 3        7        8        9
       3 3        8        4       10
       4 3       13        7       14
       5 3        5       15       16
       6 3       17       13       18
       7 3       19       17       20
       8 3       22       19       23
       9 3       24       22       25
      10 3       26       24       27
      11 3       28       26       29
      12 3       31       28       32
      13 3        5       41        6
      14 3        8       44        9
      15 3        4       45       10
      16 3        7       51       14
      17 3        4        6       45
      18 3        8       10       44
      19 3        5       16       41
      20 3       17       58       20
      21 3        7        9       51
      22 3       13       59       18
      23 3       17       18       58
      24 3       19       60       23
      25 3       13       14       59
      26 3       19       20       60
      27 3       22       63       25
      28 3       22       23       63
      29 3       24       64       27
      30 3       24       25       64
      31 3       26       65       29
      32 3       26       27       65
      33 3       28       68       32
      34 3       28       29       68
      35 3       31       32       72
      36 3       10       85       44
      37 3       16       86       41
      38 3        6       87       45
      39 3        9       88       51
      40 3       14       91       59
      41 3       18       92       58
      42 3       20       95       60
      43 3       10       45       85
      44 3       18       59       92
      45 3        6       41       87
      46 3       23       97       63
      47 3       20       58       95
      48 3        9       44       88
      49 3       14       51       91
      50 3       23       60       97
      51 3       25       98       64
      52 3       25       63       98
      53 3       27      100       65
      54 3       27       64      100
      55 3       29      102       68
      56 3       29       65      102
      57 3       32      105       72
      58 3       32       68      105
      59 3       44      114       88
      60 3       45      115       85
      61 3       41      116       87
      62 3       51      121       91
      63 3       59      123       92
      64 3       58      124       95
      65 3       60      129       97
      66 3       58       92      124
      67 3       45       87      115
      68 3       44       85      114
      69 3       59       91      123
      70 3       51       88      121
      71 3       41       86      116
      72 3       60       95      129
      73 3       63      132       98
      74 3       63       97      132
      75 3       64      137      100
      76 3       64       98      137
      77 3       65      138      102
      78 3       65      100      138
      79 3       68      143      105
      80 3       68      102      143
      81 3       72      105      148
      82 3       85      162      114
      83 3       88      163      121
      84 3       86      164      116
      85 3       87      166      115
      86 3       91      167      123
      87 3       92      169      124
      88 3       95      171      129
      89 3       92      123      169
      90 3       91      121      167
      91 3       95      124      171
      92 3       88      114      163
      93 3       85      115      162
      94 3       97      176      132
      95 3       87      116      166
      96 3       97      129      176
      97 3       98      180      137
      98 3       98      132      180
      99 3      100      183      138
     100 3      100      137      183
     101 3      102      187      143
     102 3      102      138      187
     103 3      105      189      148
     104 3      105      143      189
     105 3      114      206      163
     106 3      121      207      167
     107 3      123      209      169
     108 3      115      210      162
     109 3      116      211      166
     110 3      124      212      171
     111 3      129      215      176
     112 3      123      167      209
     113 3      124      169      212
     114 3      121      163      207
     115 3      114      162      206
     116 3      129      171      215
     117 3      115      166      210
     118 3      116      164      211
     119 3      132      218      180
     120 3      132      176      218
     121 3      137      224      183
     122 3      137      180      224
     123 3      138      227      187
     124 3      138      183      227
     125 3      143      236      189
     126 3      143      187      236
     127 3      148      189      245
     128 3      167      255      209
     129 3      163      256      207
     130 3      169      257      212
     131 3      162      258      206
     132 3      171      260      215
     133 3      166      261      210
     134 3      164      262      211
     135 3      169      209      257
     136 3      167      207      255
     137 3      171      212      260
     138 3      163      206      256
     139 3      176      265      218
     140 3      162      210      258
     141 3      176      215      265
     142 3      166      211      261
     143 3      180      270      224
     144 3      180      218      270
     145 3      183      274      227
     146 3      183      224      274
     147 3      187      279      236
     148 3      187      227      279
     149 3      189      286      245
     150 3      189      236      286
     151 3      209      295      257
     152 3      207      296      255
     153 3      212      297      260
     154 3      206      298      256
     155 3      210      300      258
     156 3      215      301      265
     157 3      212      257      297
     158 3      209      255      295
     159 3      211      303      261
     160 3      207      256      296
     161 3      215      260      301
     162 3      206      258      298
     163 3      218      306      270
     164 3      210      261      300
     165 3      211      262      303
     166 3      218      265      306
     167 3      224      312      274
     168 3      224      270      312
     169 3      227      318      279
     170 3      227      274      318
     171 3      236      279      325
     172 3      236      325      286
     173 3      245      286      331
     174 3      257      332      297
     175 3      255      333      295
     176 3      256      335      296
     177 3      260      336      301
     178 3      258      338      298
     179 3      257      295      332
     180 3      260      297      336
     181 3      255      296      333
     182 3      261      342      300
     183 3      265      343      306
     184 3      262      344      303
     185 3      256      298      335
     186 3      265      301      343
     187 3      258      300      338
     188 3      261      303      342
     189 3      270      346      312
     190 3      270      306      346
     191 3      274      350      318
     192 3      274      312      350
     193 3      279      318      358
     194 3      279      358      325
     195 3      286      325      366
     196 3      286      366      331
     197 3      295      369      332
     198 3      297      370      336
     199 3      296      371      333
     200 3      301      372      343
     201 3      298      373      335
     202 3      297      332      370
     203 3      295      333      369
     204 3      301      336      372
     205 3      296      335      371
     206 3      300      376      338
     207 3      303      379      342
     208 3      306      380      346
     209 3      298      338      373
     210 3      306      343      380
     211 3      300      342      376
     212 3      303      344      379
     213 3      312      385      350
     214 3      312      346      385
     215 3      318      350      391
     216 3      318      391      358
     217 3      325      358      398
     218 3      325      398      366
     219 3      332      406      370
     220 3      333      407      369
     221 3      336      408      372
     222 3      335      410      371
     223 3      332      369      406
     224 3      336      370      408
     225 3      331      366      411
     226 3      343      413      380
     227 3      333      371      407
     228 3      338      414      373
     229 3      343      372      413
     230 3      335      373      410
     231 3      342      415      376
     232 3      344      417      379
     233 3      338      376      414
     234 3      346      419      385
     235 3      346      380      419
     236 3      342      379      415
     237 3      350      385      424
     238 3      350      424      391
     239 3      358      391      428
     240 3      358      428      398
     241 3      366      398      440
     242 3      366      440      411
     243 3      370      444      408
     244 3      369      445      406
     245 3      371      448      407
     246 3      372      449      413
     247 3      370      406      444
     248 3      369      407      445
     249 3      372      408      449
     250 3      373      450      410
     251 3      371      410      448
     252 3      380      452      419
     253 3      380      413      452
     254 3      376      453      414
     255 3      373      414      450
     256 3      379      456      415
     257 3      376      415      453
     258 3      379      417      456
     259 3      385      460      424
     260 3      385      419      460
     261 3      391      424      466
     262 3      391      466      428
     263 3      398      428      479
     264 3      398      479      440
     265 3      406      484      444
     266 3      408      485      449
     267 3      407      486      445
     268 3      408      444      485
     269 3      406      445      484
     270 3      413      489      452
     271 3      410      490      448
     272 3      407      448      486
     273 3      413      449      489
     274 3      414      495      450
     275 3      411      440      497
     276 3      410      450      490
     277 3      419      500      460
     278 3      419      452      500
     279 3      415      501      453
     280 3      414      453      495
     281 3      417      504      456
     282 3      415      456      501
     283 3      424      460      506
     284 3      424      506      466
     285 3      428      466      515
     286 3      428      515      479
     287 3      444      523      485
     288 3      445      524      484
     289 3      440      479      525
     290 3      449      526      489
     291 3      444      484      523
     292 3      448      528      486
     293 3      449      485      526
     294 3      440      525      497
     295 3      445      486      524
     296 3      452      532      500
     297 3      450      533      490
     298 3      452      489      532
     299 3      448      490      528
     300 3      453      538      495
     301 3      450      495      533
     302 3      460      500      541
     303 3      460      541      506
     304 3      456      542      501
     305 3      453      501      538
     306 3      456      504      542
     307 3      466      506      550
     308 3      466      550      515
     309 3      479      515      557
     310 3      479      557      525
     311 3      484      563      523
     312 3      485      564      526
     313 3      486      566      524
     314 3      485      523      564
     315 3      489      569      532
     316 3      484      524      563
     317 3      489      526      569
     318 3      490      571      528
     319 3      486      528      566
     320 3      500      574      541
     321 3      500      532      574
     322 3      490      533      571
     323 3      495      575      533
     324 3      497      525      578
     325 3      495      538      575
     326 3      501      580      538
     327 3      506      541      582
     328 3      506      582      550
     329 3      504      584      542
     330 3      501      542      580
     331 3      515      550      592
     332 3      515      592      557
     333 3      523      598      564
     334 3      526      600      569
     335 3      524      601      563
     336 3      523      563      598
     337 3      526      564      600
     338 3      525      557      603
     339 3      528      604      566
     340 3      524      566      601
     341 3      532      605      574
     342 3      532      569      605
     343 3      525      603      578
     344 3      528      571      604
     345 3      533      608      571
     346 3      541      574      611
     347 3      541      611      582
     348 3      533      575      608
     349 3      538      614      575
     350 3      538      580      614
     351 3      542      620      580
     352 3      550      582      624
     353 3      542      584      620
     354 3      550      624      592
     355 3      557      592      634
     356 3      557      634      603
     357 3      564      638      600
     358 3      563      639      598
     359 3      569      640      605
     360 3      564      598      638
     361 3      566      641      601
     362 3      569      600      640
     363 3      563      601      639
     364 3      566      604      641
     365 3      571      644      604
     366 3      574      646      611
     367 3      574      605      646
     368 3      571      608      644
     369 3      575      652      608
     370 3      578      603      653
     371 3      582      611      655
     372 3      582      655      624
     373 3      575      614      652
     374 3      580      659      614
     375 3      580      620      659
     376 3      584      661      620
     377 3      592      624      666
     378 3      592      666      634
     379 3      598      675      638
     380 3      600      677      640
     381 3      601      678      639
     382 3      600      638      677
     383 3      598      639      675
     384 3      605      682      646
     385 3      603      634      683
     386 3      605      640      682
     387 3      601      641      678
     388 3      604      684      641
     389 3      603      683      653
     390 3      604      644      684
     391 3      611      646      691
     392 3      611      691      655
     393 3      608      692      644
     394 3      608      652      692
     395 3      614      694      652
     396 3      624      655      697
     397 3      624      697      666
     398 3      614      659      694
     399 3      620      699      659
     400 3      620      661      699
     401 3      634      666      711
     402 3      638      714      677
     403 3      634      711      683
     404 3      639      715      675
     405 3      640      716      682
     406 3      638      675      714
     407 3      640      677      716
     408 3      641      718      678
     409 3      639      678      715
     410 3      646      721      691
     411 3      646      682      721
     412 3      641      684      718
     413 3      644      726      684
     414 3      655      691      728
     415 3      644      692      726
     416 3      655      728      697
     417 3      652      730      692
     418 3      652      694      730
     419 3      659      739      694
     420 3      666      697      740
     421 3      659      699      739
     422 3      666      740      711
     423 3      661      744      699
     424 3      675      750      714
     425 3      677      751      716
     426 3      677      714      751
     427 3      678      753      715
     428 3      675      715      750
     429 3      682      755      721
     430 3      682      716      755
     431 3      678      718      753
     432 3      684      762      718
     433 3      691      721      763
     434 3      691      763      728
     435 3      684      726      762
     436 3      692      768      726
     437 3      697      728      771
     438 3      692      730      768
     439 3      697      771      740
     440 3      694      776      730
     441 3      694      739      776
     442 3      699      781      739
     443 3      711      740      783
     444 3      699      744      781
     445 3      714      784      751
     446 3      716      786      755
     447 3      715      789      750
     448 3      714      750      784
     449 3      716      751      786
     450 3      715      753      789
     451 3      721      795      763
     452 3      721      755      795
     453 3      718      796      753
     454 3      718      762      796
     455 3      726      800      762
     456 3      728      763      801
     457 3      728      801      771
     458 3      726      768      800
     459 3      730      806      768
     460 3      740      771      810
     461 3      730      776      806
     462 3      740      810      783
     463 3      739      813      776
     464 3      751      818      786
     465 3      750      820      784
     466 3      739      781      813
     467 3      751      784      818
     468 3      755      821      795
     469 3      755      786      821
     470 3      750      789      820
     471 3      753      823      789
     472 3      763      795      833
     473 3      753      796      823
     474 3      763      833      801
     475 3      762      836      796
     476 3      762      800      836
     477 3      771      801      841
     478 3      768      842      800
     479 3      771      841      810
     480 3      768      806      842
     481 3      776      851      806
     482 3      784      858      818
     483 3      776      813      851
     484 3      786      859      821
     485 3      786      818      859
     486 3      789      861      820
     487 3      784      820      858
     488 3      795      866      833
     489 3      795      821      866
     490 3      789      823      861
     491 3      796      867      823
     492 3      801      833      872
     493 3      801      872      841
     494 3      796      836      867
     495 3      800      878      836
     496 3      800      842      878
     497 3      806      892      842
     498 3      806      851      892
     499 3      818      895      859
     500 3      820      897      858
     501 3      821      899      866
     502 3      818      858      895
     503 3      821      859      899
     504 3      820      861      897
     505 3      823      904      861
     506 3      833      866      907
     507 3      833      907      872
     508 3      823      867      904
     509 3      836      912      867
     510 3      836      878      912
     511 3      842      923      878
     512 3      842      892      923
     513 3      858      933      895
     514 3      858      897      933
     515 3      867      949      904
     516 3      867      912      949
     517 3      878      959      912
     518 3      878      923      959
     519 3      912      993      949
     520 3      912      959      993
 1                                                                              
 13                                                                             
 13                                                                             
          31
          28
          26
          24
          22
          19
          17
          13
           7
           8
           4
           5
          15
 0                                                                              
 0                                                                              
