FileFmt      1050624           0           0
NELG           58641         560         489
      -24907
      -25077
       25125
      -25167
       25213
       25250
       25262
      -25296
       25301
       25342
      -25346
       25387
       25439
       25466
       25530
       25545
      -25562
       25616
       25620
      -25623
       25696
       25702
       25753
       25756
       25765
       25835
      -25869
       25889
       25912
      -25933
       25948
       25956
       26028
       26042
       26064
       26080
       26081
       26110
       26135
       26176
       26232
       26244
       26250
       26270
       26279
       26287
       26292
       26314
       26337
       26359
       26365
       26391
       26393
       26411
       26445
       26447
       26450
       26459
       26472
       26495
       26523
       26549
       26552
       26558
       26562
       26572
       26578
       26618
       26630
       26635
       26654
       26662
       26670
       26671
       26678
       26701
       26705
       26718
       26725
       26759
       26776
       26779
       26793
       26799
       26801
       26811
       26816
       26820
       26876
       26881
       26887
       26889
       26891
       26927
       26935
       26939
       26962
       26980
       26981
       26986
       26992
       26998
       27039
       27060
       27064
       27067
       27076
       27085
       27099
       27100
       27112
       27127
       27166
       27169
       27186
       27193
       27246
       27255
       27260
       27276
       27277
       27282
       27310
       27315
      -27333
       27335
       27362
       27402
       27411
       27414
       27418
       27419
       27425
       27442
       27456
       27474
       27478
       27489
      -27523
       27528
       27545
       27556
       27562
       27565
       27583
       27593
       27610
       27630
       27634
       27640
       27647
       27683
       27691
       27697
       27709
       27712
      -27720
       27730
       27749
       27761
       27770
       27775
       27784
       27821
       27832
       27839
       27854
       27862
       27863
       27864
      -27873
       27909
       27913
       27919
       27962
       27971
       27985
       27993
       28009
       28025
       28043
       28056
       28058
       28065
       28067
       28076
      -28107
       28109
       28127
       28135
       28166
       28170
       28178
      -28209
       28223
       28234
       28246
       28283
       28289
       28303
       28314
       28317
       28323
       28341
       28355
       28380
       28397
       28423
       28445
       28449
       28455
      -28461
       28490
       28492
      -28494
       28509
       28517
       28544
       28558
       28600
       28606
       28612
       28617
       28624
       28650
       28664
       28666
       28668
       28686
       28746
       28748
       28792
       28807
       28872
       28894
       28910
       28930
       28945
       28957
       29063
       29087
       29137
       29215
       29226
       29250
       29299
       29309
       29368
       29378
       29451
       29470
       29523
       29553
       29600
       29612
       29629
       29701
       29710
       29758
       29780
       29870
       29884
       29919
       29954
       29971
       30012
       30017
       30031
       30050
       30096
       30107
       30174
       30180
       30201
       30246
       30256
       30287
       30297
       30338
       30354
       30431
       30435
       30446
       30492
       30503
       30559
       30675
       30686
       30691
       30698
       30724
       30728
       30865
       30866
       30888
       30942
       30948
       31098
       31138
       31153
       31267
       31315
       31382
       31438
       31546
       31549
       31602
       31689
       31727
       31747
       31790
       31830
       31932
       31939
       31940
       31976
       32003
       32023
       32115
       32142
       32155
       32180
       32205
       32214
       32229
       32242
       32259
       32274
       32322
       32325
       32390
       32391
       32400
       32405
       32418
       32427
       32460
       32483
       32496
       32497
       32538
       32553
       32563
       32579
       32584
       32589
       32599
       32602
       32612
       32637
       32639
       32649
       32661
       32678
       32692
       32698
       32707
       32715
       32717
       32723
       32727
       32762
       32795
       32801
       32816
       32823
       32831
       32834
       32835
       32836
       32844
       32847
       32848
       32862
       32867
       32878
       32884
       32887
       32899
       32912
       32916
       32923
       32934
       32963
       32970
       32974
       32981
       32989
       32991
       33000
       33006
       33008
       33016
       33032
       33047
       33057
       33058
       33078
       33084
       33091
       33097
       33102
       33114
       33117
       33127
       33134
       33135
       33145
       33162
       33172
       33179
       33184
       33195
       33201
       33210
       33213
       33226
       33236
       33239
       33243
       33244
       33253
       33255
       33262
       33267
       33273
       33284
       33288
       33290
       33294
       33303
       33304
       33307
       33318
       33321
       33326
       33327
       33329
       33346
       33348
       33352
       33357
       33360
       33361
       33365
       33369
       33372
       33374
       33376
       33377
       33383
       33385
       33387
       33390
       33392
       33395
       33403
       33410
       33411
       33414
       33415
       33425
       33430
       33431
       33432
       33433
       33437
       33439
       33447
       33449
       33450
       33454
       33457
       33459
       33460
       33464
       33468
       33471
       33474
       33481
       33484
       33492
       33493
       33500
       33508
       33521
       33525
       33527
       33534
NNODG          32218         319         289
      -13338
      -13402
       13434
      -13473
       13535
       13568
       13628
       13629
      -13631
       13660
       13661
       13678
       13709
       13739
       13788
      -13796
       13841
       13853
       13885
       13920
      -13943
       13951
       13958
       14032
       14041
       14057
       14083
       14129
       14154
       14155
       14183
       14241
       14247
       14250
       14261
       14270
       14274
       14288
       14336
       14349
       14372
       14373
       14379
       14384
       14402
       14418
       14432
       14442
       14473
       14475
       14485
       14491
       14494
       14497
       14521
       14550
       14560
       14569
       14580
       14581
       14589
       14628
       14634
       14661
       14664
       14686
       14687
       14688
       14700
       14722
       14742
       14745
       14762
       14773
       14810
       14811
       14819
      -14830
       14861
       14870
       14878
       14897
       14911
      -14912
       14914
       14929
       14951
       14955
       14956
       14972
       14980
       14992
       15000
       15040
       15044
       15059
       15087
       15088
       15116
       15122
       15131
       15134
      -15140
       15163
       15169
       15193
       15199
       15202
       15210
       15243
       15250
       15282
       15294
       15316
       15327
       15338
       15340
      -15357
       15358
       15380
       15384
       15418
       15427
       15462
       15483
       15487
       15512
       15538
      -15540
       15552
       15559
       15573
       15575
       15582
       15605
       15629
       15635
       15639
       15661
       15662
       15728
       15775
       15792
       15809
       15882
       15921
       15955
       15975
       16005
       16042
       16085
       16124
       16141
       16172
       16194
       16230
       16261
       16316
       16339
       16364
       16388
       16389
       16391
       16434
       16471
       16475
       16511
       16539
       16546
       16577
       16617
       16649
       16675
       16735
       16741
       16762
       16766
       16855
       16856
       16990
       17018
       17074
       17103
       17178
       17233
       17353
       17375
       17383
       17425
       17426
       17447
       17516
       17522
       17533
       17567
       17583
       17589
       17598
       17607
       17631
       17633
       17663
       17673
       17699
       17717
       17738
       17746
       17752
       17758
       17770
       17778
       17797
       17801
       17820
       17824
       17830
      -17845
       17863
      -17882
       17886
      -17888
       17896
       17897
       17901
       17906
       17910
       17917
       17925
       17937
       17958
       17964
       17968
       17970
       17977
      -17979
       17983
       17997
       18010
       18017
       18021
      -18028
       18030
       18040
       18056
      -18065
       18074
       18079
       18087
       18093
       18096
       18100
      -18101
       18118
       18121
       18122
       18123
       18124
       18131
       18136
       18139
       18150
      -18151
       18155
       18156
       18159
       18162
       18164
       18168
       18169
       18172
       18176
       18179
      -18180
       18182
       18183
       18188
       18191
       18194
       18199
       18203
       18204
      -18211
      -18214
      -18217
      -18222
      -18223
      -18231
      -18242
      -18245
NFLUXF             0
NETA             128          29           0
NSTAE              0           0           0
NSTAV              0           0           0
NSTAM              0           0           0
NSTAC              0           0           0
RES NODE         112         261
                   3           5           6           7           8          10
                  11          12          13          14          15          17
                  18          19          20          22          23          24
                  25          26          27          28          29          30
                  31          32          33          34          35          36
                  37          38          39          40          41          42
                  43          44          45          46          47          48
                  49          50          51          52          53          54
                  55          56          57          58          59          60
                  61          62          63          64          65          66
                  67          68          69          70          71          72
                  73          74          75          76          77          79
                  80          81          82          83          85          86
                  87          88          89          90          91          92
                  93          94          95          96          97          98
                  99         100         101         102         104         105
                 106         107         108         109         110         111
                 112         113         114         115         116         117
                 119         120         121         122         123         124
                 125         126         127         128         130         131
                 132         133         134         135         136         137
                 138         139         140         141         142         143
                 144         145         146         147         148         149
                 150         151         152         153         154         155
                 156         157         158         159         160         161
                 162         163         164         165         166         167
                 168         169         170         171         172         173
                 174         175         176         177         178         179
                 180         181         182         183         184         185
                 186         187         188         189         190         191
                 192         193         194         195         196         197
                 198         199         200         201         202         203
                 204         205         206         207         208         209
                 210         211         212         213         214         215
                 216         218         220         222         223         224
                 225         226         227         228         229         230
                 231         232         233         234         236         237
                 238         239         240         242         243         244
                 246         247         248         249         250         251
                 253         254         255         256         257         258
                 259         260         261         263         264         265
                 266         267         268         269         270         271
                 272         274         275         276         277         278
                 279         280         281
COMM PE            4
RECV PE           45           6
                   1           2           4           9          16          21
RECV PE          111           5
                  78          84         103         118         129
RECV PE          113          11
                 217         219         221         235         241         245
                 252         262         273         282         286
RECV PE          124           6
                 283         284         285         287         288         289
SEND PE           45           5
                   3           5          12          18          24
SEND PE          111           5
                  83          90         106         120         131
SEND PE          113          10
                 202         207         210         228         233         238
                 246         258         271         275
SEND PE          124           7
                 272         274         275         277         279         280
                 281
