FileFmt      1050624           0           0
NELG           58641         560         461
       24437
       24474
       24480
       24503
       24518
       24540
       24541
       24552
       24553
       24570
       24573
       24582
       24584
       24598
       24601
       24606
       24616
       24619
       24624
       24634
       24645
       24646
       24655
       24657
       24663
       24668
       24670
       24676
       24680
       24682
       24689
       24690
       24695
       24702
       24704
       24712
       24717
       24718
       24720
       24724
       24728
       24737
       24741
       24744
       24745
       24753
       24755
       24758
       24767
       24768
       24769
       24773
       24778
       24784
       24786
       24787
       24792
       24793
       24796
       24798
       24799
       24804
       24811
       24812
       24813
       24818
       24819
       24824
       24826
       24832
       24833
       24835
       24840
       24845
       24846
       24852
       24857
       24858
       24859
       24864
       24866
       24867
       24872
       24875
       24886
       24887
       24888
       24893
       24897
       24900
       24906
       24910
       24916
       24923
       24924
       24928
       24929
       24933
       24937
       24938
       24939
       24941
       24946
       24949
       24953
       24954
       24961
       24963
       24967
       24971
       24973
       24983
       24984
       24985
       24987
       24992
       24993
       24998
       25001
       25009
       25013
       25016
       25018
       25024
       25029
       25035
       25036
       25044
       25046
       25051
       25052
       25055
       25061
       25062
       25071
       25075
       25079
       25081
       25085
       25086
       25093
       25095
       25096
       25110
       25115
       25117
       25118
       25122
       25123
       25132
       25138
       25142
       25144
       25145
       25150
       25156
       25168
       25173
       25174
       25176
       25178
       25179
       25188
       25192
       25193
       25194
       25198
       25200
       25202
       25207
       25217
       25220
       25224
       25227
       25229
       25232
       25244
       25246
       25253
       25257
       25260
       25261
       25271
       25272
       25277
       25278
       25286
       25287
       25292
       25293
       25303
       25310
       25315
       25317
       25322
       25324
       25328
       25333
       25335
       25340
       25344
       25347
       25349
       25350
       25356
       25360
       25375
       25389
       25393
       25398
       25400
       25402
       25405
       25406
       25409
       25420
       25421
       25433
       25434
       25435
       25438
       25442
       25447
       25451
       25453
       25460
       25469
       25471
       25475
       25476
       25478
       25482
       25488
       25489
       25491
       25495
       25498
       25518
       25521
       25523
       25526
       25535
       25537
       25550
       25552
       25555
       25557
       25565
       25575
       25577
       25579
       25581
       25584
       25586
       25589
       25591
       25595
       25600
       25601
       25604
       25610
       25624
       25629
       25637
       25642
       25648
       25660
       25661
       25665
       25668
       25669
       25674
       25676
       25680
       25687
       25688
       25695
       25704
       25705
       25716
       25720
       25726
       25729
       25730
       25731
       25735
       25742
       25747
       25749
       25750
       25754
       25764
       25767
       25768
       25770
       25773
       25778
       25783
       25788
       25800
       25802
       25805
       25808
       25824
       25825
       25832
       25833
       25834
       25840
       25844
       25849
       25864
       25880
       25886
       25895
       25896
       25899
       25902
       25918
       25924
       25951
       25958
       25963
       25967
       25981
       25984
       25987
       25990
       26002
       26006
       26011
       26013
       26015
       26036
       26044
       26076
       26078
       26084
       26097
       26100
       26109
       26116
       26120
       26127
       26133
       26136
       26138
       26141
       26148
       26149
       26153
       26156
       26170
       26174
       26181
       26188
       26205
       26211
       26214
       26220
       26221
       26222
       26230
       26245
       26252
       26256
       26257
       26258
       26268
       26272
       26277
       26280
       26298
       26299
       26301
       26302
       26303
       26308
       26312
       26315
       26316
       26330
       26333
       26339
       26340
       26343
       26346
       26368
       26369
       26372
       26376
       26381
       26387
       26389
       26408
       26409
       26410
       26423
       26428
       26434
       26438
       26444
       26457
       26464
       26465
       26466
       26467
       26469
       26471
       26477
       26478
       26483
       26488
       26501
       26505
       26514
       26521
       26522
       26525
       26530
       26535
       26539
       26540
       26543
       26557
       26579
       26586
       26587
       26589
       26594
       26608
       26612
       26614
       26625
       26647
       26652
       26656
       26657
       26659
       26674
       26682
       26683
       26716
       26724
       26730
       26731
       26732
       26734
       26738
       26739
       26756
       26773
       26778
       26788
       26805
       26824
       26831
       26848
       26872
       26885
       26896
NNODG          32218         319         281
      -13138
       13155
      -13156
       13177
       13178
      -13194
       13197
       13198
       13218
       13219
       13220
       13232
       13233
       13235
       13249
       13250
       13253
      -13257
       13266
       13267
       13272
       13279
       13284
       13285
       13294
       13297
       13299
       13300
       13306
       13313
       13314
       13315
       13321
      -13322
       13327
       13328
       13333
       13337
       13339
       13340
       13342
       13347
       13350
       13352
       13353
       13356
       13359
       13361
       13364
       13365
       13372
       13376
       13377
       13388
       13389
       13390
       13394
       13398
       13405
       13406
       13409
       13410
       13413
       13425
       13427
       13428
       13431
       13438
       13442
       13445
       13448
       13449
       13452
       13455
       13456
       13465
       13466
       13471
       13472
       13480
       13481
       13482
       13484
       13488
       13493
       13494
       13497
       13499
       13506
       13511
       13517
       13518
       13523
       13530
       13531
       13536
       13538
       13541
       13543
       13544
       13562
       13564
       13566
       13567
       13576
       13577
       13579
       13580
       13585
       13599
       13600
       13601
       13602
       13616
       13618
       13619
       13620
       13622
       13633
       13640
       13642
       13643
       13650
       13659
       13667
       13670
       13671
       13674
       13675
       13688
       13689
       13694
       13695
       13699
       13703
       13705
       13717
       13718
       13722
       13742
       13747
       13750
       13752
       13753
       13755
       13766
       13772
       13775
       13776
       13777
       13783
       13793
       13801
       13802
       13803
       13810
       13811
       13822
       13834
       13843
       13845
       13848
       13849
       13863
       13865
       13866
       13869
       13873
       13874
       13877
       13881
       13887
       13904
       13906
       13907
       13908
       13913
       13919
       13922
       13923
       13932
       13933
       13936
       13939
       13940
       13946
       13948
       13959
       13961
       13962
       13969
       13971
       13981
       13983
       13998
       14003
       14004
       14008
       14011
       14047
       14050
       14059
       14064
       14065
       14086
       14091
       14103
       14119
       14120
       14122
       14135
       14152
       14157
       14164
       14165
       14175
       14177
       14185
       14189
       14190
       14191
       14204
       14213
       14214
       14222
       14226
       14228
       14233
       14239
       14240
       14251
       14255
       14256
       14257
       14263
       14277
       14278
       14279
       14280
       14285
       14289
       14301
       14305
       14306
       14309
       14323
       14327
       14329
       14333
       14334
       14347
       14348
       14364
       14365
       14371
       14382
      -14389
      -14390
       14391
       14396
       14406
       14414
       14417
       14423
       14424
       14426
       14434
       14449
       14454
       14460
      -14461
       14465
       14487
       14524
       14527
       14528
       14529
       14532
       14537
       14538
      -14541
NFLUXF             0
NETA             128          29           0
NSTAE              0           0           0
NSTAV              0           0           0
NSTAM              0           0           0
NSTAC              0           0           0
RES NODE          98         272
                   2           4           5           7           8           9
                  10          11          12          13          14          15
                  16          17          19          20          21          22
                  23          24          25          26          27          28
                  29          30          31          32          33          35
                  36          37          38          39          40          41
                  42          43          44          45          46          47
                  48          49          50          51          52          53
                  54          55          56          57          58          59
                  60          61          62          63          64          65
                  66          67          68          69          70          71
                  72          73          74          75          76          77
                  78          79          80          81          82          83
                  84          85          86          87          88          89
                  90          91          92          93          94          95
                  96          97          98          99         100         101
                 102         103         104         105         106         107
                 108         109         110         111         112         113
                 114         115         116         117         118         119
                 120         121         122         123         124         125
                 126         127         128         129         130         131
                 132         133         134         135         136         137
                 138         139         140         141         142         143
                 144         145         146         147         148         149
                 150         151         152         153         154         155
                 156         157         158         159         160         161
                 162         163         164         165         166         167
                 168         169         170         171         172         173
                 174         175         176         177         178         179
                 180         181         182         183         184         185
                 186         187         188         189         190         191
                 192         193         194         195         196         197
                 198         199         200         201         202         203
                 204         205         206         207         208         209
                 210         211         212         213         214         215
                 216         217         218         219         220         221
                 222         223         224         225         226         227
                 228         229         230         231         232         233
                 234         235         236         237         238         239
                 240         241         242         243         244         245
                 246         247         248         249         250         251
                 252         253         254         255         256         259
                 260         261         262         263         264         265
                 266         267         268         269         270         272
                 273         274         275         276         277         278
                 279         280
COMM PE            2
RECV PE           99           5
                   1           3           6          18          34
RECV PE          103           4
                 257         258         271         281
SEND PE           99           5
                   2           5           9          22          41
SEND PE          103           4
                 253         254         268         279
