bi_1997_v2.grd                                                                  
     495     271
   13654 -0.768454900000E+02  0.347048000000E+02  0.139900000000E+01
   13727 -0.768427300000E+02  0.347052900000E+02  0.159400000000E+01
   13800 -0.768401000000E+02  0.347058200000E+02  0.126000000000E+01
   14013 -0.768474700000E+02  0.347072600000E+02  0.121600000000E+01
   14097 -0.768447000000E+02  0.347076500000E+02  0.145200000000E+01
   14167 -0.768420300000E+02  0.347080500000E+02  0.157300000000E+01
   14221 -0.768394600000E+02  0.347084800000E+02  0.139700000000E+01
   14284 -0.768370100000E+02  0.347089300000E+02  0.164900000000E+01
   14355 -0.768346600000E+02  0.347093600000E+02  0.173300000000E+01
   14413 -0.768493800000E+02  0.347097500000E+02  0.140200000000E+01
   14415 -0.768324000000E+02  0.347097800000E+02  0.159700000000E+01
   14455 -0.768466100000E+02  0.347100700000E+02  0.120700000000E+01
   14498 -0.768438900000E+02  0.347103800000E+02  0.970000000000E+00
   14544 -0.768412700000E+02  0.347107000000E+02  0.150100000000E+01
   14599 -0.768387500000E+02  0.347110300000E+02  0.152500000000E+01
   14666 -0.768363200000E+02  0.347113700000E+02  0.139200000000E+01
   14721 -0.768339800000E+02  0.347117000000E+02  0.166500000000E+01
   14792 -0.768317300000E+02  0.347120100000E+02  0.183600000000E+01
   14860 -0.768512300000E+02  0.347122600000E+02  0.149000000000E+01
   14927 -0.768484600000E+02  0.347125500000E+02  0.159200000000E+01
   14991 -0.768457200000E+02  0.347128000000E+02  0.979000000000E+00
   15052 -0.768430300000E+02  0.347130200000E+02  0.108300000000E+01
   15096 -0.768404500000E+02  0.347132400000E+02  0.137000000000E+01
   15161 -0.768379600000E+02  0.347134700000E+02  0.111400000000E+01
   15208 -0.768355600000E+02  0.347137100000E+02  0.115300000000E+01
   15264 -0.768332300000E+02  0.347139400000E+02  0.171600000000E+01
   15320 -0.768309800000E+02  0.347141600000E+02  0.152600000000E+01
   15445 -0.768530100000E+02  0.347146900000E+02  0.151300000000E+01
   15528 -0.768503300000E+02  0.347150600000E+02  0.164400000000E+01
   15579 -0.768475300000E+02  0.347153400000E+02  0.163100000000E+01
   15602 -0.768447500000E+02  0.347154400000E+02  0.153100000000E+01
   15628 -0.768421000000E+02  0.347155300000E+02  0.141600000000E+01
   15657 -0.768395600000E+02  0.347156600000E+02  0.114600000000E+01
   15677 -0.768371000000E+02  0.347158000000E+02  0.925000000000E+00
   15706 -0.768347200000E+02  0.347159500000E+02  0.132500000000E+01
   15735 -0.768324100000E+02  0.347161100000E+02  0.170100000000E+01
   15763 -0.768301500000E+02  0.347162600000E+02  0.142400000000E+01
   15910 -0.768546300000E+02  0.347169500000E+02  0.140900000000E+01
   15985 -0.768522300000E+02  0.347173200000E+02  0.136400000000E+01
   16090 -0.768437000000E+02  0.347179200000E+02  0.134200000000E+01
   16091 -0.768411200000E+02  0.347179200000E+02  0.126000000000E+01
   16096 -0.768386200000E+02  0.347179600000E+02  0.105400000000E+01
   16099 -0.768464100000E+02  0.347179900000E+02  0.139100000000E+01
   16106 -0.768362000000E+02  0.347180300000E+02  0.102800000000E+01
   16122 -0.768338400000E+02  0.347181200000E+02  0.157000000000E+01
   16140 -0.768315400000E+02  0.347182200000E+02  0.160200000000E+01
   16142 -0.768494900000E+02  0.347181900000E+02  0.133400000000E+01
   16164 -0.768292700000E+02  0.347183100000E+02  0.132800000000E+01
   16352 -0.768539500000E+02  0.347192000000E+02  0.125300000000E+01
   16502 -0.768519300000E+02  0.347198400000E+02  0.117100000000E+01
   16522 -0.768376500000E+02  0.347201700000E+02  0.115200000000E+01
   16524 -0.768352500000E+02  0.347201800000E+02  0.126300000000E+01
   16526 -0.768401000000E+02  0.347201800000E+02  0.116300000000E+01
   16533 -0.768329200000E+02  0.347202200000E+02  0.140900000000E+01
   16544 -0.768426100000E+02  0.347202500000E+02  0.116500000000E+01
   16550 -0.768306100000E+02  0.347202800000E+02  0.151000000000E+01
   16560 -0.768283300000E+02  0.347203300000E+02  0.145800000000E+01
   16570 -0.768452000000E+02  0.347203800000E+02  0.117200000000E+01
   16622 -0.768478000000E+02  0.347206300000E+02  0.116600000000E+01
   16726 -0.768502100000E+02  0.347211600000E+02  0.116500000000E+01
   16830 -0.768342100000E+02  0.347215000000E+02  0.120500000000E+01
   16835 -0.768365600000E+02  0.347215100000E+02  0.116600000000E+01
   16843 -0.768536800000E+02  0.347214300000E+02  0.844000000000E+00
   16847 -0.768318900000E+02  0.347215300000E+02  0.132500000000E+01
   16857 -0.768389800000E+02  0.347215500000E+02  0.116500000000E+01
   16866 -0.768295800000E+02  0.347215800000E+02  0.132400000000E+01
   16889 -0.768414500000E+02  0.347216400000E+02  0.116500000000E+01
   16936 -0.768439900000E+02  0.347217900000E+02  0.116500000000E+01
   16943 -0.768330500000E+02  0.347216800000E+02  0.125400000000E+01
   16944 -0.768354000000E+02  0.347216700000E+02  0.116600000000E+01
   16961 -0.768307500000E+02  0.347217200000E+02  0.131500000000E+01
   16962 -0.768377800000E+02  0.347217000000E+02  0.116400000000E+01
   16981 -0.768284500000E+02  0.347217700000E+02  0.129000000000E+01
   16986 -0.768402300000E+02  0.347217600000E+02  0.116500000000E+01
   17007 -0.768520100000E+02  0.347217600000E+02  0.114900000000E+01
   17023 -0.768465300000E+02  0.347220000000E+02  0.116500000000E+01
   17031 -0.768427300000E+02  0.347219000000E+02  0.116500000000E+01
   17089 -0.768452800000E+02  0.347220800000E+02  0.116500000000E+01
   17095 -0.768336900000E+02  0.347222300000E+02  0.118200000000E+01
   17100 -0.768348500000E+02  0.347222300000E+02  0.116600000000E+01
   17104 -0.768325300000E+02  0.347222400000E+02  0.124100000000E+01
   17106 -0.768360200000E+02  0.347222400000E+02  0.116500000000E+01
   17108 -0.768313800000E+02  0.347222600000E+02  0.123700000000E+01
   17114 -0.768372100000E+02  0.347222700000E+02  0.116500000000E+01
   17124 -0.768302200000E+02  0.347222900000E+02  0.122100000000E+01
   17130 -0.768384200000E+02  0.347223000000E+02  0.116500000000E+01
   17140 -0.768290600000E+02  0.347223200000E+02  0.120500000000E+01
   17146 -0.768489800000E+02  0.347223300000E+02  0.116500000000E+01
   17149 -0.768279000000E+02  0.347223400000E+02  0.119700000000E+01
   17151 -0.768396500000E+02  0.347223400000E+02  0.116500000000E+01
   17163 -0.768342700000E+02  0.347223000000E+02  0.116700000000E+01
   17166 -0.768319500000E+02  0.347223200000E+02  0.123300000000E+01
   17167 -0.768408700000E+02  0.347223800000E+02  0.116500000000E+01
   17175 -0.768366200000E+02  0.347223300000E+02  0.116500000000E+01
   17180 -0.768331100000E+02  0.347223400000E+02  0.120400000000E+01
   17184 -0.768354400000E+02  0.347223400000E+02  0.116500000000E+01
   17194 -0.768296500000E+02  0.347223800000E+02  0.119800000000E+01
   17197 -0.768477800000E+02  0.347223400000E+02  0.116500000000E+01
   17200 -0.768308100000E+02  0.347223800000E+02  0.121300000000E+01
   17205 -0.768390400000E+02  0.347224000000E+02  0.116500000000E+01
   17207 -0.768378200000E+02  0.347223900000E+02  0.116500000000E+01
   17212 -0.768421100000E+02  0.347224800000E+02  0.116500000000E+01
   17224 -0.768284900000E+02  0.347224400000E+02  0.118200000000E+01
   17231 -0.768402700000E+02  0.347224600000E+02  0.116500000000E+01
   17238 -0.768414800000E+02  0.347225000000E+02  0.116500000000E+01
   17240 -0.768434100000E+02  0.347225700000E+02  0.116500000000E+01
   17252 -0.768446800000E+02  0.347226600000E+02  0.116500000000E+01
   17254 -0.768511400000E+02  0.347226700000E+02  0.116500000000E+01
   17272 -0.768427700000E+02  0.347226500000E+02  0.116500000000E+01
   17282 -0.768440500000E+02  0.347226900000E+02  0.116500000000E+01
   17283 -0.768340100000E+02  0.347227600000E+02  0.116600000000E+01
   17286 -0.768345900000E+02  0.347227700000E+02  0.116500000000E+01
   17287 -0.768334400000E+02  0.347227700000E+02  0.116700000000E+01
   17288 -0.768459400000E+02  0.347227700000E+02  0.116500000000E+01
   17290 -0.768501100000E+02  0.347226900000E+02  0.116500000000E+01
   17291 -0.768322800000E+02  0.347227700000E+02  0.123900000000E+01
   17294 -0.768328600000E+02  0.347227700000E+02  0.117100000000E+01
   17296 -0.768317100000E+02  0.347227800000E+02  0.143600000000E+01
   17297 -0.768351700000E+02  0.347227800000E+02  0.116500000000E+01
   17302 -0.768357600000E+02  0.347227900000E+02  0.116500000000E+01
   17308 -0.768363500000E+02  0.347227900000E+02  0.116500000000E+01
   17310 -0.768311400000E+02  0.347228000000E+02  0.172000000000E+01
   17312 -0.768369400000E+02  0.347228100000E+02  0.116500000000E+01
   17318 -0.768305600000E+02  0.347228200000E+02  0.202400000000E+01
   17321 -0.768299800000E+02  0.347228300000E+02  0.232200000000E+01
   17323 -0.768375400000E+02  0.347228300000E+02  0.116500000000E+01
   17329 -0.768381400000E+02  0.347228500000E+02  0.116500000000E+01
   17330 -0.768294000000E+02  0.347228500000E+02  0.268100000000E+01
   17344 -0.768288100000E+02  0.347228800000E+02  0.304500000000E+01
   17346 -0.768387500000E+02  0.347228700000E+02  0.116500000000E+01
   17351 -0.768276400000E+02  0.347228800000E+02  0.287600000000E+01
   17354 -0.768282200000E+02  0.347228900000E+02  0.312300000000E+01
   17356 -0.768471800000E+02  0.347229000000E+02  0.116500000000E+01
   17359 -0.768393900000E+02  0.347229000000E+02  0.116500000000E+01
   17360 -0.768453100000E+02  0.347228300000E+02  0.116500000000E+01
   17361 -0.768400000000E+02  0.347229000000E+02  0.116500000000E+01
   17363 -0.768405900000E+02  0.347229200000E+02  0.116500000000E+01
   17377 -0.768465700000E+02  0.347229100000E+02  0.116500000000E+01
   17378 -0.768411800000E+02  0.347229600000E+02  0.116500000000E+01
   17392 -0.768417900000E+02  0.347230300000E+02  0.116500000000E+01
   17393 -0.768483800000E+02  0.347230500000E+02  0.116500000000E+01
   17402 -0.768424500000E+02  0.347231300000E+02  0.119100000000E+01
   17404 -0.768477900000E+02  0.347230900000E+02  0.116500000000E+01
   17406 -0.768431200000E+02  0.347231600000E+02  0.147500000000E+01
   17411 -0.768337500000E+02  0.347232000000E+02  0.281200000000E+01
   17412 -0.768437600000E+02  0.347231900000E+02  0.157600000000E+01
   17413 -0.768326000000E+02  0.347232000000E+02  0.317700000000E+01
   17414 -0.768495400000E+02  0.347232100000E+02  0.116500000000E+01
   17416 -0.768349100000E+02  0.347232100000E+02  0.259800000000E+01
   17418 -0.768314600000E+02  0.347232200000E+02  0.367100000000E+01
   17422 -0.768360700000E+02  0.347232400000E+02  0.244800000000E+01
   17424 -0.768443900000E+02  0.347232400000E+02  0.172100000000E+01
   17427 -0.768489700000E+02  0.347232100000E+02  0.116500000000E+01
   17430 -0.768303100000E+02  0.347232600000E+02  0.384800000000E+01
   17431 -0.768372600000E+02  0.347232700000E+02  0.218300000000E+01
   17436 -0.768331800000E+02  0.347232900000E+02  0.337300000000E+01
   17439 -0.768343400000E+02  0.347232900000E+02  0.304400000000E+01
   17440 -0.768320400000E+02  0.347232900000E+02  0.376100000000E+01
   17444 -0.768450200000E+02  0.347233000000E+02  0.194600000000E+01
   17446 -0.768354900000E+02  0.347233100000E+02  0.289000000000E+01
   17452 -0.768384600000E+02  0.347233200000E+02  0.208000000000E+01
   17454 -0.768291500000E+02  0.347233200000E+02  0.387000000000E+01
   17456 -0.768308900000E+02  0.347233300000E+02  0.382000000000E+01
   17457 -0.768403200000E+02  0.347233400000E+02  0.180500000000E+01
   17458 -0.768366700000E+02  0.347233400000E+02  0.271500000000E+01
   17460 -0.768506500000E+02  0.347233400000E+02  0.116500000000E+01
   17464 -0.768279600000E+02  0.347233500000E+02  0.388600000000E+01
   17466 -0.768456500000E+02  0.347233500000E+02  0.209800000000E+01
   17475 -0.768378500000E+02  0.347233800000E+02  0.253600000000E+01
   17476 -0.768297300000E+02  0.347233800000E+02  0.386100000000E+01
   17481 -0.768462800000E+02  0.347234100000E+02  0.205800000000E+01
   17491 -0.768285600000E+02  0.347234300000E+02  0.361400000000E+01
   17494 -0.768273600000E+02  0.347234400000E+02  0.388700000000E+01
   17495 -0.768501100000E+02  0.347234000000E+02  0.116500000000E+01
   17496 -0.768397800000E+02  0.347234400000E+02  0.239300000000E+01
   17497 -0.768390600000E+02  0.347234500000E+02  0.259200000000E+01
   17498 -0.768414500000E+02  0.347234600000E+02  0.258800000000E+01
   17499 -0.768408700000E+02  0.347234600000E+02  0.252800000000E+01
   17501 -0.768468900000E+02  0.347234700000E+02  0.208400000000E+01
   17513 -0.768511800000E+02  0.347234600000E+02  0.116500000000E+01
   17519 -0.768475000000E+02  0.347235500000E+02  0.220900000000E+01
   17532 -0.768480900000E+02  0.347236300000E+02  0.240000000000E+01
   17540 -0.768420400000E+02  0.347236600000E+02  0.368900000000E+01
   17543 -0.768434800000E+02  0.347236800000E+02  0.365000000000E+01
   17549 -0.768486900000E+02  0.347237000000E+02  0.262000000000E+01
   17558 -0.768428300000E+02  0.347237500000E+02  0.379200000000E+01
   17561 -0.768447300000E+02  0.347237700000E+02  0.380400000000E+01
   17562 -0.768492700000E+02  0.347237700000E+02  0.274300000000E+01
   17573 -0.768441100000E+02  0.347238100000E+02  0.380900000000E+01
   17582 -0.768498400000E+02  0.347238400000E+02  0.281600000000E+01
   17588 -0.768459800000E+02  0.347238800000E+02  0.382700000000E+01
   17590 -0.768503900000E+02  0.347239000000E+02  0.284000000000E+01
   17599 -0.768453600000E+02  0.347239200000E+02  0.383500000000E+01
   17600 -0.768326500000E+02  0.347238800000E+02  0.270500000000E+01
   17601 -0.768509300000E+02  0.347239300000E+02  0.284500000000E+01
   17605 -0.768337900000E+02  0.347238800000E+02  0.312300000000E+01
   17606 -0.768315200000E+02  0.347239000000E+02  0.169600000000E+01
   17612 -0.768349400000E+02  0.347239000000E+02  0.339900000000E+01
   17614 -0.768514800000E+02  0.347239600000E+02  0.282200000000E+01
   17616 -0.768403800000E+02  0.347239200000E+02  0.382200000000E+01
   17620 -0.768361000000E+02  0.347239300000E+02  0.367000000000E+01
   17622 -0.768303800000E+02  0.347239600000E+02  0.125600000000E+01
   17625 -0.768472100000E+02  0.347240100000E+02  0.383900000000E+01
   17632 -0.768372700000E+02  0.347239700000E+02  0.385800000000E+01
   17636 -0.768466000000E+02  0.347240400000E+02  0.387300000000E+01
   17647 -0.768292100000E+02  0.347240600000E+02  0.130100000000E+01
   17648 -0.768384500000E+02  0.347240300000E+02  0.384200000000E+01
   17656 -0.768395200000E+02  0.347241300000E+02  0.372500000000E+01
   17658 -0.768267700000E+02  0.347240900000E+02  0.117800000000E+01
   17659 -0.768280000000E+02  0.347241000000E+02  0.120100000000E+01
   17662 -0.768484000000E+02  0.347241600000E+02  0.386400000000E+01
   17668 -0.768478000000E+02  0.347241800000E+02  0.387500000000E+01
   17669 -0.768413300000E+02  0.347241600000E+02  0.345000000000E+01
   17691 -0.768495600000E+02  0.347243200000E+02  0.387600000000E+01
   17694 -0.768489800000E+02  0.347243400000E+02  0.388200000000E+01
   17702 -0.768506800000E+02  0.347243900000E+02  0.387800000000E+01
   17712 -0.768424100000E+02  0.347244300000E+02  0.183700000000E+01
   17715 -0.768501400000E+02  0.347244600000E+02  0.345700000000E+01
   17722 -0.768435300000E+02  0.347244400000E+02  0.192700000000E+01
   17725 -0.768512000000E+02  0.347245100000E+02  0.378800000000E+01
   17731 -0.768518300000E+02  0.347245200000E+02  0.388700000000E+01
   17745 -0.768447500000E+02  0.347245400000E+02  0.157500000000E+01
   17769 -0.768321400000E+02  0.347247100000E+02  0.107400000000E+01
   17771 -0.768460100000E+02  0.347246900000E+02  0.126100000000E+01
   17772 -0.768343900000E+02  0.347247400000E+02  0.111300000000E+01
   17789 -0.768367000000E+02  0.347248200000E+02  0.114100000000E+01
   17791 -0.768472300000E+02  0.347247900000E+02  0.126900000000E+01
   17795 -0.768299300000E+02  0.347248500000E+02  0.140600000000E+01
   17799 -0.768332600000E+02  0.347248800000E+02  0.108700000000E+01
   17802 -0.768310700000E+02  0.347249000000E+02  0.117900000000E+01
   17803 -0.768390700000E+02  0.347249000000E+02  0.124800000000E+01
   17805 -0.768355400000E+02  0.347249400000E+02  0.110500000000E+01
   17809 -0.768274200000E+02  0.347249700000E+02  0.975000000000E+00
   17821 -0.768484000000E+02  0.347249600000E+02  0.138200000000E+01
   17825 -0.768378800000E+02  0.347250400000E+02  0.113900000000E+01
   17834 -0.768515600000E+02  0.347250800000E+02  0.146700000000E+01
   17842 -0.768404000000E+02  0.347250100000E+02  0.122400000000E+01
   17844 -0.768417500000E+02  0.347251200000E+02  0.121700000000E+01
   17856 -0.768495900000E+02  0.347251500000E+02  0.148200000000E+01
   17857 -0.768507400000E+02  0.347251600000E+02  0.144400000000E+01
   17884 -0.768287100000E+02  0.347253400000E+02  0.112800000000E+01
   17890 -0.768441600000E+02  0.347254100000E+02  0.119800000000E+01
   17898 -0.768429500000E+02  0.347254600000E+02  0.108600000000E+01
   17938 -0.768453600000E+02  0.347257500000E+02  0.131500000000E+01
   17941 -0.768478300000E+02  0.347257900000E+02  0.132600000000E+01
   17950 -0.768467600000E+02  0.347258600000E+02  0.132700000000E+01
   17969 -0.768302600000E+02  0.347260100000E+02  0.111400000000E+01
   17978 -0.768321800000E+02  0.347259900000E+02  0.859000000000E+00
   17980 -0.768516300000E+02  0.347260500000E+02  0.118600000000E+01
   17985 -0.768344200000E+02  0.347260700000E+02  0.872000000000E+00
   17989 -0.768274200000E+02  0.347260300000E+02  0.811000000000E+00
   17992 -0.768489300000E+02  0.347263000000E+02  0.117800000000E+01
   17996 -0.768367000000E+02  0.347261800000E+02  0.889000000000E+00
   18009 -0.768390900000E+02  0.347263000000E+02  0.992000000000E+00
   18013 -0.768503700000E+02  0.347265000000E+02  0.109800000000E+01
   18033 -0.768416700000E+02  0.347265200000E+02  0.103600000000E+01
   18066 -0.768441900000E+02  0.347268300000E+02  0.995000000000E+00
   18077 -0.768478400000E+02  0.347270200000E+02  0.101800000000E+01
   18080 -0.768260700000E+02  0.347271600000E+02  0.555000000000E+00
   18084 -0.768462900000E+02  0.347271600000E+02  0.102500000000E+01
   18106 -0.768287400000E+02  0.347273800000E+02  0.630000000000E+00
   18116 -0.768309400000E+02  0.347275700000E+02  0.633000000000E+00
   18127 -0.768332200000E+02  0.347277600000E+02  0.595000000000E+00
   18145 -0.768356200000E+02  0.347279900000E+02  0.598000000000E+00
   18146 -0.768518300000E+02  0.347279700000E+02  0.692000000000E+00
   18157 -0.768376400000E+02  0.347281300000E+02  0.631000000000E+00
   18165 -0.768402500000E+02  0.347283300000E+02  0.668000000000E+00
   18166 -0.768495300000E+02  0.347283800000E+02  0.638000000000E+00
   18178 -0.768430300000E+02  0.347286300000E+02  0.681000000000E+00
   18190 -0.768477100000E+02  0.347286000000E+02  0.629000000000E+00
   18212 -0.768458900000E+02  0.347288800000E+02  0.609000000000E+00
       1 3    13654    13727    14097
       2 3    13727    13800    14167
       3 3    13654    14097    14013
       4 3    13727    14167    14097
       5 3    13800    14221    14167
       6 3    14013    14097    14455
       7 3    14097    14167    14498
       8 3    14013    14455    14413
       9 3    14167    14221    14544
      10 3    14097    14498    14455
      11 3    14221    14284    14599
      12 3    14167    14544    14498
      13 3    14284    14355    14666
      14 3    14221    14599    14544
      15 3    14355    14415    14721
      16 3    14284    14666    14599
      17 3    14355    14721    14666
      18 3    14415    14792    14721
      19 3    14413    14455    14927
      20 3    14455    14498    14991
      21 3    14498    14544    15052
      22 3    14413    14927    14860
      23 3    14544    14599    15096
      24 3    14455    14991    14927
      25 3    14599    14666    15161
      26 3    14498    15052    14991
      27 3    14666    14721    15208
      28 3    14544    15096    15052
      29 3    14721    14792    15264
      30 3    14599    15161    15096
      31 3    14666    15208    15161
      32 3    14721    15264    15208
      33 3    14792    15320    15264
      34 3    14860    14927    15528
      35 3    14927    14991    15579
      36 3    14991    15052    15602
      37 3    15052    15096    15628
      38 3    14860    15528    15445
      39 3    15096    15161    15657
      40 3    15161    15208    15677
      41 3    14927    15579    15528
      42 3    15208    15264    15706
      43 3    14991    15602    15579
      44 3    15264    15320    15735
      45 3    15052    15628    15602
      46 3    15096    15657    15628
      47 3    15161    15677    15657
      48 3    15208    15706    15677
      49 3    15264    15735    15706
      50 3    15320    15763    15735
      51 3    15445    15528    15985
      52 3    15445    15985    15910
      53 3    15602    15628    16090
      54 3    15628    15657    16091
      55 3    15657    15677    16096
      56 3    15579    15602    16099
      57 3    15677    15706    16106
      58 3    15706    15735    16122
      59 3    15735    15763    16140
      60 3    15528    15579    16142
      61 3    15528    16142    15985
      62 3    15628    16091    16090
      63 3    15657    16096    16091
      64 3    15677    16106    16096
      65 3    15602    16090    16099
      66 3    15706    16122    16106
      67 3    15735    16140    16122
      68 3    15763    16164    16140
      69 3    15579    16099    16142
      70 3    15910    15985    16352
      71 3    15985    16502    16352
      72 3    15985    16142    16502
      73 3    16096    16106    16522
      74 3    16106    16122    16524
      75 3    16091    16096    16526
      76 3    16122    16140    16533
      77 3    16090    16091    16544
      78 3    16140    16164    16550
      79 3    16099    16090    16570
      80 3    16099    16622    16142
      81 3    16106    16524    16522
      82 3    16096    16522    16526
      83 3    16122    16533    16524
      84 3    16140    16550    16533
      85 3    16091    16526    16544
      86 3    16164    16560    16550
      87 3    16090    16544    16570
      88 3    16142    16726    16502
      89 3    16099    16570    16622
      90 3    16142    16622    16726
      91 3    16524    16533    16830
      92 3    16522    16524    16835
      93 3    16352    16502    16843
      94 3    16533    16550    16847
      95 3    16526    16522    16857
      96 3    16550    16560    16866
      97 3    16544    16526    16889
      98 3    16570    16544    16936
      99 3    16533    16943    16830
     100 3    16524    16944    16835
     101 3    16524    16830    16944
     102 3    16550    16961    16847
     103 3    16533    16847    16943
     104 3    16522    16962    16857
     105 3    16522    16835    16962
     106 3    16550    16866    16961
     107 3    16560    16981    16866
     108 3    16526    16857    16986
     109 3    16526    16986    16889
     110 3    16502    17007    16843
     111 3    16502    16726    17007
     112 3    16622    16570    17023
     113 3    16544    16889    17031
     114 3    16544    17031    16936
     115 3    16570    16936    17089
     116 3    16830    16943    17095
     117 3    16944    16830    17100
     118 3    16943    16847    17104
     119 3    16835    16944    17106
     120 3    16570    17089    17023
     121 3    16847    16961    17108
     122 3    16962    16835    17114
     123 3    16961    16866    17124
     124 3    16857    16962    17130
     125 3    16866    16981    17140
     126 3    16726    16622    17146
     127 3    16986    16857    17151
     128 3    16830    17163    17100
     129 3    16830    17095    17163
     130 3    16847    17166    17104
     131 3    16889    16986    17167
     132 3    16847    17108    17166
     133 3    16835    17175    17114
     134 3    16835    17106    17175
     135 3    16943    17180    17095
     136 3    16944    17184    17106
     137 3    16943    17104    17180
     138 3    16944    17100    17184
     139 3    16866    17194    17124
     140 3    16622    17023    17197
     141 3    16961    17200    17108
     142 3    16866    17140    17194
     143 3    16961    17124    17200
     144 3    16857    17130    17205
     145 3    16857    17205    17151
     146 3    16962    17207    17130
     147 3    16962    17114    17207
     148 3    17031    16889    17212
     149 3    16981    17224    17140
     150 3    16622    17197    17146
     151 3    16981    17149    17224
     152 3    16986    17231    17167
     153 3    16986    17151    17231
     154 3    16889    17167    17238
     155 3    16936    17031    17240
     156 3    16889    17238    17212
     157 3    17089    16936    17252
     158 3    17007    16726    17254
     159 3    17031    17212    17272
     160 3    17031    17272    17240
     161 3    16936    17240    17282
     162 3    17163    17095    17283
     163 3    17100    17163    17286
     164 3    17095    17180    17287
     165 3    17023    17089    17288
     166 3    16726    17146    17290
     167 3    17104    17166    17291
     168 3    17180    17104    17294
     169 3    16936    17282    17252
     170 3    17166    17108    17296
     171 3    17184    17100    17297
     172 3    17106    17184    17302
     173 3    17175    17106    17308
     174 3    17108    17200    17310
     175 3    17114    17175    17312
     176 3    17200    17124    17318
     177 3    17124    17194    17321
     178 3    17207    17114    17323
     179 3    16726    17290    17254
     180 3    17207    17329    17130
     181 3    17194    17140    17330
     182 3    17140    17224    17344
     183 3    17205    17130    17346
     184 3    17224    17149    17354
     185 3    17197    17023    17356
     186 3    17151    17205    17359
     187 3    17089    17252    17360
     188 3    17231    17151    17361
     189 3    17095    17287    17283
     190 3    17089    17360    17288
     191 3    17231    17363    17167
     192 3    17104    17291    17294
     193 3    17100    17286    17297
     194 3    17108    17310    17296
     195 3    17163    17283    17286
     196 3    17106    17302    17308
     197 3    17166    17296    17291
     198 3    17180    17294    17287
     199 3    17023    17288    17377
     200 3    17238    17167    17378
     201 3    17184    17297    17302
     202 3    17124    17321    17318
     203 3    17114    17312    17323
     204 3    17175    17308    17312
     205 3    17023    17377    17356
     206 3    17200    17318    17310
     207 3    17140    17344    17330
     208 3    17194    17330    17321
     209 3    17130    17329    17346
     210 3    17238    17392    17212
     211 3    17149    17351    17354
     212 3    17207    17323    17329
     213 3    17146    17197    17393
     214 3    17151    17359    17361
     215 3    17224    17354    17344
     216 3    17205    17346    17359
     217 3    17167    17363    17378
     218 3    17231    17361    17363
     219 3    17272    17212    17402
     220 3    17197    17356    17404
     221 3    17240    17272    17406
     222 3    17197    17404    17393
     223 3    17238    17378    17392
     224 3    17283    17287    17411
     225 3    17282    17240    17412
     226 3    17294    17291    17413
     227 3    17290    17146    17414
     228 3    17297    17286    17416
     229 3    17296    17310    17418
     230 3    17308    17302    17422
     231 3    17252    17282    17424
     232 3    17146    17393    17427
     233 3    17318    17321    17430
     234 3    17212    17392    17402
     235 3    17323    17312    17431
     236 3    17287    17294    17436
     237 3    17286    17283    17439
     238 3    17146    17427    17414
     239 3    17291    17296    17440
     240 3    17360    17252    17444
     241 3    17302    17297    17446
     242 3    17346    17329    17452
     243 3    17330    17344    17454
     244 3    17310    17318    17456
     245 3    17363    17361    17457
     246 3    17312    17308    17458
     247 3    17254    17290    17460
     248 3    17354    17351    17464
     249 3    17240    17406    17412
     250 3    17288    17360    17466
     251 3    17272    17402    17406
     252 3    17329    17323    17475
     253 3    17321    17330    17476
     254 3    17282    17412    17424
     255 3    17377    17288    17481
     256 3    17287    17436    17411
     257 3    17291    17440    17413
     258 3    17294    17413    17436
     259 3    17283    17411    17439
     260 3    17286    17439    17416
     261 3    17344    17354    17491
     262 3    17296    17418    17440
     263 3    17252    17424    17444
     264 3    17297    17416    17446
     265 3    17290    17414    17495
     266 3    17310    17456    17418
     267 3    17302    17446    17422
     268 3    17361    17359    17496
     269 3    17346    17497    17359
     270 3    17378    17498    17392
     271 3    17378    17363    17499
     272 3    17290    17495    17460
     273 3    17308    17422    17458
     274 3    17356    17377    17501
     275 3    17318    17430    17456
     276 3    17312    17458    17431
     277 3    17321    17476    17430
     278 3    17254    17460    17513
     279 3    17323    17431    17475
     280 3    17360    17444    17466
     281 3    17330    17454    17476
     282 3    17329    17475    17452
     283 3    17288    17466    17481
     284 3    17361    17496    17457
     285 3    17404    17356    17519
     286 3    17344    17491    17454
     287 3    17363    17457    17499
     288 3    17351    17494    17464
     289 3    17354    17464    17491
     290 3    17346    17452    17497
     291 3    17377    17481    17501
     292 3    17378    17499    17498
     293 3    17404    17532    17393
     294 3    17356    17501    17519
     295 3    17392    17540    17402
     296 3    17412    17406    17543
     297 3    17359    17497    17496
     298 3    17427    17393    17549
     299 3    17392    17498    17540
     300 3    17406    17402    17558
     301 3    17444    17424    17561
     302 3    17404    17519    17532
     303 3    17414    17427    17562
     304 3    17393    17532    17549
     305 3    17424    17412    17573
     306 3    17495    17414    17582
     307 3    17481    17466    17588
     308 3    17495    17590    17460
     309 3    17427    17549    17562
     310 3    17406    17558    17543
     311 3    17466    17444    17599
     312 3    17413    17600    17436
     313 3    17513    17460    17601
     314 3    17412    17543    17573
     315 3    17411    17605    17439
     316 3    17414    17562    17582
     317 3    17418    17606    17440
     318 3    17416    17612    17446
     319 3    17424    17573    17561
     320 3    17457    17616    17499
     321 3    17402    17540    17558
     322 3    17411    17436    17605
     323 3    17413    17440    17600
     324 3    17422    17620    17458
     325 3    17416    17439    17612
     326 3    17430    17622    17456
     327 3    17418    17456    17606
     328 3    17519    17501    17625
     329 3    17422    17446    17620
     330 3    17495    17582    17590
     331 3    17457    17496    17616
     332 3    17444    17561    17599
     333 3    17431    17632    17475
     334 3    17460    17590    17601
     335 3    17501    17481    17636
     336 3    17431    17458    17632
     337 3    17430    17476    17622
     338 3    17466    17599    17588
     339 3    17454    17647    17476
     340 3    17513    17601    17614
     341 3    17452    17648    17497
     342 3    17452    17475    17648
     343 3    17496    17497    17656
     344 3    17481    17588    17636
     345 3    17464    17659    17491
     346 3    17454    17491    17647
     347 3    17549    17532    17662
     348 3    17532    17519    17668
     349 3    17498    17499    17669
     350 3    17501    17636    17625
     351 3    17464    17494    17659
     352 3    17519    17625    17668
     353 3    17498    17669    17540
     354 3    17582    17562    17691
     355 3    17532    17668    17662
     356 3    17562    17549    17694
     357 3    17496    17656    17616
     358 3    17601    17590    17702
     359 3    17440    17606    17600
     360 3    17436    17600    17605
     361 3    17549    17662    17694
     362 3    17540    17712    17558
     363 3    17439    17605    17612
     364 3    17499    17616    17669
     365 3    17590    17582    17715
     366 3    17456    17622    17606
     367 3    17446    17612    17620
     368 3    17562    17694    17691
     369 3    17543    17722    17573
     370 3    17614    17601    17725
     371 3    17458    17620    17632
     372 3    17497    17648    17656
     373 3    17582    17691    17715
     374 3    17475    17632    17648
     375 3    17476    17647    17622
     376 3    17543    17558    17722
     377 3    17590    17715    17702
     378 3    17601    17702    17725
     379 3    17561    17745    17599
     380 3    17491    17659    17647
     381 3    17561    17573    17745
     382 3    17494    17658    17659
     383 3    17614    17725    17731
     384 3    17600    17606    17769
     385 3    17588    17771    17636
     386 3    17612    17605    17772
     387 3    17540    17669    17712
     388 3    17588    17599    17771
     389 3    17632    17620    17789
     390 3    17625    17791    17668
     391 3    17622    17647    17795
     392 3    17605    17600    17799
     393 3    17558    17712    17722
     394 3    17625    17636    17791
     395 3    17606    17622    17802
     396 3    17656    17648    17803
     397 3    17620    17612    17805
     398 3    17659    17658    17809
     399 3    17662    17821    17694
     400 3    17648    17632    17825
     401 3    17573    17722    17745
     402 3    17662    17668    17821
     403 3    17731    17725    17834
     404 3    17616    17656    17842
     405 3    17616    17842    17669
     406 3    17669    17844    17712
     407 3    17606    17802    17769
     408 3    17600    17769    17799
     409 3    17605    17799    17772
     410 3    17691    17856    17715
     411 3    17702    17857    17725
     412 3    17599    17745    17771
     413 3    17612    17772    17805
     414 3    17622    17795    17802
     415 3    17620    17805    17789
     416 3    17691    17694    17856
     417 3    17702    17715    17857
     418 3    17636    17771    17791
     419 3    17632    17789    17825
     420 3    17647    17659    17884
     421 3    17648    17825    17803
     422 3    17668    17791    17821
     423 3    17725    17857    17834
     424 3    17745    17722    17890
     425 3    17712    17898    17722
     426 3    17656    17803    17842
     427 3    17647    17884    17795
     428 3    17669    17842    17844
     429 3    17694    17821    17856
     430 3    17659    17809    17884
     431 3    17715    17856    17857
     432 3    17712    17844    17898
     433 3    17771    17745    17938
     434 3    17821    17791    17941
     435 3    17722    17898    17890
     436 3    17791    17771    17950
     437 3    17745    17890    17938
     438 3    17795    17969    17802
     439 3    17791    17950    17941
     440 3    17769    17978    17799
     441 3    17769    17802    17978
     442 3    17772    17985    17805
     443 3    17834    17857    17980
     444 3    17772    17799    17985
     445 3    17771    17938    17950
     446 3    17809    17989    17884
     447 3    17856    17821    17992
     448 3    17789    17996    17825
     449 3    17789    17805    17996
     450 3    17821    17941    17992
     451 3    17795    17884    17969
     452 3    17803    17825    18009
     453 3    17803    18009    17842
     454 3    17857    17856    18013
     455 3    17857    18013    17980
     456 3    17844    18033    17898
     457 3    17844    17842    18033
     458 3    17856    17992    18013
     459 3    17802    17969    17978
     460 3    17890    18066    17938
     461 3    17890    17898    18066
     462 3    17799    17978    17985
     463 3    17941    18077    17992
     464 3    17941    17950    18077
     465 3    17950    17938    18084
     466 3    17805    17985    17996
     467 3    17825    17996    18009
     468 3    17884    17989    18106
     469 3    17884    18106    17969
     470 3    17950    18084    18077
     471 3    17842    18009    18033
     472 3    17969    18116    17978
     473 3    17978    18127    17985
     474 3    17938    18066    18084
     475 3    17996    17985    18145
     476 3    17898    18033    18066
     477 3    17980    18013    18146
     478 3    17996    18157    18009
     479 3    17969    18106    18116
     480 3    18009    18165    18033
     481 3    17992    18166    18013
     482 3    17978    18116    18127
     483 3    17992    18077    18166
     484 3    17996    18145    18157
     485 3    18066    18033    18178
     486 3    17985    18127    18145
     487 3    17989    18080    18106
     488 3    18077    18084    18190
     489 3    18077    18190    18166
     490 3    18013    18166    18146
     491 3    18009    18157    18165
     492 3    18084    18066    18212
     493 3    18084    18212    18190
     494 3    18033    18165    18178
     495 3    18066    18178    18212
 0                                                                              
 0                                                                              
 1                                                                              
 12                                                                             
      12       0                                                                
   18080
   18106
   18116
   18127
   18145
   18157
   18165
   18178
   18212
   18190
   18166
   18146
